-8.012074977159500122e-04
-9.140571951866149902e-02
1.702960208058357239e-02
-2.264705598354339600e-01
1.558888256549835205e-01
2.311301827430725098e-01
5.084673687815666199e-02
5.938252434134483337e-02
1.323205977678298950e-01
2.308962047100067139e-01
-3.377105668187141418e-02
1.114167552441358566e-02
1.524722427129745483e-01
5.111213773488998413e-02
-1.597846895456314087e-01
-3.101884759962558746e-02
7.525736838579177856e-02
1.455068290233612061e-01
1.992547512054443359e-02
5.405439436435699463e-02
2.337959110736846924e-01
9.515485726296901703e-03
-1.607220061123371124e-02
6.980133056640625000e-02
-1.319241896271705627e-02
-4.983740672469139099e-02
4.866169020533561707e-02
1.208660677075386047e-01
1.057120487093925476e-01
2.268277853727340698e-01
-1.253806054592132568e-01
-1.122921183705329895e-01
-1.665516197681427002e-01
1.630713343620300293e-01
1.184871792793273926e-01
1.386711299419403076e-01
8.554097265005111694e-02
-1.130338944494724274e-02
