1.842368990182876587e-01
1.682479381561279297e-01
7.684823125600814819e-02
3.518232330679893494e-02
1.040876805782318115e-01
3.370276093482971191e-02
5.245509371161460876e-02
1.779241487383842468e-02
-2.064280398190021515e-02
-1.411132663488388062e-01
5.978234112262725830e-02
-8.308067172765731812e-02
3.212832659482955933e-02
1.230254489928483963e-02
-6.917323917150497437e-02
1.096727885305881500e-02
-1.015300378203392029e-01
4.331020638346672058e-02
1.468833442777395248e-02
1.044133976101875305e-01
-1.772387698292732239e-02
9.175071120262145996e-02
2.164738625288009644e-01
1.980567723512649536e-01
-1.431079208850860596e-01
2.416217140853404999e-02
1.648467034101486206e-01
-1.358779370784759521e-01
-1.352937985211610794e-02
1.053450852632522583e-01
1.881589740514755249e-01
1.518991291522979736e-01
7.719565182924270630e-02
-2.022447064518928528e-02
9.182593226432800293e-02
8.305834978818893433e-02
-1.333248615264892578e-01
-1.859755069017410278e-01
2.233190461993217468e-02
-2.118355780839920044e-02
-1.066121309995651245e-01
-9.799012541770935059e-02
