6.418631970882415771e-02
-7.476347684860229492e-02
1.325385570526123047e-01
-3.520191833376884460e-02
1.458761841058731079e-01
5.068470239639282227e-01
-1.026672273874282837e-01
4.756487905979156494e-02
1.073139831423759460e-01
-1.041693091392517090e-01
1.104331910610198975e-01
-3.853676840662956238e-02
-9.807320684194564819e-02
-1.022882089018821716e-01
-2.209964767098426819e-02
1.517488211393356323e-01
5.283436272293329239e-03
1.604308038949966431e-01
-1.043731272220611572e-01
-1.870799995958805084e-02
2.884767949581146240e-01
5.683355964720249176e-03
8.829440176486968994e-02
1.940795183181762695e-01
1.753834486007690430e-01
1.089407056570053101e-01
-7.624911516904830933e-02
-1.199257746338844299e-01
7.758680731058120728e-02
9.514774382114410400e-02
1.087928339838981628e-01
9.726312011480331421e-02
-6.849544495344161987e-02
1.460120230913162231e-01
1.754754483699798584e-01
6.851391494274139404e-02
