-4.929208755493164062e-02
6.505327671766281128e-02
-4.140259698033332825e-02
2.172899246215820312e-02
1.763440519571304321e-01
4.246295988559722900e-02
-4.116274416446685791e-03
-8.396285772323608398e-02
-7.812763005495071411e-02
-2.889663737732917070e-04
1.992588043212890625e-01
-1.464262790977954865e-02
1.181929036974906921e-01
-8.513979613780975342e-02
1.486143618822097778e-01
1.645507216453552246e-01
2.465687878429889679e-02
1.391381304711103439e-02
-7.910457253456115723e-02
-6.274347007274627686e-02
-5.761610716581344604e-02
1.200897470116615295e-01
-4.109157621860504150e-02
-1.113400831818580627e-01
-1.031621545553207397e-01
-4.263316467404365540e-02
-1.069477275013923645e-01
-4.119598492980003357e-02
5.484374985098838806e-02
1.753589659929275513e-01
-1.340127140283584595e-01
-1.349157374352216721e-02
-1.295275054872035980e-02
8.377890288829803467e-02
1.897442787885665894e-01
-3.138701617717742920e-02
