-7.918667793273925781e-01
-7.809203267097473145e-01
-7.362450361251831055e-01
-8.163434863090515137e-01
-9.453435242176055908e-02
-3.700949847698211670e-01
-2.611413598060607910e-01
-9.148748964071273804e-02
-8.489649891853332520e-01
-4.142876863479614258e-01
-5.987495779991149902e-01
-1.143206954002380371e+00
-7.053503990173339844e-01
-3.761250078678131104e-01
-1.004350781440734863e+00
-7.676019668579101562e-01
-4.905629456043243408e-01
-9.063820838928222656e-01
-2.679035961627960205e-01
-2.354782521724700928e-01
-5.837053060531616211e-01
-6.392096877098083496e-01
-2.901440560817718506e-01
-7.617560625076293945e-01
-5.231829881668090820e-01
-3.706129491329193115e-01
-4.584811329841613770e-01
-4.896739721298217773e-01
-7.804591059684753418e-01
-6.981516480445861816e-01
-1.123885035514831543e+00
-7.685255408287048340e-01
-5.015223622322082520e-01
-5.422831177711486816e-01
-4.548516273498535156e-01
-4.209820926189422607e-01
-9.487061500549316406e-01
-5.754013657569885254e-01
-3.631452918052673340e-01
-3.129618465900421143e-01
-3.142219483852386475e-01
-5.691462755203247070e-01
-2.133227437734603882e-01
-7.359666228294372559e-01
-5.814981460571289062e-01
-5.742965340614318848e-01
-5.645551681518554688e-01
-5.828034281730651855e-01
-4.763002693653106689e-01
-7.842869162559509277e-01
-4.641484618186950684e-01
-5.141716003417968750e-01
-1.007989406585693359e+00
-2.661627233028411865e-01
-7.221915721893310547e-01
-5.497651696205139160e-01
-4.296135306358337402e-01
-6.823541522026062012e-01
-5.088658332824707031e-01
-6.704826354980468750e-01
-2.752231061458587646e-01
-6.470710635185241699e-01
-7.463515400886535645e-01
-1.045518994331359863e+00
-9.919180721044540405e-02
-4.752647280693054199e-01
-7.267079353332519531e-01
-1.766111403703689575e-01
-9.245942234992980957e-01
-6.473731994628906250e-01
-3.987794220447540283e-01
-8.012672066688537598e-01
-9.804818630218505859e-01
-4.321967065334320068e-01
-4.603459835052490234e-01
-1.198520779609680176e+00
-6.674543619155883789e-01
-5.344884395599365234e-01
-9.319455027580261230e-01
-5.695475935935974121e-01
-7.066077589988708496e-01
-5.818658471107482910e-01
-6.200517416000366211e-01
-7.997197508811950684e-01
-6.551408767700195312e-01
-3.083771169185638428e-01
-2.470471858978271484e-01
-5.551356077194213867e-01
-9.534616470336914062e-01
-6.803001165390014648e-01
-4.881921112537384033e-01
-3.470051288604736328e-01
-6.463134288787841797e-01
-6.669594645500183105e-01
-7.315892577171325684e-01
-8.131468892097473145e-01
-4.864567816257476807e-01
-6.301941275596618652e-01
-8.051898479461669922e-01
-6.174053549766540527e-01
