-6.922730803489685059e-01
-5.065482258796691895e-01
-6.179310679435729980e-01
-9.017892479896545410e-01
-9.936316013336181641e-01
-8.572299480438232422e-01
-6.270947456359863281e-01
-5.197083950042724609e-01
-6.474705934524536133e-01
-9.037379026412963867e-01
-6.001127362251281738e-01
-7.039656043052673340e-01
-7.817333936691284180e-01
-6.785719394683837891e-01
-1.004019498825073242e+00
-8.106025457382202148e-01
-9.216612577438354492e-01
-9.945622086524963379e-01
-6.679943203926086426e-01
-3.765755891799926758e-01
-8.698608875274658203e-01
-5.932635664939880371e-01
-6.268181800842285156e-01
-7.722008228302001953e-01
-1.066218972206115723e+00
-5.327079296112060547e-01
-4.266328215599060059e-01
-9.832216501235961914e-01
-6.117621064186096191e-01
-9.570248723030090332e-01
-6.245512962341308594e-01
-5.123802423477172852e-01
-6.877839565277099609e-01
-4.018494486808776855e-01
-3.128068149089813232e-01
-5.382958650588989258e-01
-6.413659453392028809e-01
-8.218206167221069336e-01
-6.924796700477600098e-01
-3.937453627586364746e-01
-8.580652475357055664e-01
-5.845592617988586426e-01
-3.866017162799835205e-01
-8.790276646614074707e-01
-6.055060625076293945e-01
-3.556493520736694336e-01
-7.116302847862243652e-01
-5.252033472061157227e-01
-6.017459034919738770e-01
-8.195219933986663818e-02
-5.583715438842773438e-01
-8.397401571273803711e-01
-2.644660174846649170e-01
-1.072328448295593262e+00
-7.814576029777526855e-01
-3.345291316509246826e-01
-4.419014453887939453e-01
-4.830210804939270020e-01
-3.246635496616363525e-01
-5.022982954978942871e-01
-5.537387728691101074e-01
-2.420887351036071777e-01
-1.350646764039993286e-01
-3.446611762046813965e-01
-5.713549852371215820e-01
-4.923616349697113037e-01
-8.113384246826171875e-01
-5.754779577255249023e-01
-4.046001434326171875e-01
-5.577313899993896484e-01
-5.513247847557067871e-01
-5.120332837104797363e-01
-3.167826235294342041e-01
-4.710640609264373779e-01
-4.664894342422485352e-01
-4.382493793964385986e-01
-9.265221357345581055e-01
-4.529708325862884521e-01
-5.570574402809143066e-01
-5.519042015075683594e-01
-8.389840722084045410e-01
-7.035574316978454590e-01
-3.976734280586242676e-01
-4.364858269691467285e-01
-1.065723299980163574e+00
-6.225740909576416016e-01
-1.020364880561828613e+00
-6.873788833618164062e-01
-8.879296183586120605e-01
-6.548967957496643066e-01
-8.535432815551757812e-01
-2.965986728668212891e-01
-5.261525511741638184e-01
-7.946422100067138672e-01
-1.009667754173278809e+00
-2.642126381397247314e-01
-6.158810257911682129e-01
-5.293018221855163574e-01
-7.717741727828979492e-01
-5.935657620429992676e-01
