-8.506553173065185547e-01
-6.821306347846984863e-01
-5.060209631919860840e-01
-4.003837406635284424e-01
-7.958341240882873535e-01
-5.827440619468688965e-01
-4.519524574279785156e-01
-6.917738318443298340e-01
-8.319475054740905762e-01
-2.685309052467346191e-01
-9.543265104293823242e-01
-6.024832725524902344e-01
-7.361807674169540405e-02
-1.633465141057968140e-01
-6.368578076362609863e-01
-7.779564261436462402e-01
-6.011022925376892090e-01
-6.858294606208801270e-01
-1.648524850606918335e-01
-1.104737401008605957e+00
-7.367652058601379395e-01
-6.597376465797424316e-01
-8.485950231552124023e-01
-4.975434243679046631e-01
-7.280055284500122070e-01
-7.553777694702148438e-01
-4.335194826126098633e-01
-2.468375712633132935e-01
-6.681723594665527344e-01
-5.298612713813781738e-01
-6.321998834609985352e-01
-5.225462317466735840e-01
-5.776764750480651855e-01
-6.024151444435119629e-01
-3.879478275775909424e-01
-2.944602370262145996e-01
-6.675502061843872070e-01
-4.344271123409271240e-01
-6.786034107208251953e-01
2.911316789686679840e-02
-8.662886023521423340e-01
-9.579254388809204102e-01
-7.655973434448242188e-01
-6.137596964836120605e-01
-9.102901816368103027e-01
-4.418835639953613281e-01
-4.538490474224090576e-01
-7.124124169349670410e-01
-5.549523234367370605e-01
-6.460701823234558105e-01
-6.754751801490783691e-01
-6.638948917388916016e-01
-7.588365674018859863e-01
-5.309382081031799316e-01
-4.061068594455718994e-01
-5.870141386985778809e-01
-4.450396299362182617e-01
-8.077569603919982910e-01
-1.003409147262573242e+00
-6.431618928909301758e-01
-8.564857244491577148e-01
-9.564908146858215332e-01
-6.590957045555114746e-01
-8.043093681335449219e-01
-3.964175581932067871e-01
-4.436776041984558105e-01
-8.084161281585693359e-01
-3.390119373798370361e-01
-5.430961251258850098e-01
-6.438700854778289795e-02
-4.107631146907806396e-01
-6.780941486358642578e-01
-6.036197543144226074e-01
-4.030680954456329346e-01
-7.266010642051696777e-01
-1.147819280624389648e+00
-7.924308180809020996e-01
-5.539531707763671875e-01
-6.602898836135864258e-01
-6.584326028823852539e-01
-6.866552829742431641e-01
-9.017071127891540527e-01
-3.641937375068664551e-01
-4.733192920684814453e-01
-7.579272389411926270e-01
-7.058301568031311035e-01
-5.275931358337402344e-01
-7.664515376091003418e-01
-7.501385211944580078e-01
-5.215905904769897461e-01
-5.027502775192260742e-01
-8.435479402542114258e-01
-4.948683083057403564e-01
-4.903889298439025879e-01
-4.446210265159606934e-01
-2.230872362852096558e-01
-6.712592840194702148e-01
-5.347837805747985840e-01
-5.520266294479370117e-01
-7.848359346389770508e-01
