-2.166202813386917114e-01
1.700830087065696716e-02
-5.832835659384727478e-02
7.232674397528171539e-05
6.147563830018043518e-02
2.169148474931716919e-01
-4.025958478450775146e-02
-2.735778130590915680e-02
1.027666181325912476e-01
1.701097562909126282e-02
-1.035844162106513977e-02
-1.213072761893272400e-01
-9.009248018264770508e-02
1.332516670227050781e-01
1.014012768864631653e-01
8.039575070142745972e-02
6.095121428370475769e-02
-3.173127770423889160e-02
2.306011877954006195e-02
-1.141373291611671448e-01
3.344826027750968933e-02
1.326889097690582275e-01
4.798368737101554871e-02
-5.676630884408950806e-02
1.299231648445129395e-01
1.131727397441864014e-01
-7.612460106611251831e-02
1.009474322199821472e-01
1.338960826396942139e-01
-3.305793926119804382e-02
-7.107822597026824951e-02
2.014680504798889160e-01
-1.035665944218635559e-01
-1.156912930309772491e-02
-5.653997138142585754e-02
-5.803001672029495239e-02
