-5.606373548507690430e-01
-7.568119168281555176e-01
-2.827005386352539062e-01
-4.571108520030975342e-01
-5.529904961585998535e-01
-9.959387779235839844e-01
-6.462049484252929688e-01
-9.243234992027282715e-01
-1.004502773284912109e+00
-4.506398439407348633e-01
-4.509114325046539307e-01
-5.460414290428161621e-01
-7.701614499092102051e-01
-8.039903044700622559e-01
-1.050993680953979492e+00
-9.254284501075744629e-01
-9.121261835098266602e-01
-9.031055569648742676e-01
-1.155108094215393066e+00
-7.815976142883300781e-01
-6.258322000503540039e-01
-9.223189353942871094e-01
-6.521974802017211914e-01
-5.098260045051574707e-01
-5.633593797683715820e-01
-6.543779969215393066e-01
-3.590314388275146484e-01
-6.977983117103576660e-01
-5.744795799255371094e-01
-9.439489245414733887e-01
-2.023117989301681519e-01
-6.786281466484069824e-01
-5.036464333534240723e-01
-1.136019229888916016e+00
-7.389998435974121094e-01
-6.545198559761047363e-01
-6.437229514122009277e-01
-1.121069908142089844e+00
-9.321402311325073242e-01
-5.969576239585876465e-01
-2.989459335803985596e-01
-4.536549150943756104e-01
-1.075096011161804199e+00
-9.372764825820922852e-01
-7.691584825515747070e-01
-7.553740739822387695e-01
-9.467734694480895996e-01
-6.725697517395019531e-01
-1.702977716922760010e-01
-4.883834123611450195e-01
-5.017276406288146973e-01
-4.277917444705963135e-01
-3.200732171535491943e-01
-1.043806791305541992e+00
-6.658958792686462402e-01
-6.217811703681945801e-01
-3.405449390411376953e-01
-6.249022483825683594e-01
-5.272004604339599609e-01
-3.478240668773651123e-01
-4.539193809032440186e-01
-1.798965334892272949e-01
-7.147542238235473633e-01
-8.765838742256164551e-01
-3.787138760089874268e-01
-8.207587003707885742e-01
-6.255064606666564941e-01
-5.164502859115600586e-01
-2.560972869396209717e-01
-6.818445920944213867e-01
-6.705592274665832520e-01
-6.856845021247863770e-01
-5.244351625442504883e-01
-4.197849929332733154e-01
-8.610578179359436035e-01
-3.094753921031951904e-01
-8.344054222106933594e-01
-8.223242759704589844e-01
-6.148231029510498047e-01
-5.572441220283508301e-01
-9.458070993423461914e-01
-8.363018035888671875e-01
-4.520699009299278259e-02
-5.020815134048461914e-01
-9.482285976409912109e-01
-5.882615447044372559e-01
-7.161059379577636719e-01
-8.657501339912414551e-01
-7.827942371368408203e-01
-4.686551094055175781e-01
-4.934164881706237793e-01
-5.099907517433166504e-01
-7.379730939865112305e-01
-4.275957345962524414e-01
-7.774410843849182129e-01
-3.486941456794738770e-01
-4.631153345108032227e-01
-6.490069031715393066e-01
-4.701163470745086670e-01
-4.400058984756469727e-01
