-2.806612849235534668e-01
-3.857032358646392822e-01
-4.438661336898803711e-01
-2.368731945753097534e-01
-4.725084900856018066e-01
-6.197850704193115234e-01
-4.912456274032592773e-01
-1.876931488513946533e-01
-3.397126197814941406e-01
-1.838847547769546509e-01
-4.140146374702453613e-01
-4.719216525554656982e-01
-6.354184150695800781e-01
-5.377238988876342773e-01
-2.721309065818786621e-01
-5.651640295982360840e-01
-4.152473509311676025e-01
-2.083041220903396606e-01
-5.561221241950988770e-01
-4.844751656055450439e-01
-6.072400212287902832e-01
-2.236474305391311646e-01
-5.420177578926086426e-01
-4.071381986141204834e-01
-4.025115668773651123e-01
-5.334712862968444824e-01
-6.567853093147277832e-01
-3.703888654708862305e-01
-5.992752313613891602e-01
-2.415866106748580933e-01
-4.842441082000732422e-01
-2.674492597579956055e-01
-4.595442116260528564e-01
-3.870155513286590576e-01
-4.772415161132812500e-01
-4.715294241905212402e-01
-4.651792049407958984e-01
-3.106863498687744141e-01
-4.821819961071014404e-01
-2.957704663276672363e-01
-3.011139929294586182e-01
-4.262046217918395996e-01
-2.839257717132568359e-01
-4.102741479873657227e-01
-1.928112208843231201e-01
-8.124571442604064941e-01
-2.624435424804687500e-01
-5.588943958282470703e-01
-6.615419685840606689e-02
-9.488182514905929565e-02
-4.491030275821685791e-01
-3.778001368045806885e-01
-1.686633676290512085e-01
-2.243487387895584106e-01
-7.152749300003051758e-01
-5.305330753326416016e-01
-3.783678710460662842e-01
-5.488303303718566895e-01
-4.189387857913970947e-01
-5.332047939300537109e-01
-4.051626622676849365e-01
-2.121588587760925293e-01
-2.772815823554992676e-01
-2.111876904964447021e-01
-5.025991797447204590e-01
-3.526790738105773926e-01
-5.778561830520629883e-01
-4.440634250640869141e-01
-4.458713829517364502e-01
-5.731316804885864258e-01
-3.017439544200897217e-01
-4.602761566638946533e-01
-1.228252798318862915e-01
-5.174379944801330566e-01
-4.152837991714477539e-01
-3.141309618949890137e-01
-5.390701293945312500e-01
-2.197827249765396118e-01
-1.273491978645324707e-01
-4.288288950920104980e-01
-5.286279916763305664e-01
-3.118876814842224121e-01
-3.904066085815429688e-01
-5.800589323043823242e-01
-5.014131665229797363e-01
-3.472735285758972168e-01
-4.348087608814239502e-01
-4.171602725982666016e-01
-3.839012086391448975e-01
-4.086617827415466309e-01
-2.382551729679107666e-01
-3.525906503200531006e-01
-4.671185016632080078e-01
-3.446703553199768066e-01
-1.860159635543823242e-01
2.405988285318017006e-03
-3.935225903987884521e-01
-4.118392169475555420e-01
-3.705356419086456299e-01
-3.797292709350585938e-01
