-6.474274396896362305e-01
-7.630795836448669434e-01
-1.876746267080307007e-01
-7.657768130302429199e-01
-5.285763740539550781e-01
-5.822490453720092773e-01
-2.323047667741775513e-01
-6.455129384994506836e-01
-1.842483580112457275e-01
-9.579797387123107910e-01
-8.096596598625183105e-01
-5.680731534957885742e-01
-3.490535616874694824e-01
-2.316515743732452393e-01
-6.679961681365966797e-01
-2.285244911909103394e-01
-3.242249786853790283e-01
-9.863200187683105469e-01
-9.415578246116638184e-01
-6.538313031196594238e-01
-7.115529775619506836e-01
-6.325671076774597168e-01
-7.275846004486083984e-01
-6.596533060073852539e-01
-6.724722981452941895e-01
-5.392006039619445801e-01
-6.356765031814575195e-01
-9.637228846549987793e-01
-5.671874880790710449e-01
-7.303588986396789551e-01
-5.293452143669128418e-01
-8.492732048034667969e-01
-6.973758935928344727e-01
-9.929974079132080078e-01
-8.372536897659301758e-01
-6.655359864234924316e-01
-9.040299654006958008e-01
-3.595121502876281738e-01
-6.507205963134765625e-01
-4.302741885185241699e-01
-4.679121673107147217e-01
-6.927429437637329102e-01
-7.979916930198669434e-01
-5.700559616088867188e-01
-9.442072510719299316e-01
-1.055145978927612305e+00
-8.784305453300476074e-01
-4.798416793346405029e-01
-6.420289874076843262e-01
-5.859906673431396484e-01
-8.095183372497558594e-01
-6.618324518203735352e-01
-5.089490413665771484e-01
-7.198306322097778320e-01
-4.563234150409698486e-01
-7.777900099754333496e-01
-1.819994002580642700e-01
-5.374571681022644043e-01
-2.370072901248931885e-01
-8.531885743141174316e-01
-3.142898902297019958e-02
-1.180679276585578918e-01
-3.950746059417724609e-01
-7.596047520637512207e-01
-4.932624399662017822e-01
-2.362111210823059082e-01
-8.110064864158630371e-01
-4.052901566028594971e-01
-3.149786293506622314e-01
-4.875695705413818359e-01
-3.338904380798339844e-01
-7.609021663665771484e-01
-6.895117759704589844e-01
-7.619950771331787109e-01
-5.874999165534973145e-01
-7.989061474800109863e-01
-6.185116171836853027e-01
-6.596979498863220215e-01
-3.921410739421844482e-01
-8.707755208015441895e-01
-4.056641757488250732e-01
-5.737188458442687988e-01
-4.651238620281219482e-01
-4.636558294296264648e-01
-7.013823986053466797e-01
-6.765305995941162109e-01
-6.475315093994140625e-01
-4.691600203514099121e-01
-5.261067152023315430e-01
-2.710942029953002930e-01
-7.034800648689270020e-01
-5.713118910789489746e-01
-6.243051886558532715e-01
-3.935137093067169189e-01
-4.420033395290374756e-01
-5.081071853637695312e-01
-3.028648495674133301e-01
-5.854889154434204102e-01
-5.264018177986145020e-01
-3.395254015922546387e-01
