1.144112348556518555e-01
1.514544524252414703e-02
-1.129206549376249313e-02
-7.226900756359100342e-02
-2.821967937052249908e-04
1.008854284882545471e-01
4.833293333649635315e-02
-1.121424697339534760e-02
3.558497875928878784e-02
2.544419094920158386e-02
1.803164035081863403e-01
9.497889876365661621e-02
2.723073028028011322e-02
5.821916088461875916e-02
-1.879154890775680542e-02
-1.085522919893264771e-01
1.624095626175403595e-02
1.374567151069641113e-01
-1.332363579422235489e-02
-1.135726273059844971e-01
1.464066375046968460e-02
-9.044230729341506958e-02
-9.655812382698059082e-02
-1.263033151626586914e-01
1.473257392644882202e-01
3.821241110563278198e-02
1.170916408300399780e-01
-3.174713253974914551e-02
-1.410264223814010620e-01
-2.392164058983325958e-02
2.099715173244476318e-01
-1.042875424027442932e-01
-1.089034229516983032e-02
-2.128941863775253296e-01
-6.531798094511032104e-02
1.918415725231170654e-01
-4.520079493522644043e-02
