-3.965741395950317383e-01
7.401750981807708740e-02
7.945942133665084839e-02
-7.765615731477737427e-02
-9.340592473745346069e-02
1.632255017757415771e-01
4.042736068367958069e-02
-1.327466778457164764e-02
-6.799786537885665894e-02
-7.317018508911132812e-02
8.207629621028900146e-02
-2.588170468807220459e-01
9.965205937623977661e-02
5.382756888866424561e-02
-9.820481389760971069e-02
5.702952295541763306e-02
-1.853783428668975830e-01
1.292820125818252563e-01
1.507048606872558594e-01
1.783397048711776733e-01
-3.813001513481140137e-02
1.243918165564537048e-01
-9.003807604312896729e-02
1.242361068725585938e-01
-8.074285089969635010e-02
1.039650291204452515e-01
4.847475886344909668e-01
-1.120786443352699280e-01
1.380402892827987671e-01
-1.918249130249023438e-01
-1.256631910800933838e-01
-2.637848444283008575e-02
-1.700878739356994629e-01
2.972582280635833740e-01
