-1.784326881170272827e-01
-6.940604448318481445e-01
-9.534405469894409180e-01
-8.688248991966247559e-01
-4.680407643318176270e-01
-6.094802618026733398e-01
-2.496051937341690063e-01
-1.030337691307067871e+00
-7.366846799850463867e-01
-5.229731798171997070e-01
-4.320293664932250977e-01
-7.472593784332275391e-01
-8.981884717941284180e-01
-8.082843422889709473e-01
-3.286626935005187988e-01
-6.960002779960632324e-01
-6.177143454551696777e-01
-6.016508936882019043e-01
-2.936263084411621094e-01
-3.375435471534729004e-01
-6.964731216430664062e-01
-7.043054699897766113e-01
-4.124878644943237305e-01
-1.631151139736175537e-01
-7.063816189765930176e-01
-8.440101742744445801e-01
-4.263899028301239014e-01
-6.945412158966064453e-01
-9.730637669563293457e-01
-4.639234840869903564e-01
-9.441283941268920898e-01
-7.243496775627136230e-01
-2.618463039398193359e-01
-6.540967822074890137e-01
-5.864058732986450195e-01
-7.683954834938049316e-01
-9.116713404655456543e-01
-8.088366985321044922e-01
-8.795354366302490234e-01
-1.018889904022216797e+00
-8.539786338806152344e-01
-8.897636532783508301e-01
-7.717522978782653809e-01
-3.968152403831481934e-01
-7.738924622535705566e-01
-8.249914646148681641e-01
-5.474586486816406250e-01
-4.726444780826568604e-01
-8.757832646369934082e-01
-9.053664803504943848e-01
-8.884520530700683594e-01
-3.291436433792114258e-01
-3.683239221572875977e-01
-9.361119270324707031e-01
-7.884041666984558105e-01
-5.907931923866271973e-01
-9.778208732604980469e-01
-6.906686425209045410e-01
-5.083226561546325684e-01
-1.074285030364990234e+00
-4.799424409866333008e-01
-6.684950590133666992e-01
-7.676437497138977051e-01
-8.887694478034973145e-01
-1.949218809604644775e-01
-7.555088400840759277e-01
-1.429684877395629883e+00
-6.498882174491882324e-01
-1.067521944642066956e-01
-6.903761029243469238e-01
-4.216085374355316162e-01
-6.610880494117736816e-01
-8.565659523010253906e-01
-1.029410719871520996e+00
-5.455971360206604004e-01
-5.703600049018859863e-01
-7.386054396629333496e-01
-4.549443423748016357e-01
-5.512071847915649414e-01
-8.728961944580078125e-01
-9.571659564971923828e-01
-8.180328607559204102e-01
-8.354193568229675293e-01
-4.304285049438476562e-01
-6.165463328361511230e-01
-9.134099483489990234e-01
-5.337546467781066895e-01
-5.315462946891784668e-01
-1.067875146865844727e+00
-1.195244789123535156e+00
-6.371608972549438477e-01
-4.740472733974456787e-01
-7.588521242141723633e-01
-6.192545890808105469e-01
-8.530791401863098145e-01
-5.160927176475524902e-01
-7.347205281257629395e-01
-8.995652198791503906e-01
-3.122956156730651855e-01
-1.000956058502197266e+00
