-3.967241570353507996e-02
-1.283278129994869232e-02
1.023556198924779892e-02
6.086395308375358582e-02
-3.451219946146011353e-02
-1.231531053781509399e-01
1.120709776878356934e-01
1.523862481117248535e-01
7.809785008430480957e-02
1.727461516857147217e-01
1.219915673136711121e-01
-1.774141564965248108e-02
-1.707596890628337860e-02
8.174351602792739868e-02
1.431462541222572327e-02
-1.278821472078561783e-02
6.319387257099151611e-02
3.397431597113609314e-02
5.201728269457817078e-02
-1.405463367700576782e-01
-1.948883831501007080e-01
-9.174028038978576660e-02
-1.615123748779296875e-01
-1.034160628914833069e-01
1.558210998773574829e-01
-1.877543032169342041e-01
5.746977403759956360e-02
1.738702207803726196e-01
-1.065167933702468872e-01
-1.145131513476371765e-01
2.643069624900817871e-01
1.874748431146144867e-02
1.781565696001052856e-02
-4.960954189300537109e-02
4.110386595129966736e-02
1.408995538949966431e-01
-9.669049084186553955e-02
1.206683814525604248e-01
2.613928914070129395e-01
2.958322763442993164e-01
-6.578648835420608521e-02
