-3.538452088832855225e-01
-5.680974125862121582e-01
-4.668276309967041016e-01
-9.168848395347595215e-01
-4.177846908569335938e-01
-9.492483735084533691e-01
-5.385942757129669189e-02
-2.308434545993804932e-01
-3.565145432949066162e-01
-6.326119899749755859e-01
-4.196737706661224365e-01
-5.767582058906555176e-01
-8.710344433784484863e-01
-4.236871600151062012e-01
-4.392099678516387939e-01
-4.756194651126861572e-01
-5.343659520149230957e-01
-2.059951275587081909e-01
-7.464691996574401855e-01
-6.645699739456176758e-01
-5.310095548629760742e-01
-2.544365525245666504e-01
-6.832893490791320801e-01
-2.724660634994506836e-01
-4.988642632961273193e-01
-7.719714641571044922e-01
-5.975779891014099121e-01
-9.073566794395446777e-01
-5.083028078079223633e-01
-6.805488467216491699e-01
-5.167796015739440918e-01
-4.205491244792938232e-01
-1.795217394828796387e-01
-6.144230365753173828e-01
-7.077015042304992676e-01
-2.657132446765899658e-01
-5.839686989784240723e-01
-2.349955439567565918e-01
-6.561509370803833008e-01
-4.618397653102874756e-01
-7.424045205116271973e-01
-6.661314368247985840e-01
-8.394931554794311523e-01
-7.876348495483398438e-01
-4.703004956245422363e-01
-7.224625349044799805e-01
-8.685566782951354980e-01
-7.208902239799499512e-01
-5.210680961608886719e-01
-3.491041362285614014e-01
-3.430223762989044189e-01
-7.720177769660949707e-01
-2.661804556846618652e-01
-3.266377449035644531e-01
-5.970735549926757812e-01
-4.299792051315307617e-01
-4.531995952129364014e-01
-5.244525074958801270e-01
-2.001445442438125610e-01
-6.559255123138427734e-01
-8.478035330772399902e-01
-4.532697796821594238e-01
-6.752713322639465332e-01
-4.791778922080993652e-01
-7.155609726905822754e-01
-5.335497111082077026e-02
-8.244187831878662109e-01
-7.664152383804321289e-01
-4.628914892673492432e-01
-6.493951678276062012e-01
-8.370134830474853516e-01
-5.427902936935424805e-01
-6.903677582740783691e-01
-5.349311232566833496e-01
-9.531537294387817383e-01
-6.308603882789611816e-01
-7.451145052909851074e-01
-5.278488397598266602e-01
-5.060088038444519043e-01
-8.003364205360412598e-01
-5.046520233154296875e-01
-5.094985961914062500e-01
-7.345877289772033691e-01
-8.003895282745361328e-01
-7.858733534812927246e-01
-9.093424677848815918e-01
-4.345036149024963379e-01
-3.303119540214538574e-01
-8.598685264587402344e-01
-7.496953010559082031e-01
-7.264639735221862793e-01
-9.833811521530151367e-01
-6.986866593360900879e-01
-3.756620287895202637e-01
-2.793259918689727783e-01
-6.130099296569824219e-01
-6.275802850723266602e-01
-7.523942589759826660e-01
-8.303304910659790039e-01
-5.866307616233825684e-01
