-5.609392002224922180e-02
-2.698312699794769287e-01
1.660281717777252197e-01
-5.614244937896728516e-02
-2.356761544942855835e-01
2.579246461391448975e-01
-1.373069882392883301e-01
5.654956912621855736e-04
-1.287257671356201172e-01
1.677846312522888184e-01
2.296479642391204834e-01
-2.974412739276885986e-01
2.153449133038520813e-02
7.266806066036224365e-02
1.220168098807334900e-01
1.526174508035182953e-02
2.601684927940368652e-01
-1.035561040043830872e-01
3.737427666783332825e-02
1.042145788669586182e-01
4.406466707587242126e-02
1.179492548108100891e-01
2.745029032230377197e-01
-8.918230980634689331e-02
1.204699743539094925e-02
1.952095031738281250e-01
-5.550105706788599491e-04
-1.144320517778396606e-01
7.215738296508789062e-02
-1.173785328865051270e-01
-1.438936591148376465e-01
-1.142385825514793396e-01
-5.524710193276405334e-02
2.112983725965023041e-02
