5.646959319710731506e-02
-1.246501281857490540e-01
-8.519500494003295898e-02
1.303430050611495972e-01
-1.145693659782409668e-01
-4.450521990656852722e-02
-5.620338022708892822e-02
-1.419481914490461349e-02
1.868600994348526001e-01
-5.693847686052322388e-02
2.087379544973373413e-01
-1.259865909814834595e-01
-1.531452685594558716e-02
-1.935067623853683472e-01
-2.254950255155563354e-01
-6.896591931581497192e-02
1.332815084606409073e-02
1.375610847026109695e-02
5.725525319576263428e-03
1.715097576379776001e-01
-1.940373629331588745e-01
1.866030097007751465e-01
1.376078426837921143e-01
-1.435782909393310547e-01
-9.558446705341339111e-02
3.033651113510131836e-01
3.254956100136041641e-03
-3.472169116139411926e-02
6.447617709636688232e-02
-1.034431383013725281e-01
4.166507720947265625e-02
1.729547232389450073e-01
-1.122456192970275879e-01
-4.823971912264823914e-02
-7.340694963932037354e-02
8.947746455669403076e-02
-5.392323806881904602e-02
