3.187203779816627502e-02
-1.244576275348663330e-01
6.610218435525894165e-02
7.793309539556503296e-02
-2.405003085732460022e-02
-1.348820887506008148e-02
2.487620897591114044e-02
1.786224842071533203e-01
-7.511482387781143188e-02
4.212588537484407425e-03
6.910464260727167130e-03
-1.473253369331359863e-01
1.488783061504364014e-01
-4.549605771899223328e-02
1.174897626042366028e-01
2.326132357120513916e-01
1.115920990705490112e-01
2.283654212951660156e-01
-1.278443448245525360e-02
-2.616427140310406685e-03
8.657928556203842163e-02
3.287429511547088623e-01
1.970926374197006226e-01
-6.015177350491285324e-03
9.006485342979431152e-02
3.720614314079284668e-02
3.881412744522094727e-02
2.329018339514732361e-02
1.386303082108497620e-02
-4.798403009772300720e-02
-1.287191212177276611e-01
3.819728642702102661e-02
-2.264260128140449524e-02
7.952306419610977173e-02
-1.438389271497726440e-01
2.743037231266498566e-02
9.331133961677551270e-02
-8.877480775117874146e-02
6.974250078201293945e-02
1.377244144678115845e-01
