-7.292394340038299561e-02
-5.185115709900856018e-02
3.249850124120712280e-02
9.050452709197998047e-02
-1.752781718969345093e-01
3.754428401589393616e-02
7.973923534154891968e-02
-2.099451869726181030e-01
2.931568026542663574e-02
-2.423940598964691162e-02
2.091000601649284363e-02
-1.618910431861877441e-01
1.658983714878559113e-02
1.575662568211555481e-02
2.453522086143493652e-01
9.900095313787460327e-02
6.918243318796157837e-02
1.290496289730072021e-01
-1.026029437780380249e-01
4.006331861019134521e-01
1.548908948898315430e-01
1.068969741463661194e-01
-2.215694785118103027e-01
1.621121466159820557e-01
1.367109175771474838e-02
2.078412473201751709e-02
-2.125970125198364258e-01
1.091228127479553223e-01
5.716293677687644958e-02
3.121268004179000854e-02
-1.087331175804138184e-01
2.854352891445159912e-01
8.724999427795410156e-02
1.112081483006477356e-01
-2.042462378740310669e-01
-5.019413307309150696e-02
