1.199783831834793091e-01
3.223054707050323486e-01
2.312722951173782349e-01
2.499253451824188232e-01
-1.252063959836959839e-01
-1.082781702280044556e-01
-9.417584538459777832e-02
1.620742380619049072e-01
-6.438010185956954956e-02
1.893206872045993805e-02
6.104872375726699829e-02
-5.087161064147949219e-02
2.603910565376281738e-01
-1.721581816673278809e-02
1.813570410013198853e-02
1.381937265396118164e-01
7.605767995119094849e-02
-1.173754706978797913e-01
-2.867485396564006805e-03
3.505463153123855591e-02
-4.504908993840217590e-02
1.280490905046463013e-01
1.237657386809587479e-03
1.391210854053497314e-01
1.667077690362930298e-01
-2.876924872398376465e-01
1.798855066299438477e-01
6.523904204368591309e-02
6.198535487055778503e-02
7.540408521890640259e-02
1.239758506417274475e-01
1.207399740815162659e-01
1.128640100359916687e-01
3.307686746120452881e-01
4.939195513725280762e-02
1.064110547304153442e-01
-1.808848977088928223e-01
