-1.869114041328430176e-01
-2.940515279769897461e-01
-2.501533925533294678e-01
-2.449475973844528198e-01
-2.107249796390533447e-01
-4.727002382278442383e-01
-3.755077719688415527e-01
-4.090095758438110352e-01
-2.850129008293151855e-01
-4.046552777290344238e-01
-5.760160088539123535e-01
-3.791162073612213135e-01
-2.868162989616394043e-01
-5.219159126281738281e-01
-6.534270048141479492e-01
-6.109676957130432129e-01
-4.564214348793029785e-01
-4.950806200504302979e-01
-2.989618778228759766e-01
-4.765570163726806641e-01
-5.384037494659423828e-01
-2.446968108415603638e-01
-3.804936110973358154e-01
-4.777192175388336182e-01
-3.698792755603790283e-01
-3.211673200130462646e-01
-2.958920896053314209e-01
-6.909558176994323730e-01
-2.429094165563583374e-01
-7.037584483623504639e-02
-3.605028390884399414e-01
-5.989348292350769043e-01
-1.844505518674850464e-01
-4.160776436328887939e-01
-2.342812865972518921e-01
-5.275378227233886719e-01
-6.379460096359252930e-01
-2.909817397594451904e-01
-5.310502648353576660e-01
-4.515589177608489990e-01
-2.369274497032165527e-01
-4.653252959251403809e-01
-5.040992498397827148e-01
-2.351832240819931030e-01
-4.152755737304687500e-01
-6.054021716117858887e-01
-4.522625207901000977e-01
-2.386747747659683228e-01
-5.652519464492797852e-01
-3.739447593688964844e-01
-4.213421046733856201e-01
-4.037437140941619873e-01
-3.377800583839416504e-01
-4.726165235042572021e-01
-4.831634759902954102e-01
-4.428761005401611328e-01
-5.128939747810363770e-01
-5.448648333549499512e-01
-1.755676716566085815e-01
-5.469937324523925781e-01
-7.914165258407592773e-01
-1.616107821464538574e-01
-3.668639063835144043e-01
-2.578418552875518799e-01
-5.779243111610412598e-01
-2.818932533264160156e-01
-5.066982507705688477e-01
-4.699436128139495850e-01
-6.197999715805053711e-01
-5.850669145584106445e-01
-2.041853219270706177e-01
-2.910172939300537109e-01
-6.252894401550292969e-01
-7.066561579704284668e-01
-3.537016808986663818e-01
-2.275627106428146362e-01
-3.699272871017456055e-01
-6.756824254989624023e-01
-4.619198143482208252e-01
-2.893385887145996094e-01
-6.421150565147399902e-01
-4.073457717895507812e-01
-5.235602855682373047e-01
-3.428162336349487305e-01
-6.379411220550537109e-01
-4.400034844875335693e-01
-4.794925153255462646e-01
-4.108788967132568359e-01
-4.401612281799316406e-01
-3.866330385208129883e-01
-7.569068670272827148e-01
-4.714236259460449219e-01
-4.162178337574005127e-01
-4.299442172050476074e-01
-4.474816322326660156e-01
-6.775686740875244141e-01
-7.772890925407409668e-01
-2.806538045406341553e-01
-4.252160191535949707e-01
-6.241338253021240234e-01
