1.051888894289731979e-02
2.390628159046173096e-01
7.614938169717788696e-02
1.087634786963462830e-01
-2.013877034187316895e-02
6.486911326646804810e-02
2.643292546272277832e-01
-1.457651257514953613e-01
2.606560885906219482e-01
-8.775714784860610962e-02
4.890456423163414001e-02
-6.271180696785449982e-03
3.393369540572166443e-02
1.088059991598129272e-01
-7.084111869335174561e-02
1.531764119863510132e-01
-5.040556564927101135e-02
1.669453456997871399e-03
5.295203626155853271e-02
7.755484431982040405e-02
1.682342290878295898e-01
-3.593439236283302307e-02
-1.409115828573703766e-02
2.526486292481422424e-03
-1.161742210388183594e-01
5.677715688943862915e-02
8.935319259762763977e-03
1.293534636497497559e-01
3.494669124484062195e-02
3.831767942756414413e-03
8.747554570436477661e-02
-3.147012367844581604e-02
-7.056174427270889282e-02
-2.658469974994659424e-01
-4.279028624296188354e-03
-2.160432040691375732e-01
