9.868547320365905762e-02
-4.926310479640960693e-02
5.168028548359870911e-02
2.122885584831237793e-01
1.060645934194326401e-02
-2.450494468212127686e-02
-8.527667075395584106e-02
-8.652519318275153637e-04
-1.525210291147232056e-01
9.071093797683715820e-02
-1.414439268410205841e-02
-2.170234173536300659e-01
1.819713562726974487e-01
-1.187947168946266174e-01
-1.662766933441162109e-01
1.090233698487281799e-01
1.418959349393844604e-01
7.404689490795135498e-02
1.405040323734283447e-01
2.009424716234207153e-01
2.071664109826087952e-02
1.829871237277984619e-01
-5.669593438506126404e-02
-9.282420575618743896e-02
1.774240136146545410e-01
-8.951472491025924683e-02
-2.008624970912933350e-01
1.740566790103912354e-01
-2.974062561988830566e-01
1.080672964453697205e-01
4.870560485869646072e-03
-3.811280801892280579e-02
-2.022167593240737915e-01
-6.376317143440246582e-02
-5.957677215337753296e-02
2.395539432764053345e-01
1.590477675199508667e-01
1.205117478966712952e-01
-1.589023768901824951e-01
8.102732896804809570e-02
