-3.169904053211212158e-01
-4.943202137947082520e-01
-6.220487952232360840e-01
-7.763397693634033203e-01
-5.496975183486938477e-01
-1.649399250745773315e-01
-2.395660877227783203e-01
-6.138408184051513672e-01
-3.977555036544799805e-01
-6.646572947502136230e-01
-5.010244846343994141e-01
-7.606254816055297852e-01
-2.146393433213233948e-02
-4.468680918216705322e-01
-7.081360816955566406e-01
-4.166626334190368652e-01
-2.789892554283142090e-01
-3.831489384174346924e-01
-3.862530887126922607e-01
-3.398444652557373047e-01
-4.940875768661499023e-01
-5.720032453536987305e-01
-3.966097831726074219e-01
-2.086666077375411987e-01
-3.753007948398590088e-01
-2.819789946079254150e-01
-1.245036721229553223e-01
-6.283862590789794922e-01
-5.377990007400512695e-01
-5.428469181060791016e-01
-6.880399584770202637e-01
-3.581504523754119873e-01
-3.148061335086822510e-01
-4.690020382404327393e-01
-5.108134448528289795e-02
-8.510959744453430176e-01
-4.553590118885040283e-01
-5.622738003730773926e-01
-5.098863244056701660e-01
-3.893699347972869873e-01
-5.598812103271484375e-01
-5.832940340042114258e-01
-7.567330598831176758e-01
-3.482890725135803223e-01
-7.344499826431274414e-01
-7.659772038459777832e-01
-4.291572570800781250e-01
-3.639020323753356934e-01
-6.569668650627136230e-01
-3.819968700408935547e-01
-6.457903981208801270e-01
-2.746686041355133057e-01
-7.384573817253112793e-01
-8.505845814943313599e-02
-4.940217435359954834e-01
-7.114769220352172852e-01
-7.090004086494445801e-01
-6.118721961975097656e-01
-7.194208502769470215e-01
-4.547634720802307129e-01
-5.328422784805297852e-01
-3.454191982746124268e-01
-2.834059894084930420e-01
-4.167595207691192627e-01
-1.372994482517242432e-02
-7.732841968536376953e-01
-2.110256701707839966e-01
-5.811710953712463379e-01
-3.428886830806732178e-01
-5.700209736824035645e-01
-6.247195005416870117e-01
-5.119512677192687988e-01
-1.163577064871788025e-01
-6.404794454574584961e-01
-5.192387104034423828e-01
-4.174500703811645508e-01
-7.414371371269226074e-01
-8.212959766387939453e-01
-3.584777712821960449e-01
-6.991106867790222168e-01
-3.525412976741790771e-01
-1.409840304404497147e-02
-3.549945354461669922e-01
-4.152065813541412354e-01
-4.771374464035034180e-01
-2.345701903104782104e-01
-4.826059937477111816e-01
-4.772422015666961670e-01
-8.083091974258422852e-01
-4.384670555591583252e-01
-7.292023301124572754e-01
-6.497721672058105469e-01
-4.968792796134948730e-01
-6.582920551300048828e-01
-5.110662579536437988e-01
-3.761262595653533936e-01
-6.397902369499206543e-01
-6.289290785789489746e-01
-3.985320329666137695e-01
-5.723360180854797363e-01
