-4.867318868637084961e-01
-4.768436253070831299e-01
-9.268006682395935059e-01
-8.931750059127807617e-01
-4.046686589717864990e-01
-8.136412501335144043e-01
-6.064347028732299805e-01
-1.075270533561706543e+00
-5.792143940925598145e-01
-6.104003787040710449e-01
-5.887261033058166504e-01
-7.106044292449951172e-01
-1.027456879615783691e+00
-9.488776922225952148e-01
-8.732033371925354004e-01
-4.423137009143829346e-01
-4.031015634536743164e-01
-5.205132961273193359e-01
-4.747848510742187500e-01
-6.662282347679138184e-01
-5.760266184806823730e-01
-7.486658096313476562e-01
-6.031131148338317871e-01
-7.031735777854919434e-01
-8.357202410697937012e-01
-3.268778026103973389e-01
-5.615224242210388184e-01
-5.143096446990966797e-01
-3.508251011371612549e-01
-5.812091231346130371e-01
-4.948092401027679443e-01
-4.675623178482055664e-01
-5.741221308708190918e-01
-7.444062232971191406e-01
-5.330382585525512695e-01
-7.133643627166748047e-01
-5.342185497283935547e-01
-9.185792803764343262e-01
-3.664814829826354980e-01
-4.966233074665069580e-01
-6.795555949211120605e-01
-6.557401418685913086e-01
-6.166618466377258301e-01
-6.368719935417175293e-01
-3.957983851432800293e-01
-4.373350143432617188e-01
-5.833704471588134766e-01
-5.462560653686523438e-01
-7.648173570632934570e-01
-4.113585054874420166e-01
-8.073065280914306641e-01
-5.899484157562255859e-01
-6.087687015533447266e-01
-6.498139500617980957e-01
-8.409036993980407715e-01
-3.610730171203613281e-01
-4.236406981945037842e-01
-7.038190364837646484e-01
-1.496224999427795410e-01
-6.427893042564392090e-01
-7.336713075637817383e-01
-5.684629082679748535e-01
-5.878775715827941895e-01
-4.396034777164459229e-01
-6.022565364837646484e-01
-4.654736220836639404e-01
-7.733924388885498047e-01
-5.459337830543518066e-01
-2.619513869285583496e-01
-5.286148786544799805e-01
-7.234703302383422852e-01
-4.972776472568511963e-01
-7.747732400894165039e-01
-6.948199272155761719e-01
-6.981220245361328125e-01
-4.689658284187316895e-01
-3.669519722461700439e-01
-7.587953805923461914e-01
-4.960421919822692871e-01
-7.527860403060913086e-01
-7.049621939659118652e-01
-4.332915842533111572e-01
-7.654988765716552734e-01
-3.023088276386260986e-01
-5.671570897102355957e-01
-6.939358711242675781e-01
-6.094208359718322754e-01
-5.063123106956481934e-01
-3.542748987674713135e-01
-9.517204761505126953e-01
-7.225448489189147949e-01
-5.398147702217102051e-01
-7.300273180007934570e-01
-5.983583927154541016e-01
-6.554194092750549316e-01
-3.885166645050048828e-01
-5.051605701446533203e-01
-8.816153407096862793e-01
-4.504885673522949219e-01
-2.784192860126495361e-01
