-8.032248914241790771e-02
7.733130455017089844e-02
1.897971332073211670e-01
-3.859322890639305115e-02
3.148331344127655029e-01
1.058483794331550598e-01
1.138726528733968735e-02
1.073934882879257202e-01
-5.937216803431510925e-02
9.889054298400878906e-02
2.412841655313968658e-02
1.599675267934799194e-01
-1.026010736823081970e-01
2.840990126132965088e-01
-1.506681740283966064e-01
-6.210098415613174438e-02
2.348283380270004272e-01
1.834840476512908936e-01
9.630683809518814087e-02
1.316216737031936646e-01
4.925894737243652344e-02
2.034468054771423340e-01
-9.736487641930580139e-03
4.912838339805603027e-02
-1.332078427076339722e-01
-8.202264457941055298e-02
1.619731038808822632e-01
5.229546874761581421e-02
6.768000125885009766e-02
-1.227614954113960266e-01
-2.796043455600738525e-02
-5.347016081213951111e-02
1.171910390257835388e-01
1.773221939802169800e-01
-5.446014925837516785e-02
-1.258666813373565674e-01
