-4.826620519161224365e-01
-3.099788427352905273e-01
-3.505952060222625732e-01
-3.784063458442687988e-01
-5.465906262397766113e-01
-2.843563854694366455e-01
-2.465394288301467896e-01
-2.832003235816955566e-01
-3.299652338027954102e-01
-3.469307422637939453e-01
-2.216107994318008423e-01
-1.065956205129623413e-01
-5.880759358406066895e-01
-4.810106754302978516e-01
-2.172989249229431152e-01
-4.970051348209381104e-01
-6.166416406631469727e-01
-4.473401010036468506e-01
-7.484224438667297363e-01
-5.778023600578308105e-01
-1.534690409898757935e-01
-7.784374952316284180e-01
-3.478562533855438232e-01
-2.537267506122589111e-01
-7.783384919166564941e-01
-5.238364338874816895e-01
-7.962993979454040527e-01
-5.533255934715270996e-01
-7.853533625602722168e-01
-7.312703132629394531e-01
-4.035872220993041992e-01
-4.259039163589477539e-01
-4.604460895061492920e-01
-3.985039591789245605e-01
-4.132350981235504150e-01
-6.454370617866516113e-01
-1.493989229202270508e-01
-7.795746922492980957e-01
-6.567940711975097656e-01
-4.497162103652954102e-01
-3.296654224395751953e-01
-5.476809740066528320e-01
-2.690085172653198242e-01
-5.853962302207946777e-01
-7.786036729812622070e-01
-6.434129476547241211e-01
-7.456754446029663086e-01
-3.164824843406677246e-01
-5.136391520500183105e-01
-4.734112024307250977e-01
-4.659706950187683105e-01
-7.060790061950683594e-01
-2.921702563762664795e-01
-6.513462662696838379e-01
-1.687562763690948486e-01
-5.925000905990600586e-01
-2.467480748891830444e-01
-2.969025969505310059e-01
-6.281509995460510254e-01
-6.140081286430358887e-01
-5.225296616554260254e-01
-4.979215264320373535e-01
-7.220453023910522461e-01
-8.649930357933044434e-01
-7.927329540252685547e-01
-5.095795989036560059e-01
-6.683812141418457031e-01
-3.581373691558837891e-01
-6.029931306838989258e-01
-2.699909210205078125e-01
-5.363711714744567871e-01
-5.120108723640441895e-01
-4.966626167297363281e-01
-6.515374183654785156e-01
-7.148051857948303223e-01
-1.280062198638916016e-01
-4.652385413646697998e-01
-4.500630497932434082e-01
-4.803881645202636719e-01
-5.822980999946594238e-01
-3.872834444046020508e-01
-2.895169258117675781e-01
-6.283181905746459961e-01
-2.844545543193817139e-01
-3.836912512779235840e-01
-4.422602653503417969e-01
-4.379667937755584717e-01
-2.563629448413848877e-01
-3.676875829696655273e-01
-5.174700021743774414e-01
-4.837735593318939209e-01
-6.698517203330993652e-01
-6.587530374526977539e-01
-3.490608632564544678e-01
-5.155233740806579590e-01
-5.480627417564392090e-01
-5.830734968185424805e-01
-4.306027293205261230e-01
-2.757329344749450684e-01
-2.853679656982421875e-01
