1.257387176156044006e-02
-1.645705848932266235e-02
1.969334632158279419e-01
-1.008972972631454468e-01
3.834161162376403809e-02
1.892444789409637451e-01
5.773947387933731079e-02
-1.455948594957590103e-02
2.134565077722072601e-02
-4.421564564108848572e-02
2.740580737590789795e-01
-1.471203379333019257e-02
1.574080884456634521e-01
9.884552657604217529e-02
-4.385055974125862122e-02
4.714617505669593811e-02
1.853115856647491455e-01
-4.259636253118515015e-02
8.538531512022018433e-02
-2.631642520427703857e-01
5.934868752956390381e-02
-4.247654974460601807e-02
3.847641646862030029e-01
9.982313960790634155e-02
-2.966434955596923828e-01
-1.342495977878570557e-01
8.914995007216930389e-03
2.597942054271697998e-01
-5.131974443793296814e-02
2.858644425868988037e-01
-4.177928343415260315e-02
8.203151822090148926e-02
-3.767462819814682007e-02
9.749866276979446411e-02
1.134357601404190063e-01
2.028886824846267700e-01
2.943834289908409119e-02
