-2.082145363092422485e-01
-1.902818381786346436e-01
-2.772719562053680420e-01
-4.461961612105369568e-02
-2.112041413784027100e-01
-5.446542501449584961e-01
-4.721025526523590088e-01
-2.625127732753753662e-01
-3.332268893718719482e-01
-4.735759198665618896e-01
-3.692746758460998535e-01
-6.726317405700683594e-01
-2.619893252849578857e-01
-1.643561571836471558e-01
-2.963832020759582520e-01
-3.524854183197021484e-01
-5.656602978706359863e-01
-3.798554539680480957e-01
-3.741736710071563721e-01
-2.988214492797851562e-01
-5.749449133872985840e-01
-4.734788239002227783e-01
-2.718113362789154053e-01
-3.538645207881927490e-01
-4.122371971607208252e-01
-1.743660271167755127e-01
-3.419340550899505615e-01
-4.316880404949188232e-01
-1.256434768438339233e-01
-2.206865549087524414e-01
-3.936239778995513916e-01
-4.784979224205017090e-01
-2.526415884494781494e-01
-4.821537435054779053e-01
-4.159416854381561279e-01
-4.772068858146667480e-01
-4.264425039291381836e-01
-1.418320387601852417e-01
-1.634906232357025146e-01
-4.616345167160034180e-01
-3.772720694541931152e-01
-4.589519202709197998e-01
-1.772886663675308228e-01
-8.964124321937561035e-02
-4.578288197517395020e-01
-4.946247041225433350e-01
-3.487348854541778564e-01
-3.560202419757843018e-01
-3.405447006225585938e-01
-2.360308021306991577e-01
-2.749400436878204346e-01
-1.840293705463409424e-01
-1.375284492969512939e-01
-5.193212628364562988e-01
-3.523080646991729736e-01
-2.117717862129211426e-01
-1.225737556815147400e-01
-3.301592469215393066e-01
-3.216980397701263428e-01
-3.237061798572540283e-01
-4.187614023685455322e-01
-4.745430052280426025e-01
-3.985261321067810059e-01
-5.070940852165222168e-01
-3.277294039726257324e-01
-1.484312713146209717e-01
-5.917520523071289062e-01
-1.686260402202606201e-01
-5.055946707725524902e-01
-6.078104376792907715e-01
-1.937673836946487427e-01
-2.753009796142578125e-01
-7.480571866035461426e-01
-2.857428193092346191e-01
-2.508825957775115967e-01
-6.154196858406066895e-01
-3.755666017532348633e-01
-2.861681282520294189e-01
-4.194298088550567627e-01
-6.162248253822326660e-01
-4.284078180789947510e-01
-2.428666949272155762e-01
-4.716534018516540527e-01
-3.204363584518432617e-01
-3.846232593059539795e-01
-1.990446597337722778e-01
-1.714395433664321899e-01
-1.182075813412666321e-01
-2.321188002824783325e-01
-4.669688045978546143e-01
-1.241538003087043762e-01
-4.139483869075775146e-01
-2.509192228317260742e-01
-3.485169112682342529e-01
-2.389177829027175903e-01
-5.226112604141235352e-01
-9.215927124023437500e-02
-4.395840167999267578e-01
-5.767518281936645508e-01
-2.401691526174545288e-01
