-1.226933240890502930e+00
-1.970556080341339111e-01
-5.236546993255615234e-01
-7.998163700103759766e-01
-1.051525950431823730e+00
-9.787719249725341797e-01
-6.786065697669982910e-01
-5.874738693237304688e-01
-6.018955707550048828e-01
-4.174650609493255615e-01
-3.956856727600097656e-01
-6.795580387115478516e-01
-9.818016886711120605e-01
-1.021578788757324219e+00
-9.434666037559509277e-01
-8.361995816230773926e-01
-9.675816893577575684e-01
-8.841569423675537109e-01
-1.129624962806701660e+00
-7.918050289154052734e-01
-1.043545484542846680e+00
-7.635790705680847168e-01
-7.014024853706359863e-01
-4.430139958858489990e-01
-6.752228140830993652e-01
-6.829037070274353027e-01
-7.694370150566101074e-01
-4.556665718555450439e-01
-3.727747201919555664e-01
-9.214551448822021484e-01
-4.937444925308227539e-01
-6.336297392845153809e-01
-5.884630084037780762e-01
-7.857226133346557617e-01
-7.828070521354675293e-01
-7.077162861824035645e-01
-4.247373640537261963e-01
-7.569596767425537109e-01
-8.283132314682006836e-01
-6.961684823036193848e-01
-8.355963826179504395e-01
-7.660349011421203613e-01
-2.582413256168365479e-01
-1.007547378540039062e+00
-7.491073608398437500e-01
-5.762411355972290039e-01
-3.437978923320770264e-01
-7.591305971145629883e-01
-7.990491986274719238e-01
-6.904415488243103027e-01
-1.110864996910095215e+00
-6.633867025375366211e-01
-1.922947913408279419e-01
-5.356410145759582520e-01
-7.381489872932434082e-01
-3.258931636810302734e-01
-6.769507527351379395e-01
-4.690300822257995605e-01
-5.062411427497863770e-01
-6.444198489189147949e-01
-8.282484412193298340e-01
-9.735496044158935547e-01
-1.185433864593505859e+00
-9.278882145881652832e-01
-5.176925659179687500e-01
-7.162776589393615723e-01
-1.120674252510070801e+00
-5.512921810150146484e-01
-1.092919707298278809e+00
-6.906992793083190918e-01
-2.460144311189651489e-01
-3.043120801448822021e-01
-5.739718079566955566e-01
-6.805568933486938477e-01
-1.127792477607727051e+00
-5.314162969589233398e-01
-8.141296505928039551e-01
-4.479292035102844238e-01
-9.585593342781066895e-01
-5.611447095870971680e-01
-8.873869180679321289e-01
-3.042997121810913086e-01
-3.460465967655181885e-01
-4.523575603961944580e-01
-4.169289171695709229e-01
-6.931400895118713379e-01
-5.277404189109802246e-01
-6.610408425331115723e-01
-3.093827962875366211e-01
-4.403046667575836182e-01
-3.905517756938934326e-01
-5.666571855545043945e-01
-4.480411708354949951e-01
-4.781263172626495361e-01
-8.080037236213684082e-01
-5.205522179603576660e-01
-8.579032421112060547e-01
-6.596317291259765625e-01
-5.650962591171264648e-01
-3.209859132766723633e-01
