-8.124753832817077637e-02
3.907254710793495178e-02
5.201398953795433044e-02
8.027306757867336273e-03
2.029889263212680817e-02
9.543511271476745605e-02
3.316446021199226379e-02
9.705693461000919342e-03
1.048934459686279297e-01
7.150825858116149902e-02
4.594437777996063232e-02
1.851806417107582092e-02
-3.815478086471557617e-02
9.371626377105712891e-02
1.609858721494674683e-01
5.914141982793807983e-02
-1.088590249419212341e-01
3.162535652518272400e-02
1.505378782749176025e-01
-4.044992849230766296e-03
7.394555211067199707e-02
-4.761749133467674255e-02
1.231856867671012878e-01
4.393384233117103577e-02
7.275798916816711426e-02
-1.634476035833358765e-01
1.706073582172393799e-01
-3.834197297692298889e-02
2.377589493989944458e-01
2.812696397304534912e-01
8.309894800186157227e-02
1.442970708012580872e-02
-8.215696364641189575e-02
1.809612512588500977e-01
