1.088784784078598022e-01
-1.345627754926681519e-01
1.400781869888305664e-01
7.816590368747711182e-02
3.565765544772148132e-02
6.346123665571212769e-02
3.180919587612152100e-02
-3.414128348231315613e-02
-9.572509676218032837e-02
1.219855099916458130e-01
1.522521972656250000e-01
-1.804487854242324829e-01
8.881884813308715820e-02
2.840367145836353302e-02
-1.494507398456335068e-02
-1.354857697151601315e-03
-5.853908602148294449e-03
1.559889614582061768e-01
3.404542431235313416e-02
1.939624845981597900e-01
-5.339166894555091858e-02
1.283082515001296997e-01
1.164932996034622192e-01
-2.570305019617080688e-02
1.231871023774147034e-01
2.990187406539916992e-01
-2.133741676807403564e-01
2.767434120178222656e-01
-8.931482583284378052e-02
7.974567823112010956e-03
1.418354213237762451e-01
3.214478865265846252e-02
1.282739341259002686e-01
2.838446572422981262e-02
6.189700588583946228e-02
