-5.570595711469650269e-02
-7.906126379966735840e-01
-6.706233620643615723e-01
-5.854201912879943848e-01
-5.430715084075927734e-01
-7.336218357086181641e-01
-1.597457379102706909e-01
-8.861654996871948242e-01
-3.836726546287536621e-01
-6.452102065086364746e-01
-4.398093223571777344e-01
-4.988651275634765625e-01
-8.580434918403625488e-01
-6.913568377494812012e-01
-6.687747240066528320e-01
-6.394211649894714355e-01
-1.017081379890441895e+00
-4.321534931659698486e-01
-5.326264500617980957e-01
-5.892385244369506836e-01
-8.594905734062194824e-01
-6.329684853553771973e-01
-3.467528820037841797e-01
-3.822773396968841553e-01
-4.208041429519653320e-01
-6.192572712898254395e-01
-7.354820370674133301e-01
-6.273120045661926270e-01
-6.577691435813903809e-01
-3.225000500679016113e-01
-4.206260442733764648e-01
-9.079117178916931152e-01
-3.418424129486083984e-01
-9.537776708602905273e-01
-4.598598182201385498e-01
-7.198982834815979004e-01
-9.153415560722351074e-01
-6.884844899177551270e-01
-6.330251693725585938e-01
-6.927203536033630371e-01
-2.682583332061767578e-01
-3.142261505126953125e-01
-5.019019842147827148e-01
-7.094559669494628906e-01
-1.043756484985351562e+00
-9.220786094665527344e-01
-7.219935655593872070e-01
-1.288241297006607056e-01
-6.115908026695251465e-01
-3.622435033321380615e-01
-4.747025072574615479e-01
-3.725203275680541992e-01
-3.920986950397491455e-01
-2.897013723850250244e-01
-6.501245498657226562e-01
-6.465894579887390137e-01
-6.398449540138244629e-01
-6.730437874794006348e-01
-2.578291893005371094e-01
-5.678866505622863770e-01
-9.316070079803466797e-01
-6.885082721710205078e-01
-3.694494664669036865e-01
-8.846570253372192383e-01
-9.089488983154296875e-01
-5.885653495788574219e-01
-6.014841794967651367e-01
-5.054500102996826172e-01
-3.123502433300018311e-01
-3.501342236995697021e-01
-7.509316205978393555e-01
-7.244789004325866699e-01
-6.011964082717895508e-01
-5.936487913131713867e-01
-4.600186049938201904e-01
-6.148421168327331543e-01
-8.040796518325805664e-01
-7.083566188812255859e-01
-9.561384916305541992e-01
-5.812245011329650879e-01
-6.651298999786376953e-01
-9.161495566368103027e-01
-6.837145686149597168e-01
-5.023502707481384277e-01
-6.456425786018371582e-01
-7.979503870010375977e-01
-3.613051772117614746e-01
-1.025235891342163086e+00
-2.218968421220779419e-01
-8.780395388603210449e-01
-6.415637731552124023e-01
-5.959231853485107422e-01
-3.683468997478485107e-01
-8.801573514938354492e-01
-1.515490263700485229e-01
-5.780978202819824219e-01
-8.264716863632202148e-01
-5.532513856887817383e-01
-6.915805935859680176e-01
-1.108080506324768066e+00
