-1.161396726965904236e-01
-5.385678727179765701e-03
2.260291725397109985e-01
5.914906784892082214e-02
5.677500739693641663e-02
5.988255608826875687e-03
1.156309470534324646e-01
1.508186608552932739e-01
-9.475964307785034180e-02
-4.378883168101310730e-02
-2.489146776497364044e-02
4.872386343777179718e-03
1.923924982547760010e-01
-2.843413352966308594e-01
5.577216669917106628e-02
-1.927820406854152679e-02
-1.673192381858825684e-01
9.167154878377914429e-02
-4.182411357760429382e-02
5.779796093702316284e-02
1.059645116329193115e-01
-1.472149230539798737e-02
-1.861238330602645874e-01
1.866886317729949951e-01
-5.034219846129417419e-02
-1.438786685466766357e-01
-2.069572508335113525e-01
1.218178495764732361e-01
1.657148003578186035e-01
1.062313392758369446e-01
1.462220251560211182e-01
-8.030210435390472412e-02
-3.029384836554527283e-02
3.686238452792167664e-02
