-6.462047100067138672e-01
-6.839087009429931641e-01
-4.297256171703338623e-01
-5.781146287918090820e-01
-5.079348087310791016e-01
-9.165256023406982422e-01
-5.075549483299255371e-01
-4.756673872470855713e-01
-3.689561411738395691e-02
-7.010052800178527832e-01
-6.229555606842041016e-01
-2.814281582832336426e-01
-1.034144878387451172e+00
-3.131857812404632568e-01
-6.851029396057128906e-01
-6.926573514938354492e-01
-5.306060910224914551e-01
-7.060965299606323242e-01
-5.328681468963623047e-01
-7.732862830162048340e-01
-7.600684762001037598e-01
-5.276365876197814941e-01
-5.855888128280639648e-01
-7.166477441787719727e-01
-9.870349168777465820e-01
-5.487666726112365723e-01
-5.498499870300292969e-01
-4.073850512504577637e-01
-6.872708201408386230e-01
-5.970882773399353027e-01
-2.331172525882720947e-01
-4.385796189308166504e-01
-1.459845304489135742e-01
-7.040277719497680664e-01
-5.969387888908386230e-01
-3.603107035160064697e-01
-4.416779875755310059e-01
-6.754713058471679688e-01
-9.126307964324951172e-01
-3.329296708106994629e-01
-7.212182879447937012e-01
-6.645011305809020996e-01
-5.773043632507324219e-01
-3.970928192138671875e-01
-6.961212158203125000e-01
-5.686202645301818848e-01
-6.487812399864196777e-01
-6.077131628990173340e-01
-7.214032411575317383e-01
-2.407478392124176025e-01
-7.021507620811462402e-01
-4.704180955886840820e-01
-5.582376122474670410e-01
-5.167044401168823242e-01
-5.931516885757446289e-01
-5.359634757041931152e-01
-4.120052158832550049e-01
-5.833835005760192871e-01
-7.606468200683593750e-01
-6.484503746032714844e-01
-6.836456060409545898e-01
-1.078545570373535156e+00
-4.698518514633178711e-01
-3.251273930072784424e-01
-5.494999885559082031e-01
-4.431259036064147949e-01
-8.477322459220886230e-01
-8.904203176498413086e-01
-6.901943087577819824e-01
-6.708308458328247070e-01
-5.053197145462036133e-01
-4.864948987960815430e-01
-4.457714557647705078e-01
-6.369990110397338867e-01
-6.545450687408447266e-01
-4.874396026134490967e-01
-5.606184005737304688e-01
-4.325461089611053467e-01
-1.850689500570297241e-01
-6.927300095558166504e-01
-8.059233427047729492e-01
-7.045289874076843262e-01
-6.173535585403442383e-01
-5.066669583320617676e-01
-5.672973990440368652e-01
-6.124277114868164062e-01
-6.320184469223022461e-01
-4.212167859077453613e-01
-4.197557568550109863e-01
-5.518620014190673828e-01
-4.861438274383544922e-01
-7.309914827346801758e-01
-8.946083188056945801e-01
-6.018397808074951172e-01
-5.174468159675598145e-01
-7.037422060966491699e-01
-8.624559044837951660e-01
-5.037624239921569824e-01
-4.047400653362274170e-01
-6.840115189552307129e-01
