-6.777783036231994629e-01
-2.393151968717575073e-01
-6.565656065940856934e-01
-6.270767450332641602e-01
-8.697459697723388672e-01
-6.714082360267639160e-01
-6.610481739044189453e-01
-7.230268716812133789e-01
-7.723606824874877930e-01
-8.073784112930297852e-01
-4.753694832324981689e-01
-6.159703135490417480e-01
-8.527742028236389160e-01
-4.967943429946899414e-01
-5.716651082038879395e-01
-5.111701488494873047e-01
-7.693766355514526367e-01
-6.361241340637207031e-01
-8.908504843711853027e-01
-8.799595236778259277e-01
-5.499700903892517090e-01
-7.396287322044372559e-01
-3.563908636569976807e-01
-7.551454305648803711e-01
-9.763138294219970703e-01
-5.193684101104736328e-01
-5.659240484237670898e-01
-2.054203003644943237e-01
-4.899936914443969727e-01
-8.438166975975036621e-01
-5.429216027259826660e-01
-2.725611627101898193e-01
-2.246699929237365723e-01
-6.804386377334594727e-01
-5.312160849571228027e-01
-7.963225245475769043e-01
-2.244020402431488037e-01
-4.492811560630798340e-01
-7.858603000640869141e-01
-1.025967240333557129e+00
-1.048446774482727051e+00
-6.302348971366882324e-01
-7.469642758369445801e-01
-2.352003902196884155e-01
-5.885981917381286621e-01
-3.531084954738616943e-01
-8.798410892486572266e-01
-1.472420096397399902e-01
-5.031439065933227539e-01
-5.862762928009033203e-01
-7.419880628585815430e-01
-8.850550651550292969e-01
-3.480101227760314941e-01
-3.500543832778930664e-01
-1.878200024366378784e-01
-4.624827206134796143e-01
-6.637621521949768066e-01
-6.103907227516174316e-01
-5.161164402961730957e-01
-6.866034269332885742e-01
-1.647993177175521851e-01
-7.194719910621643066e-01
-8.502868413925170898e-01
-3.783108592033386230e-01
-5.839766263961791992e-01
-6.375268697738647461e-01
-1.219034552574157715e+00
-6.919521689414978027e-01
-8.417265415191650391e-01
-6.866945624351501465e-01
-5.841316580772399902e-01
-5.774544477462768555e-01
-9.152346253395080566e-01
-7.482081055641174316e-01
-8.630755543708801270e-01
-5.639415979385375977e-01
-4.994547963142395020e-01
-8.241592645645141602e-01
-7.096701264381408691e-01
-8.613319993019104004e-01
-7.106091976165771484e-01
-5.438739657402038574e-01
-1.672010421752929688e-01
-3.525038957595825195e-01
-4.998610019683837891e-01
-7.416738271713256836e-01
-3.604001998901367188e-01
-8.551641106605529785e-01
-6.755669116973876953e-01
-7.029106020927429199e-01
-2.735757529735565186e-01
-9.620770812034606934e-01
-4.467797875404357910e-01
-6.583685874938964844e-01
-5.344979763031005859e-01
-9.819127321243286133e-01
-8.980005979537963867e-01
-5.336774587631225586e-01
-3.147967755794525146e-01
-6.376541256904602051e-01
