-3.933629766106605530e-02
-3.310444951057434082e-02
9.675600565969944000e-03
1.470485478639602661e-01
-9.422855800949037075e-04
3.600335866212844849e-02
1.653038859367370605e-01
-1.885263472795486450e-01
-6.393197178840637207e-02
4.985030740499496460e-03
-4.689501971006393433e-02
-5.203555151820182800e-02
3.712831065058708191e-02
1.409610807895660400e-01
4.163931310176849365e-02
9.996955841779708862e-02
5.766713619232177734e-02
-2.931062132120132446e-02
5.779888853430747986e-02
-4.257518798112869263e-02
2.368294633924961090e-02
2.598404698073863983e-02
6.976024247705936432e-03
1.359136030077934265e-02
-9.407938458025455475e-03
7.086955010890960693e-02
-1.960523873567581177e-01
1.396999955177307129e-01
-3.832094743847846985e-02
2.380374073982238770e-02
-6.633949279785156250e-02
2.244074195623397827e-01
2.173368632793426514e-02
-1.720342189073562622e-01
3.683585673570632935e-02
7.054045051336288452e-02
2.443553693592548370e-02
