8.729315549135208130e-02
-3.928843419998884201e-03
8.088915050029754639e-02
8.171369135379791260e-02
-8.869726210832595825e-03
-6.668700277805328369e-02
-6.057692319154739380e-02
-1.274598948657512665e-02
1.901038140058517456e-01
-4.082195460796356201e-03
1.659063547849655151e-01
4.957295488566160202e-03
8.864663541316986084e-02
4.329689592123031616e-02
-7.306901365518569946e-02
1.208949014544487000e-01
1.314592659473419189e-01
-3.541123494505882263e-02
2.827068865299224854e-01
-2.760663861408829689e-03
-1.152981743216514587e-01
-1.678304523229598999e-01
5.711170658469200134e-02
1.653839051723480225e-01
7.533252984285354614e-02
-6.614545732736587524e-02
1.546939462423324585e-01
1.297951787710189819e-01
3.594191074371337891e-01
4.845004901289939880e-02
6.751615554094314575e-02
-1.786295175552368164e-01
-1.820788159966468811e-02
-1.845639050006866455e-01
-1.740575730800628662e-01
2.809212803840637207e-01
-8.839718997478485107e-02
-3.509170189499855042e-02
