-3.003055155277252197e-01
-4.784185290336608887e-01
-7.278998494148254395e-01
-5.785592794418334961e-01
-4.999552965164184570e-01
-4.589547514915466309e-01
-4.804529845714569092e-01
-7.546918392181396484e-01
-5.358896851539611816e-01
-1.097028493881225586e+00
-8.341985940933227539e-01
-1.065560504794120789e-01
-7.213864922523498535e-01
-7.532425522804260254e-01
-5.564085245132446289e-01
-7.340747714042663574e-01
-7.556483149528503418e-01
-4.414188265800476074e-01
-7.535474300384521484e-01
-3.951062560081481934e-01
-5.240877270698547363e-01
-5.387682318687438965e-01
-4.777888953685760498e-01
-9.484530687332153320e-01
-7.462332248687744141e-01
-6.241276264190673828e-01
-7.847098708152770996e-01
-4.370500147342681885e-01
-2.825241088867187500e-01
-5.401773452758789062e-01
-1.878531873226165771e-01
-6.434637308120727539e-01
-4.615236520767211914e-01
-8.478453159332275391e-01
-2.704226076602935791e-01
-1.977185308933258057e-01
-8.806716203689575195e-01
-4.258299469947814941e-01
-2.603822946548461914e-01
-8.025665879249572754e-01
-5.751879215240478516e-01
-4.919105172157287598e-01
-5.417531728744506836e-01
-5.403516292572021484e-01
-7.158933281898498535e-01
-5.336278080940246582e-01
-2.945255935192108154e-01
-8.952649831771850586e-01
-4.923042953014373779e-01
-6.313715577125549316e-01
-8.233668804168701172e-01
-1.059998631477355957e+00
-8.610018491744995117e-01
-5.955103635787963867e-01
-6.164263486862182617e-01
-5.429624915122985840e-01
-6.034863591194152832e-01
-6.412922143936157227e-01
-5.423110127449035645e-01
-7.682449817657470703e-01
-9.258408546447753906e-01
-7.330622076988220215e-01
-2.915966808795928955e-01
-4.754303693771362305e-01
-5.918562412261962891e-01
-5.907221436500549316e-01
-4.901480972766876221e-01
-5.741616487503051758e-01
-3.404231667518615723e-01
-7.592107057571411133e-01
-6.502953767776489258e-01
-6.409528255462646484e-01
-9.296687245368957520e-01
-7.431646585464477539e-01
-3.031066954135894775e-01
-5.148301720619201660e-01
-5.281475782394409180e-01
-6.281573176383972168e-01
-3.905476033687591553e-01
-6.564548611640930176e-01
-9.700188636779785156e-01
-8.363388180732727051e-01
-5.249632000923156738e-01
-9.966759681701660156e-01
-1.117624521255493164e+00
-5.714663863182067871e-01
-5.786229372024536133e-01
-6.470790505409240723e-01
-5.715113282203674316e-01
-3.301171064376831055e-01
-7.419779896736145020e-01
-5.818322896957397461e-01
-4.096765816211700439e-01
-8.665233850479125977e-01
-1.084852814674377441e+00
-7.079845666885375977e-01
-7.971376180648803711e-01
-4.229918718338012695e-01
-7.143642306327819824e-01
-6.303817629814147949e-01
