-5.143756270408630371e-01
-7.070091366767883301e-01
-8.954009413719177246e-01
-8.886072635650634766e-01
-8.015537261962890625e-01
-6.620424389839172363e-01
-8.962360620498657227e-01
-7.951267957687377930e-01
-9.254348278045654297e-01
-8.179767131805419922e-01
-7.046840786933898926e-01
-9.514932632446289062e-01
-9.996877312660217285e-01
-8.359723687171936035e-01
-1.191248059272766113e+00
-6.339086890220642090e-01
-9.403802752494812012e-01
-1.213120102882385254e+00
-1.055539727210998535e+00
-6.870071291923522949e-01
-8.769312500953674316e-01
-4.329183697700500488e-01
-5.058353543281555176e-01
-5.073327422142028809e-01
-6.363126039505004883e-01
-7.834949493408203125e-01
-7.249590754508972168e-01
-6.030210852622985840e-01
-2.748453915119171143e-01
-5.733866095542907715e-01
-6.027069687843322754e-01
-8.748250603675842285e-01
-7.392340302467346191e-01
-9.646812081336975098e-01
-3.953195214271545410e-01
-9.053572416305541992e-01
-5.912081599235534668e-01
-8.380003571510314941e-01
-5.306373238563537598e-01
-5.243859887123107910e-01
-7.381989955902099609e-01
-7.497825026512145996e-01
-8.708491921424865723e-01
-6.381854414939880371e-01
-4.435824453830718994e-01
-1.183018565177917480e+00
-5.249856114387512207e-01
-7.130263447761535645e-01
-7.108325958251953125e-01
-4.290338456630706787e-01
-7.673477530479431152e-01
-5.261661410331726074e-01
-5.499049425125122070e-01
-9.163230657577514648e-01
-7.858023643493652344e-01
-6.023620963096618652e-01
-4.062352776527404785e-01
-6.391105055809020996e-01
-5.069210529327392578e-01
-3.896535933017730713e-01
-9.172371029853820801e-01
-4.545076191425323486e-01
-9.016203284263610840e-01
-7.591264843940734863e-01
-2.778365314006805420e-01
-5.718168020248413086e-01
-5.973287820816040039e-01
-7.139337062835693359e-01
-6.336219310760498047e-01
-5.152122974395751953e-01
-6.575579047203063965e-01
-5.300552845001220703e-01
-9.023895859718322754e-01
-4.130237996578216553e-01
-3.923200964927673340e-01
-8.945034742355346680e-01
-5.753744840621948242e-01
-3.593657910823822021e-01
-9.293304085731506348e-01
-7.161052227020263672e-01
-6.495022773742675781e-01
-8.608424067497253418e-01
-3.667282462120056152e-01
-2.877734601497650146e-01
-8.539985418319702148e-01
-5.562521815299987793e-01
-4.620939493179321289e-01
-7.357026338577270508e-01
-6.112110018730163574e-01
-4.058303833007812500e-01
-5.649974346160888672e-01
-6.951491236686706543e-01
-9.868276119232177734e-01
-7.264788746833801270e-01
-4.393916130065917969e-01
-3.683320283889770508e-01
-1.359559893608093262e-01
-5.249660015106201172e-01
-5.239560604095458984e-01
-8.412734270095825195e-01
