-8.110920786857604980e-01
-8.021172285079956055e-01
-5.769766569137573242e-01
-4.195280075073242188e-01
-7.901026606559753418e-01
-6.059868931770324707e-01
-5.667142271995544434e-01
-8.490778803825378418e-01
-4.794682264328002930e-01
-5.673679709434509277e-01
-9.390586614608764648e-01
-4.779389798641204834e-01
-8.226131796836853027e-01
-6.132850646972656250e-01
-7.948553562164306641e-01
-4.720807373523712158e-01
-5.773869752883911133e-01
-7.160810232162475586e-01
-4.307969510555267334e-01
-3.785244822502136230e-01
-8.077948689460754395e-01
-6.303461790084838867e-01
-3.011281788349151611e-01
-9.011173248291015625e-01
-5.707961916923522949e-01
-8.575224280357360840e-01
-7.483987212181091309e-01
-8.308479785919189453e-01
-2.486609816551208496e-01
-6.942385435104370117e-01
-5.286814570426940918e-01
-5.648456215858459473e-01
-3.349793851375579834e-01
-6.800006628036499023e-01
-8.188719153404235840e-01
-9.923864006996154785e-01
-1.023850202560424805e+00
-9.102125167846679688e-01
-3.880832791328430176e-01
-5.561336874961853027e-01
-2.093097567558288574e-01
-5.037562847137451172e-01
-8.361144065856933594e-01
-7.079601287841796875e-01
-7.726513743400573730e-01
-5.343661904335021973e-01
-6.064672470092773438e-01
-5.221201777458190918e-01
-5.939115881919860840e-01
-2.873662114143371582e-01
-4.097929596900939941e-01
-6.146913766860961914e-01
-5.233507752418518066e-01
-8.387168645858764648e-01
-7.123501300811767578e-01
-7.589689493179321289e-01
-6.544538736343383789e-01
-6.504499912261962891e-01
-1.574906408786773682e-01
-7.754926681518554688e-01
-6.214200258255004883e-01
-9.537781476974487305e-01
-5.245340466499328613e-01
-8.309172987937927246e-01
-8.264033794403076172e-01
-5.213509202003479004e-01
-7.317037582397460938e-01
-4.166356325149536133e-01
-4.349423646926879883e-01
-6.047350168228149414e-01
-8.944015502929687500e-01
-4.283347725868225098e-01
-1.039188861846923828e+00
-5.088114142417907715e-01
-6.945475935935974121e-01
-4.482439160346984863e-01
-2.752661705017089844e-01
-6.862528324127197266e-01
-1.158771038055419922e+00
-8.643389940261840820e-01
-4.459821581840515137e-01
-4.228592514991760254e-01
-7.503209114074707031e-01
-5.124749541282653809e-01
-9.055606722831726074e-01
-5.469360947608947754e-01
-5.042336583137512207e-01
-7.591643333435058594e-01
-1.060589551925659180e+00
-5.584679841995239258e-01
-5.207964181900024414e-01
-1.011318683624267578e+00
-8.261838555335998535e-01
-8.979574441909790039e-01
-7.726488113403320312e-01
-7.869555950164794922e-01
-4.684688448905944824e-01
-3.844211101531982422e-01
-4.683918356895446777e-01
-8.838809728622436523e-01
