-5.080312490463256836e-01
-9.501913785934448242e-01
-4.574753642082214355e-01
-6.839543581008911133e-01
-6.235985159873962402e-01
-4.673863053321838379e-01
-6.053901314735412598e-01
-7.092943787574768066e-01
-7.456378340721130371e-01
-5.088608264923095703e-01
-1.203150510787963867e+00
-7.217142581939697266e-01
-1.013017773628234863e+00
-5.984700322151184082e-01
-4.292283356189727783e-01
-6.812880635261535645e-01
-7.215381860733032227e-01
-6.710447072982788086e-01
-4.636244177818298340e-01
-1.335832476615905762e-01
-8.500572443008422852e-01
-3.566755354404449463e-01
-9.006651043891906738e-01
-7.194997072219848633e-01
-6.263110041618347168e-01
-9.527292847633361816e-01
-2.744462788105010986e-01
-7.513300776481628418e-01
-7.999984025955200195e-01
-5.717744231224060059e-01
-8.486816287040710449e-01
-1.000987887382507324e+00
-5.418958663940429688e-01
-7.418246269226074219e-01
-8.798384070396423340e-01
-5.475602746009826660e-01
-3.285386264324188232e-01
-7.981194853782653809e-01
-6.509815454483032227e-01
-2.880743443965911865e-01
-6.509598493576049805e-01
-9.948365688323974609e-01
-6.756038069725036621e-01
-5.586255788803100586e-01
-4.791443943977355957e-01
-5.090054273605346680e-01
-7.665400505065917969e-01
-1.184375405311584473e+00
-6.039790511131286621e-01
-8.796087503433227539e-01
-7.816796302795410156e-01
-5.711533427238464355e-01
-4.723726212978363037e-01
-6.193885803222656250e-01
-5.604230761528015137e-01
-5.761870145797729492e-01
-3.846845924854278564e-01
-1.843116283416748047e-01
-8.862311840057373047e-01
-5.414400696754455566e-01
-7.344390749931335449e-01
-1.204013705253601074e+00
-4.638375043869018555e-01
-9.252467155456542969e-01
-6.332071423530578613e-01
-2.597295045852661133e-01
-8.177154064178466797e-01
-5.121753811836242676e-01
-5.049307346343994141e-01
-7.916103005409240723e-01
-7.896819114685058594e-01
-8.361318111419677734e-01
-6.586677432060241699e-01
-8.800746202468872070e-01
-7.539669275283813477e-01
-7.760782837867736816e-01
-5.251835584640502930e-01
-7.347210049629211426e-01
-5.958665013313293457e-01
-8.023265600204467773e-01
-1.105335354804992676e+00
-9.096695780754089355e-01
-6.724862456321716309e-01
-4.204664230346679688e-01
-3.343107104301452637e-01
-5.346033573150634766e-01
-5.997791886329650879e-01
-5.329842567443847656e-01
-4.281203746795654297e-01
-7.548680305480957031e-01
-5.023553967475891113e-01
-7.501056790351867676e-01
-7.234072089195251465e-01
-9.438115358352661133e-01
-2.964758872985839844e-01
-8.368577957153320312e-01
-5.847483873367309570e-01
-5.286600589752197266e-01
-5.657895803451538086e-01
-8.193212747573852539e-01
