-5.944451093673706055e-01
-7.752225399017333984e-01
-7.750496864318847656e-01
-6.915718913078308105e-01
-6.488438844680786133e-01
-3.368008732795715332e-01
-7.265023589134216309e-01
-6.685818433761596680e-01
-7.199237346649169922e-01
-5.742118358612060547e-01
-5.164075493812561035e-01
-3.159697949886322021e-01
-6.691462993621826172e-01
-4.095779657363891602e-01
-3.160428106784820557e-01
-5.746899843215942383e-01
-4.484158158302307129e-01
-3.492177426815032959e-01
-6.293627619743347168e-01
-4.222037494182586670e-01
-3.620855510234832764e-01
-4.061855077743530273e-01
-4.790098965167999268e-01
-2.326278239488601685e-01
-3.406028747558593750e-01
-5.691941976547241211e-01
-6.021808385848999023e-01
-5.052709579467773438e-01
-2.515962123870849609e-01
-3.318478167057037354e-01
-4.846450388431549072e-01
-3.105212152004241943e-01
-3.867624402046203613e-01
-4.903021454811096191e-01
-2.696426212787628174e-01
-3.474590778350830078e-01
-4.004474580287933350e-01
-2.472455799579620361e-01
-6.273003816604614258e-01
-4.099889099597930908e-01
-5.575329661369323730e-01
-3.102965950965881348e-01
-4.383363425731658936e-01
-4.371370375156402588e-01
-5.884786844253540039e-01
-4.039457142353057861e-01
-2.941818833351135254e-01
-4.961473643779754639e-01
-4.454151988029479980e-01
-2.709006369113922119e-01
-1.914533078670501709e-01
-3.918149173259735107e-01
-1.981492489576339722e-01
-1.334818750619888306e-01
-8.225493431091308594e-01
-2.370291799306869507e-01
-6.780005097389221191e-01
-2.502451837062835693e-01
-3.580203950405120850e-01
-5.283581614494323730e-01
-4.267995357513427734e-01
-2.572839856147766113e-01
-2.931118309497833252e-01
-5.075397491455078125e-01
-7.163237333297729492e-01
-4.573099315166473389e-01
-4.922054111957550049e-01
-3.777241110801696777e-01
-5.508728623390197754e-01
-4.691267609596252441e-01
-3.649552464485168457e-01
-4.917243421077728271e-01
-2.341718077659606934e-01
-4.223092496395111084e-01
-4.848290085792541504e-01
-2.193584144115447998e-01
-2.210809737443923950e-01
-4.526860713958740234e-01
-3.644884228706359863e-01
-3.959916830062866211e-01
-1.901416629552841187e-01
-1.168217584490776062e-01
-4.166390001773834229e-01
-4.659561812877655029e-01
-5.563057065010070801e-01
-5.194475054740905762e-01
-5.139400362968444824e-01
-2.730447053909301758e-01
-3.424850702285766602e-01
-5.575395226478576660e-01
-6.598155498504638672e-01
-3.849758803844451904e-01
-6.391156911849975586e-01
-6.782850623130798340e-01
-3.196215033531188965e-01
-5.600191354751586914e-01
-4.233905076980590820e-01
-3.279345631599426270e-01
-2.942917346954345703e-01
-1.245315447449684143e-01
