-4.929384216666221619e-02
-8.902888745069503784e-02
-2.214308641850948334e-02
9.952097386121749878e-02
-5.074098333716392517e-02
-1.155745238065719604e-01
1.304494887590408325e-01
1.831065267324447632e-01
1.892559379339218140e-01
-7.119175512343645096e-03
6.648184359073638916e-02
-1.097923740744590759e-01
-2.058313786983489990e-02
-8.891893923282623291e-02
-3.442564979195594788e-02
-2.041870541870594025e-02
-1.533728241920471191e-01
9.716574847698211670e-02
4.370950534939765930e-02
3.659465292003005743e-04
2.437458187341690063e-02
4.900098219513893127e-02
-9.309515357017517090e-02
-4.039420932531356812e-02
5.042124167084693909e-02
1.835208386182785034e-01
-9.969313442707061768e-02
-6.517699919641017914e-03
7.423614710569381714e-02
-2.270012721419334412e-02
3.868085145950317383e-02
-8.630348742008209229e-02
-2.337305806577205658e-02
5.430512875318527222e-02
-1.307938098907470703e-01
6.080731377005577087e-02
-9.481145441532135010e-02
1.577920615673065186e-01
