-2.000475116074085236e-02
2.616967447102069855e-02
-3.774872794747352600e-02
-4.211274534463882446e-02
-3.085317090153694153e-02
1.034518182277679443e-01
5.775408446788787842e-02
-9.148636460304260254e-02
1.094428151845932007e-01
1.154688745737075806e-01
7.241959124803543091e-02
-1.796955764293670654e-01
1.036403998732566833e-01
-4.444757848978042603e-02
3.788317739963531494e-02
-3.468900918960571289e-02
1.076316228136420250e-03
4.449715092778205872e-02
-6.405665725469589233e-02
-1.256696432828903198e-01
3.076897561550140381e-01
-4.481920227408409119e-02
1.010221615433692932e-01
1.813912577927112579e-02
1.591747701168060303e-01
-9.490210562944412231e-02
1.814841479063034058e-01
-1.887772604823112488e-02
-2.809240110218524933e-02
1.573729142546653748e-02
-7.284698635339736938e-02
9.918964654207229614e-02
-1.804220676422119141e-02
-2.311450615525245667e-02
1.301628947257995605e-01
-7.070729881525039673e-02
4.743094369769096375e-02
-1.380053907632827759e-01
7.176116108894348145e-02
