-5.836765766143798828e-01
-7.476156353950500488e-01
-5.244039297103881836e-01
-5.200875401496887207e-01
-8.359498381614685059e-01
-6.557418107986450195e-01
-4.196347296237945557e-01
-8.434394598007202148e-01
-3.306976258754730225e-01
-7.339677214622497559e-01
-5.118098258972167969e-01
-5.361375808715820312e-01
-6.504123210906982422e-01
-5.600585937500000000e-01
-6.621481180191040039e-01
-4.348117709159851074e-01
-5.579441785812377930e-01
-6.003320813179016113e-01
-7.036795020103454590e-01
-5.209894776344299316e-01
-7.797793745994567871e-01
-2.841186523437500000e-01
-2.232207357883453369e-01
-5.919250845909118652e-01
-3.430214524269104004e-01
-7.683623433113098145e-01
-3.967536389827728271e-01
-8.469436168670654297e-01
-5.300756692886352539e-01
-7.011658549308776855e-01
-6.969908475875854492e-01
-4.463781714439392090e-01
-4.477360248565673828e-01
-7.580422759056091309e-01
-7.979524135589599609e-01
-5.353406071662902832e-01
-6.546806097030639648e-01
-8.371546864509582520e-01
-4.105310440063476562e-01
-5.539704561233520508e-01
-6.182122230529785156e-01
-5.331861972808837891e-01
-8.186109662055969238e-01
-7.375786304473876953e-01
-5.589950084686279297e-01
-4.409788250923156738e-01
-5.973113179206848145e-01
-6.823606491088867188e-01
-5.133046507835388184e-01
-3.585309684276580811e-01
-4.623882174491882324e-01
-5.761721134185791016e-01
-3.223582506179809570e-01
-6.761987209320068359e-01
-1.433197408914566040e-01
-6.966500878334045410e-01
-4.938976168632507324e-01
-3.059726059436798096e-01
-6.131712794303894043e-01
-1.665809601545333862e-01
-5.935267210006713867e-01
-5.684277415275573730e-01
-6.086277961730957031e-01
-7.072907090187072754e-01
-9.408395290374755859e-01
-6.744661927223205566e-01
-6.655970215797424316e-01
-4.506121575832366943e-01
-4.990959465503692627e-01
-7.562057375907897949e-01
-6.077970862388610840e-01
-4.487921893596649170e-01
-5.668126940727233887e-01
-4.382404983043670654e-01
-4.461819231510162354e-01
-4.226369559764862061e-01
-5.960922241210937500e-01
-4.958694577217102051e-01
-5.530132651329040527e-01
-7.339703440666198730e-01
-8.205280900001525879e-01
-3.453201055526733398e-01
-5.046333670616149902e-01
-7.091251015663146973e-01
-7.544103264808654785e-01
-6.860505342483520508e-01
-3.785759508609771729e-01
-8.209738135337829590e-01
-4.020036756992340088e-01
-8.674928545951843262e-01
-9.000217318534851074e-01
-6.557098031044006348e-01
-5.749813318252563477e-01
-6.059456467628479004e-01
-7.314099073410034180e-01
-4.698604345321655273e-01
-7.964292168617248535e-01
-5.869283676147460938e-01
-1.041654706001281738e+00
-5.739758014678955078e-01
