-5.818267539143562317e-02
-5.544884130358695984e-02
3.314413502812385559e-02
2.322298288345336914e-01
1.205145567655563354e-01
1.230976730585098267e-01
1.208665594458580017e-01
6.457934528589248657e-02
1.496690213680267334e-01
-8.613916486501693726e-02
1.027495935559272766e-01
2.602971494197845459e-01
9.427066892385482788e-02
4.832356795668601990e-02
-3.457631170749664307e-02
-2.990385051816701889e-03
4.265752807259559631e-02
3.466014191508293152e-02
1.726187318563461304e-01
1.650859713554382324e-01
6.369797885417938232e-02
-1.103159263730049133e-01
4.690672457218170166e-02
-1.362835615873336792e-01
8.875586092472076416e-02
1.437691897153854370e-01
2.552362717688083649e-02
2.025152295827865601e-01
5.097457394003868103e-02
1.494105607271194458e-01
8.001802489161491394e-03
1.272400915622711182e-01
-7.176614552736282349e-02
-3.817540407180786133e-02
