4.461548477411270142e-02
2.796061802655458450e-03
1.215880550444126129e-02
3.239503875374794006e-02
-1.172741726040840149e-01
6.148873269557952881e-02
1.752253919839859009e-01
1.016727238893508911e-01
6.634166836738586426e-02
3.566851140931248665e-03
2.452690899372100830e-01
2.193164825439453125e-01
7.017058134078979492e-02
-2.693048678338527679e-02
-3.372498601675033569e-02
-8.879005163908004761e-02
8.975458145141601562e-02
1.616395264863967896e-01
1.123075336217880249e-01
-4.511550068855285645e-02
3.294110000133514404e-01
-3.496319055557250977e-01
3.861492872238159180e-02
-1.140591576695442200e-01
-1.238155588507652283e-01
1.567958146333694458e-01
7.637358456850051880e-02
-1.149683296680450439e-01
-7.242802530527114868e-03
1.767433993518352509e-02
-2.970892786979675293e-01
5.586514249444007874e-02
2.922428539022803307e-03
1.009272038936614990e-01
