-3.224156796932220459e-01
-4.512314796447753906e-01
-5.184947848320007324e-01
-5.573574304580688477e-01
-4.222947955131530762e-01
-4.735421240329742432e-01
-3.589413762092590332e-01
-2.548213601112365723e-01
-6.332020163536071777e-01
-5.112762451171875000e-01
-4.044981002807617188e-01
-6.059446334838867188e-01
-1.885180324316024780e-01
-6.140143275260925293e-01
-7.265536189079284668e-01
1.455010566860437393e-02
-1.919249445199966431e-01
-4.053890407085418701e-01
-8.075318336486816406e-01
-3.559048473834991455e-01
-9.776721596717834473e-01
-7.473506331443786621e-01
-3.782299160957336426e-01
-6.004458069801330566e-01
-2.239815443754196167e-01
-7.306309342384338379e-01
-6.412638425827026367e-01
-5.062416791915893555e-01
-5.246958136558532715e-01
-2.615554630756378174e-01
-4.800980985164642334e-01
-6.402239203453063965e-01
-2.461854070425033569e-01
-7.809474468231201172e-01
-5.453592538833618164e-01
-6.858412623405456543e-01
-6.958207488059997559e-01
-6.351544857025146484e-01
-5.225047469139099121e-01
-4.023683071136474609e-01
-6.642419099807739258e-01
-3.218373358249664307e-01
-3.317185044288635254e-01
-4.273793697357177734e-01
-4.097689390182495117e-01
-5.730125904083251953e-01
-2.302033752202987671e-01
-5.512243509292602539e-01
-3.753611445426940918e-01
-6.035683751106262207e-01
-5.577526092529296875e-01
-4.214562773704528809e-01
-1.783547252416610718e-01
-5.100691914558410645e-01
-2.009751945734024048e-01
-5.656929612159729004e-01
-4.822381734848022461e-01
-2.831035256385803223e-01
-5.689995884895324707e-01
-5.170617103576660156e-01
-9.531799554824829102e-01
-2.907037138938903809e-01
-4.186008572578430176e-01
-3.311541378498077393e-01
-2.269634306430816650e-01
-2.573178410530090332e-01
-6.127477884292602539e-01
-9.792398661375045776e-02
-5.859137773513793945e-01
-2.804089188575744629e-01
-4.996015131473541260e-01
-1.464154124259948730e-01
-2.326405495405197144e-01
-4.631848335266113281e-01
-3.029778003692626953e-01
-3.710902929306030273e-01
-6.812334060668945312e-01
-4.615921378135681152e-01
-4.444230794906616211e-01
-3.249486982822418213e-01
-3.183692693710327148e-01
-3.807876110076904297e-01
-5.138927102088928223e-01
-1.141671612858772278e-01
-3.775136470794677734e-01
-4.585301280021667480e-01
-1.334607303142547607e-01
-7.711267471313476562e-01
-2.946438789367675781e-01
-1.951630264520645142e-01
-2.537035048007965088e-01
-3.020863533020019531e-01
-4.855497479438781738e-01
-4.833675026893615723e-01
-5.364128351211547852e-01
-8.148701488971710205e-02
-3.432224094867706299e-01
-5.032697319984436035e-01
-2.208873331546783447e-01
-4.421261548995971680e-01
