1.062763854861259460e-01
6.982814520597457886e-02
6.268433481454849243e-02
-2.110186666250228882e-01
5.296782776713371277e-02
-1.075771749019622803e-01
5.839228630065917969e-02
-1.714817481115460396e-03
-4.964824393391609192e-02
-1.407337337732315063e-01
4.210500046610832214e-02
2.409750819206237793e-01
9.582342952489852905e-02
-2.690950334072113037e-01
4.582075774669647217e-02
5.721487477421760559e-02
-6.371996365487575531e-03
7.275161147117614746e-02
1.383360028266906738e-01
1.159244477748870850e-01
7.779853045940399170e-02
-1.083695888519287109e-01
-3.350833430886268616e-02
-6.425673514604568481e-02
-2.590493671596050262e-02
1.519097667187452316e-02
-1.287976931780576706e-02
-2.182219550013542175e-02
3.987915441393852234e-02
-2.073574960231781006e-01
1.990727782249450684e-01
2.956811189651489258e-01
-6.825077533721923828e-02
1.680014580488204956e-01
3.000646457076072693e-02
3.939675539731979370e-02
