2.059472501277923584e-01
9.857436269521713257e-02
2.298178672790527344e-01
2.675087749958038330e-02
-5.829898267984390259e-02
9.094000793993473053e-03
-7.869553565979003906e-02
1.654948294162750244e-01
1.613874435424804688e-01
-4.831083863973617554e-02
1.918662637472152710e-01
-1.451508700847625732e-01
1.294114291667938232e-01
3.932299837470054626e-02
1.222777217626571655e-01
4.643721133470535278e-02
1.328984498977661133e-01
1.173321157693862915e-01
-1.083805635571479797e-01
-5.924632027745246887e-02
2.285494469106197357e-02
-1.703414022922515869e-01
1.860147528350353241e-02
1.281673312187194824e-01
-1.071047782897949219e-01
4.117677733302116394e-02
2.147702723741531372e-01
2.062460780143737793e-02
-3.277091681957244873e-02
2.770864963531494141e-01
-4.766683280467987061e-02
1.080429404973983765e-01
-7.403413951396942139e-02
-1.043918281793594360e-01
-4.852502793073654175e-02
-3.216322883963584900e-02
4.860918503254652023e-03
2.243177033960819244e-02
