-4.486437737941741943e-01
-6.933932304382324219e-01
-5.339505672454833984e-01
-3.636673092842102051e-01
-6.335646510124206543e-01
-9.891387224197387695e-01
-3.279349207878112793e-01
-6.295675039291381836e-01
-4.333012700080871582e-01
-8.287253379821777344e-01
-8.994347453117370605e-01
-1.096611261367797852e+00
-2.121929675340652466e-01
-7.317125201225280762e-01
-4.543804824352264404e-01
-4.977446496486663818e-01
-6.723302602767944336e-01
-8.603690266609191895e-01
-2.624766230583190918e-01
-2.553640902042388916e-01
-8.039707541465759277e-01
-5.771160125732421875e-01
-9.765068292617797852e-01
-2.507655322551727295e-01
-6.454112529754638672e-01
-3.849678635597229004e-01
-8.886433243751525879e-01
-6.274362802505493164e-01
-8.709354400634765625e-01
-7.179507017135620117e-01
-1.033918976783752441e+00
-8.866536617279052734e-01
-4.504376649856567383e-01
-4.438570141792297363e-01
-7.510697245597839355e-01
-5.386429429054260254e-01
-1.213160037994384766e+00
-7.377949953079223633e-01
-9.916406273841857910e-01
-6.697177886962890625e-01
-7.477234005928039551e-01
-5.300841927528381348e-01
-7.140856385231018066e-01
-6.049226522445678711e-01
-9.248487949371337891e-01
-6.919324994087219238e-01
-3.490929007530212402e-01
-7.188367843627929688e-02
-8.460965752601623535e-01
-7.762724161148071289e-01
-7.280164361000061035e-01
-8.095239996910095215e-01
-8.000838756561279297e-01
-4.443781077861785889e-01
-7.965898513793945312e-01
-1.033540844917297363e+00
-3.933774232864379883e-01
-7.535626888275146484e-01
-8.962726593017578125e-01
-6.800000667572021484e-01
-1.190643429756164551e+00
-6.855915188789367676e-01
-5.233103632926940918e-01
-1.678615659475326538e-01
-3.265578150749206543e-01
-7.325314283370971680e-01
-7.034602165222167969e-01
-3.623138666152954102e-01
-5.122002363204956055e-01
-5.850687623023986816e-01
-4.641939401626586914e-01
-2.051921784877777100e-01
-9.880756735801696777e-01
-2.432912588119506836e-01
-9.652996063232421875e-01
-6.332666277885437012e-01
-8.147646784782409668e-01
-8.877133727073669434e-01
-2.971470654010772705e-01
-4.271451234817504883e-01
-5.657638907432556152e-01
-5.936974287033081055e-01
-1.180716007947921753e-01
-7.851282358169555664e-01
-6.235212683677673340e-01
-4.807972908020019531e-01
-4.543739557266235352e-01
-9.607160687446594238e-01
-7.065466642379760742e-01
-8.043175935745239258e-01
-6.771669387817382812e-01
-2.709228098392486572e-01
-8.579281568527221680e-01
-6.419477462768554688e-01
-1.137130498886108398e+00
-8.072503209114074707e-01
-8.206330537796020508e-01
-5.293237566947937012e-01
-2.949466407299041748e-01
-8.720583915710449219e-01
