1.411534398794174194e-01
1.206856071949005127e-01
5.058661848306655884e-02
5.742558836936950684e-02
-1.093244031071662903e-01
-3.091755881905555725e-02
-3.358175978064537048e-02
-6.412819772958755493e-02
1.555394381284713745e-01
9.108344465494155884e-02
1.870724260807037354e-01
1.477041542530059814e-01
1.976638138294219971e-01
-2.619019448757171631e-01
-1.446810215711593628e-01
4.313281923532485962e-02
1.258346736431121826e-01
-6.113745272159576416e-02
1.024477407336235046e-01
-3.311489149928092957e-02
1.180019751191139221e-01
-1.892766505479812622e-01
-6.342886388301849365e-02
1.288924813270568848e-01
3.151475265622138977e-02
6.779433041810989380e-02
-9.363908320665359497e-02
1.602689176797866821e-01
-1.364158093929290771e-01
-1.001290082931518555e-01
2.880199551582336426e-01
1.828443817794322968e-02
6.597686558961868286e-02
5.303047224879264832e-02
3.210287913680076599e-02
5.021692067384719849e-02
-1.853306889533996582e-01
9.216434508562088013e-02
