-2.777642905712127686e-01
-1.349129229784011841e-01
-1.788255274295806885e-01
-3.097012937068939209e-01
-2.612038552761077881e-01
-2.662696838378906250e-01
-4.436596930027008057e-01
-7.271773219108581543e-01
-3.205197155475616455e-01
-5.256194472312927246e-01
-6.187204122543334961e-01
-5.193325281143188477e-01
-4.740658700466156006e-01
-2.330410927534103394e-01
-2.845492959022521973e-01
-6.729843020439147949e-01
-3.145306706428527832e-01
-3.954633176326751709e-01
-2.704704403877258301e-01
-4.201872050762176514e-01
-6.349198818206787109e-01
-8.336324691772460938e-01
-3.022165596485137939e-01
-4.373970627784729004e-01
-5.231227278709411621e-01
-5.461342930793762207e-01
-4.428084492683410645e-01
-4.991348981857299805e-01
-3.498626351356506348e-01
-2.734147608280181885e-01
-3.221808373928070068e-01
-4.877239763736724854e-01
-6.698139905929565430e-01
-1.878002732992172241e-01
-1.065262109041213989e-01
-6.430956125259399414e-01
-4.664677083492279053e-01
-3.531772494316101074e-01
-3.191480040550231934e-01
-4.000377357006072998e-01
-3.407692015171051025e-01
-1.684723198413848877e-01
-6.022322773933410645e-01
-6.747376322746276855e-01
-4.060635864734649658e-01
-4.776149094104766846e-01
-5.051537752151489258e-01
-3.767668604850769043e-01
-5.225742459297180176e-01
-5.752342939376831055e-01
-4.313555657863616943e-01
-4.161167442798614502e-01
-1.496556401252746582e-01
-5.603325366973876953e-01
-2.425853759050369263e-01
-7.044908404350280762e-01
-5.794807672500610352e-01
-1.968398690223693848e-01
-5.264500379562377930e-01
-6.997637748718261719e-01
-3.427778482437133789e-01
-1.068482920527458191e-01
-5.023736357688903809e-01
-2.759730517864227295e-01
-3.924362063407897949e-01
-4.596931636333465576e-01
-3.347345292568206787e-01
-3.460098505020141602e-01
-7.381984591484069824e-01
-2.246986925601959229e-01
-7.176722288131713867e-01
-4.043406844139099121e-01
-4.938620030879974365e-01
-3.949311077594757080e-01
-2.949952781200408936e-01
-2.449413239955902100e-01
-4.261039793491363525e-01
-3.483708798885345459e-01
-3.529284521937370300e-02
-3.661729991436004639e-01
-3.910323381423950195e-01
-5.391941666603088379e-01
-2.916741073131561279e-01
-5.679165124893188477e-01
-2.701582312583923340e-01
-7.060454487800598145e-01
-5.235792994499206543e-01
-1.339604854583740234e-01
-4.460350573062896729e-01
-3.912731409072875977e-01
-2.102442532777786255e-01
-7.255775332450866699e-01
-3.867539465427398682e-01
-5.926414728164672852e-01
-6.966851949691772461e-01
-5.244816541671752930e-01
-5.790145397186279297e-01
-7.572665214538574219e-01
-4.328690171241760254e-01
-2.797185778617858887e-01
