-7.709203660488128662e-02
7.674524560570716858e-03
9.943936765193939209e-02
-6.348777562379837036e-02
1.334907561540603638e-01
5.194962769746780396e-02
-4.348983243107795715e-02
5.890680477023124695e-02
6.271310895681381226e-02
3.859043493866920471e-02
-1.187574490904808044e-01
-3.727200208231806755e-03
1.025698482990264893e-01
1.875641196966171265e-01
-6.516254972666501999e-03
9.496903419494628906e-02
4.862003028392791748e-02
-7.914549671113491058e-03
-7.609803974628448486e-02
1.346756815910339355e-01
1.328100115060806274e-01
-1.485694646835327148e-01
2.663358300924301147e-02
1.931300386786460876e-02
-8.514980971813201904e-02
-7.137078791856765747e-02
-1.125038862228393555e-01
-1.783153265714645386e-01
-1.927073299884796143e-02
2.219359725713729858e-01
6.156951934099197388e-02
1.651020604185760021e-03
2.987622097134590149e-02
-1.968624889850616455e-01
1.116072908043861389e-01
-9.035149961709976196e-02
-7.938386499881744385e-02
