-5.551381111145019531e-01
-3.112916946411132812e-01
-1.181958794593811035e+00
-7.589358687400817871e-01
-8.106337189674377441e-01
-4.304133057594299316e-01
-8.640587925910949707e-01
-4.014237821102142334e-01
-5.338715910911560059e-01
-7.258549928665161133e-01
-9.165020585060119629e-01
-6.800486445426940918e-01
-1.125457882881164551e+00
-7.248665690422058105e-01
-8.397296071052551270e-01
-5.327573418617248535e-01
-6.801762580871582031e-01
-8.034877181053161621e-01
-6.375525593757629395e-01
-9.742012619972229004e-01
-4.694232046604156494e-01
-3.793978393077850342e-01
-7.007722258567810059e-01
-3.352900743484497070e-01
-6.986883282661437988e-01
-5.452502965927124023e-01
-3.502819538116455078e-01
-5.758692026138305664e-01
-5.077248215675354004e-01
-6.308060884475708008e-01
-3.843806982040405273e-01
-3.937420248985290527e-01
-7.417643666267395020e-01
-5.685948729515075684e-01
-3.485840857028961182e-01
-4.788227677345275879e-01
-3.168573379516601562e-01
-4.277146756649017334e-01
-1.173522591590881348e+00
-9.599091857671737671e-02
-6.977304220199584961e-01
-8.243144750595092773e-01
-8.091074824333190918e-01
-3.711445033550262451e-01
-7.710456252098083496e-01
-5.164345502853393555e-01
-5.302334427833557129e-01
-6.240423321723937988e-01
-8.000664710998535156e-01
-9.223386645317077637e-01
-1.294991254806518555e+00
-2.904356420040130615e-01
-6.252091526985168457e-01
-9.427334070205688477e-01
-3.725524842739105225e-01
-9.547716975212097168e-01
-9.784269332885742188e-01
-6.637319922447204590e-01
-8.650592565536499023e-01
-4.509730637073516846e-01
-7.023189067840576172e-01
-4.513406753540039062e-01
-1.017781376838684082e+00
-1.050688266754150391e+00
-2.280032485723495483e-01
-4.152731895446777344e-01
-2.973017692565917969e-01
-6.276668310165405273e-01
-6.559165716171264648e-01
-2.347914278507232666e-01
-6.650514006614685059e-01
-4.140709340572357178e-01
-7.173275947570800781e-01
-4.451769292354583740e-01
-3.017562329769134521e-01
-9.207515716552734375e-01
-9.886839985847473145e-01
-6.758759617805480957e-01
-7.629266977310180664e-01
-4.937663674354553223e-01
-5.121445655822753906e-01
-6.776356101036071777e-01
-8.035162091255187988e-01
-5.148025751113891602e-01
-9.347924590110778809e-01
-1.009858012199401855e+00
-1.038030624389648438e+00
-6.848316192626953125e-01
-9.862338304519653320e-01
-7.534689903259277344e-01
-3.299731910228729248e-01
-9.665412902832031250e-01
-9.794217944145202637e-01
-4.034191370010375977e-01
-5.544122457504272461e-01
-4.881862103939056396e-01
-7.567828297615051270e-01
-6.491929292678833008e-01
-2.517808973789215088e-01
-4.487381279468536377e-01
