-1.766211912035942078e-02
1.699525117874145508e-01
1.358961164951324463e-01
-2.623574063181877136e-02
-6.969254463911056519e-02
2.152389585971832275e-01
-4.175793379545211792e-02
-1.893593966960906982e-01
5.499482620507478714e-03
1.417747586965560913e-01
-4.789894074201583862e-02
2.920716069638729095e-02
3.218913674354553223e-01
-7.653333991765975952e-02
1.216228827834129333e-01
-5.905753467231988907e-03
-5.942129716277122498e-02
9.908077120780944824e-02
1.612800210714340210e-01
-4.047813639044761658e-02
1.397312134504318237e-01
-3.004010394215583801e-02
1.307584941387176514e-01
-7.715873420238494873e-02
-8.400570601224899292e-02
1.993147730827331543e-01
2.319994419813156128e-01
7.617715746164321899e-02
4.295111075043678284e-02
6.574596464633941650e-02
6.913731247186660767e-02
-2.197409719228744507e-01
9.413674473762512207e-02
5.297840386629104614e-02
