-1.078433841466903687e-01
4.634848609566688538e-02
-1.297833323478698730e-01
1.162365525960922241e-01
-2.483952492475509644e-01
-1.346387416124343872e-01
3.320550546050071716e-02
-3.026232356205582619e-03
2.805222384631633759e-02
7.904099673032760620e-02
1.461745984852313995e-02
-2.299980968236923218e-01
7.937809824943542480e-02
1.900063455104827881e-02
-1.791901700198650360e-02
3.829565644264221191e-02
-1.342967897653579712e-01
1.920153647661209106e-01
2.227892279624938965e-01
1.040936633944511414e-01
-5.377828702330589294e-02
-2.946143224835395813e-02
-2.378516830503940582e-02
1.831577904522418976e-02
1.570381224155426025e-01
-2.159988880157470703e-01
1.263940036296844482e-01
-7.254786044359207153e-02
8.474758267402648926e-02
-1.682813651859760284e-02
-2.004170231521129608e-02
4.589787870645523071e-02
-9.243767708539962769e-02
-1.287659853696823120e-01
