-1.234820708632469177e-01
5.616394802927970886e-02
3.454560041427612305e-02
-4.629028961062431335e-03
-2.034908086061477661e-01
-2.503861486911773682e-01
6.840428709983825684e-02
-8.895401656627655029e-02
-9.576301276683807373e-02
2.243692874908447266e-01
-1.177521571516990662e-01
2.011048793792724609e-01
2.588364481925964355e-02
7.645836472511291504e-02
2.165822535753250122e-01
2.324375323951244354e-02
9.357361495494842529e-02
-8.848354965448379517e-02
2.104032933712005615e-01
-5.604033917188644409e-02
2.737769484519958496e-01
1.077351346611976624e-01
-1.274726837873458862e-01
7.573555409908294678e-02
3.364144265651702881e-02
-1.325627863407135010e-01
-1.435447633266448975e-01
-9.743279963731765747e-02
1.856867372989654541e-01
9.617937356233596802e-02
1.273719407618045807e-02
1.580144017934799194e-01
1.273146122694015503e-01
4.813778400421142578e-02
6.417281925678253174e-02
-1.090791001915931702e-01
1.891580820083618164e-01
8.509143441915512085e-02
