-6.587048172950744629e-01
-3.636119365692138672e-01
-3.653599619865417480e-01
-6.216979622840881348e-01
-7.840841412544250488e-01
-2.140844315290451050e-01
-6.181554794311523438e-01
-7.261151671409606934e-01
-6.056752204895019531e-01
-5.986987948417663574e-01
-1.052007079124450684e+00
-9.413095116615295410e-01
-7.098015546798706055e-01
-7.626886367797851562e-01
-7.230467796325683594e-01
-8.148585557937622070e-01
-1.121589183807373047e+00
-8.617962002754211426e-01
-9.211567044258117676e-01
-8.216462135314941406e-01
-8.795523643493652344e-01
-9.267797470092773438e-01
-9.056866765022277832e-01
-6.518530845642089844e-01
-8.488608598709106445e-01
-5.080162286758422852e-01
-4.856781363487243652e-01
-5.079305171966552734e-01
-4.667300879955291748e-01
-4.984853863716125488e-01
-4.140565097332000732e-01
-5.307042002677917480e-01
-8.730468153953552246e-01
-5.969241857528686523e-01
-7.747015357017517090e-01
-1.219639062881469727e+00
-1.090583562850952148e+00
-5.427269339561462402e-01
-3.353114724159240723e-01
-1.338783860206604004e+00
-6.139244437217712402e-01
-6.789735555648803711e-01
-6.226599216461181641e-01
-3.398521840572357178e-01
-1.735317707061767578e-01
-6.232479810714721680e-01
-9.198049306869506836e-01
-6.907806396484375000e-01
-1.021757841110229492e+00
-9.933381676673889160e-01
-6.616345047950744629e-01
-9.117749333381652832e-01
-9.130020141601562500e-01
-5.861399769783020020e-01
-8.776065707206726074e-01
-8.606998920440673828e-01
-6.226881742477416992e-01
-3.848526477813720703e-01
-5.166674256324768066e-01
-7.437100410461425781e-01
-7.436586022377014160e-01
-9.087752699851989746e-01
-5.397640466690063477e-01
-3.370677232742309570e-01
-5.826627612113952637e-01
-6.266892552375793457e-01
-6.469008922576904297e-01
-5.732515454292297363e-01
-5.386631488800048828e-01
-6.746931672096252441e-01
-7.995781302452087402e-01
-4.664939343929290771e-01
-5.832777619361877441e-01
-2.745648324489593506e-01
-6.142048239707946777e-01
-5.216020345687866211e-01
-6.226938366889953613e-01
-5.784462094306945801e-01
-8.994865417480468750e-01
-8.738116025924682617e-01
-9.287381172180175781e-01
-2.523421943187713623e-01
-9.514953494071960449e-01
-5.966641306877136230e-01
-3.081929981708526611e-01
-9.035577178001403809e-01
-6.073437333106994629e-01
-3.617867529392242432e-01
-8.366654515266418457e-01
-5.978690385818481445e-01
-7.422302365303039551e-01
-6.497342586517333984e-01
-1.108929440379142761e-01
-4.815837740898132324e-01
-6.725599169731140137e-01
-1.019128441810607910e+00
-5.598812103271484375e-01
-8.504697084426879883e-01
-1.837568432092666626e-01
-2.572095394134521484e-01
