-9.187608957290649414e-03
-1.361651569604873657e-01
3.010205365717411041e-02
5.146570969372987747e-03
6.060723587870597839e-02
-1.825049333274364471e-02
1.342054754495620728e-01
1.903241425752639771e-01
2.214060425758361816e-01
-2.550456300377845764e-02
-1.337953750044107437e-02
3.468567878007888794e-02
-1.415585074573755264e-02
9.168222546577453613e-02
-5.464369431138038635e-02
8.152852952480316162e-02
-8.155723661184310913e-02
-4.048345610499382019e-02
-3.352981060743331909e-02
1.965008825063705444e-01
8.969578891992568970e-02
8.654822409152984619e-02
-6.257501989603042603e-02
2.193529903888702393e-02
9.122345596551895142e-02
1.189939752221107483e-01
-6.661081314086914062e-02
-1.056676059961318970e-01
-1.098964549601078033e-02
7.708954811096191406e-02
8.922590315341949463e-02
8.557721227407455444e-02
-1.457870379090309143e-02
-1.864489465951919556e-01
-1.148751378059387207e-02
-5.510002374649047852e-02
5.168255791068077087e-02
9.158815443515777588e-02
