-7.031224966049194336e-01
-7.431159615516662598e-01
-5.770370364189147949e-01
-3.676554262638092041e-01
-9.443103671073913574e-01
-7.880442142486572266e-01
-7.281056046485900879e-01
-8.458030819892883301e-01
-1.004526376724243164e+00
-7.485171556472778320e-01
-7.328609228134155273e-01
-4.835429489612579346e-01
-4.518612027168273926e-01
-1.003098964691162109e+00
-4.301446378231048584e-01
-8.693873882293701172e-01
-5.447592139244079590e-01
-3.546236753463745117e-01
-1.100778579711914062e+00
-6.839351058006286621e-01
-3.534093201160430908e-01
-5.871925354003906250e-01
-5.339016318321228027e-01
-4.874428212642669678e-01
-8.386451005935668945e-01
-8.704994916915893555e-01
-6.105125546455383301e-01
-7.345097064971923828e-01
-6.402507424354553223e-01
-6.506695747375488281e-01
-1.054252505302429199e+00
-9.415106773376464844e-01
-4.462223052978515625e-01
-2.801437079906463623e-01
-2.395490109920501709e-01
-6.308174133300781250e-01
-3.960685431957244873e-01
-7.441565990447998047e-01
-4.904651641845703125e-01
-6.942597627639770508e-01
-9.627994298934936523e-01
-1.396394968032836914e-01
-2.288026958703994751e-01
-6.718494296073913574e-01
-7.524087429046630859e-01
-3.094452321529388428e-01
-4.988186657428741455e-01
-7.064087986946105957e-01
-6.763001084327697754e-01
-5.421235561370849609e-01
-3.875419497489929199e-01
-8.631171584129333496e-01
-3.667251765727996826e-01
-5.403227806091308594e-01
-7.546125054359436035e-01
-4.719855189323425293e-01
-2.036985158920288086e-01
-5.745213031768798828e-01
-7.077558636665344238e-01
-8.635164499282836914e-01
-4.782795310020446777e-01
-1.100897312164306641e+00
-4.003472328186035156e-01
-6.636337041854858398e-01
-6.607665419578552246e-01
-8.649141788482666016e-01
-9.042918086051940918e-01
-3.920053541660308838e-01
-7.758989930152893066e-01
-3.381980657577514648e-01
-6.267699003219604492e-01
-4.186806380748748779e-01
-4.360433518886566162e-01
-5.038385987281799316e-01
-1.023881912231445312e+00
-6.935897469520568848e-01
-5.009884834289550781e-01
-7.112329006195068359e-01
-7.361963391304016113e-01
-2.304851710796356201e-01
-1.020599603652954102e+00
-3.700507283210754395e-01
-4.079767167568206787e-01
-4.512113332748413086e-01
-6.794865131378173828e-01
-6.738381981849670410e-01
-4.445869624614715576e-01
-7.164800763130187988e-01
-4.294347763061523438e-01
-9.009792208671569824e-01
-8.040508031845092773e-01
-4.587487280368804932e-01
-6.540409922599792480e-01
-2.095939815044403076e-01
-7.203990221023559570e-01
-7.397805452346801758e-01
-2.718418240547180176e-01
-6.978175640106201172e-01
-4.529347419738769531e-01
-3.813519775867462158e-01
