-4.391525685787200928e-01
-4.911932945251464844e-01
-1.017939075827598572e-01
-3.866309225559234619e-01
-6.357376575469970703e-01
-8.773172497749328613e-01
-6.065172553062438965e-01
-5.178437232971191406e-01
-7.946479320526123047e-01
-6.741842031478881836e-01
-7.176754474639892578e-01
-8.840676546096801758e-01
-6.545541286468505859e-01
-4.527702927589416504e-01
-7.230136990547180176e-01
-6.639203429222106934e-01
-7.149984836578369141e-01
-7.975953817367553711e-01
-7.763576507568359375e-01
-6.655420660972595215e-01
-1.005919456481933594e+00
-5.554181337356567383e-01
-5.515972375869750977e-01
-4.028539955615997314e-01
-4.389995932579040527e-01
-9.072807431221008301e-01
-1.741415411233901978e-01
-1.786923706531524658e-01
-8.053163290023803711e-01
-7.681984901428222656e-01
-6.627327799797058105e-01
-4.865008294582366943e-01
-3.991710245609283447e-01
-4.004662632942199707e-01
-8.109003901481628418e-01
-2.791891098022460938e-01
-2.897704541683197021e-01
-7.999441623687744141e-01
-7.662807703018188477e-01
-9.374693036079406738e-01
-7.189344763755798340e-01
-3.721464276313781738e-01
-9.814522266387939453e-01
-1.024914264678955078e+00
-8.792139887809753418e-01
-5.965737104415893555e-01
-6.932371854782104492e-01
-5.377566814422607422e-01
-4.295782148838043213e-01
-6.168450117111206055e-01
-5.091305971145629883e-01
-7.404240965843200684e-01
-5.394123196601867676e-01
-9.059645533561706543e-01
-6.460397839546203613e-01
-9.906342625617980957e-01
-8.502340316772460938e-01
-9.221535921096801758e-01
-6.436057686805725098e-01
-6.825166344642639160e-01
-4.789565205574035645e-01
-8.671786189079284668e-01
-8.078413009643554688e-01
-7.393360137939453125e-01
-6.473466753959655762e-02
-7.003613114356994629e-01
-5.818079710006713867e-01
-5.766322016716003418e-01
-7.483727931976318359e-01
-6.671054959297180176e-01
-7.333203554153442383e-01
-6.753826141357421875e-01
-7.564845681190490723e-01
-6.715339422225952148e-01
-4.579779505729675293e-01
-8.046452999114990234e-01
-6.613746881484985352e-01
-7.850688695907592773e-01
-8.530685901641845703e-01
-9.473659396171569824e-01
-5.130442976951599121e-01
-7.003198266029357910e-01
-6.991633772850036621e-01
-5.228974223136901855e-01
-5.519397258758544922e-01
-5.016818642616271973e-01
-5.655907392501831055e-01
-2.606602013111114502e-01
-9.061825871467590332e-01
-8.995073437690734863e-01
-1.014385938644409180e+00
-7.681177258491516113e-01
-6.663607954978942871e-01
-1.090571284294128418e-01
-1.046693086624145508e+00
-5.254874825477600098e-01
-4.927777051925659180e-01
-5.927813053131103516e-01
-6.233918070793151855e-01
-8.589038252830505371e-01
