-3.933407962322235107e-01
-6.848896145820617676e-01
-3.166406750679016113e-01
-6.704174876213073730e-01
-5.122572183609008789e-01
-7.547017931938171387e-01
-3.940656781196594238e-01
-5.847570300102233887e-01
-3.336183130741119385e-01
-5.342748761177062988e-01
-5.348442196846008301e-01
-2.247885167598724365e-01
-2.479180395603179932e-01
-6.562899947166442871e-01
-4.578680098056793213e-01
-1.987153589725494385e-01
-2.804005742073059082e-01
-4.449032843112945557e-01
-5.719161033630371094e-01
-3.642964065074920654e-01
-6.031438112258911133e-01
-6.362510919570922852e-01
-7.732353210449218750e-01
-4.127830564975738525e-01
-2.335831969976425171e-01
-2.082540094852447510e-01
-5.396193265914916992e-01
-4.338812828063964844e-01
-7.500227093696594238e-01
-6.954358816146850586e-01
-7.897926568984985352e-01
-5.311287045478820801e-01
-6.359379291534423828e-01
-2.712418138980865479e-01
-2.728643417358398438e-01
-4.192942678928375244e-01
-7.492439746856689453e-01
-3.129028379917144775e-01
-6.657935380935668945e-01
-2.831834554672241211e-01
-4.579949676990509033e-01
-6.336510777473449707e-01
-5.538841485977172852e-01
-6.731426119804382324e-01
-4.654434919357299805e-01
-9.049278497695922852e-01
-7.566803097724914551e-01
-4.878059625625610352e-01
-1.812959164381027222e-01
-2.425670996308326721e-02
-8.344032168388366699e-01
-4.477953314781188965e-01
-5.319541096687316895e-01
-4.439037740230560303e-01
-3.567717671394348145e-01
-4.028001427650451660e-01
-6.350822448730468750e-01
-7.458807826042175293e-01
-7.654370665550231934e-01
-2.096516638994216919e-01
-7.195825576782226562e-01
-7.755056023597717285e-01
-2.852577269077301025e-01
-5.006166696548461914e-01
-8.198534250259399414e-01
-6.440609693527221680e-01
-4.714661240577697754e-01
-3.766409754753112793e-01
-5.990119576454162598e-01
-7.011045217514038086e-01
-4.412274658679962158e-01
-2.892359495162963867e-01
-4.654560387134552002e-01
-4.386944174766540527e-01
-7.622266411781311035e-01
-2.206006795167922974e-01
-4.725344777107238770e-01
-9.033589959144592285e-01
-8.821738362312316895e-01
-8.395694494247436523e-01
-5.622488856315612793e-01
-4.600363671779632568e-01
-4.187390208244323730e-01
-4.647164642810821533e-01
-5.900135040283203125e-01
-2.980786263942718506e-01
-7.038299441337585449e-01
-6.635802984237670898e-01
-6.841936707496643066e-01
-5.686402320861816406e-01
-9.828170537948608398e-01
-7.247619032859802246e-01
-6.269997358322143555e-01
-6.987888216972351074e-01
-7.676421403884887695e-01
-6.563442945480346680e-01
-7.884235978126525879e-01
-7.662491202354431152e-01
-5.206608772277832031e-01
-5.829099416732788086e-01
