-3.294358728453516960e-03
1.159092858433723450e-01
9.763577580451965332e-02
-3.310219570994377136e-02
-4.313415661454200745e-02
-1.334707140922546387e-01
-5.172431841492652893e-02
9.937589615583419800e-02
4.506136104464530945e-02
1.066703274846076965e-01
-1.747510880231857300e-01
3.598059341311454773e-02
1.824912987649440765e-02
-1.415152549743652344e-01
-3.554142639040946960e-02
-5.922772735357284546e-02
1.219536960124969482e-01
3.790008276700973511e-02
-9.283626079559326172e-02
1.252477467060089111e-01
1.813908517360687256e-01
6.292574107646942139e-02
-2.630663290619850159e-02
-2.382433786988258362e-02
9.057839401066303253e-03
-8.700258284807205200e-02
1.959481835365295410e-01
-1.935657560825347900e-01
6.740958988666534424e-02
1.078692972660064697e-01
1.561835110187530518e-01
4.655351862311363220e-02
1.207349523901939392e-01
7.272548973560333252e-02
-9.282584488391876221e-02
-6.310546398162841797e-02
