1.866319328546524048e-01
-1.204447969794273376e-01
6.134958192706108093e-02
-3.023955821990966797e-01
-3.291550874710083008e-01
6.533425301313400269e-02
4.301880300045013428e-02
-3.033495740965008736e-03
1.119061484932899475e-01
-2.770176902413368225e-02
9.565328061580657959e-02
1.133927851915359497e-01
-1.020970493555068970e-01
-1.183395758271217346e-01
7.294677942991256714e-02
2.040452957153320312e-01
3.736535832285881042e-02
1.144993528723716736e-01
-3.745912341400980949e-03
-2.477273344993591309e-01
-2.279550135135650635e-01
-2.471629381179809570e-01
3.632086142897605896e-02
9.817647188901901245e-02
8.338016271591186523e-02
-1.038752943277359009e-01
-3.548867534846067429e-03
1.053979918360710144e-01
1.979553252458572388e-01
-1.387292239814996719e-02
1.034281700849533081e-01
2.538199536502361298e-02
5.907024815678596497e-02
1.185047999024391174e-01
1.571284234523773193e-01
-2.223887667059898376e-02
5.930684134364128113e-02
1.920337826013565063e-01
