-5.614508986473083496e-01
-5.475143790245056152e-01
-8.495585322380065918e-01
-7.559143304824829102e-01
-6.952134370803833008e-01
-6.291840672492980957e-01
-6.632832884788513184e-01
-8.848733901977539062e-01
-4.498555660247802734e-01
-4.721287786960601807e-01
-7.082312107086181641e-01
-7.121202349662780762e-01
-6.549357771873474121e-01
-5.598859786987304688e-01
-5.676327943801879883e-01
-7.251574993133544922e-01
-8.569712042808532715e-01
-6.767705082893371582e-01
-9.329885244369506836e-01
-6.615602970123291016e-01
-5.168582201004028320e-01
-7.161239981651306152e-01
-4.014848172664642334e-01
-4.789271950721740723e-01
-1.035767793655395508e+00
-1.885522753000259399e-01
-6.301267743110656738e-01
-8.272926211357116699e-01
-8.730454444885253906e-01
-7.687088251113891602e-01
-5.793935060501098633e-01
-5.735247135162353516e-01
-1.025622963905334473e+00
-4.384587705135345459e-01
-8.455090522766113281e-01
-6.228265762329101562e-01
-5.736424922943115234e-01
-9.362571835517883301e-01
-8.311157226562500000e-01
-7.929967045783996582e-01
-4.965403974056243896e-01
-9.023964405059814453e-01
-8.531699180603027344e-01
-4.829958677291870117e-01
-1.123778343200683594e+00
-6.614356637001037598e-01
-2.645902931690216064e-01
-3.608722388744354248e-01
-6.506572961807250977e-01
-5.377887487411499023e-01
-6.483713984489440918e-01
-6.665403246879577637e-01
-5.724359154701232910e-01
-4.279772043228149414e-01
-4.178298413753509521e-01
-7.779567837715148926e-01
-2.422216087579727173e-01
-7.575972080230712891e-01
-6.151213049888610840e-01
-3.748107254505157471e-01
-5.613411664962768555e-01
-6.261590719223022461e-01
-5.426658391952514648e-01
-9.111636877059936523e-01
-2.734188139438629150e-01
-6.610790491104125977e-01
-8.180086612701416016e-01
-6.130852699279785156e-01
-5.419737100601196289e-01
-4.900072813034057617e-01
-7.919942140579223633e-01
-1.095417976379394531e+00
-6.863930821418762207e-01
-6.082382202148437500e-01
-7.183390259742736816e-01
-7.518138885498046875e-01
-7.685584425926208496e-01
-9.836788773536682129e-01
-6.389698386192321777e-01
-7.386428713798522949e-01
-4.039415419101715088e-01
-7.010222673416137695e-01
-1.834550052881240845e-01
-8.409490585327148438e-01
-9.625073671340942383e-01
-7.776378989219665527e-01
-5.396117568016052246e-01
-6.542631387710571289e-01
-1.004233360290527344e+00
-8.284175992012023926e-01
-8.290748000144958496e-01
-5.761143565177917480e-01
-8.402419090270996094e-01
-5.979401469230651855e-01
-9.369332194328308105e-01
-6.839592456817626953e-01
-6.815217733383178711e-01
-6.613624691963195801e-01
-2.147462069988250732e-01
-1.965997219085693359e-01
