2.787609957158565521e-02
1.763925403356552124e-01
-1.666646003723144531e-01
-7.387988269329071045e-02
-3.911106847226619720e-03
-1.253811717033386230e-01
7.171152532100677490e-02
-4.095257609151303768e-04
-1.993659585714340210e-01
1.272036284208297729e-01
-5.895924195647239685e-02
-9.786128997802734375e-03
-1.569146811962127686e-01
-1.610580384731292725e-01
2.272976562380790710e-02
-7.038595154881477356e-03
3.497274219989776611e-01
6.973060965538024902e-02
-3.167355954647064209e-01
1.296167522668838501e-01
7.468773424625396729e-02
-3.309807553887367249e-02
9.457199275493621826e-02
1.425676345825195312e-01
-3.855622559785842896e-02
-1.060032770037651062e-01
-5.114424228668212891e-02
-8.336223661899566650e-02
1.921056210994720459e-01
-2.245618402957916260e-01
-7.652308326214551926e-03
-3.346308600157499313e-03
6.429079174995422363e-02
1.608016639947891235e-01
