-8.032342195510864258e-01
-5.214547514915466309e-01
-3.396697342395782471e-01
-6.181885600090026855e-01
-5.398995280265808105e-01
-6.353601813316345215e-01
-7.792785763740539551e-01
-6.808120012283325195e-01
-4.468123912811279297e-01
-5.412335395812988281e-01
-7.713381648063659668e-01
-1.903439164161682129e-01
-5.670633316040039062e-01
-1.361693143844604492e-01
-5.178251862525939941e-01
-7.542318701744079590e-01
-5.844598412513732910e-01
-6.530579328536987305e-01
-4.592301547527313232e-01
-7.425505518913269043e-01
-7.275673747062683105e-01
-3.515414297580718994e-01
-6.088104248046875000e-01
-5.495017170906066895e-01
-5.006012916564941406e-01
-8.722567558288574219e-01
-2.136302441358566284e-01
-2.659921646118164062e-01
-4.230768084526062012e-01
-6.294788718223571777e-01
-6.538682579994201660e-01
-6.104632616043090820e-01
-2.066409438848495483e-01
-5.555768013000488281e-01
-8.373268842697143555e-01
-8.090878725051879883e-01
-8.092465400695800781e-01
-7.110745310783386230e-01
-6.041087508201599121e-01
-5.861459374427795410e-01
-6.772873997688293457e-01
-5.610954165458679199e-01
-1.360089033842086792e-01
-3.783203065395355225e-01
-7.891442179679870605e-01
-8.013517260551452637e-01
-6.906878352165222168e-01
-8.288174867630004883e-01
-5.734765529632568359e-01
-3.138540685176849365e-01
-6.909869909286499023e-01
-7.285457253456115723e-01
-4.680423438549041748e-01
-4.929888248443603516e-01
-7.810301184654235840e-01
-9.940743446350097656e-01
-8.973587751388549805e-01
-4.725160896778106689e-01
-6.668353080749511719e-01
-6.494363546371459961e-01
-8.105319738388061523e-01
-1.239501461386680603e-01
-4.911572635173797607e-01
-5.719810724258422852e-01
-4.683768451213836670e-01
-3.905277252197265625e-01
-8.600834608078002930e-01
-2.398795336484909058e-01
-5.001560449600219727e-01
-3.793377578258514404e-01
-3.735420107841491699e-01
-7.886748909950256348e-01
-5.094205141067504883e-01
-7.124429345130920410e-01
-7.007220387458801270e-01
-4.526095390319824219e-01
-5.070661306381225586e-01
-7.745233774185180664e-01
-7.745212912559509277e-01
-7.082081437110900879e-01
-5.838519930839538574e-01
-5.629239678382873535e-01
-5.822780132293701172e-01
-4.809018671512603760e-01
-3.010843396186828613e-01
-5.829297304153442383e-01
-9.531308412551879883e-01
-7.806616425514221191e-01
-6.072468757629394531e-01
-5.021196007728576660e-01
-4.418880939483642578e-01
-8.764350414276123047e-01
-4.256841242313385010e-01
-3.006471693515777588e-01
-4.030946493148803711e-01
-8.602970242500305176e-01
-6.867633461952209473e-01
-4.336627721786499023e-01
-7.687097191810607910e-01
-4.923275411128997803e-01
