-4.030497968196868896e-01
-4.422680437564849854e-01
-3.585320711135864258e-01
-5.069559216499328613e-01
-3.540744781494140625e-01
-3.928205072879791260e-01
-6.173757910728454590e-01
-4.181343019008636475e-01
-8.139928579330444336e-01
-3.011391758918762207e-01
-6.089951395988464355e-01
-6.250568628311157227e-01
-1.838684082031250000e-01
-2.027579843997955322e-01
-4.502823054790496826e-01
-7.179539203643798828e-01
-4.154495894908905029e-01
-5.440280437469482422e-01
-6.307672858238220215e-01
-5.411498546600341797e-01
-7.488393783569335938e-01
-7.042763829231262207e-01
-8.335403800010681152e-01
-3.137326538562774658e-01
-3.347053825855255127e-01
-2.242439538240432739e-01
-2.418559193611145020e-01
-3.011947870254516602e-01
-7.444451451301574707e-01
-6.505634784698486328e-01
-7.935992479324340820e-01
-4.664634466171264648e-01
-5.551797151565551758e-01
-8.586572408676147461e-01
-5.075178146362304688e-01
-5.816309452056884766e-01
-8.242577314376831055e-01
-3.632282912731170654e-01
-5.423065423965454102e-01
-5.565804839134216309e-01
-5.524994730949401855e-01
-7.871845364570617676e-01
-6.903024911880493164e-01
-6.198202371597290039e-01
-4.045691788196563721e-01
-2.164678126573562622e-01
-5.741166472434997559e-01
-5.814597010612487793e-01
-7.557051777839660645e-01
-3.977571129798889160e-01
-6.033862829208374023e-01
-6.618772745132446289e-01
-9.165673255920410156e-01
-3.977240025997161865e-01
-6.015511751174926758e-01
-6.239345073699951172e-01
-5.608802437782287598e-01
-5.909851193428039551e-01
-6.013965606689453125e-01
-4.859175384044647217e-01
-7.111892700195312500e-01
-2.534546256065368652e-01
-7.108157277107238770e-01
-5.334707498550415039e-01
-1.718606650829315186e-01
-3.900594711303710938e-01
-7.641446590423583984e-01
-9.124890714883804321e-02
-5.824481248855590820e-01
-3.816791772842407227e-01
-3.789764642715454102e-01
-6.834064722061157227e-01
-5.515110492706298828e-01
-3.985944688320159912e-01
-5.080344080924987793e-01
-5.415834784507751465e-01
-2.779634296894073486e-01
-4.774677157402038574e-01
-6.930966973304748535e-01
-3.731648623943328857e-01
-4.232372641563415527e-01
-4.070860445499420166e-01
-5.852766633033752441e-01
-8.876101970672607422e-01
-6.801025867462158203e-01
-8.816086649894714355e-01
-1.038225889205932617e+00
-7.512961626052856445e-01
-5.531163215637207031e-01
-7.020775675773620605e-01
-6.472308635711669922e-01
-5.330752730369567871e-01
-7.151868939399719238e-01
-1.896145343780517578e-01
-7.877968549728393555e-01
-4.617712795734405518e-01
-5.943520069122314453e-01
-5.069701075553894043e-01
-5.073189139366149902e-01
-5.217410922050476074e-01
