-2.862764894962310791e-01
-9.547271728515625000e-01
-2.898870706558227539e-01
-7.570047974586486816e-01
-5.278162956237792969e-01
-9.581798315048217773e-01
-9.927054643630981445e-01
-3.647708296775817871e-01
-4.162828922271728516e-01
-6.366743445396423340e-01
-4.410857260227203369e-01
-5.782205462455749512e-01
-3.489246964454650879e-01
-4.904592335224151611e-01
-7.127064466476440430e-01
-6.499437689781188965e-01
-6.564810872077941895e-01
-6.195558309555053711e-01
-5.924087166786193848e-01
-6.701101064682006836e-01
-4.628544151782989502e-01
-5.420153737068176270e-01
-3.840288519859313965e-01
-5.812401175498962402e-01
-7.352721095085144043e-01
-5.856660008430480957e-01
-3.005851209163665771e-01
-4.197134375572204590e-01
-2.938070893287658691e-01
-3.263124525547027588e-01
-4.870902895927429199e-01
-3.228287398815155029e-01
-8.507992029190063477e-01
-5.114259123802185059e-01
-6.209837198257446289e-01
-5.795587897300720215e-01
-7.242451906204223633e-01
-5.750067830085754395e-01
-7.029371261596679688e-01
-7.802872061729431152e-01
-7.366133332252502441e-01
-6.472110152244567871e-01
-5.371459126472473145e-01
-7.214761972427368164e-01
-7.412916421890258789e-01
-4.441479444503784180e-01
-7.510073781013488770e-01
-8.254896402359008789e-01
-5.183779001235961914e-01
-1.064500808715820312e+00
-5.338954925537109375e-01
-1.037344574928283691e+00
-6.330381631851196289e-01
-4.812175035476684570e-01
-4.276278018951416016e-01
-5.165716409683227539e-01
-6.492730975151062012e-01
-9.389995336532592773e-01
-5.117036104202270508e-01
-7.959216833114624023e-01
-4.183199703693389893e-01
-8.201099634170532227e-01
-4.702406525611877441e-01
-5.556629896163940430e-01
-5.205031037330627441e-01
-3.543329238891601562e-01
-6.520046591758728027e-01
-2.398469299077987671e-01
-5.622455477714538574e-01
-5.122257471084594727e-01
-7.656322121620178223e-01
-5.205307602882385254e-01
-7.753924727439880371e-01
-4.855006337165832520e-01
-8.667787909507751465e-01
-6.624221205711364746e-01
-5.976436734199523926e-01
-5.414323806762695312e-01
-5.981163978576660156e-01
-7.978841066360473633e-01
-7.108814716339111328e-01
-4.979225993156433105e-02
-1.039459347724914551e+00
-7.198904752731323242e-01
-3.242860734462738037e-01
-6.454389095306396484e-01
1.046878695487976074e-01
-3.683737814426422119e-01
-7.831103801727294922e-01
-3.519362807273864746e-01
-5.081920623779296875e-01
-1.154312014579772949e+00
-5.698402523994445801e-01
-5.351300239562988281e-01
-2.844316661357879639e-01
-8.309035301208496094e-01
-6.106152534484863281e-01
-7.107917070388793945e-01
-1.695358306169509888e-01
-5.778414011001586914e-01
