2.185942828655242920e-01
9.577710926532745361e-02
-1.662125140428543091e-01
7.956987246870994568e-04
-6.856559216976165771e-02
3.130941092967987061e-02
-1.098935604095458984e-01
-1.505395472049713135e-01
3.007517196238040924e-02
9.663771092891693115e-02
2.561361491680145264e-01
2.930385470390319824e-01
7.693774253129959106e-02
7.893531583249568939e-03
7.497967034578323364e-02
-1.235671415925025940e-01
6.236013025045394897e-03
-5.973217636346817017e-02
1.387506374157965183e-03
-7.768023759126663208e-02
-1.646896898746490479e-01
-2.174126356840133667e-01
2.615040540695190430e-02
-9.123724699020385742e-02
-1.313608288764953613e-01
6.800659745931625366e-02
-1.195555254817008972e-01
1.422385871410369873e-01
-9.790358692407608032e-02
7.073482871055603027e-02
-9.678183495998382568e-02
1.962307542562484741e-01
1.380520164966583252e-01
-5.145662277936935425e-02
-2.798222005367279053e-02
-1.635963469743728638e-02
