-4.231625050306320190e-02
-9.614617377519607544e-02
-5.085248127579689026e-02
-9.797765314579010010e-02
-1.062082275748252869e-01
3.886685892939567566e-02
-2.771006338298320770e-02
-2.743249759078025818e-02
1.228830665349960327e-01
2.196229994297027588e-01
8.601015806198120117e-02
1.761609464883804321e-01
3.751533925533294678e-01
-2.952412143349647522e-02
8.531491458415985107e-02
-2.084298990666866302e-02
-5.706776306033134460e-02
3.246582746505737305e-01
-1.058327034115791321e-01
2.608092725276947021e-01
9.212795644998550415e-02
1.572985202074050903e-01
-4.453058354556560516e-03
-3.576302900910377502e-02
7.242873311042785645e-02
-6.759281456470489502e-02
-1.533438861370086670e-01
1.269482262432575226e-02
1.400801241397857666e-01
5.053268373012542725e-02
1.875183135271072388e-01
-1.180090159177780151e-01
-2.738235751166939735e-03
2.083933539688587189e-02
5.330190435051918030e-02
2.724808156490325928e-01
