-7.567847520112991333e-02
-1.423209458589553833e-01
-7.000041753053665161e-02
7.934889197349548340e-02
-1.073702052235603333e-01
-6.697290390729904175e-02
6.025053188204765320e-02
4.708264395594596863e-02
-9.066154062747955322e-02
-8.936932682991027832e-02
-3.505868837237358093e-02
-1.965413540601730347e-01
-2.527196705341339111e-02
-2.820195071399211884e-02
7.255993783473968506e-02
2.218695431947708130e-01
6.182003766298294067e-02
7.350767031311988831e-03
1.507620513439178467e-01
2.142363227903842926e-02
-9.479334205389022827e-02
-2.560827434062957764e-01
-8.183862082660198212e-04
1.784991822205483913e-03
-8.947822265326976776e-03
7.329829782247543335e-02
-1.061024069786071777e-01
-7.955729961395263672e-02
1.248359233140945435e-01
9.914248436689376831e-02
1.843318939208984375e-01
-6.170303374528884888e-02
2.306078746914863586e-02
-1.511948257684707642e-01
-3.345417231321334839e-02
