-6.001697778701782227e-01
-7.005124688148498535e-01
-1.903729438781738281e-01
-3.784026801586151123e-01
-4.735142886638641357e-01
-9.352369606494903564e-02
-8.339658379554748535e-01
-6.794359087944030762e-01
-3.860868215560913086e-01
-6.973025798797607422e-01
-5.373114943504333496e-01
-5.650480985641479492e-01
-5.230839848518371582e-01
-3.195236921310424805e-01
-5.511879920959472656e-01
-2.988033294677734375e-01
-2.780469954013824463e-01
-6.956343650817871094e-01
-4.484964311122894287e-01
-3.256742656230926514e-01
-5.633659958839416504e-01
-3.094694614410400391e-01
-4.443961381912231445e-01
-3.477213084697723389e-01
-3.157645463943481445e-01
-6.119714379310607910e-01
-5.212011337280273438e-01
-1.049415469169616699e-01
-5.236090421676635742e-01
-4.334855377674102783e-01
-5.482850670814514160e-01
-3.799808919429779053e-01
-4.221704900264739990e-01
-2.326000779867172241e-01
-4.428192675113677979e-01
-4.907742142677307129e-01
-5.962764024734497070e-01
-1.987973302602767944e-01
-2.042721211910247803e-01
-3.340887129306793213e-01
-6.473377943038940430e-01
-2.321279197931289673e-01
-5.949727892875671387e-01
-2.578730285167694092e-01
-4.787248671054840088e-01
-3.634647130966186523e-01
-3.558171987533569336e-01
-2.358195185661315918e-01
-6.700199246406555176e-01
-3.663614690303802490e-01
-5.042955875396728516e-01
-5.255357027053833008e-01
-3.334765434265136719e-01
-4.820462167263031006e-01
-5.081047415733337402e-01
-3.079630136489868164e-01
-5.502402186393737793e-01
-5.388055443763732910e-01
-4.722983539104461670e-01
-6.571641564369201660e-01
-7.550275325775146484e-01
-6.423861980438232422e-01
-4.608087539672851562e-01
-4.506096243858337402e-01
-6.687747240066528320e-01
-3.870688080787658691e-01
-2.414799630641937256e-01
-5.550692677497863770e-01
-6.039680838584899902e-01
-7.475066184997558594e-01
-5.467075705528259277e-01
-7.264047265052795410e-01
-6.495090126991271973e-01
-4.378568530082702637e-01
-2.015722244977951050e-01
-2.916082143783569336e-01
-7.706258296966552734e-01
-7.867740392684936523e-01
-2.812872529029846191e-01
-7.062954902648925781e-01
-4.666594862937927246e-01
-5.107803940773010254e-01
-4.689060747623443604e-01
-2.026829570531845093e-01
-3.625503778457641602e-01
-4.873057603836059570e-01
-1.276445537805557251e-01
-4.609045386314392090e-01
-5.202352404594421387e-01
-3.222633004188537598e-01
-6.014922261238098145e-01
-4.249867200851440430e-01
-4.293057918548583984e-01
-4.937462210655212402e-01
-6.951789855957031250e-01
-7.251543402671813965e-01
-4.257369339466094971e-01
-5.509871244430541992e-01
-7.242875099182128906e-01
-1.776857525110244751e-01
