9.045979380607604980e-02
-1.564817130565643311e-02
6.667906045913696289e-02
-2.424240484833717346e-02
-2.303092554211616516e-02
4.262129589915275574e-02
6.294710934162139893e-02
1.913444399833679199e-01
-2.136165089905261993e-02
1.330742239952087402e-01
-2.854173444211483002e-02
3.064149990677833557e-02
7.959279417991638184e-02
-2.596094086766242981e-02
6.926964968442916870e-02
1.717683859169483185e-02
-5.658856406807899475e-02
-1.164225190877914429e-01
5.642957054078578949e-03
2.491391822695732117e-02
9.113807976245880127e-02
8.399541676044464111e-02
1.212422922253608704e-01
-5.285725928843021393e-03
6.138859316706657410e-02
2.196668684482574463e-01
1.465178281068801880e-01
-2.693082019686698914e-02
1.524572819471359253e-01
-7.830033451318740845e-02
4.105911031365394592e-02
1.747654527425765991e-01
1.828512996435165405e-01
1.696465760469436646e-01
-2.226050710305571556e-03
6.172935478389263153e-03
-1.962091475725173950e-01
-8.869766443967819214e-02
2.894557267427444458e-02
