6.129797920584678650e-02
8.160644769668579102e-02
-6.621173024177551270e-02
-1.348014026880264282e-01
1.062276214361190796e-01
1.413057297468185425e-01
-1.575195789337158203e-01
-1.589027047157287598e-02
-6.721334159374237061e-02
-3.749458119273185730e-02
1.407368332147598267e-01
8.367324620485305786e-02
1.150040477514266968e-01
1.421500593423843384e-01
8.498015999794006348e-02
1.615663915872573853e-01
-1.031780149787664413e-02
2.484698593616485596e-01
-8.653167635202407837e-02
5.724195763468742371e-02
-3.973106667399406433e-02
4.886095598340034485e-02
1.084641665220260620e-01
1.644626110792160034e-01
-3.525572270154953003e-02
1.271547228097915649e-01
1.736600399017333984e-01
6.602162122726440430e-02
7.714825123548507690e-02
1.941106915473937988e-01
-2.414738088846206665e-01
-4.251959919929504395e-02
1.127283126115798950e-01
-4.007655754685401917e-02
1.095872893929481506e-01
8.987981826066970825e-02
-1.342743486166000366e-01
-6.597316358238458633e-03
