-5.416161417961120605e-01
-6.449643969535827637e-01
-5.355095267295837402e-01
-5.285529494285583496e-01
-3.761164844036102295e-01
-1.721697598695755005e-01
-7.696335911750793457e-01
-6.052950620651245117e-01
-3.786279559135437012e-01
-1.350290775299072266e-01
-5.213599801063537598e-01
-5.674713850021362305e-01
-4.879290163516998291e-01
-4.073832333087921143e-01
-4.887588620185852051e-01
9.589146077632904053e-02
-3.935771882534027100e-01
-3.185843825340270996e-01
-6.438866257667541504e-01
-4.009806811809539795e-01
-9.083163738250732422e-01
-3.940103650093078613e-01
-6.032062768936157227e-01
-2.759906947612762451e-01
-4.524397253990173340e-01
-5.043943524360656738e-01
-5.762201547622680664e-01
-4.832443594932556152e-01
-4.461247026920318604e-01
-7.285555005073547363e-01
-2.362016588449478149e-01
-5.650417804718017578e-01
-3.361716866493225098e-01
-5.915688872337341309e-01
-4.366905391216278076e-01
-4.836588203907012939e-01
-5.452381968498229980e-01
-2.499340772628784180e-01
-8.027577400207519531e-01
-4.169766008853912354e-01
-5.227894783020019531e-01
-3.263260126113891602e-01
-9.345260262489318848e-01
-4.427702724933624268e-01
-2.863875031471252441e-01
-6.361011266708374023e-01
-3.237080276012420654e-01
-5.956680774688720703e-01
-1.800097078084945679e-01
-4.047429859638214111e-01
-8.725568652153015137e-01
-4.067846536636352539e-01
-3.225659132003784180e-01
-4.331512451171875000e-01
-3.008544445037841797e-01
-4.389490783214569092e-01
-7.713972926139831543e-01
-2.194769680500030518e-01
-3.540905714035034180e-01
-5.667629837989807129e-01
-6.036786437034606934e-01
-4.128788411617279053e-01
-2.972899973392486572e-01
-3.551864624023437500e-01
-4.558663666248321533e-01
-6.104973554611206055e-01
-7.369520664215087891e-01
-2.407271414995193481e-01
-8.108243942260742188e-01
-3.166365325450897217e-01
-5.566579103469848633e-01
-7.291489243507385254e-01
-4.292576014995574951e-02
-5.780047774314880371e-01
-4.408337771892547607e-01
-3.365283012390136719e-01
-5.017226338386535645e-01
-3.843885064125061035e-01
-6.315410733222961426e-01
-4.599965810775756836e-01
-5.014598965644836426e-01
-5.870713591575622559e-01
-2.843832075595855713e-01
-5.228542685508728027e-01
-5.845810174942016602e-01
-4.153204262256622314e-01
-2.962768673896789551e-01
-7.674305438995361328e-01
-6.828354001045227051e-01
-4.894141256809234619e-01
-4.114808738231658936e-01
-5.403532981872558594e-01
-2.372540980577468872e-01
-6.887345314025878906e-01
-1.030952453613281250e+00
-3.791651427745819092e-01
-2.008114308118820190e-01
-3.121147751808166504e-01
-3.632296621799468994e-01
-2.829198241233825684e-01
