-1.618347875773906708e-02
-9.106517583131790161e-02
7.236165553331375122e-02
-5.642111971974372864e-02
-6.415466964244842529e-02
-1.602410525083541870e-01
-1.118218004703521729e-01
-9.562597423791885376e-02
9.567562490701675415e-02
2.610976099967956543e-01
-2.495135739445686340e-02
-6.744086742401123047e-02
-9.339318424463272095e-02
-1.404227316379547119e-01
-5.860963463783264160e-02
-2.327914582565426826e-03
6.976196914911270142e-02
1.225324124097824097e-01
-2.277964353561401367e-01
-1.259185820817947388e-01
1.879947185516357422e-01
-5.618490651249885559e-02
-1.188082844018936157e-01
1.749351173639297485e-01
9.626661427319049835e-03
1.909190565347671509e-01
-1.077159047126770020e-01
-2.432708069682121277e-02
1.184182390570640564e-01
2.996317483484745026e-02
-7.099428027868270874e-02
-7.714963704347610474e-02
1.837290939874947071e-03
-4.348373785614967346e-02
5.298213101923465729e-03
1.396818757057189941e-01
-3.971663117408752441e-02
-9.208258241415023804e-02
-3.531150892376899719e-02
