-4.609389901161193848e-01
-5.664611458778381348e-01
-6.155241727828979492e-01
-9.643885493278503418e-01
-5.784851908683776855e-01
-5.033517479896545410e-01
-5.407097339630126953e-01
-3.901240229606628418e-01
-5.349059700965881348e-01
-6.206394433975219727e-01
-4.762788712978363037e-01
-6.506054401397705078e-01
-8.072782158851623535e-01
-3.528199493885040283e-01
-7.544983625411987305e-01
-1.825414448976516724e-01
-4.007480144500732422e-01
-6.745648384094238281e-01
-6.373342871665954590e-01
-5.678424835205078125e-01
-5.347586274147033691e-01
-9.353110194206237793e-01
-8.059194684028625488e-01
-7.981979250907897949e-01
-4.235682487487792969e-01
-1.540986597537994385e-01
-7.440855503082275391e-01
-7.811529636383056641e-01
-4.284222126007080078e-01
-8.544299602508544922e-01
-8.107699751853942871e-01
-7.350393533706665039e-01
-3.977800905704498291e-01
-7.682175040245056152e-01
-3.692525923252105713e-01
-7.027767896652221680e-01
-7.988408207893371582e-01
-5.990884304046630859e-01
-9.560832381248474121e-01
-4.800904691219329834e-01
-5.570213198661804199e-01
-7.766651511192321777e-01
-6.079821586608886719e-01
-8.543021082878112793e-01
-9.190266132354736328e-01
-1.199270486831665039e+00
-8.527515530586242676e-01
-2.761612534523010254e-01
-7.789156436920166016e-01
-9.167882204055786133e-01
-9.370999336242675781e-01
-4.618465006351470947e-01
-4.845072925090789795e-01
-3.962362706661224365e-01
-8.197531104087829590e-01
-3.792330026626586914e-01
-7.867128252983093262e-01
-1.042598605155944824e+00
-3.792283535003662109e-01
-3.635725080966949463e-01
-2.815598547458648682e-01
-1.409283578395843506e-01
-5.012838840484619141e-01
-6.093795895576477051e-01
-5.098977684974670410e-01
-4.444072842597961426e-01
-6.441650986671447754e-01
-4.332687854766845703e-01
-5.265272259712219238e-01
-1.952493041753768921e-01
-6.653819084167480469e-01
-1.851389706134796143e-01
-6.506092548370361328e-01
-3.197838068008422852e-01
-3.274241685867309570e-01
-5.763866901397705078e-01
-1.056971624493598938e-01
-2.484462857246398926e-01
-4.743243753910064697e-01
-5.408791899681091309e-01
-6.064809560775756836e-01
-6.264598369598388672e-01
-7.290313243865966797e-01
-5.773202776908874512e-01
-3.123945295810699463e-01
-8.121078014373779297e-01
-8.941603302955627441e-01
-2.784001231193542480e-01
-6.570960879325866699e-01
-5.775418281555175781e-01
-4.049597978591918945e-01
-5.743713974952697754e-01
-4.748548269271850586e-01
-7.871406674385070801e-01
-8.154170513153076172e-01
-5.684925317764282227e-01
-7.109290957450866699e-01
-3.376353085041046143e-01
-8.704193830490112305e-01
-6.136422157287597656e-01
