2.210689932107925415e-01
2.617075145244598389e-01
-5.851389095187187195e-02
3.257715702056884766e-02
-4.500375688076019287e-02
-9.930152446031570435e-02
2.200195342302322388e-01
-7.442474365234375000e-02
1.284722983837127686e-01
-3.588311746716499329e-02
9.001083672046661377e-02
1.072633191943168640e-01
-3.584006801247596741e-02
-7.206637412309646606e-02
3.043120503425598145e-01
-2.185813710093498230e-02
-9.564896672964096069e-02
-4.776732251048088074e-02
-8.416898548603057861e-02
-1.201029866933822632e-03
-1.073621138930320740e-01
4.358252976089715958e-03
4.406955838203430176e-02
1.146662980318069458e-01
-1.571006327867507935e-02
-1.104439571499824524e-01
1.362278219312429428e-02
1.391662210226058960e-01
2.430220693349838257e-01
-2.780120261013507843e-02
1.679870858788490295e-02
-4.339969903230667114e-02
6.027626991271972656e-02
9.103147685527801514e-02
1.759022027254104614e-01
2.329821139574050903e-02
-9.697825461626052856e-02
1.196059957146644592e-01
