-6.155054569244384766e-01
-5.138602852821350098e-01
-4.603683948516845703e-01
-6.979858279228210449e-01
-7.047818899154663086e-01
-5.080175995826721191e-01
-5.350770950317382812e-01
-5.238415598869323730e-01
-4.553743302822113037e-01
-7.802889347076416016e-01
-5.156806111335754395e-01
-3.728035986423492432e-01
-5.000396966934204102e-01
-5.685536265373229980e-01
-6.662232875823974609e-01
-7.495430707931518555e-01
-5.463113188743591309e-01
-4.739582240581512451e-01
-4.639340341091156006e-01
-6.964060664176940918e-01
-6.096405982971191406e-01
-1.903125345706939697e-01
-6.610286235809326172e-01
-4.950014650821685791e-01
-5.447925329208374023e-01
-6.948957443237304688e-01
-2.117197066545486450e-01
-4.960414171218872070e-01
-7.106925249099731445e-01
-6.405627131462097168e-01
-9.554471969604492188e-01
-3.196023404598236084e-01
-6.419782042503356934e-01
-7.396320700645446777e-01
-3.971068561077117920e-01
-3.011312484741210938e-01
-4.769678041338920593e-02
-6.698302626609802246e-01
-6.390786170959472656e-01
-3.029375970363616943e-01
-5.836643576622009277e-01
-7.192608714103698730e-01
-4.064298868179321289e-01
-3.386705517768859863e-01
-3.555968403816223145e-01
-5.125266313552856445e-01
-5.483114123344421387e-01
-5.800070762634277344e-01
-5.009837746620178223e-01
-2.793731391429901123e-01
-5.390272736549377441e-01
-4.912279844284057617e-01
-6.274449229240417480e-01
-2.566970586776733398e-01
-8.217355012893676758e-01
-6.819806098937988281e-01
-6.421428322792053223e-01
-4.155020415782928467e-01
-2.552512884140014648e-01
-9.982389211654663086e-01
-5.905023217201232910e-01
-4.928820729255676270e-01
-4.817159473896026611e-01
-6.633519530296325684e-01
-1.764293462038040161e-01
-6.614322066307067871e-01
-4.390883743762969971e-01
-4.926006495952606201e-01
-2.940068542957305908e-01
-5.017983913421630859e-01
-5.494619011878967285e-01
-7.878230214118957520e-01
-7.260569334030151367e-01
-6.942598819732666016e-01
-2.755734920501708984e-01
-7.833025455474853516e-01
-5.824933052062988281e-01
-4.883718490600585938e-01
-7.184030413627624512e-01
-3.536890745162963867e-01
-2.176764756441116333e-01
-6.646163463592529297e-01
-5.505150556564331055e-01
-7.388980984687805176e-01
-4.062876999378204346e-01
-3.945990204811096191e-01
-4.317718148231506348e-01
-7.089092135429382324e-01
-5.958918333053588867e-01
-6.061288118362426758e-01
-4.684816896915435791e-01
-6.484087705612182617e-01
-8.233065009117126465e-01
-3.892199695110321045e-01
-6.551467180252075195e-01
-4.202675521373748779e-01
-6.659565567970275879e-01
-5.906784534454345703e-01
-3.796293437480926514e-01
-7.753952741622924805e-01
