7.570480462163686752e-03
-3.900172933936119080e-02
1.242446377873420715e-01
2.801638245582580566e-01
1.339909993112087250e-02
1.833037137985229492e-01
-3.164387121796607971e-02
-7.162660360336303711e-02
-6.720197945833206177e-02
1.340588182210922241e-01
2.329057157039642334e-01
-2.267234623432159424e-01
-9.138454496860504150e-02
4.051010683178901672e-02
9.878255426883697510e-02
1.239714026451110840e-01
1.060073673725128174e-01
7.117152679711580276e-03
1.640442311763763428e-01
1.758692711591720581e-01
2.434197366237640381e-01
-5.775022506713867188e-02
8.778610825538635254e-02
-1.401016605086624622e-03
1.606956496834754944e-02
5.357616767287254333e-02
3.072440065443515778e-02
1.025858968496322632e-01
-3.481175377964973450e-02
1.404421478509902954e-01
6.169716641306877136e-02
-8.630706369876861572e-02
2.801476046442985535e-02
1.911502182483673096e-01
6.168959662318229675e-02
-1.061963066458702087e-01
-1.326242461800575256e-02
