1.499296166002750397e-03
1.498920959420502186e-03
1.498545985668897629e-03
1.498170895501971245e-03
1.497795921750366688e-03
1.497420831583440304e-03
1.497045857831835747e-03
1.496670767664909363e-03
1.496296143159270287e-03
1.495921285822987556e-03
1.495546195656061172e-03
1.495171454735100269e-03
1.494796713814139366e-03
1.494421856477856636e-03
1.494047115556895733e-03
1.493672607466578484e-03
1.493297633714973927e-03
1.492923125624656677e-03
1.492548384703695774e-03
1.492173760198056698e-03
1.491799019277095795e-03
1.491424394771456718e-03
1.491049653850495815e-03
1.490675145760178566e-03
1.490300754085183144e-03
1.489926013164222240e-03
1.489551388658583164e-03
1.489176996983587742e-03
1.488802139647305012e-03
1.488427631556987762e-03
1.488053123466670513e-03
1.487678498961031437e-03
1.487303874455392361e-03
1.486929366365075111e-03
1.486554858274757862e-03
1.486180117353796959e-03
1.485805609263479710e-03
1.485431101173162460e-03
1.485056476667523384e-03
1.484681852161884308e-03
1.484307227656245232e-03
1.483932603150606155e-03
1.483558095060288906e-03
1.483183237724006176e-03
1.482808613218367100e-03
1.482433872297406197e-03
1.482059247791767120e-03
1.481684506870806217e-03
1.481309649534523487e-03
1.480934908613562584e-03
1.480560167692601681e-03
1.480185426771640778e-03
1.479810336604714394e-03
1.479435595683753490e-03
1.479060505516827106e-03
1.478685648180544376e-03
1.478310441598296165e-03
1.477935351431369781e-03
1.477560377679765224e-03
1.477185287512838840e-03
1.476810080930590630e-03
1.476435107178986073e-03
1.476059667766094208e-03
1.475684461183845997e-03
1.475309138186275959e-03
1.474933698773384094e-03
1.474558375775814056e-03
1.474182703532278538e-03
1.473807264119386673e-03
1.473431708291172981e-03
1.473055919632315636e-03
1.472680247388780117e-03
1.472304225899279118e-03
1.471928553655743599e-03
1.471552415750920773e-03
1.471176627092063427e-03
1.470800605602562428e-03
1.470424467697739601e-03
1.470048329792916775e-03
1.469672191888093948e-03
1.469295821152627468e-03
1.468919334001839161e-03
1.468542730435729027e-03
1.468166126869618893e-03
1.467789406888186932e-03
1.467412803322076797e-03
1.467035966925323009e-03
1.466658897697925568e-03
1.466281828470528126e-03
1.465904759243130684e-03
1.465527690015733242e-03
1.465150271542370319e-03
1.464772969484329224e-03
1.464395434595644474e-03
1.464017899706959724e-03
1.463640015572309494e-03
1.463262131437659264e-03
1.462884480133652687e-03
1.462506363168358803e-03
1.462128129787743092e-03
1.461749896407127380e-03
1.461371663026511669e-03
1.460993080399930477e-03
1.460614381358027458e-03
1.460235682316124439e-03
1.459856750443577766e-03
1.459478051401674747e-03
1.459098653867840767e-03
1.458719489164650440e-03
1.458340208046138287e-03
1.457960577681660652e-03
1.457580830901861191e-03
1.457201200537383556e-03
1.456821104511618614e-03
1.456441124901175499e-03
1.456060796044766903e-03
1.455680350773036480e-03
1.455299789085984230e-03
1.454919343814253807e-03
1.454538200050592422e-03
1.454157289117574692e-03
1.453776145353913307e-03
1.453394885174930096e-03
1.453013508580625057e-03
1.452631782740354538e-03
1.452249940484762192e-03
1.451867981813848019e-03
1.451485790312290192e-03
1.451103365980088711e-03
1.450720825232565403e-03
1.450338168069720268e-03
1.449955394491553307e-03
1.449572388082742691e-03
1.449189032427966595e-03
1.448805560357868671e-03
1.448421739041805267e-03
1.448038150556385517e-03
1.447653979994356632e-03
1.447269693017005920e-03
1.446885289624333382e-03
1.446500653401017189e-03
1.446115900762379169e-03
1.445730915293097496e-03
1.445345464162528515e-03
1.444960013031959534e-03
1.444574212655425072e-03
1.444188295863568783e-03
1.443802262656390667e-03
1.443415763787925243e-03
1.443029264919459820e-03
1.442642416805028915e-03
1.442255452275276184e-03
1.441868022084236145e-03
1.441480591893196106e-03
1.441092928871512413e-03
1.440704800188541412e-03
1.440316438674926758e-03
1.439927960745990276e-03
1.439539366401731968e-03
1.439150189980864525e-03
1.438760897144675255e-03
1.438371487893164158e-03
1.437981496565043926e-03
1.437591505236923695e-03
1.437201281078159809e-03
1.436810707673430443e-03
1.436419785022735596e-03
1.436028629541397095e-03
1.435637241229414940e-03
1.435245503671467304e-03
1.434853533282876015e-03
1.434461446478962898e-03
1.434068777598440647e-03
1.433676108717918396e-03
1.433283090591430664e-03
1.432889606803655624e-03
1.432495890185236931e-03
1.432101940736174583e-03
1.431707525625824928e-03
1.431312994100153446e-03
1.430917996913194656e-03
1.430522883310914040e-03
1.430127187632024288e-03
1.429731491953134537e-03
1.429335330612957478e-03
1.428938820026814938e-03
1.428542076610028744e-03
1.428144867531955242e-03
1.427747309207916260e-03
1.427349634468555450e-03
1.426951494067907333e-03
1.426553004421293736e-03
1.426154281944036484e-03
1.425755210220813751e-03
1.425355672836303711e-03
1.424955902621150017e-03
1.424555783160030842e-03
1.424155198037624359e-03
1.423754496499896049e-03
1.423353212885558605e-03
1.422951696440577507e-03
1.422549830749630928e-03
1.422147615812718868e-03
1.421744702383875847e-03
1.421341788955032825e-03
1.420938526280224323e-03
1.420534797944128513e-03
1.420130836777389050e-03
1.419726177118718624e-03
1.419321401044726372e-03
1.418916275724768639e-03
1.418510451912879944e-03
1.418104511685669422e-03
1.417698338627815247e-03
1.417291583493351936e-03
1.416884479112923145e-03
1.416476909071207047e-03
1.416068989783525467e-03
1.415660721249878407e-03
1.415251870639622211e-03
1.414842903614044189e-03
1.414433470927178860e-03
1.414023572579026222e-03
1.413613324984908104e-03
1.413202611729502678e-03
1.412791665643453598e-03
1.412380021065473557e-03
1.411968260072171688e-03
1.411556033417582512e-03
1.411143341101706028e-03
1.410730183124542236e-03
1.410316792316734791e-03
1.409902819432318211e-03
1.409488380886614323e-03
1.409073593094944954e-03
1.408658456057310104e-03
1.408242969773709774e-03
1.407827017828822136e-03
1.407410483807325363e-03
1.406993716955184937e-03
1.406576484441757202e-03
1.406158786267042160e-03
1.405740855261683464e-03
1.405322342179715633e-03
1.404903363436460495e-03
1.404484035447239876e-03
1.404064125381410122e-03
1.403644098900258541e-03
1.403223373927175999e-03
1.402802532538771629e-03
1.402381225489079952e-03
1.401959219947457314e-03
1.401536981575191021e-03
1.401114161126315594e-03
1.400691107846796513e-03
1.400267588905990124e-03
1.399843837134540081e-03
1.399419386871159077e-03
1.398994587361812592e-03
1.398569438606500626e-03
1.398143824189901352e-03
1.397717744112014771e-03
1.397291431203484535e-03
1.396864419803023338e-03
1.396437175571918488e-03
1.396009582094848156e-03
1.395581639371812344e-03
1.395152998156845570e-03
1.394724124111235142e-03
1.394294900819659233e-03
1.393865211866796017e-03
1.393435057252645493e-03
1.393004553392529488e-03
1.392573700286448002e-03
1.392142497934401035e-03
1.391710713505744934e-03
1.391278696246445179e-03
1.390846213325858116e-03
1.390413497574627399e-03
1.389980199746787548e-03
1.389546552672982216e-03
1.389112789183855057e-03
1.388678327202796936e-03
1.388243632391095161e-03
1.387808588333427906e-03
1.387373195029795170e-03
1.386937452480196953e-03
1.386501244269311428e-03
1.386064686812460423e-03
1.385627896524965763e-03
1.385190524160861969e-03
1.384753035381436348e-03
1.384315313771367073e-03
1.383877010084688663e-03
1.383438357152044773e-03
1.382999587804079056e-03
1.382560236379504204e-03
1.382120768539607525e-03
1.381680951453745365e-03
1.381240901537239552e-03
1.380800385959446430e-03
1.380359753966331482e-03
1.379918772727251053e-03
1.379477325826883316e-03
1.379035646095871925e-03
1.378593966364860535e-03
1.378151588141918182e-03
1.377709442749619484e-03
1.377266598865389824e-03
1.376823638565838337e-03
1.376380445435643196e-03
1.375937019474804401e-03
1.375493360683321953e-03
1.375049352645874023e-03
1.374605344608426094e-03
1.374160987325012684e-03
1.373716397210955620e-03
1.373271690681576729e-03
1.372826402075588703e-03
1.372381346300244331e-03
1.371935824863612652e-03
1.371490536257624626e-03
1.371044665575027466e-03
1.370598911307752132e-03
1.370152807794511318e-03
1.369706587865948677e-03
1.369260018691420555e-03
1.368813565932214260e-03
1.368366763927042484e-03
1.367920078337192535e-03
1.367473276332020760e-03
1.367026125080883503e-03
1.366578857414424419e-03
1.366131822578608990e-03
1.365684554912149906e-03
1.365237287245690823e-03
1.364789786748588085e-03
1.364342169836163521e-03
1.363894436508417130e-03
1.363446819595992565e-03
1.362999086268246174e-03
1.362551236525177956e-03
1.362103503197431564e-03
1.361655769869685173e-03
1.361207920126616955e-03
1.360760070383548737e-03
1.360312220640480518e-03
1.359864370897412300e-03
1.359416637569665909e-03
1.358968904241919518e-03
1.358521170914173126e-03
1.358073437586426735e-03
1.357625820674002171e-03
1.357178087346255779e-03
1.356730703264474869e-03
1.356283086352050304e-03
1.355835702270269394e-03
1.355388318188488483e-03
1.354941166937351227e-03
1.354494132101535797e-03
1.354047097265720367e-03
1.353600295260548592e-03
1.353153493255376816e-03
1.352706924080848694e-03
1.352260354906320572e-03
1.351814134977757931e-03
1.351367915049195290e-03
1.350922044366598129e-03
1.350476173684000969e-03
1.350030652247369289e-03
1.349585247226059437e-03
1.349139842204749584e-03
1.348694902844727039e-03
1.348249847069382668e-03
1.347805373370647430e-03
1.347361016087234020e-03
1.346916891634464264e-03
1.346472883597016335e-03
1.346029341220855713e-03
1.345586148090660572e-03
1.345142838545143604e-03
1.344699994660913944e-03
1.344257500022649765e-03
1.343815238215029240e-03
1.343373209238052368e-03
1.342931529507040977e-03
1.342490199021995068e-03
1.342049217782914639e-03
1.341608469374477863e-03
1.341168070212006569e-03
1.340728136710822582e-03
1.340288203209638596e-03
1.339848968200385571e-03
1.339409966021776199e-03
1.338971313089132309e-03
1.338533009402453899e-03
1.338095287792384624e-03
1.337657799012959003e-03
1.337220775894820690e-03
1.336783752776682377e-03
1.336347660981118679e-03
1.335911802016198635e-03
1.335476175881922245e-03
1.335041131824254990e-03
1.334606669843196869e-03
1.334172324277460575e-03
1.333738560788333416e-03
1.333305379375815392e-03
1.332872430793941021e-03
1.332439947873353958e-03
1.332008047029376030e-03
1.331576495431363583e-03
1.331145525909960270e-03
1.330714905634522438e-03
1.330284867435693741e-03
1.329855294898152351e-03
1.329425955191254616e-03
1.328997663222253323e-03
1.328569487668573856e-03
1.328142010606825352e-03
1.327714882791042328e-03
1.327288220636546612e-03
1.326862256973981857e-03
1.326436758972704411e-03
1.326011610217392445e-03
1.325587043538689613e-03
1.325163175351917744e-03
1.324739889241755009e-03
1.324317068792879581e-03
1.323894830420613289e-03
1.323473057709634304e-03
1.323051983490586281e-03
1.322631142102181911e-03
1.322211115621030331e-03
1.321791321970522404e-03
1.321372459642589092e-03
1.320954062975943089e-03
1.320536248385906219e-03
1.320119132287800312e-03
1.319702481850981712e-03
1.319286297075450420e-03
1.318870694376528263e-03
1.318455906584858894e-03
1.318041468039155006e-03
1.317627844400703907e-03
1.317214570008218288e-03
1.316801994107663631e-03
1.316390116699039936e-03
1.315978821367025375e-03
1.315567991696298122e-03
1.315157860517501831e-03
1.314748311415314674e-03
1.314339577220380306e-03
1.313931075856089592e-03
1.313523505814373493e-03
1.313116401433944702e-03
1.312709879130125046e-03
1.312304171733558178e-03
1.311898813582956791e-03
1.311494153924286366e-03
1.311090192757546902e-03
1.310686930082738400e-03
1.310284016653895378e-03
1.309881918132305145e-03
1.309480401687324047e-03
1.309079467318952084e-03
1.308679231442511082e-03
1.308279694058001041e-03
1.307880622334778309e-03
1.307482365518808365e-03
1.307084457948803902e-03
1.306687365286052227e-03
1.306290854699909687e-03
1.305895275436341763e-03
1.305499929003417492e-03
1.305105281062424183e-03
1.304711448028683662e-03
1.304318080656230450e-03
1.303925295360386372e-03
1.303533324971795082e-03
1.303141820244491100e-03
1.302751014009118080e-03
1.302360906265676022e-03
1.301971380598843098e-03
1.301582437008619308e-03
1.301194308325648308e-03
1.300806761719286442e-03
1.300419564358890057e-03
1.300033414736390114e-03
1.299647381529211998e-03
1.299262628890573978e-03
1.298877876251935959e-03
1.298494054935872555e-03
1.298110815696418285e-03
1.297728274948894978e-03
1.297346316277980804e-03
1.296964939683675766e-03
1.296584377996623516e-03
1.296204165555536747e-03
1.295824768021702766e-03
