6.228791316971182823e-04
6.228364072740077972e-04
6.227936828508973122e-04
6.227509002201259136e-04
6.227080011740326881e-04
6.226651021279394627e-04
6.226220866665244102e-04
6.225790712051093578e-04
6.225359393283724785e-04
6.224927492439746857e-04
6.224495009519159794e-04
6.224061362445354462e-04
6.223628297448158264e-04
6.223194068297743797e-04
6.222758674994111061e-04
6.222322699613869190e-04
6.221886724233627319e-04
6.221449584700167179e-04
6.221011863090097904e-04
6.220573559403419495e-04
6.220133509486913681e-04
6.219694041647017002e-04
6.219253409653902054e-04
6.218812195584177971e-04
6.218370399437844753e-04
6.217926274985074997e-04
6.217483314685523510e-04
6.217039772309362888e-04
6.216594483703374863e-04
6.216148613020777702e-04
6.215702160261571407e-04
6.215254543349146843e-04
6.214807508513331413e-04
6.214359309524297714e-04
6.213908782228827477e-04
6.213458254933357239e-04
6.213007145561277866e-04
6.212556036189198494e-04
6.212102016434073448e-04
6.211649160832166672e-04
6.211195141077041626e-04
6.210739957168698311e-04
6.210283027030527592e-04
6.209826096892356873e-04
6.209368584677577019e-04
6.208909908309578896e-04
6.208450067788362503e-04
6.207990809343755245e-04
6.207529222592711449e-04
6.207067053765058517e-04
6.206603720784187317e-04
6.206139805726706982e-04
6.205675308592617512e-04
6.205209065228700638e-04
6.204742239788174629e-04
6.204275414347648621e-04
6.203805096447467804e-04
6.203336524777114391e-04
6.202865624800324440e-04
6.202394142746925354e-04
6.201921496540307999e-04
6.201448268257081509e-04
6.200974457897245884e-04
6.200498319230973721e-04
6.200021598488092422e-04
6.199543713591992855e-04
6.199065246619284153e-04
6.198586197569966316e-04
6.198104820214211941e-04
6.197623442858457565e-04
6.197140319272875786e-04
6.196656031534075737e-04
6.196171743795275688e-04
6.195685127750039101e-04
6.195197929628193378e-04
6.194709567353129387e-04
6.194219458848237991e-04
6.193729350343346596e-04
6.193236331455409527e-04
6.192743312567472458e-04
6.192248547449707985e-04
6.191754364408552647e-04
6.191257270984351635e-04
6.190759595483541489e-04
6.190259009599685669e-04
6.189760169945657253e-04
6.189258419908583164e-04
6.188756087794899940e-04
6.188251427374780178e-04
6.187746184878051281e-04
6.187239778228104115e-04
6.186731625348329544e-04
6.186222890391945839e-04
6.185711827129125595e-04
6.185199599713087082e-04
6.184686208143830299e-04
6.184171652421355247e-04
6.183654186315834522e-04
6.183137884363532066e-04
6.182618672028183937e-04
6.182098295539617538e-04
6.181575590744614601e-04
6.181052885949611664e-04
6.180528434924781322e-04
6.180001073516905308e-04
6.179473712109029293e-04
6.178944022394716740e-04
6.178413168527185917e-04
6.177881150506436825e-04
6.177346222102642059e-04
6.176810129545629025e-04
6.176275201141834259e-04
6.175735616125166416e-04
6.175195449031889439e-04
6.174654117785394192e-04
6.174109294079244137e-04
6.173563888296484947e-04
6.173017318360507488e-04
6.172468420118093491e-04
6.171918357722461224e-04
6.171366549097001553e-04
6.170811830088496208e-04
6.170255946926772594e-04
6.169698899611830711e-04
6.169138941913843155e-04
6.168577820062637329e-04
6.168014951981604099e-04
6.167449755594134331e-04
6.166882230900228024e-04
6.166314124129712582e-04
6.165744271129369736e-04
6.165170925669372082e-04
6.164596416056156158e-04
6.164020742289721966e-04
6.163441576063632965e-04
6.162860081531107426e-04
6.162278004921972752e-04
6.161693600006401539e-04
6.161106284707784653e-04
6.160517223179340363e-04
6.159926997497677803e-04
6.159333279356360435e-04
6.158737814985215664e-04
6.158139440231025219e-04
6.157540483400225639e-04
6.156937452033162117e-04
6.156333256512880325e-04
6.155726732686161995e-04
6.155117880553007126e-04
6.154506118036806583e-04
6.153892609290778637e-04
6.153276190161705017e-04
6.152657442726194859e-04
6.152036949060857296e-04
6.151412962935864925e-04
6.150786648504436016e-04
6.150159169919788837e-04
6.149527616798877716e-04
6.148893153294920921e-04
6.148256361484527588e-04
6.147617823444306850e-04
6.146975792944431305e-04
6.146330852061510086e-04
6.145684164948761463e-04
6.145033985376358032e-04
6.144380895420908928e-04
6.143724313005805016e-04
6.143067148514091969e-04
6.142405327409505844e-04
6.141741177998483181e-04
6.141072954051196575e-04
6.140402983874082565e-04
6.139729521237313747e-04
6.139054312370717525e-04
6.138374446891248226e-04
6.137691671028733253e-04
6.137005402706563473e-04
6.136316806077957153e-04
6.135624134913086891e-04
6.134928553365170956e-04
6.134229479357600212e-04
6.133527494966983795e-04
6.132820853963494301e-04
6.132112466730177402e-04
6.131400004960596561e-04
6.130684050731360912e-04
6.129964604042470455e-04
6.129241664893925190e-04
6.128514069132506847e-04
6.127783562988042831e-04
6.127049564383924007e-04
6.126311491243541241e-04
6.125569343566894531e-04
6.124824285507202148e-04
6.124074570834636688e-04
6.123320781625807285e-04
6.122563499957323074e-04
6.121802143752574921e-04
6.121035548858344555e-04
6.120266043581068516e-04
6.119493045844137669e-04
6.118714809417724609e-04
6.117931916378438473e-04
6.117145530879497528e-04
6.116353906691074371e-04
6.115558790042996407e-04
6.114758434705436230e-04
6.113954586908221245e-04
6.113144918344914913e-04
6.112331175245344639e-04
6.111513357609510422e-04
6.110689719207584858e-04
6.109862588346004486e-04
6.109029054641723633e-04
6.108190282247960567e-04
6.107348017394542694e-04
6.106500513851642609e-04
6.105647771619260311e-04
6.104789208620786667e-04
6.103925989009439945e-04
6.103056948632001877e-04
6.102182669565081596e-04
6.101303733885288239e-04
6.100420141592621803e-04
6.099529564380645752e-04
6.098633748479187489e-04
6.097730365581810474e-04
6.096823490224778652e-04
6.095910794101655483e-04
6.094991695135831833e-04
6.094066775403916836e-04
6.093134870752692223e-04
6.092197727411985397e-04
6.091254181228578091e-04
6.090305396355688572e-04
6.089349626563489437e-04
6.088386871851980686e-04
6.087417714297771454e-04
6.086442153900861740e-04
6.085460772737860680e-04
6.084471824578940868e-04
6.083475891500711441e-04
6.082473555579781532e-04
6.081463652662932873e-04
6.080447928979992867e-04
6.079424056224524975e-04
6.078393198549747467e-04
6.077355355955660343e-04
6.076309946365654469e-04
6.075256387703120708e-04
6.074195844121277332e-04
6.073127733543515205e-04
6.072052055969834328e-04
6.070967065170407295e-04
6.069876835681498051e-04
6.068777292966842651e-04
6.067669601179659367e-04
6.066553760319948196e-04
6.065428606234490871e-04
6.064295885153114796e-04
6.063154432922601700e-04
6.062004831619560719e-04
6.060847081243991852e-04
6.059678853489458561e-04
6.058502476662397385e-04
6.057317368686199188e-04
6.056123529560863972e-04
6.054920377209782600e-04
6.053707329556345940e-04
6.052484386600553989e-04
6.051252130419015884e-04
6.050011725164949894e-04
6.048760260455310345e-04
6.047498900443315506e-04
6.046228227205574512e-04
6.044948822818696499e-04
6.043656030669808388e-04
6.042354507371783257e-04
6.041042506694793701e-04
6.039720610715448856e-04
6.038387073203921318e-04
6.037042476236820221e-04
6.035688566043972969e-04
6.034323014318943024e-04
6.032945821061730385e-04
6.031558150425553322e-04
6.030158838257193565e-04
6.028749630786478519e-04
6.027325871400535107e-04
6.025892216712236404e-04
6.024446920491755009e-04
6.022989982739090919e-04
6.021520821377635002e-04
6.020038854330778122e-04
6.018545245751738548e-04
6.017039413563907146e-04
6.015520775690674782e-04
6.013989332132041454e-04
6.012445664964616299e-04
6.010889192111790180e-04
6.009318749420344830e-04
6.007737247273325920e-04
6.006142357364296913e-04
6.004532915540039539e-04
6.002910668030381203e-04
6.001274450682103634e-04
5.999626591801643372e-04
5.997963598929345608e-04
5.996287218295037746e-04
5.994596867822110653e-04
5.992892547510564327e-04
5.991173675283789635e-04
5.989441997371613979e-04
5.987695767544209957e-04
5.985936149954795837e-04
5.984159652143716812e-04
5.982370348647236824e-04
5.980565911158919334e-04
5.978746339678764343e-04
5.976913380436599255e-04
5.975064705125987530e-04
5.973201477900147438e-04
5.971323698759078979e-04
5.969430785626173019e-04
5.967522156424820423e-04
5.965599557384848595e-04
5.963661242276430130e-04
5.961707211099565029e-04
5.959738045930862427e-04
5.957754328846931458e-04
5.955755477771162987e-04
5.953740328550338745e-04
5.951710627414286137e-04
5.949665792286396027e-04
5.947604076936841011e-04
5.945528391748666763e-04
5.943436408415436745e-04
5.941329873166978359e-04
5.939208203926682472e-04
5.937069654464721680e-04
5.934917717240750790e-04
5.932748899795114994e-04
5.930565530434250832e-04
5.928367609158158302e-04
5.926153389737010002e-04
5.923923454247415066e-04
5.921680130995810032e-04
5.919421091675758362e-04
5.917146918363869190e-04
5.914857611060142517e-04
5.912554915994405746e-04
5.910235922783613205e-04
5.907903541810810566e-04
5.905556026846170425e-04
5.903195124119520187e-04
5.900819669477641582e-04
5.898429662920534611e-04
5.896026850678026676e-04
5.893610068596899509e-04
5.891178152523934841e-04
5.888734012842178345e-04
5.886275903321802616e-04
5.883805570192635059e-04
5.881322431378066540e-04
5.878825904801487923e-04
5.876317736692726612e-04
5.873796762898564339e-04
5.871262401342391968e-04
5.868719308637082577e-04
5.866162828169763088e-04
5.863594706170260906e-04
5.861016106791794300e-04
5.858425865881145000e-04
5.855825147591531277e-04
5.853215116076171398e-04
5.850594025105237961e-04
5.847963620908558369e-04
5.845323321409523487e-04
5.842672544531524181e-04
5.840014200657606125e-04
5.837347125634551048e-04
5.834670737385749817e-04
5.831987946294248104e-04
5.829296424053609371e-04
5.826596170663833618e-04
5.823890096507966518e-04
5.821177619509398937e-04
5.818458157591521740e-04
5.815731710754334927e-04
5.812999443151056767e-04
5.810261936858296394e-04
5.807519191876053810e-04
5.804772372357547283e-04
5.802020314149558544e-04
5.799263017252087593e-04
5.796501645818352699e-04
5.793737364001572132e-04
5.790969589725136757e-04
5.788198322989046574e-04
5.785424727946519852e-04
5.782649386674165726e-04
5.779870552942156792e-04
5.777091137133538723e-04
5.774310557171702385e-04
5.771527066826820374e-04
5.768744740635156631e-04
5.765961832366883755e-04
5.763176595792174339e-04
5.760392523370683193e-04
5.757609615102410316e-04
5.754826706834137440e-04
5.752044962719082832e-04
5.749264964833855629e-04
5.746486131101846695e-04
5.743708461523056030e-04
5.740933702327311039e-04
5.738160689361393452e-04
5.735391750931739807e-04
5.732623976655304432e-04
5.729860276915132999e-04
5.727100651711225510e-04
5.724343354813754559e-04
5.721590714529156685e-04
5.718842730857431889e-04
5.716099403798580170e-04
5.713359569199383259e-04
5.710624973289668560e-04
5.707896198146045208e-04
5.705172661691904068e-04
5.702454363927245140e-04
5.699742469005286694e-04
5.697034648619592190e-04
5.694334395229816437e-04
5.691639962606132030e-04
5.688952514901757240e-04
5.686272634193301201e-04
5.683597410097718239e-04
5.680932081304490566e-04
5.678271991200745106e-04
5.675620050169527531e-04
5.672976258210837841e-04
5.670340615324676037e-04
5.667711375281214714e-04
5.665091448463499546e-04
5.662479670718312263e-04
5.659876624122262001e-04
5.657281144522130489e-04
5.654694396071135998e-04
5.652117542922496796e-04
5.649548256769776344e-04
5.646988865919411182e-04
5.644438788294792175e-04
5.641897441819310188e-04
5.639365408569574356e-04
5.636843852698802948e-04
5.634331027977168560e-04
5.631827516481280327e-04
5.629334482364356518e-04
5.626850179396569729e-04
5.624377517960965633e-04
5.621914751827716827e-04
5.619461298920214176e-04
5.617018905468285084e-04
5.614585825242102146e-04
5.612163804471492767e-04
5.609751096926629543e-04
5.607349448837339878e-04
5.604958860203623772e-04
5.602578166872262955e-04
5.600208532996475697e-04
5.597849376499652863e-04
5.595501861535012722e-04
5.593163659796118736e-04
5.590835935436189175e-04
5.588519852608442307e-04
5.586214247159659863e-04
5.583920283243060112e-04
5.581637378782033920e-04
5.579364951699972153e-04
5.577103584073483944e-04
5.574852693825960159e-04
5.572612863034009933e-04
5.570382927544414997e-04
5.568166379816830158e-04
5.565959727391600609e-04
5.563763552345335484e-04
5.561579018831253052e-04
5.559404380619525909e-04
5.557242548093199730e-04
5.555090028792619705e-04
5.552949733100831509e-04
5.550820496864616871e-04
5.548701155930757523e-04
5.546592874452471733e-04
5.544495652429759502e-04
5.542410071939229965e-04
5.540334968827664852e-04
5.538270343095064163e-04
5.536217940971255302e-04
5.534174852073192596e-04
