1.571350265294313431e-03
1.570971449837088585e-03
1.570593216456472874e-03
1.570214517414569855e-03
1.569836400449275970e-03
1.569458283483982086e-03
1.569080050103366375e-03
1.568702165968716145e-03
1.568324281834065914e-03
1.567946397699415684e-03
1.567568629980087280e-03
1.567190978676080704e-03
1.566813443787395954e-03
1.566436025314033031e-03
1.566058490425348282e-03
1.565681304782629013e-03
1.565304119139909744e-03
1.564927049912512302e-03
1.564549980685114861e-03
1.564173144288361073e-03
1.563796191476285458e-03
1.563419471494853497e-03
1.563042984344065189e-03
1.562666264362633228e-03
1.562289893627166748e-03
1.561913290061056614e-03
1.561537035740911961e-03
1.561160665005445480e-03
1.560784527100622654e-03
1.560408389195799828e-03
1.560032484121620655e-03
1.559656346216797829e-03
1.559280441142618656e-03
1.558904652483761311e-03
1.558528863824903965e-03
1.558153075166046619e-03
1.557777635753154755e-03
1.557402079924941063e-03
1.557026524096727371e-03
1.556651317514479160e-03
1.556275878101587296e-03
1.555900555104017258e-03
1.555525348521769047e-03
1.555150141939520836e-03
1.554775051772594452e-03
1.554400078020989895e-03
1.554025104269385338e-03
1.553650014102458954e-03
1.553275273181498051e-03
1.552900299429893494e-03
1.552525674924254417e-03
1.552151050418615341e-03
1.551776309497654438e-03
1.551401801407337189e-03
1.551027176901698112e-03
1.550652785226702690e-03
1.550278509967029095e-03
1.549903885461390018e-03
1.549529726617038250e-03
1.549155334942042828e-03
1.548781059682369232e-03
1.548406784422695637e-03
1.548032509163022041e-03
1.547658350318670273e-03
1.547284075058996677e-03
1.546910149045288563e-03
1.546536106616258621e-03
1.546161947771906853e-03
1.545788021758198738e-03
1.545414212159812450e-03
1.545040169730782509e-03
1.544666243717074394e-03
1.544292317703366280e-03
1.543918624520301819e-03
1.543544814921915531e-03
1.543171005323529243e-03
1.542797079309821129e-03
1.542423386126756668e-03
1.542049576528370380e-03
1.541675999760627747e-03
1.541302306577563286e-03
1.540928496979176998e-03
1.540554803796112537e-03
1.540181110613048077e-03
1.539807301014661789e-03
1.539433840662240982e-03
1.539060147479176521e-03
1.538686570711433887e-03
1.538312761113047600e-03
1.537939184345304966e-03
1.537565607577562332e-03
1.537191914394497871e-03
1.536818337626755238e-03
1.536444644443690777e-03
1.536070718429982662e-03
1.535697025246918201e-03
1.535323332063853741e-03
1.534949638880789280e-03
1.534576062113046646e-03
1.534202136099338531e-03
1.533828559331595898e-03
1.533454749733209610e-03
1.533080940134823322e-03
1.532707246951758862e-03
1.532333320938050747e-03
1.531959394924342632e-03
1.531585352495312691e-03
1.531211426481604576e-03
1.530837500467896461e-03
1.530463341623544693e-03
1.530089415609836578e-03
1.529715373180806637e-03
1.529341330751776695e-03
1.528967171907424927e-03
1.528592896647751331e-03
1.528218621388077736e-03
1.527844229713082314e-03
1.527469838038086891e-03
1.527095679193735123e-03
1.526721054688096046e-03
1.526346546597778797e-03
1.525972038507461548e-03
1.525597181171178818e-03
1.525222440250217915e-03
1.524847815744578838e-03
1.524472958408296108e-03
1.524097868241369724e-03
1.523722894489765167e-03
1.523347804322838783e-03
1.522972830571234226e-03
1.522597391158342361e-03
1.522222184576094151e-03
1.521846745163202286e-03
1.521471305750310421e-03
1.521095633506774902e-03
1.520719961263239384e-03
1.520344289019703865e-03
1.519968383945524693e-03
1.519592246040701866e-03
1.519216340966522694e-03
1.518839970231056213e-03
1.518463948741555214e-03
1.518087461590766907e-03
1.517711090855300426e-03
1.517334370873868465e-03
1.516957534477114677e-03
1.516580698080360889e-03
1.516203745268285275e-03
1.515826559625566006e-03
1.515449373982846737e-03
1.515071839094161987e-03
1.514694187790155411e-03
1.514316769316792488e-03
1.513938768766820431e-03
1.513561001047492027e-03
1.513182884082198143e-03
1.512804534286260605e-03
1.512426068075001240e-03
1.512047485448420048e-03
1.511668786406517029e-03
1.511289738118648529e-03
1.510910689830780029e-03
1.510531525127589703e-03
1.510152011178433895e-03
1.509772497229278088e-03
1.509392750449478626e-03
1.509012654423713684e-03
1.508632441982626915e-03
1.508252229541540146e-03
1.507871667854487896e-03
1.507490873336791992e-03
1.507110078819096088e-03
1.506728818640112877e-03
1.506347442045807838e-03
1.505965832620859146e-03
1.505584106780588627e-03
1.505202148109674454e-03
1.504819723777472973e-03
1.504437299445271492e-03
1.504054642282426357e-03
1.503671635873615742e-03
1.503288396634161472e-03
1.502904924564063549e-03
1.502521336078643799e-03
1.502137281931936741e-03
1.501753344200551510e-03
1.501368940807878971e-03
1.500984071753919125e-03
1.500598969869315624e-03
1.500213867984712124e-03
1.499828184023499489e-03
1.499442267231643200e-03
1.499056350439786911e-03
1.498669967986643314e-03
1.498283236287534237e-03
1.497896271757781506e-03
1.497508957982063293e-03
1.497121411375701427e-03
1.496733515523374081e-03
1.496345154009759426e-03
1.495956676080822945e-03
1.495567848905920982e-03
1.495178556069731712e-03
1.494788913987576962e-03
1.494399155490100384e-03
1.494008814916014671e-03
1.493618241511285305e-03
1.493227202445268631e-03
1.492835697717964649e-03
1.492444076575338840e-03
1.492052106186747551e-03
1.491659670136868954e-03
1.491266768425703049e-03
1.490873517468571663e-03
1.490480150096118450e-03
1.490086084231734276e-03
1.489691669121384621e-03
1.489296671934425831e-03
1.488901558332145214e-03
1.488505746237933636e-03
1.488109584897756577e-03
1.487713190726935863e-03
1.487315981648862362e-03
1.486918888986110687e-03
1.486520981416106224e-03
1.486122608184814453e-03
1.485723769292235374e-03
1.485324348323047161e-03
1.484924927353858948e-03
1.484524575062096119e-03
1.484123989939689636e-03
1.483722706325352192e-03
1.483321073465049267e-03
1.482918858528137207e-03
1.482516061514616013e-03
1.482112915255129337e-03
1.481709186919033527e-03
1.481304876506328583e-03
1.480899984017014503e-03
1.480494858697056770e-03
1.480088918469846249e-03
1.479682512581348419e-03
1.479275408200919628e-03
1.478867838159203529e-03
1.478459686040878296e-03
1.478050951845943928e-03
1.477641635574400425e-03
1.477231737226247787e-03
1.476821256801486015e-03
1.476410310715436935e-03
1.475998316891491413e-03
1.475586090236902237e-03
1.475173048675060272e-03
1.474759541451931000e-03
1.474345335736870766e-03
1.473930431529879570e-03
1.473514712415635586e-03
1.473098644055426121e-03
1.472681760787963867e-03
1.472264295443892479e-03
1.471846015192568302e-03
1.471427036449313164e-03
1.471007475629448891e-03
1.470587332732975483e-03
1.470166142098605633e-03
1.469744485802948475e-03
1.469322014600038528e-03
1.468898844905197620e-03
1.468474860303103924e-03
1.468050293624401093e-03
1.467624912038445473e-03
1.467198715545237064e-03
1.466771820560097694e-03
1.466344110667705536e-03
1.465915702283382416e-03
1.465486478991806507e-03
1.465056324377655983e-03
1.464625704102218151e-03
1.464194152504205704e-03
1.463761669583618641e-03
1.463328371755778790e-03
1.462894491851329803e-03
1.462459680624306202e-03
1.462023821659386158e-03
1.461587380617856979e-03
1.461149775423109531e-03
1.460711820982396603e-03
1.460272818803787231e-03
1.459832652471959591e-03
1.459392020478844643e-03
1.458950340747833252e-03
1.458507729694247246e-03
1.458064536564052105e-03
1.457620062865316868e-03
1.457175007089972496e-03
1.456728670746088028e-03
1.456281752325594425e-03
1.455833902582526207e-03
1.455385354347527027e-03
1.454935409128665924e-03
1.454484881833195686e-03
1.454033306799829006e-03
1.453580916859209538e-03
1.453127479180693626e-03
1.452673110179603100e-03
1.452218042686581612e-03
1.451761811040341854e-03
1.451304648071527481e-03
1.450846670195460320e-03
1.450387760996818542e-03
1.449927804060280323e-03
1.449466682970523834e-03
1.449005096219480038e-03
1.448542228899896145e-03
1.448078430257737637e-03
1.447613700293004513e-03
1.447148155421018600e-03
1.446681446395814419e-03
1.446214038878679276e-03
1.445745467208325863e-03
1.445275964215397835e-03
1.444805762730538845e-03
1.444334397092461586e-03
1.443862100131809711e-03
1.443388755433261395e-03
1.442914479412138462e-03
1.442439388483762741e-03
1.441963249817490578e-03
1.441486412659287453e-03
1.441008294932544231e-03
1.440529595129191875e-03
1.440049614757299423e-03
1.439568935893476009e-03
1.439087325707077980e-03
1.438604667782783508e-03
1.438121194951236248e-03
1.437636907212436199e-03
1.437151571735739708e-03
1.436665537767112255e-03
1.436178456060588360e-03
1.435690559446811676e-03
1.435201964341104031e-03
1.434712205082178116e-03
1.434221630915999413e-03
1.433730358257889748e-03
1.433238154277205467e-03
1.432745368219912052e-03
1.432251301594078541e-03
1.431756769306957722e-03
1.431261422112584114e-03
1.430765376426279545e-03
1.430268399417400360e-03
1.429770607501268387e-03
1.429272117093205452e-03
1.428773044608533382e-03
1.428273157216608524e-03
1.427772571332752705e-03
1.427271170541644096e-03
1.426769304089248180e-03
1.426266622729599476e-03
1.425763359293341637e-03
1.425259280949831009e-03
1.424754853360354900e-03
1.424249843694269657e-03
1.423744019120931625e-03
1.423237845301628113e-03
1.422730972990393639e-03
1.422223518602550030e-03
1.421715598553419113e-03
1.421207212843000889e-03
1.420698361471295357e-03
1.420188928022980690e-03
1.419679145328700542e-03
1.419168896973133087e-03
1.418658299371600151e-03
1.418147236108779907e-03
1.417635823599994183e-03
1.417124061845242977e-03
1.416612067259848118e-03
1.416099607013165951e-03
1.415586913935840130e-03
1.415073988027870655e-03
1.414560596458613873e-03
1.414047204889357090e-03
1.413533580489456654e-03
1.413019839674234390e-03
1.412505866028368473e-03
1.411991543136537075e-03
1.411477336660027504e-03
1.410962897352874279e-03
1.410448458045721054e-03
1.409933902323246002e-03
1.409419463016092777e-03
1.408904790878295898e-03
1.408390118740499020e-03
1.407875679433345795e-03
1.407361007295548916e-03
1.406846567988395691e-03
1.406332245096564293e-03
1.405818155035376549e-03
1.405303715728223324e-03
1.404790091328322887e-03
1.404276234097778797e-03
1.403762609697878361e-03
1.403249334543943405e-03
1.402736059390008450e-03
1.402223249897360802e-03
1.401710556820034981e-03
1.401198329403996468e-03
1.400686334818601608e-03
1.400174573063850403e-03
1.399663393385708332e-03
1.399152562953531742e-03
1.398641965351998806e-03
1.398131833411753178e-03
1.397622050717473030e-03
1.397112966515123844e-03
1.396604115143418312e-03
1.396095845848321915e-03
1.395588158629834652e-03
1.395080937072634697e-03
1.394574414007365704e-03
1.394068240188062191e-03
1.393562648445367813e-03
1.393057755194604397e-03
1.392553327605128288e-03
1.392049831338226795e-03
1.391546684317290783e-03
1.391044468618929386e-03
1.390542602166533470e-03
1.390041550621390343e-03
1.389541197568178177e-03
1.389041659422218800e-03
1.388542819768190384e-03
1.388044795021414757e-03
1.387547352351248264e-03
1.387050608173012733e-03
1.386555028147995472e-03
1.386060146614909172e-03
1.385566079989075661e-03
1.385072479024529457e-03
1.384580158628523350e-03
1.384088420309126377e-03
1.383597729727625847e-03
1.383107737638056278e-03
1.382618909701704979e-03
1.382130663841962814e-03
1.381643349304795265e-03
1.381157082505524158e-03
1.380671630613505840e-03
1.380187226459383965e-03
1.379703753627836704e-03
1.379221095703542233e-03
1.378739601932466030e-03
1.378258690237998962e-03
1.377779059112071991e-03
1.377300242893397808e-03
1.376822590827941895e-03
1.376345870085060596e-03
1.375870080664753914e-03
1.375395338982343674e-03
1.374921528622508049e-03
1.374448882415890694e-03
1.373977051116526127e-03
1.373506383970379829e-03
1.373036997392773628e-03
1.372568076476454735e-03
1.372100552543997765e-03
1.371634076349437237e-03
1.371168415062129498e-03
1.370704150758683681e-03
1.370240934193134308e-03
1.369778299704194069e-03
1.369317178614437580e-03
1.368856988847255707e-03
1.368397730402648449e-03
1.367939636111259460e-03
1.367482589557766914e-03
1.367026707157492638e-03
1.366571756079792976e-03
1.366118085570633411e-03
1.365665113553404808e-03
1.365213538520038128e-03
1.364762894809246063e-03
1.364313182421028614e-03
1.363864983431994915e-03
1.363417482934892178e-03
1.362971263006329536e-03
1.362525974400341511e-03
1.362081733532249928e-03
1.361638656817376614e-03
1.361196744255721569e-03
1.360755763016641140e-03
1.360315829515457153e-03
1.359877060167491436e-03
1.359439338557422161e-03
1.359002664685249329e-03
1.358567038550972939e-03
1.358132576569914818e-03
1.357699045911431313e-03
