4.858887696173042059e-04
4.858866741415113211e-04
4.858846659772098064e-04
4.858826287090778351e-04
4.858806496486067772e-04
4.858785250689834356e-04
4.858764586970210075e-04
4.858743632212281227e-04
4.858723550569266081e-04
4.858703468926250935e-04
4.858682514168322086e-04
4.858662723563611507e-04
4.858642059843987226e-04
4.858621105086058378e-04
4.858601605519652367e-04
4.858580650761723518e-04
4.858559696003794670e-04
4.858539614360779524e-04
4.858518659602850676e-04
4.858498577959835529e-04
4.858478205278515816e-04
4.858457541558891535e-04
4.858436586800962687e-04
4.858417087234556675e-04
4.858396423514932394e-04
4.858375468757003546e-04
4.858355387113988400e-04
4.858334141317754984e-04
4.858314641751348972e-04
4.858293978031724691e-04
4.858273605350404978e-04
4.858252941630780697e-04
4.858232568949460983e-04
4.858211614191532135e-04
4.858191532548516989e-04
4.858170868828892708e-04
4.858150496147572994e-04
4.858130414504557848e-04
4.858109459746629000e-04
4.858089378103613853e-04
4.858068423345685005e-04
4.858048341702669859e-04
4.858027969021350145e-04
4.858007305301725864e-04
4.857987514697015285e-04
4.857966559939086437e-04
4.857945896219462156e-04
4.857925523538142443e-04
4.857905441895127296e-04
4.857884487137198448e-04
4.857864405494183302e-04
4.857843450736254454e-04
4.857823369093239307e-04
4.857803287450224161e-04
4.857782332692295313e-04
4.857762251049280167e-04
4.857741296291351318e-04
4.857721214648336172e-04
4.857700259890407324e-04
4.857680178247392178e-04
4.857659805566072464e-04
4.857639432884752750e-04
4.857619351241737604e-04
4.857598396483808756e-04
4.857578314840793610e-04
4.857558233197778463e-04
4.857537278439849615e-04
4.857516323681920767e-04
4.857497115153819323e-04
4.857476160395890474e-04
4.857455787714570761e-04
4.857435123994946480e-04
4.857415333390235901e-04
4.857394087594002485e-04
4.857374296989291906e-04
4.857353633269667625e-04
4.857333260588347912e-04
4.857312596868723631e-04
4.857292224187403917e-04
4.857272142544388771e-04
4.857251187786459923e-04
4.857231688220053911e-04
4.857211024500429630e-04
4.857190069742500782e-04
4.857169988099485636e-04
4.857149615418165922e-04
4.857128951698541641e-04
4.857107996940612793e-04
4.857089079450815916e-04
4.857067542616277933e-04
4.857047169934958220e-04
4.857027670368552208e-04
4.857007588725537062e-04
4.856986051890999079e-04
4.856965970247983932e-04
4.856945015490055084e-04
4.856924933847039938e-04
4.856905434280633926e-04
4.856885061599314213e-04
4.856864106841385365e-04
4.856842861045151949e-04
4.856823361478745937e-04
4.856802406720817089e-04
4.856782034039497375e-04
4.856761952396482229e-04
4.856741870753467083e-04
4.856720915995538235e-04
4.856700834352523088e-04
4.856679879594594240e-04
4.856660380028188229e-04
4.856640007346868515e-04
4.856618761550635099e-04
4.856598388869315386e-04
4.856578307226300240e-04
4.856558225583285093e-04
4.856537270825356245e-04
4.856517189182341099e-04
4.856496816501021385e-04
4.856476443819701672e-04
4.856455780100077391e-04
4.856435698457062244e-04
4.856415616814047098e-04
4.856394662056118250e-04
4.856373707298189402e-04
4.856354207731783390e-04
4.856333835050463676e-04
4.856313753407448530e-04
4.856292798649519682e-04
4.856272134929895401e-04
4.856251762248575687e-04
4.856232553720474243e-04
4.856211598962545395e-04
4.856191226281225681e-04
4.856170562561601400e-04
4.856149607803672552e-04
4.856129526160657406e-04
4.856109735555946827e-04
4.856088780798017979e-04
4.856068990193307400e-04
4.856048617511987686e-04
4.856028535868972540e-04
4.856008454225957394e-04
4.855987499468028545e-04
4.855967126786708832e-04
4.855946463067084551e-04
4.855926381424069405e-04
4.855906590819358826e-04
4.855886509176343679e-04
4.855865554418414831e-04
4.855845472775399685e-04
4.855825391132384539e-04
4.855805018451064825e-04
4.855784354731440544e-04
4.855763982050120831e-04
4.855743900407105684e-04
4.855722945649176836e-04
4.855702281929552555e-04
4.855682782363146544e-04
4.855662409681826830e-04
4.855641454923897982e-04
4.855620791204273701e-04
4.855600418522953987e-04
4.855580336879938841e-04
4.855560837313532829e-04
4.855539882555603981e-04
4.855519800912588835e-04
4.855499137192964554e-04
4.855479346588253975e-04
4.855459264945238829e-04
4.855438310187309980e-04
4.855417646467685699e-04
4.855398146901279688e-04
4.855378065258264542e-04
4.855357110500335693e-04
4.855336737819015980e-04
4.855316074099391699e-04
4.855295992456376553e-04
4.855275619775056839e-04
4.855255538132041693e-04
4.855235165450721979e-04
4.855214501731097698e-04
4.855194711126387119e-04
4.855174047406762838e-04
4.855153965763747692e-04
4.855133884120732546e-04
4.855112929362803698e-04
4.855093138758093119e-04
4.855072475038468838e-04
4.855052975472062826e-04
4.855032020714133978e-04
4.855011939071118832e-04
4.854991566389799118e-04
4.854970902670174837e-04
4.854950821027159691e-04
4.854930739384144545e-04
4.854910948779433966e-04
4.854889994021505117e-04
4.854868748225271702e-04
4.854849248658865690e-04
4.854828875977545977e-04
4.854808794334530830e-04
4.854788421653211117e-04
4.854767757933586836e-04
4.854747676290571690e-04
4.854727303609251976e-04
4.854706639889627695e-04
4.854686849284917116e-04
4.854666185565292835e-04
4.854645812883973122e-04
4.854625731240957975e-04
4.854605649597942829e-04
4.854585567954927683e-04
4.854564613196998835e-04
4.854544531553983688e-04
4.854524740949273109e-04
4.854503495153039694e-04
4.854483704548329115e-04
4.854463622905313969e-04
4.854442959185689688e-04
4.854422586504369974e-04
4.854403377976268530e-04
4.854383005294948816e-04
4.854362632613629103e-04
4.854341968894004822e-04
4.854321596212685108e-04
4.854301805607974529e-04
4.854280850850045681e-04
4.854260478168725967e-04
4.854240396525710821e-04
4.854220314882695675e-04
4.854199360124766827e-04
4.854179278481751680e-04
4.854159778915345669e-04
4.854139406234025955e-04
4.854119324591010809e-04
4.854099242947995663e-04
4.854078870266675949e-04
4.854058206547051668e-04
4.854037251789122820e-04
4.854017170146107674e-04
4.853997088503092527e-04
4.853976133745163679e-04
4.853957216255366802e-04
4.853937134612351656e-04
4.853916179854422808e-04
4.853896098211407661e-04
4.853875725530087948e-04
4.853856225963681936e-04
4.853834980167448521e-04
4.853815189562737942e-04
4.853794525843113661e-04
4.853774444200098515e-04
4.853754071518778801e-04
4.853733989875763655e-04
4.853713035117834806e-04
4.853693826589733362e-04
4.853672871831804514e-04
4.853653081227093935e-04
4.853632417507469654e-04
4.853612044826149940e-04
4.853591963183134794e-04
4.853572463616728783e-04
4.853551508858799934e-04
4.853531718254089355e-04
4.853510763496160507e-04
4.853490972891449928e-04
4.853470309171825647e-04
4.853450227528810501e-04
4.853429854847490788e-04
4.853409773204475641e-04
4.853389400523155928e-04
4.853369318880140781e-04
4.853348655160516500e-04
4.853328573517501354e-04
4.853309073951095343e-04
4.853288701269775629e-04
4.853267746511846781e-04
4.853248537983745337e-04
4.853227583225816488e-04
4.853207210544496775e-04
4.853187128901481628e-04
4.853166465181857347e-04
4.853146965615451336e-04
4.853125428780913353e-04
4.853106511291116476e-04
4.853087011724710464e-04
4.853065474890172482e-04
4.853045393247157335e-04
4.853025020565837622e-04
4.853005520999431610e-04
4.852985439356416464e-04
4.852963902521878481e-04
4.852944985032081604e-04
4.852924321312457323e-04
4.852903366554528475e-04
4.852883866988122463e-04
4.852864367421716452e-04
4.852843412663787603e-04
4.852823331020772457e-04
4.852803249377757311e-04
4.852783167734742165e-04
4.852762212976813316e-04
4.852742131333798170e-04
4.852722049690783024e-04
4.852702550124377012e-04
4.852682177443057299e-04
4.852661222685128450e-04
4.852641141042113304e-04
4.852621059399098158e-04
4.852600977756083012e-04
4.852580896113067865e-04
4.852561105508357286e-04
4.852540150750428438e-04
4.852520069107413292e-04
4.852499987464398146e-04
4.852479905821382999e-04
4.852459824178367853e-04
4.852439451497048140e-04
4.852418787777423859e-04
4.852398415096104145e-04
4.852378915529698133e-04
4.852358833886682987e-04
4.852338752243667841e-04
4.852318670600652695e-04
4.852297715842723846e-04
4.852277634199708700e-04
4.852257843594998121e-04
4.852237761951982975e-04
4.852217680308967829e-04
4.852197307627648115e-04
4.852177517022937536e-04
4.852156562265008688e-04
4.852137644775211811e-04
4.852116690017282963e-04
4.852096026297658682e-04
4.852075944654643536e-04
4.852056154049932957e-04
4.852035490330308676e-04
4.852015117648988962e-04
4.851995327044278383e-04
4.851975536439567804e-04
4.851954872719943523e-04
4.851934791076928377e-04
4.851914418395608664e-04
4.851894918829202652e-04
4.851874255109578371e-04
4.851853882428258657e-04
4.851834382861852646e-04
4.851814301218837500e-04
4.851793346460908651e-04
4.851774137932807207e-04
4.851753183174878359e-04
4.851733101531863213e-04
4.851713310927152634e-04
4.851692647207528353e-04
4.851672274526208639e-04
4.851652192883193493e-04
4.851632693316787481e-04
4.851612029597163200e-04
4.851591947954148054e-04
4.851571575272828341e-04
4.851550911553204060e-04
4.851531994063407183e-04
4.851511621382087469e-04
4.851490957662463188e-04
4.851470876019448042e-04
4.851450794376432896e-04
4.851431003771722317e-04
4.851410922128707170e-04
4.851390840485692024e-04
4.851370758842676878e-04
4.851350677199661732e-04
4.851329722441732883e-04
4.851310222875326872e-04
4.851289850194007158e-04
4.851270059589296579e-04
4.851249686907976866e-04
4.851228732150048018e-04
4.851209232583642006e-04
4.851189733017235994e-04
4.851168487221002579e-04
4.851148696616292000e-04
4.851128614973276854e-04
4.851108533330261707e-04
4.851087578572332859e-04
4.851068370044231415e-04
4.851047997362911701e-04
4.851027624681591988e-04
4.851007543038576841e-04
4.850988043472170830e-04
4.850967379752546549e-04
4.850947880186140537e-04
4.850928380619734526e-04
4.850907425861805677e-04
4.850887344218790531e-04
4.850867262575775385e-04
4.850847180932760239e-04
4.850827099289745092e-04
4.850806726608425379e-04
4.850786353927105665e-04
4.850766272284090519e-04
4.850746772717684507e-04
4.850726108998060226e-04
4.850705154240131378e-04
4.850685072597116232e-04
4.850666155107319355e-04
4.850645491387695074e-04
4.850626573897898197e-04
4.850605037063360214e-04
4.850585537496954203e-04
4.850566037930548191e-04
4.850544792134314775e-04
4.850525874644517899e-04
4.850504919886589050e-04
4.850484838243573904e-04
4.850465338677167892e-04
4.850445257034152746e-04
4.850424884352833033e-04
4.850403929594904184e-04
4.850384138990193605e-04
4.850364348385483027e-04
4.850344557780772448e-04
4.850324767176061869e-04
4.850304685533046722e-04
4.850283730775117874e-04
4.850263649132102728e-04
4.850244440604001284e-04
4.850224067922681570e-04
4.850203404203057289e-04
4.850183613598346710e-04
4.850163531955331564e-04
4.850142868235707283e-04
4.850123368669301271e-04
4.850102413911372423e-04
4.850082914344966412e-04
4.850063414778560400e-04
4.850043333135545254e-04
4.850022669415920973e-04
4.850002296734601259e-04
4.849982215091586113e-04
4.849962133448570967e-04
4.849942342843860388e-04
4.849922261200845242e-04
4.849902179557830095e-04
4.849882097914814949e-04
4.849862016271799803e-04
4.849841934628784657e-04
4.849822144024074078e-04
4.849802062381058931e-04
4.849781980738043785e-04
4.849761899095028639e-04
4.849740944337099791e-04
4.849721444770693779e-04
4.849701945204287767e-04
4.849681863561272621e-04
4.849661781918257475e-04
4.849641700275242329e-04
4.849621909670531750e-04
4.849600663874298334e-04
4.849581746384501457e-04
4.849561664741486311e-04
4.849541583098471165e-04
4.849521501455456018e-04
4.849500546697527170e-04
4.849481047131121159e-04
4.849461547564715147e-04
4.849440592806786299e-04
4.849421093240380287e-04
4.849401011597365141e-04
4.849380347877740860e-04
4.849360848311334848e-04
4.849340475630015135e-04
4.849320393986999989e-04
4.849300312343984842e-04
4.849280230700969696e-04
4.849260440096259117e-04
4.849240358453243971e-04
4.849220276810228825e-04
4.849200195167213678e-04
4.849180113524198532e-04
4.849160322919487953e-04
4.849140241276472807e-04
4.849120159633457661e-04
4.849100077990442514e-04
4.849079705309122801e-04
4.849059914704412222e-04
4.849040124099701643e-04
4.849019460380077362e-04
4.848999378737062216e-04
4.848979879170656204e-04
4.848959797527641058e-04
4.848940006922930479e-04
4.848919925279915333e-04
4.848899843636900187e-04
4.848878888878971338e-04
4.848859389312565327e-04
4.848839889746159315e-04
4.848820099141448736e-04
4.848799726460129023e-04
4.848779644817113876e-04
