7.760953158140182495e-04
7.760935113765299320e-04
7.760917069390416145e-04
7.760898442938923836e-04
7.760881562717258930e-04
7.760862354189157486e-04
7.760844891890883446e-04
7.760826847516000271e-04
7.760808221064507961e-04
7.760789594613015652e-04
7.760772132314741611e-04
7.760754087939858437e-04
7.760734297335147858e-04
7.760717417113482952e-04
7.760699372738599777e-04
7.760681328363716602e-04
7.760663283988833427e-04
7.760644657537341118e-04
7.760626031085848808e-04
7.760607986710965633e-04
7.760589360259473324e-04
7.760572480037808418e-04
7.760552689433097839e-04
7.760535227134823799e-04
7.760518346913158894e-04
7.760499720461666584e-04
7.760481094010174274e-04
7.760463049635291100e-04
7.760444423183798790e-04
7.760425796732306480e-04
7.760407752357423306e-04
7.760389707982540131e-04
7.760372827760875225e-04
7.760354201309382915e-04
7.760336156934499741e-04
7.760317530483007431e-04
7.760299486108124256e-04
7.760280859656631947e-04
7.760263397358357906e-04
7.760245352983474731e-04
7.760226726531982422e-04
7.760209264233708382e-04
7.760191219858825207e-04
7.760172593407332897e-04
7.760153966955840588e-04
7.760136504657566547e-04
7.760117878206074238e-04
7.760099251754581928e-04
7.760081207379698753e-04
7.760063163004815578e-04
7.760045118629932404e-04
7.760027656331658363e-04
7.760009029880166054e-04
7.759990403428673744e-04
7.759972941130399704e-04
7.759954314678907394e-04
7.759936852380633354e-04
7.759918225929141045e-04
7.759900763630867004e-04
7.759882137179374695e-04
7.759863510727882385e-04
7.759845466352999210e-04
7.759827421978116035e-04
7.759810541756451130e-04
7.759792497381567955e-04
7.759772706776857376e-04
7.759755244478583336e-04
7.759737200103700161e-04
7.759719155728816986e-04
7.759700529277324677e-04
7.759683066979050636e-04
7.759664440527558327e-04
7.759645814076066017e-04
7.759628933854401112e-04
7.759610889479517937e-04
7.759592263028025627e-04
7.759574218653142452e-04
7.759556174278259277e-04
7.759536965750157833e-04
7.759519503451883793e-04
7.759501459077000618e-04
7.759483414702117443e-04
7.759465370327234268e-04
7.759447908028960228e-04
7.759429863654077053e-04
7.759411237202584743e-04
7.759393774904310703e-04
7.759373984299600124e-04
7.759357686154544353e-04
7.759338477626442909e-04
7.759321015328168869e-04
7.759301806800067425e-04
7.759283762425184250e-04
7.759266300126910210e-04
7.759248255752027035e-04
7.759230211377143860e-04
7.759212167002260685e-04
7.759193540550768375e-04
7.759175496175885201e-04
7.759157451801002026e-04
7.759140571579337120e-04
7.759121363051235676e-04
7.759103318676352501e-04
7.759085856378078461e-04
7.759066647849977016e-04
7.759049185551702976e-04
7.759030559100210667e-04
7.759011932648718357e-04
7.758994470350444317e-04
7.758977008052170277e-04
7.758958381600677967e-04
7.758940337225794792e-04
7.758922292850911617e-04
7.758904248476028442e-04
7.758885622024536133e-04
7.758868159726262093e-04
7.758850115351378918e-04
7.758831488899886608e-04
7.758814026601612568e-04
7.758795982226729393e-04
7.758777355775237083e-04
7.758759311400353909e-04
7.758741849102079868e-04
7.758723222650587559e-04
7.758705178275704384e-04
7.758687715977430344e-04
7.758669089525938034e-04
7.758651045151054859e-04
7.758632418699562550e-04
7.758615538477897644e-04
7.758596329949796200e-04
7.758579449728131294e-04
7.758560823276638985e-04
7.758542778901755810e-04
7.758524734526872635e-04
7.758506690151989460e-04
7.758489227853715420e-04
7.758470601402223110e-04
7.758452557027339935e-04
7.758434512652456760e-04
7.758417050354182720e-04
7.758397841826081276e-04
7.758380379527807236e-04
7.758362917229533195e-04
7.758344872854650021e-04
7.758327410556375980e-04
7.758308202028274536e-04
7.758290739730000496e-04
7.758272695355117321e-04
7.758254068903625011e-04
7.758236606605350971e-04
7.758218562230467796e-04
7.758199935778975487e-04
7.758181891404092312e-04
7.758163264952600002e-04
7.758145802654325962e-04
7.758127176202833652e-04
7.758110295981168747e-04
7.758092833682894707e-04
7.758073043078184128e-04
7.758055580779910088e-04
7.758037536405026913e-04
7.758020074106752872e-04
7.758001447655260563e-04
7.757983403280377388e-04
7.757965358905494213e-04
7.757947896607220173e-04
7.757929270155727863e-04
7.757911225780844688e-04
7.757893763482570648e-04
7.757875137031078339e-04
7.757857092656195164e-04
7.757839048281311989e-04
7.757821003906428814e-04
7.757802959531545639e-04
7.757784915156662464e-04
7.757766870781779289e-04
7.757748826406896114e-04
7.757730199955403805e-04
7.757712155580520630e-04
7.757695275358855724e-04
7.757677230983972549e-04
7.757659768685698509e-04
7.757640560157597065e-04
7.757623679935932159e-04
7.757604471407830715e-04
7.757587009109556675e-04
7.757568382658064365e-04
7.757550920359790325e-04
7.757532875984907150e-04
7.757514249533414841e-04
7.757495623081922531e-04
7.757477578707039356e-04
7.757460116408765316e-04
7.757443236187100410e-04
7.757424609735608101e-04
7.757405983284115791e-04
7.757389103062450886e-04
7.757371058687567711e-04
7.757353014312684536e-04
7.757333805784583092e-04
7.757316925562918186e-04
7.757298881188035011e-04
7.757280254736542702e-04
7.757262210361659527e-04
7.757244165986776352e-04
7.757226121611893177e-04
7.757208077237010002e-04
7.757190032862126827e-04
7.757171988487243652e-04
7.757155108265578747e-04
7.757136481814086437e-04
7.757118437439203262e-04
7.757100393064320087e-04
7.757081766612827778e-04
7.757064304314553738e-04
7.757046259939670563e-04
7.757027633488178253e-04
7.757010171189904213e-04
7.756992126815021038e-04
7.756975246593356133e-04
7.756956038065254688e-04
7.756937993690371513e-04
7.756920531392097473e-04
7.756902487017214298e-04
7.756883860565721989e-04
7.756865816190838814e-04
7.756848353892564774e-04
7.756830309517681599e-04
7.756812847219407558e-04
7.756794220767915249e-04
7.756775594316422939e-04
7.756757549941539764e-04
7.756740669719874859e-04
7.756722625344991684e-04
7.756704580970108509e-04
7.756686536595225334e-04
7.756669074296951294e-04
7.756651029922068119e-04
7.756632403470575809e-04
7.756614359095692635e-04
7.756596896797418594e-04
7.756578270345926285e-04
7.756560225971043110e-04
7.756542763672769070e-04
7.756524137221276760e-04
7.756507256999611855e-04
7.756488630548119545e-04
7.756470586173236370e-04
7.756452541798353195e-04
7.756433915346860886e-04
7.756417035125195980e-04
7.756398990750312805e-04
7.756380946375429630e-04
7.756362902000546455e-04
7.756345439702272415e-04
7.756326813250780106e-04
7.756308768875896931e-04
7.756290724501013756e-04
7.756273844279348850e-04
7.756254053674638271e-04
7.756237173452973366e-04
7.756219129078090191e-04
7.756201666779816151e-04
7.756183040328323841e-04
7.756164995953440666e-04
7.756147533655166626e-04
7.756129489280283451e-04
7.756110862828791142e-04
7.756093400530517101e-04
7.756076520308852196e-04
7.756057893857359886e-04
7.756039849482476711e-04
7.756021223030984402e-04
7.756003178656101227e-04
7.755986298434436321e-04
7.755967089906334877e-04
7.755950209684669971e-04
7.755932165309786797e-04
7.755914703011512756e-04
7.755896658636629581e-04
7.755877450108528137e-04
7.755859405733644962e-04
7.755841943435370922e-04
7.755823899060487747e-04
7.755806436762213707e-04
7.755788974463939667e-04
7.755770348012447357e-04
7.755752303637564182e-04
7.755734259262681007e-04
7.755716214887797832e-04
7.755698752589523792e-04
7.755680708214640617e-04
7.755662081763148308e-04
7.755644037388265133e-04
7.755626575089991093e-04
7.755609112791717052e-04
7.755592232570052147e-04
7.755573024041950703e-04
7.755554397590458393e-04
7.755536353215575218e-04
7.755520055070519447e-04
7.755502010695636272e-04
7.755483384244143963e-04
7.755465339869260788e-04
7.755447295494377613e-04
7.755430415272712708e-04
7.755412370897829533e-04
7.755393744446337223e-04
7.755375700071454048e-04
7.755357073619961739e-04
7.755339611321687698e-04
7.755322149023413658e-04
7.755304686725139618e-04
7.755287224426865578e-04
7.755268597975373268e-04
7.755250553600490093e-04
7.755233091302216053e-04
7.755214464850723743e-04
7.755197584629058838e-04
7.755179540254175663e-04
7.755160913802683353e-04
7.755143451504409313e-04
7.755124825052917004e-04
7.755106780678033829e-04
7.755088736303150654e-04
7.755071856081485748e-04
7.755053229629993439e-04
7.755035185255110264e-04
7.755018305033445358e-04
7.755000260658562183e-04
7.754982216283679008e-04
7.754964753985404968e-04
7.754947291687130928e-04
7.754927501082420349e-04
7.754910038784146309e-04
7.754892576485872269e-04
7.754874532110989094e-04
7.754857069812715054e-04
7.754839025437831879e-04
7.754821563139557838e-04
7.754802936688065529e-04
7.754785474389791489e-04
7.754768012091517448e-04
7.754748803563416004e-04
7.754731341265141964e-04
7.754713878966867924e-04
7.754694670438766479e-04
7.754677208140492439e-04
7.754660327918827534e-04
7.754642283543944359e-04
7.754624239169061184e-04
7.754606194794178009e-04
7.754588150419294834e-04
7.754570688121020794e-04
7.754552643746137619e-04
7.754534599371254444e-04
7.754517137072980404e-04
7.754498510621488094e-04
7.754481048323214054e-04
7.754463003948330879e-04
7.754444377496838570e-04
7.754427497275173664e-04
7.754410034976899624e-04
7.754391408525407314e-04
7.754373364150524139e-04
7.754355319775640965e-04
7.754338439553976059e-04
7.754320395179092884e-04
7.754302350804209709e-04
7.754283724352717400e-04
7.754266844131052494e-04
7.754248799756169319e-04
7.754230173304677010e-04
7.754213293083012104e-04
7.754195248708128929e-04
7.754177204333245754e-04
7.754159742034971714e-04
7.754141115583479404e-04
7.754123653285205364e-04
7.754105608910322189e-04
7.754088146612048149e-04
7.754070102237164974e-04
7.754052639938890934e-04
7.754035177640616894e-04
7.754017133265733719e-04
7.753998506814241409e-04
7.753979880362749100e-04
7.753962418064475060e-04
7.753945537842810154e-04
7.753927493467926979e-04
7.753910031169652939e-04
7.753890822641551495e-04
7.753873942419886589e-04
7.753855898045003414e-04
7.753837853670120239e-04
7.753819227218627930e-04
7.753801764920353889e-04
7.753784884698688984e-04
7.753766258247196674e-04
7.753748213872313499e-04
7.753731333650648594e-04
7.753713871352374554e-04
7.753695244900882244e-04
7.753676618449389935e-04
7.753660320304334164e-04
7.753642275929450989e-04
7.753624231554567814e-04
7.753606187179684639e-04
7.753588724881410599e-04
7.753570680506527424e-04
7.753552636131644249e-04
7.753534591756761074e-04
7.753516547381877899e-04
7.753499085083603859e-04
7.753481040708720684e-04
7.753462996333837509e-04
7.753445534035563469e-04
7.753428653813898563e-04
7.753410027362406254e-04
7.753392565064132214e-04
7.753373938612639904e-04
7.753355894237756729e-04
7.753339014016091824e-04
7.753321551717817783e-04
7.753304089419543743e-04
7.753285462968051434e-04
7.753266254439949989e-04
7.753249956294894218e-04
7.753232493996620178e-04
7.753213867545127869e-04
7.753195823170244694e-04
7.753178360871970654e-04
7.753160898573696613e-04
7.753142272122204304e-04
7.753125391900539398e-04
7.753106765449047089e-04
7.753089303150773048e-04
7.753071840852499008e-04
7.753053796477615833e-04
7.753035752102732658e-04
7.753018289804458618e-04
7.753000245429575443e-04
7.752982201054692268e-04
7.752964738756418228e-04
7.752946694381535053e-04
7.752929232083261013e-04
7.752911187708377838e-04
7.752893725410103798e-04
7.752875098958611488e-04
7.752857636660337448e-04
7.752840174362063408e-04
7.752822129987180233e-04
7.752804085612297058e-04
7.752786623314023018e-04
7.752767996862530708e-04
7.752750534564256668e-04
7.752733072265982628e-04
7.752715027891099453e-04
7.752697565592825413e-04
7.752680103294551373e-04
7.752662058919668198e-04
7.752645760774612427e-04
7.752625970169901848e-04
7.752608507871627808e-04
7.752591045573353767e-04
7.752573001198470592e-04
7.752555538900196552e-04
7.752537494525313377e-04
7.752518868073821068e-04
7.752501987852156162e-04
7.752484525553882122e-04
7.752466481178998947e-04
7.752447854727506638e-04
7.752430974505841732e-04
7.752413512207567692e-04
7.752394303679466248e-04
7.752376841381192207e-04
7.752359961159527302e-04
7.752341334708034992e-04
7.752323872409760952e-04
7.752305828034877777e-04
7.752288947813212872e-04
7.752270903438329697e-04
7.752253441140055656e-04
7.752234232611954212e-04
7.752217352390289307e-04
7.752199308015406132e-04
7.752181263640522957e-04
7.752163801342248917e-04
7.752145756967365742e-04
7.752127712592482567e-04
7.752110250294208527e-04
7.752093370072543621e-04
7.752075907774269581e-04
7.752057863399386406e-04
7.752039819024503231e-04
7.752021192573010921e-04
7.752004312351346016e-04
7.751986267976462841e-04
