4.758489667437970638e-04
4.758470458909869194e-04
4.758452996611595154e-04
4.758434370160102844e-04
4.758416034746915102e-04
4.758399154525250196e-04
4.758380528073757887e-04
4.758361901622265577e-04
4.758343566209077835e-04
4.758325521834194660e-04
4.758306895382702351e-04
4.758288268931210041e-04
4.758269642479717731e-04
4.758252762258052826e-04
4.758233553729951382e-04
4.758216382469981909e-04
4.758197756018489599e-04
4.758179711643606424e-04
4.758161085192114115e-04
4.758143040817230940e-04
4.758125287480652332e-04
4.758106369990855455e-04
4.758088616654276848e-04
4.758070572279393673e-04
4.758052236866205931e-04
4.758034192491322756e-04
4.758015566039830446e-04
4.757998394779860973e-04
4.757979768328368664e-04
4.757960850838571787e-04
4.757943097501993179e-04
4.757924471050500870e-04
4.757907008752226830e-04
4.757888382300734520e-04
4.757870628964155912e-04
4.757852002512663603e-04
4.757833376061171293e-04
4.757815331686288118e-04
4.757797578349709511e-04
4.757779533974826336e-04
4.757761489599943161e-04
4.757742863148450851e-04
4.757724818773567677e-04
4.757706192322075367e-04
4.757689021062105894e-04
4.757670394610613585e-04
4.757651768159121275e-04
4.757633723784238100e-04
4.757614515256136656e-04
4.757597343996167183e-04
4.757579299621284008e-04
4.757561546284705400e-04
4.757543210871517658e-04
4.757525457534939051e-04
4.757506831083446741e-04
4.757487913593649864e-04
4.757471033371984959e-04
4.757452406920492649e-04
4.757434944622218609e-04
4.757416609209030867e-04
4.757398564834147692e-04
4.757380520459264517e-04
4.757361311931163073e-04
4.757344140671193600e-04
4.757325223181396723e-04
4.757307469844818115e-04
4.757288552355021238e-04
4.757270799018442631e-04
4.757252172566950321e-04
4.757233546115458012e-04
4.757216956932097673e-04
4.757197748403996229e-04
4.757180577144026756e-04
4.757161659654229879e-04
4.757143033202737570e-04
4.757125279866158962e-04
4.757107235491275787e-04
4.757089191116392612e-04
4.757071146741509438e-04
4.757053393404930830e-04
4.757034766953438520e-04
4.757017013616859913e-04
4.756999551318585873e-04
4.756980342790484428e-04
4.756962880492210388e-04
4.756943671964108944e-04
4.756926500704139471e-04
4.756907583214342594e-04
4.756889829877763987e-04
4.756871785502880812e-04
4.756853450089693069e-04
4.756835405714809895e-04
4.756816779263317585e-04
4.756799608003348112e-04
4.756780108436942101e-04
4.756762937176972628e-04
4.756744310725480318e-04
4.756726266350597143e-04
4.756708513014018536e-04
4.756689886562526226e-04
4.756672715302556753e-04
4.756653797812759876e-04
4.756635753437876701e-04
4.756617418024688959e-04
4.756599082611501217e-04
4.756581329274922609e-04
4.756563284900039434e-04
4.756545531563460827e-04
4.756526905111968517e-04
4.756509442813694477e-04
4.756491689477115870e-04
4.756472480949014425e-04
4.756454436574131250e-04
4.756436392199248075e-04
4.756418347824364901e-04
4.756399721372872591e-04
4.756382550112903118e-04
4.756363923661410809e-04
4.756345879286527634e-04
4.756327543873339891e-04
4.756309499498456717e-04
4.756291455123573542e-04
4.756272828672081232e-04
4.756255657412111759e-04
4.756237030960619450e-04
4.756219277624040842e-04
4.756201233249157667e-04
4.756183188874274492e-04
4.756165144499391317e-04
4.756147391162812710e-04
4.756128764711320400e-04
4.756110138259828091e-04
4.756092966999858618e-04
4.756074340548366308e-04
4.756056296173483133e-04
4.756038542836904526e-04
4.756021080538630486e-04
4.756003036163747311e-04
4.755984409712255001e-04
4.755966074299067259e-04
4.755948029924184084e-04
4.755929985549300909e-04
4.755911941174417734e-04
4.755893605761229992e-04
4.755874979309737682e-04
4.755857808049768209e-04
4.755838890559971333e-04
4.755821137223392725e-04
4.755803674925118685e-04
4.755785048473626375e-04
4.755767004098743200e-04
4.755748668685555458e-04
4.755730624310672283e-04
4.755712579935789108e-04
4.755694244522601366e-04
4.755676782224327326e-04
4.755658155772835016e-04
4.755640402436256409e-04
4.755621775984764099e-04
4.755604604724794626e-04
4.755586269311606884e-04
4.755568515975028276e-04
4.755550471600145102e-04
4.755532136186957359e-04
4.755514091812074184e-04
4.755495174322277308e-04
4.755478294100612402e-04
4.755459667649120092e-04
4.755441623274236917e-04
4.755422996822744608e-04
4.755405825562775135e-04
4.755386908072978258e-04
4.755369736813008785e-04
4.755351110361516476e-04
4.755333065986633301e-04
4.755315312650054693e-04
4.755297268275171518e-04
4.755279514938592911e-04
4.755260888487100601e-04
4.755243426188826561e-04
4.755224217660725117e-04
4.755207628477364779e-04
4.755189002025872469e-04
4.755171248689293861e-04
4.755153204314410686e-04
4.755134577862918377e-04
4.755116533488035202e-04
4.755098198074847460e-04
4.755080153699964285e-04
4.755062109325081110e-04
4.755044355988502502e-04
4.755026311613619328e-04
4.755008558277040720e-04
4.754990513902157545e-04
4.754973051603883505e-04
4.754953843075782061e-04
4.754936089739203453e-04
4.754917754326015711e-04
4.754900000989437103e-04
4.754881956614553928e-04
4.754864785354584455e-04
4.754846158903092146e-04
4.754827532451599836e-04
4.754809488076716661e-04
4.754792316816747189e-04
4.754773108288645744e-04
4.754755937028676271e-04
4.754737310577183962e-04
4.754719266202300787e-04
4.754701512865722179e-04
4.754682886414229870e-04
4.754665424115955830e-04
4.754647379741072655e-04
4.754629044327884912e-04
4.754611873067915440e-04
4.754592373501509428e-04
4.754574911203235388e-04
4.754557157866656780e-04
4.754539113491773605e-04
4.754520487040281296e-04
4.754503315780311823e-04
4.754484689328819513e-04
4.754466935992240906e-04
4.754448309540748596e-04
4.754430265165865421e-04
4.754413093905895948e-04
4.754394176416099072e-04
4.754377005156129599e-04
4.754357796628028154e-04
4.754341207444667816e-04
4.754322872031480074e-04
4.754304827656596899e-04
4.754286201205104589e-04
4.754268738906830549e-04
4.754250403493642807e-04
4.754232359118759632e-04
4.754214896820485592e-04
4.754196270368993282e-04
4.754179099109023809e-04
4.754160763695836067e-04
4.754142719320952892e-04
4.754124092869460583e-04
4.754106630571186543e-04
4.754088295157998800e-04
4.754070832859724760e-04
4.754051624331623316e-04
4.754034453071653843e-04
4.754015826620161533e-04
4.753998364321887493e-04
4.753980610985308886e-04
4.753961984533816576e-04
4.753944813273847103e-04
4.753926186822354794e-04
4.753908724524080753e-04
4.753890098072588444e-04
4.753872926812618971e-04
4.753854300361126661e-04
4.753837129101157188e-04
4.753818502649664879e-04
4.753801331389695406e-04
4.753782413899898529e-04
4.753765242639929056e-04
4.753746034111827612e-04
4.753728280775249004e-04
4.753711109515279531e-04
4.753692192025482655e-04
4.753675020765513182e-04
4.753656394314020872e-04
4.753638640977442265e-04
4.753620596602559090e-04
4.753602843265980482e-04
4.753584798891097307e-04
4.753566754516214132e-04
4.753548710141330957e-04
4.753530956804752350e-04
4.753512912429869175e-04
4.753495159093290567e-04
4.753477696795016527e-04
4.753459070343524218e-04
4.753440734930336475e-04
4.753422399517148733e-04
4.753405228257179260e-04
4.753386601805686951e-04
4.753369430545717478e-04
4.753350804094225168e-04
4.753333632834255695e-04
4.753315006382763386e-04
4.753297835122793913e-04
4.753278335556387901e-04
4.753261455334722996e-04
4.753242828883230686e-04
4.753225948661565781e-04
4.753207322210073471e-04
4.753188986796885729e-04
4.753170942422002554e-04
4.753152898047119379e-04
4.753134853672236204e-04
4.753117682412266731e-04
4.753099346999078989e-04
4.753081302624195814e-04
4.753063549287617207e-04
4.753046086989343166e-04
4.753027460537850857e-04
4.753009416162967682e-04
4.752991080749779940e-04
4.752973909489810467e-04
4.752955865114927292e-04
4.752938402816653252e-04
4.752919776365160942e-04
4.752901440951973200e-04
4.752884851768612862e-04
4.752866225317120552e-04
4.752848180942237377e-04
4.752830427605658770e-04
4.752812965307384729e-04
4.752794629894196987e-04
4.752776003442704678e-04
4.752759414259344339e-04
4.752741369884461164e-04
4.752723325509577990e-04
4.752704699058085680e-04
4.752686945721507072e-04
4.752668319270014763e-04
4.752651148010045290e-04
4.752633103635162115e-04
4.752615350298583508e-04
4.752596723847091198e-04
4.752579261548817158e-04
4.752561508212238550e-04
4.752543463837355375e-04
4.752525419462472200e-04
4.752507666125893593e-04
4.752489039674401283e-04
4.752471577376127243e-04
4.752454406116157770e-04
4.752436652779579163e-04
4.752418899443000555e-04
4.752399981953203678e-04
4.752382228616625071e-04
4.752363311126828194e-04
4.752346430905163288e-04
4.752327804453670979e-04
4.752310342155396938e-04
4.752292297780513763e-04
4.752275126520544291e-04
4.752255917992442846e-04
4.752239328809082508e-04
4.752220702357590199e-04
4.752202949021011591e-04
4.752184322569519281e-04
4.752166860271245241e-04
4.752148233819752932e-04
4.752131353598088026e-04
4.752113309223204851e-04
4.752094682771712542e-04
4.752077220473438501e-04
4.752059467136859894e-04
4.752041422761976719e-04
4.752023087348788977e-04
4.752005042973905802e-04
4.751987580675631762e-04
4.751969245262444019e-04
4.751952074002474546e-04
4.751934029627591372e-04
4.751916276291012764e-04
4.751898231916129589e-04
4.751880187541246414e-04
4.751862143166363239e-04
4.751844971906393766e-04
4.751826636493206024e-04
4.751809174194931984e-04
4.751791129820048809e-04
4.751772794406861067e-04
4.751755332108587027e-04
4.751737578772008419e-04
4.751719534397125244e-04
4.751701781060546637e-04
4.751684318762272596e-04
4.751666565425693989e-04
4.751648521050810814e-04
4.751629312522709370e-04
4.751612141262739897e-04
4.751594096887856722e-04
4.751576052512973547e-04
4.751557717099785805e-04
4.751539672724902630e-04
4.751522501464933157e-04
4.751505039166659117e-04
4.751486703753471375e-04
4.751468659378588200e-04
4.751450906042009592e-04
4.751433443743735552e-04
4.751415108330547810e-04
4.751397063955664635e-04
4.751379019580781460e-04
4.751361848320811987e-04
4.751342639792710543e-04
4.751326050609350204e-04
4.751308006234467030e-04
4.751289961859583855e-04
4.751271626446396112e-04
4.751254164148122072e-04
4.751235828734934330e-04
4.751218366436660290e-04
4.751200322061777115e-04
4.751183150801807642e-04
4.751165397465229034e-04
4.751147353090345860e-04
4.751129017677158117e-04
4.751111555378884077e-04
4.751093802042305470e-04
4.751075757667422295e-04
4.751057713292539120e-04
4.751039377879351377e-04
4.751022206619381905e-04
4.751004162244498730e-04
4.750986117869615555e-04
4.750969528686255217e-04
4.750950320158153772e-04
4.750932566821575165e-04
4.750915104523301125e-04
4.750897060148417950e-04
4.750878724735230207e-04
4.750861262436956167e-04
4.750842927023768425e-04
4.750825755763798952e-04
4.750807420350611210e-04
4.750789667014032602e-04
4.750771913677453995e-04
4.750753869302570820e-04
4.750735824927687645e-04
4.750718071591109037e-04
4.750700027216225863e-04
4.750682855956256390e-04
4.750664811581373215e-04
4.750647640321403742e-04
4.750629886984825134e-04
4.750611260533332825e-04
4.750593798235058784e-04
4.750576044898480177e-04
4.750557418446987867e-04
4.750539665110409260e-04
4.750522202812135220e-04
4.750504449475556612e-04
4.750486405100673437e-04
4.750468651764094830e-04
4.750451189465820789e-04
4.750432854052633047e-04
4.750415391754359007e-04
4.750397347379475832e-04
4.750380176119506359e-04
4.750361549668014050e-04
4.750343214254826307e-04
4.750326042994856834e-04
4.750308580696582794e-04
4.750289954245090485e-04
4.750272782985121012e-04
4.750254156533628702e-04
4.750237858388572931e-04
4.750218358822166920e-04
4.750201769638806581e-04
4.750183725263923407e-04
4.750165971927344799e-04
4.750147345475852489e-04
4.750130174215883017e-04
4.750112420879304409e-04
4.750094376504421234e-04
4.750076914206147194e-04
4.750059160869568586e-04
4.750040534418076277e-04
4.750023945234715939e-04
4.750004736706614494e-04
4.749986983370035887e-04
4.749970103148370981e-04
4.749951476696878672e-04
4.749933723360300064e-04
4.749916552100330591e-04
4.749897925648838282e-04
4.749880172312259674e-04
4.749862710013985634e-04
4.749844665639102459e-04
4.749827785417437553e-04
4.749809158965945244e-04
4.749791696667671204e-04
4.749773943331092596e-04
4.749757354147732258e-04
4.749738727696239948e-04
4.749720974359661341e-04
4.749702347908169031e-04
4.749684885609894991e-04
4.749667132273316383e-04
4.749649087898433208e-04
4.749631334561854601e-04
4.749614163301885128e-04
4.749595245812088251e-04
4.749578365590423346e-04
4.749560321215540171e-04
4.749541403725743294e-04
4.749523068312555552e-04
4.749506479129195213e-04
