6.770421750843524933e-04
6.770403124392032623e-04
6.770384497940540314e-04
6.770367035642266273e-04
6.770348409190773964e-04
6.770329782739281654e-04
6.770311156287789345e-04
6.770293693989515305e-04
6.770275067538022995e-04
6.770255859009921551e-04
6.770237232558429241e-04
6.770218606106936932e-04
6.770201725885272026e-04
6.770181935280561447e-04
6.770163308829069138e-04
6.770146428607404232e-04
6.770126638002693653e-04
6.770108011551201344e-04
6.770091131329536438e-04
6.770073086954653263e-04
6.770053296349942684e-04
6.770034669898450375e-04
6.770016625523567200e-04
6.769998581148684025e-04
6.769979954697191715e-04
6.769960746169090271e-04
6.769944448024034500e-04
6.769925821572542191e-04
6.769907195121049881e-04
6.769888568669557571e-04
6.769870524294674397e-04
6.769850733689963818e-04
6.769833271391689777e-04
6.769814644940197468e-04
6.769796018488705158e-04
6.769777392037212849e-04
6.769759929738938808e-04
6.769740721210837364e-04
6.769722676835954189e-04
6.769704632461071014e-04
6.769686006009578705e-04
6.769666797481477261e-04
6.769648753106594086e-04
6.769630708731710911e-04
6.769613246433436871e-04
6.769594037905335426e-04
6.769574829377233982e-04
6.769556785002350807e-04
6.769538740627467632e-04
6.769520114175975323e-04
6.769501487724483013e-04
6.769483443349599838e-04
6.769465398974716663e-04
6.769446190446615219e-04
6.769429310224950314e-04
6.769410101696848869e-04
6.769392057321965694e-04
6.769372848793864250e-04
6.769354222342371941e-04
6.769336760044097900e-04
6.769318133592605591e-04
6.769300089217722416e-04
6.769280880689620972e-04
6.769262836314737797e-04
6.769244209863245487e-04
6.769226165488362312e-04
6.769208703190088272e-04
6.769190076738595963e-04
6.769171450287103653e-04
6.769152823835611343e-04
6.769133615307509899e-04
6.769116153009235859e-04
6.769097526557743549e-04
6.769080064259469509e-04
6.769060855731368065e-04
6.769042229279875755e-04
6.769024184904992580e-04
6.769006722606718540e-04
6.768986932002007961e-04
6.768969469703733921e-04
6.768951425328850746e-04
6.768931634724140167e-04
6.768914172425866127e-04
6.768894963897764683e-04
6.768876919522881508e-04
6.768858875147998333e-04
6.768840248696506023e-04
6.768823368474841118e-04
6.768804159946739674e-04
6.768784951418638229e-04
6.768766907043755054e-04
6.768748280592262745e-04
6.768730818293988705e-04
6.768712773919105530e-04
6.768693565391004086e-04
6.768674938939511776e-04
6.768657476641237736e-04
6.768638850189745426e-04
6.768620805814862251e-04
6.768601597286760807e-04
6.768583552911877632e-04
6.768564344383776188e-04
6.768546882085502148e-04
6.768528837710618973e-04
6.768510793335735798e-04
6.768491002731025219e-04
6.768474122509360313e-04
6.768455496057868004e-04
6.768437451682984829e-04
6.768419407308101654e-04
6.768401362933218479e-04
6.768380990251898766e-04
6.768362945877015591e-04
6.768346065655350685e-04
6.768327439203858376e-04
6.768309394828975201e-04
6.768290186300873756e-04
6.768272141925990582e-04
6.768254097551107407e-04
6.768235471099615097e-04
6.768217426724731922e-04
6.768198800273239613e-04
6.768180173821747303e-04
6.768161547370254993e-04
6.768144085071980953e-04
6.768125458620488644e-04
6.768107414245605469e-04
6.768088787794113159e-04
6.768070743419229984e-04
6.768052116967737675e-04
6.768034072592854500e-04
6.768016028217971325e-04
6.767996819689869881e-04
6.767978775314986706e-04
6.767960730940103531e-04
6.767942686565220356e-04
6.767925224266946316e-04
6.767906015738844872e-04
6.767887971363961697e-04
6.767868762835860252e-04
6.767850718460977077e-04
6.767833838239312172e-04
6.767814629711210728e-04
6.767795421183109283e-04
6.767778540961444378e-04
6.767761078663170338e-04
6.767741288058459759e-04
6.767723243683576584e-04
6.767705199308693409e-04
6.767686572857201099e-04
6.767668528482317924e-04
6.767649319954216480e-04
6.767631275579333305e-04
6.767612649127840996e-04
6.767595186829566956e-04
6.767575978301465511e-04
6.767557933926582336e-04
6.767540471628308296e-04
6.767521845176815987e-04
6.767504964955151081e-04
6.767485174350440502e-04
6.767466547898948193e-04
6.767447339370846748e-04
6.767430459149181843e-04
6.767412414774298668e-04
6.767393788322806358e-04
6.767375161871314049e-04
6.767357699573040009e-04
6.767338491044938564e-04
6.767320446670055389e-04
6.767301820218563080e-04
6.767284357920289040e-04
6.767266313545405865e-04
6.767248269170522690e-04
6.767229060642421246e-04
6.767210434190928936e-04
6.767192389816045761e-04
6.767174927517771721e-04
6.767156883142888546e-04
6.767138256691396236e-04
6.767119630239903927e-04
6.767101585865020752e-04
6.767082959413528442e-04
6.767064332962036133e-04
6.767045706510543823e-04
6.767028826288878918e-04
6.767009617760777473e-04
6.766991573385894299e-04
6.766973529011011124e-04
6.766956066712737083e-04
6.766937440261244774e-04
6.766919395886361599e-04
6.766900769434869289e-04
6.766882142983376980e-04
6.766864680685102940e-04
6.766845472157001495e-04
6.766828009858727455e-04
6.766808801330626011e-04
6.766790174879133701e-04
6.766772130504250526e-04
6.766755250282585621e-04
6.766736041754484177e-04
6.766718579456210136e-04
6.766699370928108692e-04
6.766681326553225517e-04
6.766662700101733208e-04
6.766644655726850033e-04
6.766626611351966858e-04
6.766607984900474548e-04
6.766589940525591373e-04
6.766572478227317333e-04
6.766552687622606754e-04
6.766536389477550983e-04
6.766517763026058674e-04
6.766498554497957230e-04
6.766479928046464920e-04
6.766462465748190880e-04
6.766444421373307705e-04
6.766426376998424530e-04
6.766407750546932220e-04
6.766389124095439911e-04
6.766371079720556736e-04
6.766353035345673561e-04
6.766335573047399521e-04
6.766316364519298077e-04
6.766298320144414902e-04
6.766280275769531727e-04
6.766262231394648552e-04
6.766243022866547108e-04
6.766224396415054798e-04
6.766207516193389893e-04
6.766189471818506718e-04
6.766170263290405273e-04
6.766152218915522099e-04
6.766134174540638924e-04
6.766116130165755749e-04
6.766098085790872574e-04
6.766078877262771130e-04
6.766061997041106224e-04
6.766043370589613914e-04
6.766024744138121605e-04
6.766006699763238430e-04
6.765988655388355255e-04
6.765970611013472080e-04
6.765951402485370636e-04
6.765935104340314865e-04
6.765917059965431690e-04
6.765897851437330246e-04
6.765878642909228802e-04
6.765860598534345627e-04
6.765842554159462452e-04
6.765825091861188412e-04
6.765806465409696102e-04
6.765789003111422062e-04
6.765769794583320618e-04
6.765751750208437443e-04
6.765734287910163403e-04
6.765715661458671093e-04
6.765697617083787918e-04
6.765679572708904743e-04
6.765661528334021568e-04
6.765642901882529259e-04
6.765624275431036949e-04
6.765606813132762909e-04
6.765588768757879734e-04
6.765570724382996559e-04
6.765551515854895115e-04
6.765534635633230209e-04
6.765516009181737900e-04
6.765497964806854725e-04
6.765479338355362415e-04
6.765460711903870106e-04
6.765442667528986931e-04
6.765425205230712891e-04
6.765406578779220581e-04
6.765387952327728271e-04
6.765370490029454231e-04
6.765350699424743652e-04
6.765334401279687881e-04
6.765315774828195572e-04
6.765296566300094128e-04
6.765278521925210953e-04
6.765260477550327778e-04
6.765241851098835468e-04
6.765223224647343159e-04
6.765207508578896523e-04
6.765188300050795078e-04
6.765170255675911903e-04
6.765151047147810459e-04
6.765133584849536419e-04
6.765115540474653244e-04
6.765097496099770069e-04
6.765078869648277760e-04
6.765060825273394585e-04
6.765042780898511410e-04
6.765025318600237370e-04
6.765006692148745060e-04
6.764988647773861885e-04
6.764969439245760441e-04
6.764951976947486401e-04
6.764933932572603226e-04
6.764916470274329185e-04
6.764896679669618607e-04
6.764879217371344566e-04
6.764860590919852257e-04
6.764843710698187351e-04
6.764825084246695042e-04
6.764805875718593597e-04
6.764788413420319557e-04
6.764769786968827248e-04
6.764752324670553207e-04
6.764734280295670033e-04
6.764716235920786858e-04
6.764697609469294548e-04
6.764678983017802238e-04
6.764661520719528198e-04
6.764642894268035889e-04
6.764625431969761848e-04
6.764606223441660404e-04
6.764588761143386364e-04
6.764570716768503189e-04
6.764552090317010880e-04
6.764535210095345974e-04
6.764517165720462799e-04
6.764499121345579624e-04
6.764479912817478180e-04
6.764461286365985870e-04
6.764444406144320965e-04
6.764425197616219521e-04
6.764407153241336346e-04
6.764389108866453171e-04
6.764371646568179131e-04
6.764353602193295956e-04
6.764334975741803646e-04
6.764316931366920471e-04
6.764297722838819027e-04
6.764280842617154121e-04
6.764262216165661812e-04
6.764243007637560368e-04
6.764224963262677193e-04
6.764207500964403152e-04
6.764189456589519978e-04
6.764172576367855072e-04
6.764152785763144493e-04
6.764135323464870453e-04
6.764116114936769009e-04
6.764099816791713238e-04
6.764080608263611794e-04
6.764062563888728619e-04
6.764044519513845444e-04
6.764025893062353134e-04
6.764007848687469959e-04
6.763990386389195919e-04
6.763972342014312744e-04
6.763954879716038704e-04
6.763935089111328125e-04
6.763917044736444950e-04
6.763898418284952641e-04
6.763881538063287735e-04
6.763864657841622829e-04
6.763844285160303116e-04
6.763825658708810806e-04
6.763808778487145901e-04
6.763791316188871861e-04
6.763772689737379551e-04
6.763754645362496376e-04
6.763736600987613201e-04
6.763717392459511757e-04
6.763701094314455986e-04
6.763681885786354542e-04
6.763664423488080502e-04
6.763645214959979057e-04
6.763627752661705017e-04
6.763609126210212708e-04
6.763591081835329533e-04
6.763572455383837223e-04
6.763555575162172318e-04
6.763536948710680008e-04
6.763519486412405968e-04
6.763500277884304523e-04
6.763482815586030483e-04
6.763465353287756443e-04
6.763446726836264133e-04
6.763428682461380959e-04
6.763410638086497784e-04
6.763391429558396339e-04
6.763372803106904030e-04
6.763355922885239124e-04
6.763338460586965084e-04
6.763318669982254505e-04
6.763301789760589600e-04
6.763283163309097290e-04
6.763266283087432384e-04
6.763247656635940075e-04
6.763229612261056900e-04
6.763210985809564590e-04
6.763192941434681416e-04
6.763174897059798241e-04
6.763157434761524200e-04
6.763139972463250160e-04
6.763121346011757851e-04
6.763101555407047272e-04
6.763084093108773232e-04
6.763066048733890057e-04
6.763048586435616016e-04
6.763030542060732841e-04
6.763013079762458801e-04
6.762994453310966492e-04
6.762976408936083317e-04
6.762957782484591007e-04
6.762939738109707832e-04
6.762921111658215523e-04
6.762903067283332348e-04
6.762885604985058308e-04
6.762866978533565998e-04
6.762849516235291958e-04
6.762831471860408783e-04
6.762814009562134743e-04
6.762795383110642433e-04
6.762777920812368393e-04
6.762759294360876083e-04
6.762740667909383774e-04
6.762722041457891464e-04
6.762703997083008289e-04
6.762687116861343384e-04
6.762668490409851074e-04
6.762651610188186169e-04
6.762632983736693859e-04
6.762614939361810684e-04
6.762596312910318375e-04
6.762578850612044334e-04
6.762559642083942890e-04
6.762541597709059715e-04
6.762524135410785675e-04
6.762506673112511635e-04
6.762488628737628460e-04
6.762470002286136150e-04
6.762452539987862110e-04
6.762435077689588070e-04
6.762415869161486626e-04
6.762398406863212585e-04
6.762380362488329411e-04
6.762362900190055370e-04
6.762344273738563061e-04
6.762326811440289021e-04
6.762308184988796711e-04
6.762290140613913536e-04
6.762272096239030361e-04
6.762254051864147186e-04
6.762235425412654877e-04
6.762218545190989971e-04
6.762200500816106796e-04
6.762182456441223621e-04
6.762163829989731312e-04
6.762145203538239002e-04
6.762127159163355827e-04
6.762109696865081787e-04
6.762091652490198612e-04
6.762073026038706303e-04
6.762054399587213993e-04
6.762037519365549088e-04
6.762020057067275047e-04
6.762001430615782738e-04
6.761983968317508698e-04
6.761965923942625523e-04
6.761947297491133213e-04
6.761928671039640903e-04
6.761910626664757729e-04
6.761893164366483688e-04
6.761875119991600513e-04
6.761857075616717339e-04
6.761839031241834164e-04
6.761821568943560123e-04
6.761802942492067814e-04
6.761784898117184639e-04
6.761766853742301464e-04
6.761748809367418289e-04
6.761730764992535114e-04
6.761713302694261074e-04
6.761695258319377899e-04
6.761676631867885590e-04
6.761658587493002415e-04
6.761639961041510105e-04
6.761621916666626930e-04
6.761604454368352890e-04
6.761586409993469715e-04
6.761567783541977406e-04
6.761550903320312500e-04
6.761532276868820190e-04
6.761514232493937016e-04
6.761496770195662975e-04
6.761478143744170666e-04
6.761460681445896626e-04
6.761443219147622585e-04
6.761425174772739410e-04
6.761407130397856236e-04
6.761388503946363926e-04
6.761370459571480751e-04
6.761351833119988441e-04
6.761333788745105267e-04
