9.814412333071231842e-04
9.814391378313302994e-04
9.814369259402155876e-04
9.814351797103881836e-04
9.814330842345952988e-04
9.814312215894460678e-04
9.814290096983313560e-04
9.814270306378602982e-04
9.814250515773892403e-04
9.814230725169181824e-04
9.814209770411252975e-04
9.814188815653324127e-04
9.814169025048613548e-04
9.814150398597121239e-04
9.814129443839192390e-04
9.814109653234481812e-04
9.814089862629771233e-04
9.814070072025060654e-04
9.814050281420350075e-04
9.814028162509202957e-04
9.814009536057710648e-04
9.813988581299781799e-04
9.813969954848289490e-04
9.813949000090360641e-04
9.813928045332431793e-04
9.813909418880939484e-04
9.813890792429447174e-04
9.813868673518300056e-04
9.813848882913589478e-04
9.813829092308878899e-04
9.813808137550950050e-04
9.813788346946239471e-04
9.813768556341528893e-04
9.813748765736818314e-04
9.813727810978889465e-04
9.813706856220960617e-04
9.813689393922686577e-04
9.813668439164757729e-04
9.813648648560047150e-04
9.813627693802118301e-04
9.813607903197407722e-04
9.813589276745915413e-04
9.813568321987986565e-04
9.813547367230057716e-04
9.813527576625347137e-04
9.813507786020636559e-04
9.813486831262707710e-04
9.813467040657997131e-04
9.813448414206504822e-04
9.813427459448575974e-04
9.813407668843865395e-04
9.813385549932718277e-04
9.813366923481225967e-04
9.813347132876515388e-04
9.813326178118586540e-04
9.813306387513875961e-04
9.813285432755947113e-04
9.813265642151236534e-04
9.813245851546525955e-04
9.813227225095033646e-04
9.813206270337104797e-04
9.813186479732394218e-04
9.813165524974465370e-04
9.813148062676191330e-04
9.813125943765044212e-04
9.813106153160333633e-04
9.813086362555623055e-04
9.813066571950912476e-04
9.813046781346201897e-04
9.813026990741491318e-04
9.813006035983562469e-04
9.812985081225633621e-04
9.812964126467704773e-04
9.812945500016212463e-04
9.812925709411501884e-04
9.812905918806791306e-04
9.812887292355298996e-04
9.812866337597370148e-04
9.812846546992659569e-04
9.812825592234730721e-04
9.812804637476801872e-04
9.812786011025309563e-04
9.812765056267380714e-04
9.812746429815888405e-04
9.812725475057959557e-04
9.812705684453248978e-04
9.812685893848538399e-04
9.812664939090609550e-04
9.812646312639117241e-04
9.812625357881188393e-04
9.812605567276477814e-04
9.812585776671767235e-04
9.812564821913838387e-04
9.812546195462346077e-04
9.812525240704417229e-04
9.812504285946488380e-04
9.812485659494996071e-04
9.812465868890285492e-04
9.812444914132356644e-04
9.812425123527646065e-04
9.812405332922935486e-04
9.812384378165006638e-04
9.812365751713514328e-04
9.812345961108803749e-04
9.812325006350874901e-04
9.812305215746164322e-04
9.812285425141453743e-04
9.812265634536743164e-04
9.812245843932032585e-04
9.812224889174103737e-04
9.812206262722611427e-04
9.812185307964682579e-04
9.812165517359972000e-04
9.812145726755261421e-04
9.812124771997332573e-04
9.812104981392621994e-04
9.812086354941129684e-04
9.812065400183200836e-04
9.812045609578490257e-04
9.812024654820561409e-04
9.812006028369069099e-04
9.811986237764358521e-04
9.811966447159647942e-04
9.811945492401719093e-04
9.811924537643790245e-04
9.811907075345516205e-04
9.811886120587587357e-04
9.811866329982876778e-04
9.811845375224947929e-04
9.811824420467019081e-04
9.811806958168745041e-04
9.811787167564034462e-04
9.811765048652887344e-04
9.811745258048176765e-04
9.811725467443466187e-04
9.811705676838755608e-04
9.811685886234045029e-04
9.811664931476116180e-04
9.811646305024623871e-04
9.811624186113476753e-04
9.811605559661984444e-04
9.811586933210492134e-04
9.811565978452563286e-04
9.811546187847852707e-04
9.811526397243142128e-04
9.811505442485213280e-04
9.811486816033720970e-04
9.811465861275792122e-04
9.811447234824299812e-04
9.811426280066370964e-04
9.811406489461660385e-04
9.811386698856949806e-04
9.811366908252239227e-04
9.811345953494310379e-04
9.811327327042818069e-04
9.811306372284889221e-04
9.811286581680178642e-04
9.811265626922249794e-04
9.811247000470757484e-04
9.811226045712828636e-04
9.811206255108118057e-04
9.811186464503407478e-04
9.811166673898696899e-04
9.811146883293986320e-04
9.811127092689275742e-04
9.811107302084565163e-04
9.811085183173418045e-04
9.811065392568707466e-04
9.811046766117215157e-04
9.811026975512504578e-04
9.811007184907793999e-04
9.810986230149865150e-04
9.810966439545154572e-04
9.810947813093662262e-04
9.810926858335733414e-04
9.810907067731022835e-04
9.810888441279530525e-04
9.810868650674819946e-04
9.810847695916891098e-04
9.810826741158962250e-04
9.810806950554251671e-04
9.810788324102759361e-04
9.810768533498048782e-04
9.810747578740119934e-04
9.810727788135409355e-04
9.810706833377480507e-04
9.810688206925988197e-04
9.810668416321277618e-04
9.810647461563348770e-04
9.810626506805419922e-04
9.810609044507145882e-04
9.810586925595998764e-04
9.810568299144506454e-04
9.810548508539795876e-04
9.810528717935085297e-04
9.810508927330374718e-04
9.810489136725664139e-04
9.810468181967735291e-04
9.810448391363024712e-04
9.810429764911532402e-04
9.810408810153603554e-04
9.810389019548892975e-04
9.810371557250618935e-04
9.810349438339471817e-04
9.810329647734761238e-04
9.810309857130050659e-04
9.810288902372121811e-04
9.810271440073847771e-04
9.810250485315918922e-04
9.810228366404771805e-04
9.810210904106497765e-04
9.810191113501787186e-04
9.810171322897076607e-04
9.810150368139147758e-04
9.810129413381218910e-04
9.810110786929726601e-04
9.810088668018579483e-04
9.810068877413868904e-04
9.810050250962376595e-04
9.810030460357666016e-04
9.810010669752955437e-04
9.809990879148244858e-04
9.809971088543534279e-04
9.809951297938823700e-04
9.809931507334113121e-04
9.809911716729402542e-04
9.809891926124691963e-04
9.809872135519981384e-04
9.809851180762052536e-04
9.809832554310560226e-04
9.809812763705849648e-04
9.809791808947920799e-04
9.809772018343210220e-04
9.809751063585281372e-04
9.809733601287007332e-04
9.809713810682296753e-04
9.809692855924367905e-04
9.809671901166439056e-04
9.809653274714946747e-04
9.809633484110236168e-04
9.809613693505525589e-04
9.809592738747596741e-04
9.809571783989667892e-04
9.809555485844612122e-04
9.809534531086683273e-04
9.809513576328754425e-04
9.809493785724043846e-04
9.809475159272551537e-04
9.809455368667840958e-04
9.809434413909912109e-04
9.809413459151983261e-04
9.809394832700490952e-04
9.809376206248998642e-04
9.809354087337851524e-04
9.809334296733140945e-04
9.809314506128430367e-04
9.809295879676938057e-04
9.809276089072227478e-04
9.809255134314298630e-04
9.809234179556369781e-04
9.809215553104877472e-04
9.809196926653385162e-04
9.809175971895456314e-04
9.809155017137527466e-04
9.809136390686035156e-04
9.809117764234542847e-04
9.809096809476613998e-04
9.809077018871903419e-04
9.809057228267192841e-04
9.809037437662482262e-04
9.809017647057771683e-04
9.808997856453061104e-04
9.808978065848350525e-04
9.808958275243639946e-04
9.808938484638929367e-04
9.808917529881000519e-04
9.808898903429508209e-04
9.808879112824797630e-04
9.808858158066868782e-04
9.808838367462158203e-04
9.808817412704229355e-04
9.808798786252737045e-04
9.808778995648026466e-04
9.808759205043315887e-04
9.808740578591823578e-04
9.808719623833894730e-04
9.808700997382402420e-04
9.808678878471255302e-04
9.808659087866544724e-04
9.808640461415052414e-04
9.808619506657123566e-04
9.808599716052412987e-04
9.808579925447702408e-04
9.808560134842991829e-04
9.808540344238281250e-04
9.808520553633570671e-04
9.808501927182078362e-04
9.808480972424149513e-04
9.808461181819438934e-04
9.808441391214728355e-04
9.808421600610017776e-04
9.808401810005307198e-04
9.808382019400596619e-04
9.808362228795886040e-04
9.808342438191175461e-04
9.808322647586464882e-04
9.808302856981754303e-04
9.808283066377043724e-04
9.808263275772333145e-04
9.808243485167622566e-04
9.808223694562911987e-04
9.808203903958201408e-04
9.808184113353490829e-04
9.808165486901998520e-04
9.808144532144069672e-04
9.808124741539359093e-04
9.808103786781430244e-04
9.808085160329937935e-04
9.808064205572009087e-04
9.808045579120516777e-04
9.808025788515806198e-04
9.808005997911095619e-04
9.807985043153166771e-04
9.807966416701674461e-04
9.807946626096963882e-04
9.807925671339035034e-04
9.807907044887542725e-04
9.807886090129613876e-04
9.807867463678121567e-04
9.807846508920192719e-04
9.807827882468700409e-04
9.807806927710771561e-04
9.807787137106060982e-04
9.807768510654568672e-04
9.807746391743421555e-04
9.807730093598365784e-04
9.807709138840436935e-04
9.807689348235726357e-04
9.807669557631015778e-04
9.807649767026305199e-04
9.807629976421594620e-04
9.807609021663665771e-04
9.807590395212173462e-04
9.807569440454244614e-04
9.807550814002752304e-04
9.807531023398041725e-04
9.807511232793331146e-04
9.807489113882184029e-04
9.807470487430691719e-04
9.807450696825981140e-04
9.807432070374488831e-04
9.807411115616559982e-04
9.807392489165067673e-04
9.807371534407138824e-04
9.807350579649209976e-04
9.807333117350935936e-04
9.807314490899443626e-04
9.807293536141514778e-04
9.807272581383585930e-04
9.807253954932093620e-04
9.807235328480601311e-04
9.807214373722672462e-04
9.807193418964743614e-04
9.807174792513251305e-04
9.807156166061758995e-04
9.807134047150611877e-04
9.807115420699119568e-04
9.807094465941190720e-04
9.807075839489698410e-04
9.807056048884987831e-04
9.807036258280277252e-04
9.807017631828784943e-04
9.806997841224074364e-04
9.806976886466145515e-04
9.806957095861434937e-04
9.806938469409942627e-04
9.806918678805232048e-04
9.806897724047303200e-04
9.806877933442592621e-04
9.806856978684663773e-04
9.806839516386389732e-04
9.806818561628460884e-04
9.806798771023750305e-04
9.806780144572257996e-04
9.806760353967547417e-04
9.806739399209618568e-04
9.806720772758126259e-04
9.806700982153415680e-04
9.806680027395486832e-04
9.806661400943994522e-04
9.806639282032847404e-04
9.806620655581355095e-04
9.806600864976644516e-04
9.806581074371933937e-04
9.806562447920441628e-04
9.806542657315731049e-04
9.806522866711020470e-04
9.806503076106309891e-04
9.806484449654817581e-04
9.806463494896888733e-04
9.806443704292178154e-04
9.806422749534249306e-04
9.806404123082756996e-04
9.806384332478046417e-04
9.806364541873335838e-04
9.806344751268625259e-04
9.806326124817132950e-04
9.806306334212422371e-04
9.806285379454493523e-04
9.806266753003001213e-04
9.806245798245072365e-04
9.806227171793580055e-04
9.806207381188869476e-04
9.806187590584158897e-04
9.806167799979448318e-04
9.806148009374737740e-04
9.806127054616808891e-04
9.806109592318534851e-04
9.806087473407387733e-04
9.806068846955895424e-04
9.806049056351184845e-04
9.806029265746474266e-04
9.806009475141763687e-04
9.805989684537053108e-04
9.805968729779124260e-04
9.805948939174413681e-04
9.805931476876139641e-04
9.805911686271429062e-04
9.805890731513500214e-04
9.805872105062007904e-04
9.805852314457297325e-04
9.805832523852586746e-04
9.805811569094657898e-04
9.805792942643165588e-04
9.805774316191673279e-04
9.805753361433744431e-04
9.805735899135470390e-04
9.805713780224323273e-04
9.805695153772830963e-04
9.805675363168120384e-04
9.805654408410191536e-04
9.805635781958699226e-04
9.805615991353988647e-04
9.805597364902496338e-04
9.805577574297785759e-04
9.805556619539856911e-04
9.805536828935146332e-04
9.805515874177217484e-04
9.805497247725725174e-04
9.805479785427451134e-04
9.805458830669522285e-04
9.805439040064811707e-04
9.805418085306882858e-04
9.805399458855390549e-04
9.805378504097461700e-04
9.805359877645969391e-04
9.805340087041258812e-04
9.805319132283329964e-04
9.805300505831837654e-04
9.805280715227127075e-04
9.805262088775634766e-04
9.805241134017705917e-04
9.805221343412995338e-04
9.805201552808284760e-04
9.805182926356792450e-04
9.805163135752081871e-04
9.805143345147371292e-04
9.805124718695878983e-04
9.805103763937950134e-04
9.805082809180021286e-04
9.805066511034965515e-04
9.805045556277036667e-04
9.805025765672326088e-04
9.805004810914397240e-04
9.804987348616123199e-04
9.804966393858194351e-04
9.804947767406702042e-04
9.804926812648773193e-04
9.804908186197280884e-04
9.804887231439352036e-04
9.804868604987859726e-04
9.804847650229930878e-04
9.804829023778438568e-04
9.804808069020509720e-04
9.804788278415799141e-04
9.804769651964306831e-04
9.804749861359596252e-04
9.804730070754885674e-04
9.804711444303393364e-04
9.804692817851901054e-04
9.804671863093972206e-04
9.804650908336043358e-04
9.804632281884551048e-04
9.804613655433058739e-04
9.804592700675129890e-04
9.804572910070419312e-04
9.804553119465708733e-04
9.804534493014216423e-04
9.804513538256287575e-04
9.804494911804795265e-04
