8.863043040037155151e-04
8.863019174896180630e-04
8.862995309755206108e-04
8.862971444614231586e-04
8.862947579473257065e-04
8.862922550179064274e-04
8.862899849191308022e-04
8.862875984050333500e-04
8.862852118909358978e-04
8.862827089615166187e-04
8.862803224474191666e-04
8.862779359333217144e-04
8.862756658345460892e-04
8.862731046974658966e-04
8.862708928063511848e-04
8.862685062922537327e-04
8.862659451551735401e-04
8.862636750563979149e-04
8.862613467499613762e-04
8.862587856128811836e-04
8.862565155141055584e-04
8.862541290000081062e-04
8.862517424859106541e-04
8.862493559718132019e-04
8.862469694577157497e-04
8.862445829436182976e-04
8.862421964295208454e-04
8.862396935001015663e-04
8.862373069860041142e-04
8.862350368872284889e-04
8.862325921654701233e-04
8.862300892360508442e-04
8.862278191372752190e-04
8.862254908308386803e-04
8.862230461090803146e-04
8.862206595949828625e-04
8.862182730808854103e-04
8.862158865667879581e-04
8.862135000526905060e-04
8.862111135385930538e-04
8.862086106091737747e-04
8.862062240950763226e-04
8.862039539963006973e-04
8.862015674822032452e-04
8.861990645527839661e-04
8.861966198310256004e-04
8.861943497322499752e-04
8.861919632181525230e-04
8.861895767040550709e-04
8.861871901899576187e-04
8.861846872605383396e-04
8.861823007464408875e-04
8.861799142323434353e-04
8.861775277182459831e-04
8.861750829964876175e-04
8.861726964823901653e-04
8.861703681759536266e-04
8.861679816618561745e-04
8.861655369400978088e-04
8.861631504260003567e-04
8.861607639119029045e-04
8.861583773978054523e-04
8.861559908837080002e-04
8.861536043696105480e-04
8.861512178555130959e-04
8.861487149260938168e-04
8.861463284119963646e-04
8.861440583132207394e-04
8.861416717991232872e-04
8.861391106620430946e-04
8.861368405632674694e-04
8.861343376338481903e-04
8.861320675350725651e-04
8.861295646056532860e-04
8.861270616762340069e-04
8.861247915774583817e-04
8.861223468557000160e-04
8.861200185492634773e-04
8.861175738275051117e-04
8.861152455210685730e-04
8.861128007993102074e-04
8.861102978698909283e-04
8.861080277711153030e-04
8.861056412570178509e-04
8.861031383275985718e-04
8.861007518135011196e-04
8.860983070917427540e-04
8.860959787853062153e-04
8.860935340635478497e-04
8.860912057571113110e-04
8.860887610353529453e-04
8.860864909365773201e-04
8.860841044224798679e-04
8.860816014930605888e-04
8.860792149789631367e-04
8.860768284648656845e-04
8.860743255354464054e-04
8.860719390213489532e-04
8.860694942995905876e-04
8.860672242008149624e-04
8.860647212713956833e-04
8.860622183419764042e-04
8.860599482432007790e-04
8.860574453137814999e-04
8.860551752150058746e-04
8.860527304932475090e-04
8.860502275638282299e-04
8.860478410497307777e-04
8.860454545356333256e-04
8.860431844368577003e-04
8.860406815074384212e-04
8.860382949933409691e-04
8.860358502715826035e-04
8.860334637574851513e-04
8.860309608280658722e-04
8.860286907292902470e-04
8.860263042151927948e-04
8.860239177010953426e-04
8.860215311869978905e-04
8.860189700499176979e-04
8.860165835358202457e-04
8.860141970217227936e-04
8.860118105076253414e-04
8.860094239935278893e-04
8.860069210641086102e-04
8.860046509653329849e-04
8.860021480359137058e-04
8.859997033141553402e-04
8.859973750077188015e-04
8.859949302859604359e-04
8.859925437718629837e-04
8.859901572577655315e-04
8.859876543283462524e-04
8.859853842295706272e-04
8.859828230924904346e-04
8.859804365783929825e-04
8.859780500642955303e-04
8.859756635501980782e-04
8.859731606207787991e-04
8.859708905220031738e-04
8.859683875925838947e-04
8.859660010784864426e-04
8.859636145643889904e-04
8.859611698426306248e-04
8.859587833285331726e-04
8.859564550220966339e-04
8.859538356773555279e-04
8.859514491632580757e-04
8.859490626491606236e-04
8.859466761350631714e-04
8.859442896209657192e-04
8.859417866915464401e-04
8.859395748004317284e-04
8.859370136633515358e-04
8.859346271492540836e-04
8.859321824274957180e-04
8.859297959133982658e-04
8.859274093993008137e-04
8.859249064698815346e-04
8.859225199557840824e-04
8.859201334416866302e-04
8.859177469275891781e-04
8.859153022058308125e-04
8.859129156917333603e-04
8.859105291776359081e-04
8.859079098328948021e-04
8.859055233187973499e-04
8.859031950123608112e-04
8.859006920829415321e-04
8.858981891535222530e-04
8.858958026394248009e-04
8.858934161253273487e-04
8.858912624418735504e-04
8.858886430971324444e-04
8.858861983753740788e-04
8.858838118612766266e-04
8.858813089318573475e-04
8.858789224177598953e-04
8.858764776960015297e-04
8.858741493895649910e-04
8.858717046678066254e-04
8.858693181537091732e-04
8.858667570166289806e-04
8.858644287101924419e-04
8.858619839884340763e-04
8.858594810590147972e-04
8.858572109602391720e-04
8.858547080308198929e-04
8.858523215167224407e-04
8.858498767949640751e-04
8.858473738655447960e-04
8.858451037667691708e-04
8.858427172526717186e-04
8.858401561155915260e-04
8.858378278091549873e-04
8.858352666720747948e-04
8.858329965732991695e-04
8.858304936438798904e-04
8.858279907144606113e-04
8.858256624080240726e-04
8.858231594786047935e-04
8.858207729645073414e-04
8.858182700350880623e-04
8.858158253133296967e-04
8.858134970068931580e-04
8.858111104927957058e-04
8.858085493557155132e-04
8.858061628416180611e-04
8.858037763275206089e-04
8.858013898134231567e-04
8.857990032993257046e-04
8.857965585775673389e-04
8.857941720634698868e-04
8.857916691340506077e-04
8.857892826199531555e-04
8.857868378981947899e-04
8.857844513840973377e-04
8.857819484546780586e-04
8.857793873175978661e-04
8.857771172188222408e-04
8.857746142894029617e-04
8.857722277753055096e-04
8.857698412612080574e-04
8.857673383317887783e-04
8.857648936100304127e-04
8.857625070959329605e-04
8.857601205818355083e-04
8.857576176524162292e-04
8.857551729306578636e-04
8.857527864165604115e-04
8.857503999024629593e-04
8.857478387653827667e-04
8.857454522512853146e-04
8.857429493218660355e-04
8.857405628077685833e-04
8.857381762936711311e-04
8.857357315719127655e-04
8.857333450578153133e-04
8.857308421283960342e-04
8.857283391989767551e-04
8.857258944772183895e-04
8.857235079631209373e-04
8.857211214490234852e-04
8.857187349349260330e-04
8.857161737978458405e-04
8.857138454914093018e-04
8.857114007696509361e-04
8.857090142555534840e-04
8.857064531184732914e-04
8.857040666043758392e-04
8.857015636749565601e-04
8.856992935761809349e-04
8.856967906467616558e-04
8.856942877173423767e-04
8.856918429955840111e-04
8.856894564814865589e-04
8.856869535520672798e-04
8.856845670379698277e-04
8.856821223162114620e-04
8.856796193867921829e-04
8.856771746650338173e-04
8.856747881509363651e-04
8.856724016368389130e-04
8.856697822920978069e-04
8.856673957780003548e-04
8.856649510562419891e-04
8.856624481268227100e-04
8.856600034050643444e-04
8.856576750986278057e-04
8.856552303768694401e-04
8.856529020704329014e-04
8.856502245180308819e-04
8.856478962115943432e-04
8.856453932821750641e-04
8.856430067680776119e-04
8.856405038386583328e-04
8.856380591168999672e-04
8.856356726028025150e-04
8.856332860887050629e-04
8.856307831592857838e-04
8.856283384375274181e-04
8.856258355081081390e-04
8.856233325786888599e-04
8.856210042722523212e-04
8.856186177581548691e-04
8.856161148287355900e-04
8.856136118993163109e-04
8.856111671775579453e-04
8.856086642481386662e-04
8.856063941493630409e-04
8.856038912199437618e-04
8.856014464981853962e-04
8.855989435687661171e-04
8.855964406393468380e-04
8.855939959175884724e-04
8.855914929881691933e-04
8.855890482664108276e-04
8.855866617523133755e-04
8.855842752382159233e-04
8.855817723087966442e-04
8.855793275870382786e-04
8.855768246576189995e-04
8.855742635205388069e-04
8.855718770064413548e-04
8.855694904923439026e-04
8.855669293552637100e-04
8.855645428411662579e-04
8.855620399117469788e-04
8.855597698129713535e-04
8.855571504682302475e-04
8.855547057464718819e-04
8.855523192323744297e-04
8.855497580952942371e-04
8.855472551658749580e-04
8.855449850670993328e-04
8.855424821376800537e-04
8.855400374159216881e-04
8.855375344865024090e-04
8.855350315570831299e-04
8.855325868353247643e-04
8.855300839059054852e-04
8.855276973918080330e-04
8.855252526700496674e-04
8.855227497406303883e-04
8.855203632265329361e-04
8.855178602971136570e-04
8.855154155753552914e-04
8.855130290612578392e-04
8.855104679241776466e-04
8.855080814100801945e-04
8.855056948959827423e-04
8.855031919665634632e-04
8.855005144141614437e-04
8.854980696924030781e-04
8.854956831783056259e-04
8.854931802488863468e-04
8.854906773194670677e-04
8.854882908053696156e-04
8.854858460836112499e-04
8.854833431541919708e-04
8.854809566400945187e-04
8.854785119183361530e-04
8.854758925735950470e-04
8.854735642671585083e-04
8.854709449224174023e-04
8.854685584083199501e-04
8.854661136865615845e-04
8.854636107571423054e-04
8.854612242430448532e-04
8.854586631059646606e-04
8.854561601765453815e-04
8.854538900777697563e-04
8.854513289406895638e-04
8.854487678036093712e-04
8.854463812895119190e-04
8.854438783600926399e-04
8.854413754306733608e-04
8.854389307089149952e-04
8.854365441948175430e-04
8.854339830577373505e-04
8.854315965436398983e-04
8.854289771988987923e-04
8.854265906848013401e-04
8.854242041707038879e-04
8.854216430336236954e-04
8.854190818965435028e-04
8.854165789671242237e-04
8.854141342453658581e-04
8.854117477312684059e-04
8.854092448018491268e-04
8.854068582877516747e-04
8.854044135659933090e-04
8.854017942212522030e-04
8.853993494994938374e-04
8.853967883624136448e-04
8.853944018483161926e-04
8.853917825035750866e-04
8.853893959894776344e-04
8.853869512677192688e-04
8.853845647536218166e-04
8.853820036165416241e-04
8.853795006871223450e-04
8.853771141730248928e-04
8.853744366206228733e-04
8.853719918988645077e-04
8.853696053847670555e-04
8.853669860400259495e-04
8.853645413182675838e-04
8.853621548041701317e-04
8.853597682900726795e-04
8.853572071529924870e-04
8.853548206388950348e-04
8.853521430864930153e-04
8.853496401570737362e-04
8.853471954353153706e-04
8.853448089212179184e-04
8.853423059917986393e-04
8.853397448547184467e-04
8.853373583406209946e-04
8.853347972035408020e-04
8.853322942741215229e-04
8.853299077600240707e-04
8.853274630382657051e-04
8.853247854858636856e-04
8.853222825564444065e-04
8.853198960423469543e-04
8.853173931129276752e-04
8.853149483911693096e-04
8.853124454617500305e-04
8.853098843246698380e-04
8.853073813952505589e-04
8.853049366734921932e-04
8.853025501593947411e-04
8.852998726069927216e-04
8.852974860928952694e-04
8.852949249558150768e-04
8.852925966493785381e-04
8.852900355122983456e-04
8.852874743752181530e-04
8.852849714457988739e-04
8.852825267240405083e-04
8.852801402099430561e-04
8.852775790728628635e-04
8.852749597281217575e-04
8.852725150063633919e-04
8.852699538692831993e-04
8.852674509398639202e-04
8.852648898027837276e-04
8.852625032886862755e-04
8.852600003592669964e-04
8.852575556375086308e-04
8.852550527080893517e-04
8.852525497786700726e-04
8.852501050569117069e-04
8.852475439198315144e-04
8.852450409904122353e-04
8.852424798533320427e-04
8.852399769239127636e-04
8.852374739944934845e-04
8.852350292727351189e-04
8.852325263433158398e-04
8.852299652062356472e-04
8.852274622768163681e-04
8.852251339703798294e-04
8.852224564179778099e-04
8.852199534885585308e-04
8.852174505591392517e-04
8.852150058373808861e-04
8.852126193232834339e-04
8.852099417708814144e-04
8.852074388414621353e-04
8.852050523273646832e-04
8.852024911902844906e-04
8.851999300532042980e-04
8.851974271237850189e-04
8.851949824020266533e-04
8.851924212649464607e-04
8.851898019202053547e-04
8.851873571984469891e-04
8.851849706843495369e-04
8.851824095472693443e-04
8.851799066178500652e-04
8.851773454807698727e-04
8.851749589666724205e-04
8.851723396219313145e-04
8.851697784848511219e-04
8.851673337630927563e-04
8.851648308336734772e-04
8.851623279042541981e-04
8.851597667671740055e-04
8.851573220454156399e-04
8.851547027006745338e-04
8.851521415635943413e-04
8.851496968418359756e-04
8.851471939124166965e-04
8.851446909829974174e-04
8.851422462612390518e-04
8.851395687088370323e-04
8.851370657794177532e-04
8.851346210576593876e-04
8.851320017129182816e-04
8.851295569911599159e-04
8.851270540617406368e-04
8.851244929246604443e-04
8.851219899952411652e-04
8.851194288581609726e-04
8.851167513057589531e-04
8.851144812069833279e-04
8.851119782775640488e-04
8.851093007251620293e-04
8.851068560034036636e-04
8.851043530739843845e-04
8.851017919369041920e-04
8.850992890074849129e-04
8.850967278704047203e-04
8.850942831486463547e-04
8.850916638039052486e-04
8.850892190821468830e-04
8.850867161527276039e-04
8.850841550156474113e-04
