4.750257066916674376e-04
4.750239022541791201e-04
4.750220687128603458e-04
4.750202060677111149e-04
4.750184598378837109e-04
4.750166845042258501e-04
4.750148800667375326e-04
4.750131047330796719e-04
4.750112420879304409e-04
4.750094958581030369e-04
4.750078078359365463e-04
4.750059160869568586e-04
4.750040534418076277e-04
4.750023363158106804e-04
4.750005609821528196e-04
4.749988147523254156e-04
4.749969521071761847e-04
4.749951476696878672e-04
4.749933723360300064e-04
4.749915096908807755e-04
4.749897925648838282e-04
4.749880172312259674e-04
4.749861836899071932e-04
4.749844083562493324e-04
4.749826330225914717e-04
4.749807703774422407e-04
4.749789368361234665e-04
4.749772197101265192e-04
4.749754443764686584e-04
4.749736690428107977e-04
4.749718063976615667e-04
4.749700019601732492e-04
4.749681975226849318e-04
4.749664221890270710e-04
4.749646177515387535e-04
4.749628133140504360e-04
4.749610088765621185e-04
4.749592917505651712e-04
4.749574291054159403e-04
4.749555664602667093e-04
4.749538784381002188e-04
4.749521322082728148e-04
4.749503568746149540e-04
4.749484942294657230e-04
4.749466315843164921e-04
4.749448853544890881e-04
4.749431682284921408e-04
4.749413346871733665e-04
4.749395302496850491e-04
4.749377840198576450e-04
4.749359504785388708e-04
4.749342042487114668e-04
4.749324289150536060e-04
4.749305662699043751e-04
4.749287036247551441e-04
4.749269573949277401e-04
4.749252402689307928e-04
4.749234067276120186e-04
4.749216022901237011e-04
4.749197978526353836e-04
4.749180225189775229e-04
4.749162180814892054e-04
4.749145591631531715e-04
4.749126383103430271e-04
4.749108338728547096e-04
4.749091167468577623e-04
4.749073414131999016e-04
4.749054787680506706e-04
4.749037616420537233e-04
4.749019281007349491e-04
4.749001527670770884e-04
4.748984938487410545e-04
4.748965147882699966e-04
4.748947976622730494e-04
4.748930514324456453e-04
4.748912469949573278e-04
4.748894716612994671e-04
4.748876090161502361e-04
4.748857463710010052e-04
4.748840292450040579e-04
4.748823121190071106e-04
4.748805076815187931e-04
4.748787323478609324e-04
4.748768697027117014e-04
4.748751525767147541e-04
4.748732608277350664e-04
4.748714854940772057e-04
4.748698265757411718e-04
4.748679639305919409e-04
4.748661594931036234e-04
4.748643841594457626e-04
4.748626088257879019e-04
4.748608625959604979e-04
4.748590872623026371e-04
4.748573410324752331e-04
4.748554783873260021e-04
4.748536448460072279e-04
4.748519277200102806e-04
4.748501232825219631e-04
4.748483188450336456e-04
4.748465435113757849e-04
4.748447972815483809e-04
4.748429637402296066e-04
4.748411593027412891e-04
4.748394130729138851e-04
4.748376377392560244e-04
4.748358333017677069e-04
4.748339997604489326e-04
4.748321953229606152e-04
4.748304490931332111e-04
4.748286737594753504e-04
4.748269566334784031e-04
4.748250939883291721e-04
4.748233186546713114e-04
4.748215142171829939e-04
4.748197679873555899e-04
4.748180508613586426e-04
4.748161300085484982e-04
4.748143255710601807e-04
4.748125502374023199e-04
4.748108913190662861e-04
4.748090286739170551e-04
4.748072242364287376e-04
4.748054489027708769e-04
4.748036735691130161e-04
4.748018691316246986e-04
4.748001520056277514e-04
4.747983475681394339e-04
4.747964849229902029e-04
4.747947677969932556e-04
4.747929924633353949e-04
4.747911880258470774e-04
4.747894417960196733e-04
4.747876082547008991e-04
4.747858038172125816e-04
4.747840284835547209e-04
4.747822822537273169e-04
4.747804196085780859e-04
4.747787024825811386e-04
4.747768980450928211e-04
4.747751809190958738e-04
4.747733473777770996e-04
4.747715138364583254e-04
4.747697967104613781e-04
4.747679340653121471e-04
4.747662460431456566e-04
4.747644998133182526e-04
4.747625789605081081e-04
4.747609200421720743e-04
4.747591447085142136e-04
4.747573984786868095e-04
4.747555649373680353e-04
4.747538187075406313e-04
4.747519560623914003e-04
4.747501807287335396e-04
4.747484344989061356e-04
4.747466591652482748e-04
4.747447965200990438e-04
4.747430793941020966e-04
4.747413622681051493e-04
4.747395578306168318e-04
4.747377824969589710e-04
4.747360362671315670e-04
4.747342027258127928e-04
4.747323400806635618e-04
4.747305938508361578e-04
4.747288185171782970e-04
4.747270722873508930e-04
4.747252096422016621e-04
4.747234925162047148e-04
4.747217171825468540e-04
4.747199127450585365e-04
4.747181374114006758e-04
4.747163329739123583e-04
4.747145576402544975e-04
4.747128114104270935e-04
4.747109778691083193e-04
4.747092316392809153e-04
4.747074563056230545e-04
4.747055936604738235e-04
4.747038474306464195e-04
4.747020720969885588e-04
4.747002967633306980e-04
4.746985505335032940e-04
4.746967751998454332e-04
4.746949125546962023e-04
4.746931954286992550e-04
4.746913909912109375e-04
4.746896738652139902e-04
4.746878694277256727e-04
4.746860940940678120e-04
4.746842896565794945e-04
4.746825725305825472e-04
4.746807971969246864e-04
4.746789927594363689e-04
4.746772174257785082e-04
4.746754129882901907e-04
4.746736667584627867e-04
4.746718914248049259e-04
4.746701160911470652e-04
4.746682534459978342e-04
4.746665363200008869e-04
4.746647900901734829e-04
4.746630147565156221e-04
4.746611521113663912e-04
4.746594058815389872e-04
4.746576305478811264e-04
4.746559134218841791e-04
4.746540507767349482e-04
4.746523336507380009e-04
4.746504710055887699e-04
4.746487247757613659e-04
4.746470076497644186e-04
4.746451450046151876e-04
4.746433696709573269e-04
4.746416234411299229e-04
4.746399063151329756e-04
4.746380436699837446e-04
4.746363265439867973e-04
4.746345512103289366e-04
4.746327758766710758e-04
4.746310296468436718e-04
4.746292543131858110e-04
4.746275080833584070e-04
4.746256454382091761e-04
4.746238118968904018e-04
4.746220947708934546e-04
4.746203485410660505e-04
4.746184858959168196e-04
4.746167687699198723e-04
4.746149643324315548e-04
4.746131889987736940e-04
4.746114136651158333e-04
4.746096674352884293e-04
4.746078629978001118e-04
4.746060294564813375e-04
4.746042832266539335e-04
4.746025078929960728e-04
4.746007325593382120e-04
4.745989281218498945e-04
4.745972109958529472e-04
4.745954065583646297e-04
4.745936021208763123e-04
4.745919723063707352e-04
4.745901096612215042e-04
4.745883343275636435e-04
4.745866172015666962e-04
4.745848127640783787e-04
4.745831538457423449e-04
4.745812912005931139e-04
4.745794867631047964e-04
4.745777696371078491e-04
4.745759360957890749e-04
4.745741898659616709e-04
4.745723854284733534e-04
4.745705518871545792e-04
4.745688347611576319e-04
4.745670303236693144e-04
4.745652549900114536e-04
4.745634505525231361e-04
4.745617043226957321e-04
4.745599289890378714e-04
4.745582118630409241e-04
4.745564074255526066e-04
4.745546320918947458e-04
4.745528276544064283e-04
4.745510232169181108e-04
4.745493060909211636e-04
4.745476180687546730e-04
4.745457554236054420e-04
4.745440091937780380e-04
4.745422338601201773e-04
4.745404585264623165e-04
4.745387122966349125e-04
4.745369369629770517e-04
4.745351907331496477e-04
4.745333280880004168e-04
4.745315527543425560e-04
4.745298938360065222e-04
4.745280602946877480e-04
4.745262558571994305e-04
4.745245096273720264e-04
4.745227925013750792e-04
4.745209298562258482e-04
4.745192127302289009e-04
4.745173500850796700e-04
4.745156329590827227e-04
4.745138285215944052e-04
4.745121113955974579e-04
4.745102778542786837e-04
4.745085607282817364e-04
4.745068144984543324e-04
4.745049809571355581e-04
4.745032929349690676e-04
4.745015176013112068e-04
4.744996549561619759e-04
4.744978796225041151e-04
4.744961333926767111e-04
4.744943580590188503e-04
4.744926118291914463e-04
4.744908364955335855e-04
4.744890611618757248e-04
4.744871985167264938e-04
4.744854813907295465e-04
4.744837642647325993e-04
4.744820180349051952e-04
4.744801553897559643e-04
4.744784964714199305e-04
4.744767793454229832e-04
4.744750040117651224e-04
4.744731413666158915e-04
4.744713660329580307e-04
4.744696198031306267e-04
4.744678444694727659e-04
4.744659818243235350e-04
4.744642646983265877e-04
4.744625475723296404e-04
4.744606849271804094e-04
4.744590260088443756e-04
4.744572506751865149e-04
4.744555044453591108e-04
4.744537000078707933e-04
4.744518664665520191e-04
4.744501202367246151e-04
4.744484322145581245e-04
4.744465695694088936e-04
4.744447651319205761e-04
4.744431353174149990e-04
4.744413308799266815e-04
4.744395846500992775e-04
4.744378093164414167e-04
4.744360048789530993e-04
4.744341713376343250e-04
4.744324542116373777e-04
4.744307079818099737e-04
4.744289035443216562e-04
4.744270700030028820e-04
4.744253528770059347e-04
4.744236066471785307e-04
4.744218895211815834e-04
4.744201723951846361e-04
4.744183679576963186e-04
4.744165926240384579e-04
4.744148172903805971e-04
4.744130128528922796e-04
4.744112084154039621e-04
4.744095203932374716e-04
4.744077741634100676e-04
4.744059697259217501e-04
4.744041361846029758e-04
4.744024772662669420e-04
4.744007019326090813e-04
4.743988392874598503e-04
4.743971803691238165e-04
4.743953177239745855e-04
4.743936005979776382e-04
4.743918543681502342e-04
4.743900790344923735e-04
4.743883037008345127e-04
4.743865574710071087e-04
4.743847821373492479e-04
4.743830068036913872e-04
4.743812896776944399e-04
4.743794561363756657e-04
4.743776808027178049e-04
4.743759636767208576e-04
4.743742465507239103e-04
4.743724421132355928e-04
4.743706667795777321e-04
4.743688623420894146e-04
4.743671452160924673e-04
4.743654280900955200e-04
4.743636236526072025e-04
4.743618483189493418e-04
4.743600729852914810e-04
4.743583558592945337e-04
4.743566096294671297e-04
4.743547469843178988e-04
4.743529716506600380e-04
4.743513127323240042e-04
4.743494500871747732e-04
4.743477329611778259e-04
4.743458703160285950e-04
4.743442113976925611e-04
4.743424360640347004e-04
4.743406316265463829e-04
4.743390018120408058e-04
4.743371391668915749e-04
4.743354802485555410e-04
4.743336176034063101e-04
4.743318422697484493e-04
4.743300087284296751e-04
4.743283789139240980e-04
4.743265744764357805e-04
4.743247991427779198e-04
4.743230238091200590e-04
4.743213066831231117e-04
4.743194440379738808e-04
4.743176978081464767e-04
4.743160388898104429e-04
4.743142635561525822e-04
4.743124882224947214e-04
4.743107419926673174e-04
4.743089666590094566e-04
4.743071913253515959e-04
4.743054741993546486e-04
4.743036697618663311e-04
4.743019235320389271e-04
4.743000608868896961e-04
4.742983437608927488e-04
4.742965684272348881e-04
4.742947930935770273e-04
4.742930468637496233e-04
4.742913297377526760e-04
4.742895544040948153e-04
4.742878954857587814e-04
4.742860910482704639e-04
4.742842575069516897e-04
4.742824530694633722e-04
4.742807359434664249e-04
4.742790188174694777e-04
4.742772143799811602e-04
4.742754390463232994e-04
4.742737219203263521e-04
4.742719174828380346e-04
4.742702585645020008e-04
4.742684832308441401e-04
4.742666205856949091e-04
4.742649616673588753e-04
4.742631863337010145e-04
4.742614692077040672e-04
4.742596065625548363e-04
4.742578894365578890e-04
4.742561432067304850e-04
4.742543678730726242e-04
4.742525052279233932e-04
4.742507881019264460e-04
4.742490709759294987e-04
4.742473538499325514e-04
4.742455494124442339e-04
4.742437740787863731e-04
4.742420278489589691e-04
4.742403107229620218e-04
4.742385353893041611e-04
4.742367600556463003e-04
4.742349556181579828e-04
4.742332093883305788e-04
4.742314922623336315e-04
4.742297751363366842e-04
4.742279998026788235e-04
4.742262244690209627e-04
4.742244200315326452e-04
4.742227611131966114e-04
4.742209566757082939e-04
4.742191813420504332e-04
4.742173769045621157e-04
4.742156597785651684e-04
4.742138844449073076e-04
4.742121673189103603e-04
4.742104501929134130e-04
4.742086457554250956e-04
4.742068704217672348e-04
4.742051241919398308e-04
4.742034070659428835e-04
4.742015735246241093e-04
4.741998272947967052e-04
4.741980519611388445e-04
4.741963930428028107e-04
4.741945303976535797e-04
4.741928132716566324e-04
4.741910379379987717e-04
4.741893208120018244e-04
4.741876036860048771e-04
4.741857992485165596e-04
4.741840239148586988e-04
4.741822776850312948e-04
4.741805605590343475e-04
4.741787561215460300e-04
4.741769225802272558e-04
4.741753218695521355e-04
4.741735465358942747e-04
4.741718294098973274e-04
4.741701122839003801e-04
4.741681914310902357e-04
4.741664743050932884e-04
4.741646698676049709e-04
4.741630109492689371e-04
4.741612065117806196e-04
4.741594311781227589e-04
4.741576267406344414e-04
4.741559096146374941e-04
4.741542215924710035e-04
4.741525044664740562e-04
4.741507000289857388e-04
4.741489829029887915e-04
4.741472366731613874e-04
4.741454613395035267e-04
4.741436860058456659e-04
4.741418233606964350e-04
4.741401062346994877e-04
