4.370076057966798544e-04
4.369902599137276411e-04
4.369729140307754278e-04
4.369554517325013876e-04
4.369379021227359772e-04
4.369203525129705667e-04
4.369027155917137861e-04
4.368850786704570055e-04
4.368673253338783979e-04
4.368496302049607038e-04
4.368317604530602694e-04
4.368138907011598349e-04
4.367959918454289436e-04
4.367780638858675957e-04
4.367599904071539640e-04
4.367418878246098757e-04
4.367237561382353306e-04
4.367055371403694153e-04
4.366872890386730433e-04
4.366690118331462145e-04
4.366506182122975588e-04
4.366321954876184464e-04
4.366137145552784204e-04
4.365952045191079378e-04
4.365764616522938013e-04
4.365578060969710350e-04
4.365390632301568985e-04
4.365202912595123053e-04
4.365014028735458851e-04
4.364825144875794649e-04
4.364635387901216745e-04
4.364445630926638842e-04
4.364255000837147236e-04
4.364062915556132793e-04
4.363869666121900082e-04
4.363676998764276505e-04
4.363483458291739225e-04
4.363289335742592812e-04
4.363093758001923561e-04
4.362898471299558878e-04
4.362702893558889627e-04
4.362504987511783838e-04
4.362307663541287184e-04
4.362109175417572260e-04
4.361910396255552769e-04
4.361710452940315008e-04
4.361509927548468113e-04
4.361308238003402948e-04
4.361106257420033216e-04
4.360903694760054350e-04
4.360700258985161781e-04
4.360495950095355511e-04
4.360290477052330971e-04
4.360085004009306431e-04
4.359878948889672756e-04
4.359671729616820812e-04
4.359462764114141464e-04
4.359254380688071251e-04
4.359044542070478201e-04
4.358834121376276016e-04
4.358623118605464697e-04
4.358411824796348810e-04
4.358198202680796385e-04
4.357985162641853094e-04
4.357770085334777832e-04
4.357555008027702570e-04
4.357338766567409039e-04
4.357121360953897238e-04
4.356903664302080870e-04
4.356684221420437098e-04
4.356465360615402460e-04
4.356244462542235851e-04
4.356022691354155540e-04
4.355800629127770662e-04
4.355577402748167515e-04
4.355353303253650665e-04
4.355128330644220114e-04
4.354902193881571293e-04
4.354674892965704203e-04
4.354447009973227978e-04
4.354217671789228916e-04
4.353987751528620720e-04
4.353756958153098822e-04
4.353525291662663221e-04
4.353293043095618486e-04
4.353058757260441780e-04
4.352824180386960506e-04
4.352587566245347261e-04
4.352351243142038584e-04
4.352113173808902502e-04
4.351874231360852718e-04
4.351634124759584665e-04
4.351392854005098343e-04
4.351150419097393751e-04
4.350907402113080025e-04
4.350662638898938894e-04
4.350417002569884062e-04
4.350170202087610960e-04
4.349922237452119589e-04
4.349673399701714516e-04
4.349422815721482038e-04
4.349172522779554129e-04
4.348919319454580545e-04
4.348665825091302395e-04
4.348411457613110542e-04
4.348155052866786718e-04
4.347897483967244625e-04
4.347639041952788830e-04
4.347379726823419333e-04
4.347117792349308729e-04
4.346855566836893559e-04
4.346591886132955551e-04
4.346326750237494707e-04
4.346060159150511026e-04
4.345792694948613644e-04
4.345523775555193424e-04
4.345253983046859503e-04
4.344982153270393610e-04
4.344708868302404881e-04
4.344435292296111584e-04
4.344159096945077181e-04
4.343881737440824509e-04
4.343603213783353567e-04
4.343322652857750654e-04
4.343040927778929472e-04
4.342757747508585453e-04
4.342473985161632299e-04
4.342187312431633472e-04
4.341899766586720943e-04
4.341610474511981010e-04
4.341320018284022808e-04
4.341027233749628067e-04
4.340733576100319624e-04
4.340438463259488344e-04
4.340141895227134228e-04
4.339842707850039005e-04
4.339542938396334648e-04
4.339240549597889185e-04
4.338936705607920885e-04
4.338631697464734316e-04
4.338323487900197506e-04
4.338014987297356129e-04
4.337704158388078213e-04
4.337391874287277460e-04
4.337077552918344736e-04
4.336761485319584608e-04
4.336443380452692509e-04
4.336123529355973005e-04
4.335802223067730665e-04
4.335478879511356354e-04
4.335153498686850071e-04
4.334826371632516384e-04
4.334496625233441591e-04
4.334165132604539394e-04
4.333831311669200659e-04
4.333496908657252789e-04
4.333159304223954678e-04
4.332819953560829163e-04
4.332477983552962542e-04
4.332134267315268517e-04
4.331788513809442520e-04
4.331441014073789120e-04
4.331090894993394613e-04
4.330738447606563568e-04
4.330383380874991417e-04
4.330026567913591862e-04
4.329667426645755768e-04
4.329306539148092270e-04
4.328943323343992233e-04
4.328576906118541956e-04
4.328207869548350573e-04
4.327836504671722651e-04
4.327463684603571892e-04
4.327087372075766325e-04
4.326709604356437922e-04
4.326328344177454710e-04
4.325945337768644094e-04
4.325559712015092373e-04
4.325170011725276709e-04
4.324779438320547342e-04
4.324385663494467735e-04
4.323988978285342455e-04
4.323589673731476068e-04
4.323186876717954874e-04
4.322782624512910843e-04
4.322374297771602869e-04
4.321963642723858356e-04
4.321550368331372738e-04
4.321133601479232311e-04
4.320714506320655346e-04
4.320291918702423573e-04
4.319866711739450693e-04
4.319438012316823006e-04
4.319006111472845078e-04
4.318571009207516909e-04
4.318133287597447634e-04
4.317691200412809849e-04
4.317247366998344660e-04
4.316799750085920095e-04
4.316348931752145290e-04
4.315893165767192841e-04
4.315435944590717554e-04
4.314974357839673758e-04
4.314509278628975153e-04
4.314040124882012606e-04
4.313568642828613520e-04
4.313092795200645924e-04
4.312612873036414385e-04
4.312129458412528038e-04
4.311642551328986883e-04
4.311151860747486353e-04
4.310657095629721880e-04
4.310158838052302599e-04
4.309656505938619375e-04
4.309150099288672209e-04
4.308639036025851965e-04
4.308124480303376913e-04
4.307605267968028784e-04
4.307082272134721279e-04
4.306554910726845264e-04
4.306023183744400740e-04
4.305486800149083138e-04
4.304946050979197025e-04
4.304401518311351538e-04
4.303851746954023838e-04
4.303297027945518494e-04
4.302738234400749207e-04
4.302174202166497707e-04
4.301605804357677698e-04
4.301032458897680044e-04
4.300454165786504745e-04
4.299870925024151802e-04
4.299282445572316647e-04
4.298689891584217548e-04
4.298090352676808834e-04
4.297486448194831610e-04
4.296877305023372173e-04
4.296263214200735092e-04
4.295643302612006664e-04
4.295017861295491457e-04
4.294386890251189470e-04
4.293748934287577868e-04
4.293106903787702322e-04
4.292459052521735430e-04
4.291804798413068056e-04
4.291144432500004768e-04
4.290477663744240999e-04
4.289805365260690451e-04
4.289126372896134853e-04
4.288441559765487909e-04
4.287750343792140484e-04
4.287052142899483442e-04
4.286347248125821352e-04
4.285636823624372482e-04
4.284919705241918564e-04
4.284193855710327625e-04
4.283463058527559042e-04
4.282724403310567141e-04
4.281979054212570190e-04
4.281226138118654490e-04
4.280465946067124605e-04
4.279699351172894239e-04
4.278924607206135988e-04
4.278141423128545284e-04
4.277351254131644964e-04
4.276553227100521326e-04
4.275747633073478937e-04
4.274933889973908663e-04
4.274111706763505936e-04
4.273281083442270756e-04
4.272442893125116825e-04
4.271595971658825874e-04
4.270740028005093336e-04
4.269876517355442047e-04
4.269002820365130901e-04
4.268120683263987303e-04
4.267230106052011251e-04
4.266329633537679911e-04
4.265421011950820684e-04
4.264502495061606169e-04
4.263574082870036364e-04
4.262635775376111269e-04
4.261688736733049154e-04
4.260731220711022615e-04
4.259763809386640787e-04
4.258786211721599102e-04
4.257798136677592993e-04
4.256799584254622459e-04
4.255791136529296637e-04
4.254771629348397255e-04
4.253740189597010612e-04
4.252699436619877815e-04
4.251647042110562325e-04
4.250583297107368708e-04
4.249507910571992397e-04
4.248421755619347095e-04
4.247323086019605398e-04
4.246212483849376440e-04
4.245090531185269356e-04
4.243955481797456741e-04
4.242808790877461433e-04
4.241649585310369730e-04
4.240478156134486198e-04
4.239293921273201704e-04
4.238096298649907112e-04
4.236886161379516125e-04
4.235662345308810472e-04
4.234424559399485588e-04
4.233174258843064308e-04
4.231909697409719229e-04
4.230630875099450350e-04
4.229339247103780508e-04
4.228032194077968597e-04
4.226711171213537455e-04
4.225376178510487080e-04
4.224025760777294636e-04
4.222661082167178392e-04
4.221280978526920080e-04
4.219885740894824266e-04
4.218475369270890951e-04
4.217048699501901865e-04
4.215606604702770710e-04
4.214149084873497486e-04
4.212675557937473059e-04
4.211185441818088293e-04
4.209679609630256891e-04
4.208157479297369719e-04
4.206617886666208506e-04
4.205061995889991522e-04
4.203489224892109632e-04
4.201898700557649136e-04
4.200291587039828300e-04
4.198666429147124290e-04
4.197024682071059942e-04
4.195364890620112419e-04
4.193687345832586288e-04
4.191991756670176983e-04
4.190277541056275368e-04
4.188545572105795145e-04
4.186795267742127180e-04
4.185026045888662338e-04
4.183239070698618889e-04
4.181432304903864861e-04
4.179607494734227657e-04
4.177763476036489010e-04
4.175900539848953485e-04
4.174017813056707382e-04
4.172116168774664402e-04
4.170196189079433680e-04
4.168256418779492378e-04
4.166296857874840498e-04
4.164317506365478039e-04
4.162319237366318703e-04
4.160300595685839653e-04
4.158262745477259159e-04
4.156204813625663519e-04
4.154127673245966434e-04
4.152030451223254204e-04
4.149914311710745096e-04
4.147777508478611708e-04
4.145621205680072308e-04
4.143445985391736031e-04
4.141250101383775473e-04
4.139034135732799768e-04
4.136798961553722620e-04
4.134544287808239460e-04
4.132270405534654856e-04
4.129977314732968807e-04
4.127664433326572180e-04
4.125332925468683243e-04
4.122981918044388294e-04
4.120612575206905603e-04
4.118224023841321468e-04
4.115815972909331322e-04
4.113391041755676270e-04
4.110947193112224340e-04
4.108485300093889236e-04
4.106004780624061823e-04
4.103507089894264936e-04
4.100992227904498577e-04
4.098460194654762745e-04
4.095910990145057440e-04
4.093345196451991796e-04
4.090762231498956680e-04
4.088163841515779495e-04
4.085549444425851107e-04
4.082919040229171515e-04
4.080274084117263556e-04
4.077613702975213528e-04
4.074939643032848835e-04
4.072250740136951208e-04
4.069548158440738916e-04
4.066831606905907393e-04
4.064103122800588608e-04
4.061360959894955158e-04
4.058607155457139015e-04
4.055840545333921909e-04
4.053063457831740379e-04
4.050275310873985291e-04
4.047476686537265778e-04
4.044668166898190975e-04
4.041849751956760883e-04
4.039020568598061800e-04
4.036184400320053101e-04
4.033339500892907381e-04
4.030485579278320074e-04
4.027626127935945988e-04
4.024759400635957718e-04
4.021885979454964399e-04
4.019005864392966032e-04
4.016120510641485453e-04
4.013230791315436363e-04
4.010335833299905062e-04
4.007437091786414385e-04
4.004534857813268900e-04
4.001629713457077742e-04
3.998721076641231775e-04
3.995811566710472107e-04
3.992898855358362198e-04
3.989986435044556856e-04
3.987071977462619543e-04
3.984158101957291365e-04
3.981243353337049484e-04
3.978330059908330441e-04
3.975417639594525099e-04
3.972505219280719757e-04
3.969596291426569223e-04
3.966689691878855228e-04
3.963785711675882339e-04
3.960883768741041422e-04
3.957985900342464447e-04
3.955092688556760550e-04
3.952202678192406893e-04
3.949317906517535448e-04
3.946437209378927946e-04
3.943562915083020926e-04
3.940694441553205252e-04
3.937831497751176357e-04
3.934975538868457079e-04
3.932126564905047417e-04
3.929284284822642803e-04
3.926449280697852373e-04
3.923622716683894396e-04
3.920803719665855169e-04
3.917992580682039261e-04
3.915191045962274075e-04
3.912397951353341341e-04
3.909614461008459330e-04
3.906839992851018906e-04
3.904076002072542906e-04
3.901321033481508493e-04
3.898576833307743073e-04
3.895841946359723806e-04
3.893119283020496368e-04
3.890407097060233355e-04
3.887705679517239332e-04
3.885015612468123436e-04
3.882337186951190233e-04
3.879670694004744291e-04
3.877016424667090178e-04
3.874373505823314190e-04
3.871742810588330030e-04
3.869124630000442266e-04
3.866519546136260033e-04
3.863926394842565060e-04
3.861346340272575617e-04
3.858779091387987137e-04
3.856224939227104187e-04
3.853684465866535902e-04
3.851156798191368580e-04
3.848642809316515923e-04
3.846142790280282497e-04
3.843656159006059170e-04
3.841182624455541372e-04
3.838724223896861076e-04
3.836278337985277176e-04
3.833846712950617075e-04
3.831429930869489908e-04
3.829026827588677406e-04
3.826637985184788704e-04
3.824263403657823801e-04
3.821902791969478130e-04
3.819556150119751692e-04
3.817224933300167322e-04
3.814906813204288483e-04
3.812603536061942577e-04
3.810315101873129606e-04
3.808041219599545002e-04
3.805781889241188765e-04
3.803536819759756327e-04
3.801306302193552256e-04
3.799089754465967417e-04
3.796887758653610945e-04
3.794700605794787407e-04
3.792527713812887669e-04
3.790369373746216297e-04
3.788225294556468725e-04
3.786095767281949520e-04
3.783980791922658682e-04
3.781879786401987076e-04
