6.158108008094131947e-04
6.157720345072448254e-04
6.157332682050764561e-04
6.156945019029080868e-04
6.156557356007397175e-04
6.156167946755886078e-04
6.155778537504374981e-04
6.155389710329473019e-04
6.154998554848134518e-04
6.154608563520014286e-04
6.154216825962066650e-04
6.153825088404119015e-04
6.153433350846171379e-04
6.153039867058396339e-04
6.152646965347230434e-04
6.152252317406237125e-04
6.151858833618462086e-04
6.151463603600859642e-04
6.151068373583257198e-04
6.150671979412436485e-04
6.150275585241615772e-04
6.149878608994185925e-04
6.149481050670146942e-04
6.149081746116280556e-04
6.148684187792241573e-04
6.148283719085156918e-04
6.147884414531290531e-04
6.147482781670987606e-04
6.147082895040512085e-04
6.146680098026990891e-04
6.146277883090078831e-04
6.145875086076557636e-04
6.145471124909818172e-04
6.145067163743078709e-04
6.144662620499730110e-04
6.144256913103163242e-04
6.143850623629987240e-04
6.143444334156811237e-04
6.143036880530416965e-04
6.142628262750804424e-04
6.142220227047801018e-04
6.141811027191579342e-04
6.141400663182139397e-04
6.140990299172699451e-04
6.140578188933432102e-04
6.140166660770773888e-04
6.139753386378288269e-04
6.139340111985802650e-04
6.138926255516707897e-04
6.138511234894394875e-04
6.138096214272081852e-04
6.137680611573159695e-04
6.137262098491191864e-04
6.136845331639051437e-04
6.136426236480474472e-04
6.136007141321897507e-04
6.135586882010102272e-04
6.135167204774916172e-04
6.134745199233293533e-04
6.134323193691670895e-04
6.133899441920220852e-04
6.133476272225379944e-04
6.133051938377320766e-04
6.132625858299434185e-04
6.132199778221547604e-04
6.131771951913833618e-04
6.131344707682728767e-04
6.130916881375014782e-04
6.130486144684255123e-04
6.130055990070104599e-04
6.129624671302735806e-04
6.129192188382148743e-04
6.128759123384952545e-04
6.128325476311147213e-04
6.127891829237341881e-04
6.127455271780490875e-04
6.127019296400249004e-04
6.126580992713570595e-04
6.126143271103501320e-04
6.125702639110386372e-04
6.125263171270489693e-04
6.124822539277374744e-04
6.124380743131041527e-04
6.123937200754880905e-04
6.123492494225502014e-04
6.123047787696123123e-04
6.122601917013525963e-04
6.122154300101101398e-04
6.121706683188676834e-04
6.121257320046424866e-04
6.120806792750954628e-04
6.120355683378875256e-04
6.119903991930186749e-04
6.119449972175061703e-04
6.118996534496545792e-04
6.118541350588202477e-04
6.118083838373422623e-04
6.117626326158642769e-04
6.117168231867253780e-04
6.116707809269428253e-04
6.116246804594993591e-04
6.115785217843949795e-04
6.115321884863078594e-04
6.114857387728989124e-04
6.114390562288463116e-04
6.113924318924546242e-04
6.113456911407411098e-04
6.112987757660448551e-04
6.112517439760267735e-04
6.112045375630259514e-04
6.111572147347033024e-04
6.111098919063806534e-04
6.110622198320925236e-04
6.110146641731262207e-04
6.109668174758553505e-04
6.109189125709235668e-04
6.108708330430090427e-04
6.108225206844508648e-04
6.107742083258926868e-04
6.107257795520126820e-04
6.106772343628108501e-04
6.106283399276435375e-04
6.105795619077980518e-04
6.105304928496479988e-04
6.104813655838370323e-04
6.104320054873824120e-04
6.103825289756059647e-04
6.103329360485076904e-04
6.102831684984266758e-04
6.102332263253629208e-04
6.101831677369773388e-04
6.101329927332699299e-04
6.100825266912579536e-04
6.100320606492459774e-04
6.099813617765903473e-04
6.099304300732910633e-04
6.098794401623308659e-04
6.098281592130661011e-04
6.097769364714622498e-04
6.097253644838929176e-04
6.096736760810017586e-04
6.096218712627887726e-04
6.095697754062712193e-04
6.095175631344318390e-04
6.094651762396097183e-04
6.094125565141439438e-04
6.093598785810172558e-04
6.093069096095860004e-04
6.092538242228329182e-04
6.092005060054361820e-04
6.091469549573957920e-04
6.090934039093554020e-04
6.090394454076886177e-04
6.089854286983609200e-04
6.089311209507286549e-04
6.088766967877745628e-04
6.088219233788549900e-04
6.087670917622745037e-04
6.087120273150503635e-04
6.086567300371825695e-04
6.086011999286711216e-04
6.085455534048378468e-04
6.084896740503609180e-04
6.084335036575794220e-04
6.083771004341542721e-04
6.083205225877463818e-04
6.082637119106948376e-04
6.082066684029996395e-04
6.081494502723217010e-04
6.080919993110001087e-04
6.080342573113739491e-04
6.079762242734432220e-04
6.079179584048688412e-04
6.078595179133117199e-04
6.078007863834500313e-04
6.077418802306056023e-04
6.076826248317956924e-04
6.076231366023421288e-04
6.075634737499058247e-04
6.075034616515040398e-04
6.074432167224586010e-04
6.073827389627695084e-04
6.073218537494540215e-04
6.072608521208167076e-04
6.071995012462139130e-04
6.071378593333065510e-04
6.070759263820946217e-04
6.070138188078999519e-04
6.069512455724179745e-04
6.068885559216141701e-04
6.068254588171839714e-04
6.067621288821101189e-04
6.066984497010707855e-04
6.066344794817268848e-04
6.065702182240784168e-04
6.065056077204644680e-04
6.064406479708850384e-04
6.063753389753401279e-04
6.063097389414906502e-04
6.062438478693366051e-04
6.061775493435561657e-04
6.061110179871320724e-04
6.060440791770815849e-04
6.059767911210656166e-04
6.059091538190841675e-04
6.058411672711372375e-04
6.057727732695639133e-04
6.057040882296860218e-04
6.056349957361817360e-04
6.055655539967119694e-04
6.054957048036158085e-04
6.054254481568932533e-04
6.053549004718661308e-04
6.052838289178907871e-04
6.052124663256108761e-04
6.051405798643827438e-04
6.050684023648500443e-04
6.049957009963691235e-04
6.049227085895836353e-04
6.048492505215108395e-04
6.047753849998116493e-04
6.047009374015033245e-04
6.046261987648904324e-04
6.045509944669902325e-04
6.044752663001418114e-04
6.043991306796669960e-04
6.043224711902439594e-04
6.042454042471945286e-04
6.041679298505187035e-04
6.040899315848946571e-04
6.040112930350005627e-04
6.039323634468019009e-04
6.038528517819941044e-04
6.037728162482380867e-04
6.036922568455338478e-04
6.036111735738813877e-04
6.035295082256197929e-04
6.034474936313927174e-04
6.033647805452346802e-04
6.032816017977893353e-04
6.031978409737348557e-04
6.031134398654103279e-04
6.030285148881375790e-04
6.029430078342556953e-04
6.028570351190865040e-04
6.027703057043254375e-04
6.026829942129552364e-04
6.025951588526368141e-04
6.025065667927265167e-04
6.024174508638679981e-04
6.023277528584003448e-04
6.022372981533408165e-04
6.021463195793330669e-04
6.020545260980725288e-04
6.019621505402028561e-04
6.018690182827413082e-04
6.017752457410097122e-04
6.016807747073471546e-04
6.015856633894145489e-04
6.014897953718900681e-04
6.013931706547737122e-04
6.012957892380654812e-04
6.011977093294262886e-04
6.010988727211952209e-04
6.009992794133722782e-04
6.008988711982965469e-04
6.007977062836289406e-04
6.006956682540476322e-04
6.005929899401962757e-04
6.004893803037703037e-04
6.003849557600915432e-04
6.002795998938381672e-04
6.001735455356538296e-04
6.000664434395730495e-04
5.999586428515613079e-04
5.998499109409749508e-04
5.997403059154748917e-04
5.996297113597393036e-04
5.995181854814291000e-04
5.994058446958661079e-04
5.992924561724066734e-04
5.991781363263726234e-04
5.990628851577639580e-04
5.989464698359370232e-04
5.988292396068572998e-04
5.987109616398811340e-04
5.985916359350085258e-04
5.984712624922394753e-04
5.983498413115739822e-04
5.982274306006729603e-04
5.981038557365536690e-04
5.979791749268770218e-04
5.978533299639821053e-04
5.977264372631907463e-04
5.975984386168420315e-04
5.974691594019532204e-04
5.973388906568288803e-04
5.972073995508253574e-04
5.970746278762817383e-04
5.969406338408589363e-04
5.968055920675396919e-04
5.966692115180194378e-04
5.965314339846372604e-04
5.963925505056977272e-04
5.962523864582180977e-04
5.961108254268765450e-04
5.959679838269948959e-04
5.958236870355904102e-04
5.956781678833067417e-04
5.955313099548220634e-04
5.953829968348145485e-04
5.952333449386060238e-04
5.950821214355528355e-04
5.949296173639595509e-04
5.947755998931825161e-04
5.946201272308826447e-04
5.944631411693990231e-04
5.943048163317143917e-04
5.941448616795241833e-04
5.939833354204893112e-04
5.938203539699316025e-04
5.936556844972074032e-04
5.934896180406212807e-04
5.933218053542077541e-04
5.931524792686104774e-04
5.929814069531857967e-04
5.928087630309164524e-04
5.926344892941415310e-04
5.924584693275392056e-04
5.922809359617531300e-04
5.921015399508178234e-04
5.919204559177160263e-04
5.917376256547868252e-04
5.915530491620302200e-04
5.913668428547680378e-04
5.911786574870347977e-04
5.909887258894741535e-04
5.907971644774079323e-04
5.906036240048706532e-04
5.904083373025059700e-04
5.902111879549920559e-04
5.900122923776507378e-04
5.898114759474992752e-04
5.896087386645376682e-04
5.894040805287659168e-04
5.891975597478449345e-04
5.889892345294356346e-04
5.887790466658771038e-04
5.885668797418475151e-04
5.883528501726686954e-04
5.881367251276969910e-04
5.879188538528978825e-04
5.876990035176277161e-04
5.874771741218864918e-04
5.872533074580132961e-04
5.870275781489908695e-04
5.867999861948192120e-04
5.865704733878374100e-04
5.863389233127236366e-04
5.861055105924606323e-04
5.858700606040656567e-04
5.856327479705214500e-04
5.853934562765061855e-04
5.851522437296807766e-04
5.849091685377061367e-04
5.846640560775995255e-04
5.844171391800045967e-04
5.841683596372604370e-04
5.839176592417061329e-04
5.836650962010025978e-04
5.834106705151498318e-04
5.831543239764869213e-04
5.828962312079966068e-04
5.826363340020179749e-04
5.823746905662119389e-04
5.821111262775957584e-04
5.818459321744740009e-04
5.815789918415248394e-04
5.813103052787482738e-04
5.810399306938052177e-04
5.807679262943565845e-04
5.804943502880632877e-04
5.802190280519425869e-04
5.799422506242990494e-04
5.796639015898108482e-04
5.793840391561388969e-04
5.791026051156222820e-04
5.788198322989046574e-04
5.785356624983251095e-04
5.782500957138836384e-04
5.779631901532411575e-04
5.776748876087367535e-04
5.773854791186749935e-04
5.770947318524122238e-04
5.768029368482530117e-04
5.765098612755537033e-04
5.762156215496361256e-04
5.759205087088048458e-04
5.756242899224162102e-04
5.753270233981311321e-04
5.750288837589323521e-04
5.747298710048198700e-04
5.744300433434545994e-04
5.741294589824974537e-04
5.738280597142875195e-04
5.735259619541466236e-04
5.732232239097356796e-04
5.729198455810546875e-04
5.726159433834254742e-04
5.723115173168480396e-04
5.720065673813223839e-04
5.717012681998312473e-04
5.713956197723746300e-04
5.710895638912916183e-04
5.707832169719040394e-04
5.704766954295337200e-04
5.701699992641806602e-04
5.698630702681839466e-04
5.695561412721872330e-04
5.692490376532077789e-04
5.689420504495501518e-04
5.686350632458925247e-04
5.683280760422348976e-04
5.680213216692209244e-04
5.677146255038678646e-04
5.674081621691584587e-04
5.671019316650927067e-04
5.667960504069924355e-04
5.664904019795358181e-04
5.661851027980446815e-04
5.658803274855017662e-04
5.655759596265852451e-04
5.652719992212951183e-04
5.649686791002750397e-04
5.646657664328813553e-04
5.643634940497577190e-04
5.640618037432432175e-04
5.637608119286596775e-04
5.634604603983461857e-04
5.631608073599636555e-04
5.628619110211730003e-04
5.625638295896351337e-04
5.622665630653500557e-04
5.619699950329959393e-04
5.616743583232164383e-04
5.613795947283506393e-04
5.610858206637203693e-04
5.607930361293256283e-04
5.605010082945227623e-04
5.602100281976163387e-04
5.599200958386063576e-04
5.596312112174928188e-04
5.593434325419366360e-04
5.590566433966159821e-04
5.587709601968526840e-04
5.584862665273249149e-04
5.582029116339981556e-04
5.579205462709069252e-04
5.576395196840167046e-04
5.573594826273620129e-04
5.570807261392474174e-04
5.568031920120120049e-04
5.565269384533166885e-04
5.562518490478396416e-04
5.559780984185636044e-04
5.557055701501667500e-04
5.554342642426490784e-04
5.551644135266542435e-04
5.548956687562167645e-04
5.546283791773021221e-04
5.543623701669275761e-04
5.540976999327540398e-04
5.538343684747815132e-04
5.535723175853490829e-04
5.533117218874394894e-04
5.530525231733918190e-04
5.527946632355451584e-04
5.525381420738995075e-04
5.522830178961157799e-04
5.520292907021939754e-04
5.517769604921340942e-04
5.515260854735970497e-04
5.512764910236001015e-04
5.510282935574650764e-04
5.507816094905138016e-04
5.505363224074244499e-04
5.502923158928751945e-04
5.500498809851706028e-04
5.498086684383451939e-04
5.495690857060253620e-04
5.493307253345847130e-04
5.490939365699887276e-04
5.488584283739328384e-04
5.486244335770606995e-04
5.483918357640504837e-04
5.481605767272412777e-04
5.479307728819549084e-04
5.477023078128695488e-04
5.474753561429679394e-04
5.472496850416064262e-04
