7.860517362132668495e-04
7.860495825298130512e-04
7.860473706386983395e-04
7.860452169552445412e-04
7.860428886488080025e-04
7.860406185500323772e-04
7.860384648665785789e-04
7.860363111831247807e-04
7.860340410843491554e-04
7.860318291932344437e-04
7.860296173021197319e-04
7.860273472033441067e-04
7.860251935198903084e-04
7.860229234211146832e-04
7.860207697376608849e-04
7.860184414312243462e-04
7.860162877477705479e-04
7.860140758566558361e-04
7.860118639655411243e-04
7.860095938667654991e-04
7.860074983909726143e-04
7.860051118768751621e-04
7.860030164010822773e-04
7.860007463023066521e-04
7.859985926188528538e-04
7.859963225200772285e-04
7.859941106289625168e-04
7.859918987378478050e-04
7.859896868467330933e-04
7.859874749556183815e-04
7.859852630645036697e-04
7.859831093810498714e-04
7.859807810746133327e-04
7.859786273911595345e-04
7.859764155000448227e-04
7.859742036089301109e-04
7.859720499254763126e-04
7.859697216190397739e-04
7.859675679355859756e-04
7.859652396291494370e-04
7.859631441533565521e-04
7.859609904699027538e-04
7.859587785787880421e-04
7.859565084800124168e-04
7.859542965888977051e-04
7.859519682824611664e-04
7.859498145990073681e-04
7.859476609155535698e-04
7.859455072320997715e-04
7.859431207180023193e-04
7.859409088268876076e-04
7.859388133510947227e-04
7.859365432523190975e-04
7.859343313612043858e-04
7.859321194700896740e-04
7.859299657866358757e-04
7.859276956878602505e-04
7.859254837967455387e-04
7.859232719056308270e-04
7.859210600145161152e-04
7.859188481234014034e-04
7.859166362322866917e-04
7.859144243411719799e-04
7.859121542423963547e-04
7.859100005589425564e-04
7.859077886678278446e-04
7.859055767767131329e-04
7.859033648855984211e-04
7.859010947868227959e-04
7.858989411033689976e-04
7.858967292122542858e-04
7.858945755288004875e-04
7.858922472223639488e-04
7.858900935389101505e-04
7.858878816477954388e-04
7.858856115490198135e-04
7.858833996579051018e-04
7.858813041821122169e-04
7.858790340833365917e-04
7.858768221922218800e-04
7.858745520934462547e-04
7.858724566176533699e-04
7.858701865188777447e-04
7.858679164201021194e-04
7.858658209443092346e-04
7.858636090531945229e-04
7.858614553697407246e-04
7.858591270633041859e-04
7.858569733798503876e-04
7.858546450734138489e-04
7.858525495976209641e-04
7.858503377065062523e-04
7.858481840230524540e-04
7.858459139242768288e-04
7.858437602408230305e-04
7.858414901420474052e-04
7.858393364585936069e-04
7.858371827751398087e-04
7.858349126763641834e-04
7.858327589929103851e-04
7.858304888941347599e-04
7.858282770030200481e-04
7.858261233195662498e-04
7.858238532207906246e-04
7.858216995373368263e-04
7.858193712309002876e-04
7.858172175474464893e-04
7.858150056563317776e-04
7.858128519728779793e-04
7.858106400817632675e-04
7.858085446059703827e-04
7.858062162995338440e-04
7.858040626160800457e-04
7.858019089326262474e-04
7.857995806261897087e-04
7.857974269427359104e-04
7.857952150516211987e-04
7.857930031605064869e-04
7.857907330617308617e-04
7.857887540012598038e-04
7.857864256948232651e-04
7.857842138037085533e-04
7.857821183279156685e-04
7.857797900214791298e-04
7.857775781303644180e-04
7.857753662392497063e-04
7.857732125557959080e-04
7.857710006646811962e-04
7.857687887735664845e-04
7.857665768824517727e-04
7.857644231989979744e-04
7.857621531002223492e-04
7.857599412091076374e-04
7.857577875256538391e-04
7.857555174268782139e-04
7.857533637434244156e-04
7.857511518523097038e-04
7.857489399611949921e-04
7.857467862777411938e-04
7.857445743866264820e-04
7.857423624955117702e-04
7.857402088120579720e-04
7.857378805056214333e-04
7.857357268221676350e-04
7.857335149310529232e-04
7.857314194552600384e-04
7.857291493564844131e-04
7.857269956730306149e-04
7.857247255742549896e-04
7.857225136831402779e-04
7.857204182073473930e-04
7.857181481085717678e-04
7.857159944251179695e-04
7.857137825340032578e-04
7.857116288505494595e-04
7.857094169594347477e-04
7.857072050683200359e-04
7.857048767618834972e-04
7.857027812860906124e-04
7.857006276026368141e-04
7.856984157115221024e-04
7.856962038204073906e-04
7.856939919292926788e-04
7.856917218305170536e-04
7.856895681470632553e-04
7.856873562559485435e-04
7.856852607801556587e-04
7.856830488890409470e-04
7.856806623749434948e-04
7.856785668991506100e-04
7.856764132156968117e-04
7.856742595322430134e-04
7.856721058487892151e-04
7.856697775423526764e-04
7.856676820665597916e-04
7.856654119677841663e-04
7.856631418690085411e-04
7.856610463932156563e-04
7.856588345021009445e-04
7.856565644033253193e-04
7.856543525122106075e-04
7.856522570364177227e-04
7.856501615606248379e-04
7.856478914618492126e-04
7.856456795707345009e-04
7.856435258872807026e-04
7.856413139961659908e-04
7.856390438973903656e-04
7.856369484215974808e-04
7.856347365304827690e-04
7.856325828470289707e-04
7.856303709559142590e-04
7.856281008571386337e-04
7.856260053813457489e-04
7.856236770749092102e-04
7.856215233914554119e-04
7.856193697080016136e-04
7.856171578168869019e-04
7.856148877181112766e-04
7.856127922423183918e-04
7.856105803512036800e-04
7.856083102524280548e-04
7.856062147766351700e-04
7.856040028855204582e-04
7.856017909944057465e-04
7.855996373109519482e-04
7.855974254198372364e-04
7.855952135287225246e-04
7.855930598452687263e-04
7.855908479541540146e-04
7.855886360630393028e-04
7.855863659642636776e-04
7.855842704884707928e-04
7.855820585973560810e-04
7.855798467062413692e-04
7.855776930227875710e-04
7.855755393393337727e-04
7.855732692405581474e-04
7.855711737647652626e-04
7.855689618736505508e-04
7.855667499825358391e-04
7.855645380914211273e-04
7.855623262003064156e-04
7.855602307245135307e-04
7.855580188333988190e-04
7.855558651499450207e-04
7.855536532588303089e-04
7.855514995753765106e-04
7.855492294766008854e-04
7.855470175854861736e-04
7.855449221096932888e-04
7.855426520109176636e-04
7.855404983274638653e-04
7.855382864363491535e-04
7.855360745452344418e-04
7.855338044464588165e-04
7.855317671783268452e-04
7.855294970795512199e-04
7.855273433960974216e-04
7.855252479203045368e-04
7.855229196138679981e-04
7.855208241380751133e-04
7.855186122469604015e-04
7.855164003558456898e-04
7.855142466723918915e-04
7.855120347812771797e-04
7.855098810978233814e-04
7.855077274143695831e-04
7.855055737309157848e-04
7.855033618398010731e-04
7.855010917410254478e-04
7.854989962652325630e-04
7.854967843741178513e-04
7.854945724830031395e-04
7.854924187995493412e-04
7.854901487007737160e-04
7.854880532249808311e-04
7.854858413338661194e-04
7.854835712350904942e-04
7.854814757592976093e-04
7.854792638681828976e-04
7.854770519770681858e-04
7.854748982936143875e-04
7.854726864024996758e-04
7.854704745113849640e-04
7.854683208279311657e-04
7.854661671444773674e-04
7.854640716686844826e-04
7.854618015699088573e-04
7.854596478864550591e-04
7.854574942030012608e-04
7.854552241042256355e-04
7.854530122131109238e-04
7.854509167373180389e-04
7.854487630538642406e-04
7.854464347474277020e-04
7.854442810639739037e-04
7.854420691728591919e-04
7.854399154894053936e-04
7.854377035982906818e-04
7.854356081224977970e-04
7.854333962313830853e-04
7.854312425479292870e-04
7.854290306568145752e-04
7.854268769733607769e-04
7.854247232899069786e-04
7.854225113987922668e-04
7.854202995076775551e-04
7.854180876165628433e-04
7.854160503484308720e-04
7.854138384573161602e-04
7.854116265662014484e-04
7.854094728827476501e-04
7.854072027839720249e-04
7.854049908928573132e-04
7.854028954170644283e-04
7.854007999412715435e-04
7.853984716348350048e-04
7.853963179513812065e-04
7.853941642679274082e-04
7.853920105844736099e-04
7.853897986933588982e-04
7.853876450099050999e-04
7.853854331187903881e-04
7.853832212276756763e-04
7.853810675442218781e-04
7.853789138607680798e-04
7.853767601773142815e-04
7.853745482861995697e-04
7.853724528104066849e-04
7.853702409192919731e-04
7.853680290281772614e-04
7.853658753447234631e-04
7.853636052459478378e-04
7.853615679778158665e-04
7.853593560867011547e-04
7.853570859879255295e-04
7.853548740968108177e-04
7.853527786210179329e-04
7.853506249375641346e-04
7.853484712541103363e-04
7.853463175706565380e-04
7.853441056795418262e-04
7.853419519960880280e-04
7.853397401049733162e-04
7.853374700061976910e-04
7.853353745304048061e-04
7.853332790546119213e-04
7.853308925405144691e-04
7.853287970647215843e-04
7.853266433812677860e-04
7.853245479054749012e-04
7.853222778066992760e-04
7.853200659155845642e-04
7.853179704397916794e-04
7.853158167563378811e-04
7.853136048652231693e-04
7.853114511817693710e-04
7.853092392906546593e-04
7.853071438148617744e-04
7.853048737160861492e-04
7.853026618249714375e-04
7.853005663491785526e-04
7.852983544580638409e-04
7.852962589822709560e-04
7.852940470911562443e-04
7.852918934077024460e-04
7.852897397242486477e-04
7.852875278331339359e-04
7.852854323573410511e-04
7.852831622585654259e-04
7.852809503674507141e-04
7.852788548916578293e-04
7.852765847928822041e-04
7.852744893170893192e-04
7.852722774259746075e-04
7.852701237425208092e-04
7.852680282667279243e-04
7.852658163756132126e-04
7.852636626921594143e-04
7.852613925933837891e-04
7.852592389099299908e-04
7.852571434341371059e-04
7.852549315430223942e-04
7.852527778595685959e-04
7.852506241761147976e-04
7.852484704926609993e-04
7.852462003938853741e-04
7.852441049180924892e-04
7.852418930269777775e-04
7.852396811358630657e-04
7.852375274524092674e-04
7.852354319766163826e-04
7.852332200855016708e-04
7.852311246097087860e-04
7.852289709262549877e-04
7.852267008274793625e-04
7.852246053516864777e-04
7.852223934605717659e-04
7.852201233617961407e-04
7.852180278860032558e-04
7.852158742025494576e-04
7.852136623114347458e-04
7.852115086279809475e-04
7.852093549445271492e-04
7.852072012610733509e-04
7.852050475776195526e-04
7.852028356865048409e-04
7.852007984183728695e-04
7.851985283195972443e-04
7.851963164284825325e-04
7.851942209526896477e-04
7.851920672692358494e-04
7.851898553781211376e-04
7.851877016946673393e-04
7.851855480112135410e-04
7.851833361200988293e-04
7.851811824366450310e-04
7.851790287531912327e-04
7.851768750697374344e-04
7.851747795939445496e-04
7.851725677028298378e-04
7.851704140193760395e-04
7.851681439206004143e-04
7.851660484448075294e-04
7.851638365536928177e-04
7.851616828702390194e-04
7.851595291867852211e-04
7.851573755033314228e-04
7.851552218198776245e-04
7.851531263440847397e-04
7.851509144529700279e-04
7.851487025618553162e-04
7.851465488784015179e-04
7.851443951949477196e-04
7.851422415114939213e-04
7.851400878280401230e-04
7.851379341445863247e-04
7.851357222534716129e-04
7.851336267776787281e-04
7.851312984712421894e-04
7.851292029954493046e-04
7.851270493119955063e-04
7.851249538362026215e-04
7.851226837374269962e-04
7.851205882616341114e-04
7.851184345781803131e-04
7.851162226870656013e-04
7.851140690036118031e-04
7.851119735278189182e-04
7.851097034290432930e-04
7.851075497455894947e-04
7.851053960621356964e-04
7.851033005863428116e-04
7.851011469028890133e-04
7.850989932194352150e-04
7.850968395359814167e-04
7.850946858525276184e-04
7.850924739614129066e-04
7.850903202779591084e-04
7.850881665945053101e-04
7.850860711187124252e-04
7.850837428122758865e-04
7.850816473364830017e-04
7.850795518606901169e-04
7.850773399695754051e-04
7.850751862861216068e-04
7.850729743950068951e-04
7.850708789192140102e-04
7.850686088204383850e-04
7.850665133446455002e-04
7.850644178688526154e-04
7.850622059777379036e-04
7.850600522942841053e-04
7.850578986108303070e-04
7.850557449273765087e-04
7.850536494515836239e-04
7.850514375604689121e-04
7.850492256693542004e-04
7.850470719859004021e-04
7.850449183024466038e-04
7.850427646189928055e-04
7.850406691431999207e-04
7.850383990444242954e-04
7.850363035686314106e-04
7.850342080928385258e-04
7.850320544093847275e-04
7.850298425182700157e-04
7.850276888348162174e-04
7.850255933590233326e-04
7.850233232602477074e-04
7.850211113691329956e-04
7.850190158933401108e-04
7.850169204175472260e-04
7.850147085264325142e-04
7.850126130506396294e-04
7.850104593671858311e-04
7.850082474760711193e-04
7.850060937926173210e-04
7.850038819015026093e-04
7.850017282180488110e-04
7.849996327422559261e-04
7.849975372664630413e-04
7.849952671676874161e-04
7.849932881072163582e-04
7.849910762161016464e-04
7.849888643249869347e-04
7.849867688491940498e-04
7.849846151657402515e-04
7.849824614822864532e-04
7.849803077988326550e-04
7.849781541153788567e-04
7.849758840166032314e-04
7.849737885408103466e-04
7.849716930650174618e-04
7.849694811739027500e-04
7.849673274904489517e-04
7.849652320146560669e-04
7.849629619158804417e-04
7.849607500247657299e-04
