4.708501801360398531e-04
4.708485503215342760e-04
4.708468331955373287e-04
4.708451160695403814e-04
4.708434571512043476e-04
4.708416818175464869e-04
4.708400811068713665e-04
4.708383639808744192e-04
4.708366468548774719e-04
4.708349297288805246e-04
4.708332126028835773e-04
4.708315245807170868e-04
4.708298656623810530e-04
4.708281485363841057e-04
4.708264314103871584e-04
4.708247724920511246e-04
4.708229971583932638e-04
4.708213382400572300e-04
4.708196211140602827e-04
4.708179330918937922e-04
4.708162450697273016e-04
4.708145279437303543e-04
4.708128981292247772e-04
4.708110936917364597e-04
4.708094638772308826e-04
4.708078049588948488e-04
4.708060296252369881e-04
4.708043998107314110e-04
4.708026535809040070e-04
4.708009364549070597e-04
4.707992484327405691e-04
4.707975895144045353e-04
4.707958723884075880e-04
4.707941552624106407e-04
4.707924381364136934e-04
4.707908083219081163e-04
4.707891494035720825e-04
4.707873449660837650e-04
4.707855696324259043e-04
4.707839398179203272e-04
4.707823391072452068e-04
4.707805637735873461e-04
4.707788466475903988e-04
4.707772168330848217e-04
4.707754997070878744e-04
4.707737825810909271e-04
4.707720654550939798e-04
4.707703483290970325e-04
4.707687476184219122e-04
4.707670304924249649e-04
4.707653133664280176e-04
4.707635962404310703e-04
4.707619082182645798e-04
4.707602492999285460e-04
4.707585321739315987e-04
4.707568150479346514e-04
4.707551561295986176e-04
4.707534390036016703e-04
4.707517509814351797e-04
4.707500338554382324e-04
4.707483749371021986e-04
4.707466578111052513e-04
4.707449988927692175e-04
4.707432817667722702e-04
4.707415937446057796e-04
4.707399348262697458e-04
4.707382177002727985e-04
4.707364423666149378e-04
4.707347834482789040e-04
4.707330663222819567e-04
4.707314365077763796e-04
4.707296902779489756e-04
4.707280022557824850e-04
4.707262851297855377e-04
4.707246844191104174e-04
4.707229090854525566e-04
4.707212501671165228e-04
4.707195621449500322e-04
4.707178159151226282e-04
4.707160987891256809e-04
4.707144689746201038e-04
4.707128100562840700e-04
4.707110347226262093e-04
4.707093758042901754e-04
4.707076586782932281e-04
4.707059997599571943e-04
4.707043117377907038e-04
4.707025946117937565e-04
4.707009647972881794e-04
4.706992185674607754e-04
4.706975014414638281e-04
4.706958425231277943e-04
4.706941545009613037e-04
4.706924373749643564e-04
4.706908366642892361e-04
4.706890613306313753e-04
4.706874024122953415e-04
4.706857725977897644e-04
4.706840554717928171e-04
4.706822801381349564e-04
4.706806212197989225e-04
4.706789623014628887e-04
4.706772451754659414e-04
4.706755280494689941e-04
4.706738400273025036e-04
4.706721229013055563e-04
4.706705221906304359e-04
4.706688050646334887e-04
4.706670879386365414e-04
4.706653708126395941e-04
4.706637409981340170e-04
4.706620238721370697e-04
4.706603067461401224e-04
4.706586478278040886e-04
4.706569598056375980e-04
4.706552135758101940e-04
4.706535255536437035e-04
4.706518666353076696e-04
4.706501495093107224e-04
4.706484905909746885e-04
4.706468025688081980e-04
4.706450563389807940e-04
4.706434265244752169e-04
4.706417093984782696e-04
4.706400504801422358e-04
4.706383333541452885e-04
4.706366453319787979e-04
4.706349864136427641e-04
4.706332692876458168e-04
4.706315521616488695e-04
4.706298932433128357e-04
4.706281761173158884e-04
4.706264880951493979e-04
4.706247709691524506e-04
4.706231702584773302e-04
4.706214531324803829e-04
4.706196777988225222e-04
4.706180188804864883e-04
4.706163308583199978e-04
4.706146137323230505e-04
4.706130130216479301e-04
4.706112958956509829e-04
4.706096078734844923e-04
4.706078907474875450e-04
4.706062318291515112e-04
4.706044564954936504e-04
4.706028557848185301e-04
4.706011677626520395e-04
4.705994506366550922e-04
4.705978499259799719e-04
4.705961327999830246e-04
4.705944447778165340e-04
4.705926985479891300e-04
4.705910687334835529e-04
4.705893516074866056e-04
4.705877217929810286e-04
4.705860046669840813e-04
4.705842875409871340e-04
4.705826286226511002e-04
4.705809114966541529e-04
4.705792816821485758e-04
4.705775354523211718e-04
4.705758183263242245e-04
4.705741303041577339e-04
4.705724713858217001e-04
4.705708124674856663e-04
4.705691244453191757e-04
4.705674655269831419e-04
4.705657484009861946e-04
4.705640894826501608e-04
4.705623141489923000e-04
4.705606552306562662e-04
4.705590254161506891e-04
4.705573956016451120e-04
4.705556784756481647e-04
4.705539613496512175e-04
4.705523024313151836e-04
4.705506435129791498e-04
4.705489554908126593e-04
4.705472092609852552e-04
4.705454921349883080e-04
4.705438623204827309e-04
4.705421451944857836e-04
4.705404280684888363e-04
4.705387982539832592e-04
4.705370811279863119e-04
4.705354222096502781e-04
4.705337050836533308e-04
4.705320461653172970e-04
4.705303290393203497e-04
4.705286992248147726e-04
4.705269820988178253e-04
4.705252649728208780e-04
4.705236060544848442e-04
4.705219180323183537e-04
4.705203173216432333e-04
4.705185419879853725e-04
4.705168830696493387e-04
4.705151659436523914e-04
4.705135361291468143e-04
4.705117607954889536e-04
4.705101018771529198e-04
4.705084720626473427e-04
4.705067549366503954e-04
4.705050960183143616e-04
4.705034370999783278e-04
4.705017199739813805e-04
4.705000319518148899e-04
4.704983730334788561e-04
4.704966559074819088e-04
4.704949969891458750e-04
4.704933089669793844e-04
4.704915918409824371e-04
4.704899329226464033e-04
4.704882740043103695e-04
4.704865568783134222e-04
4.704848397523164749e-04
4.704832099378108978e-04
4.704815510194748640e-04
4.704798338934779167e-04
4.704781458713114262e-04
4.704764287453144789e-04
4.704747698269784451e-04
4.704730527009814978e-04
4.704714810941368341e-04
4.704697639681398869e-04
4.704679886344820261e-04
4.704664170276373625e-04
4.704646999016404152e-04
4.704629827756434679e-04
4.704613238573074341e-04
4.704596649389714003e-04
4.704580351244658232e-04
4.704563179984688759e-04
4.704546008724719286e-04
4.704529419541358948e-04
4.704512539319694042e-04
4.704495368059724569e-04
4.704478196799755096e-04
4.704462189693003893e-04
4.704445018433034420e-04
4.704428720287978649e-04
4.704411549028009176e-04
4.704394959844648838e-04
4.704378079622983932e-04
4.704361490439623594e-04
4.704344610217958689e-04
4.704327147919684649e-04
4.704310849774628878e-04
4.704294260591268539e-04
4.704277089331299067e-04
4.704260791186243296e-04
4.704243619926273823e-04
4.704227030742913485e-04
4.704210150521248579e-04
4.704192979261279106e-04
4.704176390077918768e-04
4.704159800894558430e-04
4.704143502749502659e-04
4.704126331489533186e-04
4.704109160229563713e-04
4.704092571046203375e-04
4.704075690824538469e-04
4.704058519564568996e-04
4.704041930381208658e-04
4.704025632236152887e-04
4.704008460976183414e-04
4.703991871792823076e-04
4.703975282609462738e-04
4.703958402387797832e-04
4.703941231127828360e-04
4.703924641944468021e-04
4.703907470684498549e-04
4.703890881501138210e-04
4.703873710241168737e-04
4.703856830019503832e-04
4.703840240836143494e-04
4.703823651652783155e-04
4.703806771431118250e-04
4.703790182247757912e-04
4.703773593064397573e-04
4.703756712842732668e-04
4.703739541582763195e-04
4.703722952399402857e-04
4.703706363216042519e-04
4.703690065070986748e-04
4.703672893811017275e-04
4.703656304627656937e-04
4.703639424405992031e-04
4.703622253146022558e-04
4.703605081886053085e-04
4.703589074779301882e-04
4.703572194557636976e-04
4.703555023297667503e-04
4.703539016190916300e-04
4.703521844930946827e-04
4.703504673670977354e-04
4.703488375525921583e-04
4.703471204265952110e-04
4.703454906120896339e-04
4.703438316937536001e-04
4.703421145677566528e-04
4.703404556494206190e-04
4.703387676272541285e-04
4.703371087089180946e-04
4.703354497905820608e-04
4.703338199760764837e-04
4.703320446424186230e-04
4.703304148279130459e-04
4.703287559095770121e-04
4.703270387835800648e-04
4.703253798652440310e-04
4.703236918430775404e-04
4.703220329247415066e-04
4.703203740064054728e-04
4.703186568804085255e-04
4.703170270659029484e-04
4.703153681475669146e-04
4.703136801254004240e-04
4.703120212070643902e-04
4.703103622887283564e-04
4.703086742665618658e-04
4.703070153482258320e-04
4.703052982222288847e-04
4.703036393038928509e-04
4.703019512817263603e-04
4.703002341557294130e-04
4.702986334450542927e-04
4.702969454228878021e-04
4.702952282968908548e-04
4.702936275862157345e-04
4.702919395640492439e-04
4.702902806457132101e-04
4.702886217273771763e-04
4.702869337052106857e-04
4.702851874753832817e-04
4.702834994532167912e-04
4.702817823272198439e-04
4.702801234088838100e-04
4.702785518020391464e-04
4.702768928837031126e-04
4.702751175500452518e-04
4.702734877355396748e-04
4.702718288172036409e-04
4.702701698988676071e-04
4.702684527728706598e-04
4.702669102698564529e-04
4.702651640400290489e-04
4.702634469140321016e-04
4.702618170995265245e-04
4.702600999735295773e-04
4.702585283666849136e-04
4.702568112406879663e-04
4.702550941146910191e-04
4.702534060925245285e-04
4.702517471741884947e-04
4.702500300481915474e-04
4.702484584413468838e-04
4.702466831076890230e-04
4.702450823970139027e-04
4.702434525825083256e-04
4.702417354565113783e-04
4.702400183305144310e-04
4.702383885160088539e-04
4.702366713900119066e-04
4.702350706793367863e-04
4.702333535533398390e-04
4.702317237388342619e-04
4.702300939243286848e-04
4.702283767983317375e-04
4.702267178799957037e-04
4.702250589616596699e-04
4.702233418356627226e-04
4.702217120211571455e-04
4.702200531028211117e-04
4.702183359768241644e-04
4.702166479546576738e-04
4.702149890363216400e-04
4.702133301179856062e-04
4.702117003034800291e-04
4.702099831774830818e-04
4.702083533629775047e-04
4.702066362369805574e-04
4.702049773186445236e-04
4.702033184003084898e-04
4.702016885858029127e-04
4.701999714598059654e-04
4.701983416453003883e-04
4.701966245193034410e-04
4.701949947047978640e-04
4.701932775788009167e-04
4.701916186604648829e-04
4.701899888459593058e-04
4.701882717199623585e-04
4.701866128016263247e-04
4.701848956756293774e-04
4.701832658611238003e-04
4.701816069427877665e-04
4.701799480244517326e-04
4.701782308984547853e-04
4.701766010839492083e-04
4.701749712694436312e-04
4.701732541434466839e-04
4.701715952251106501e-04
4.701699363067746162e-04
4.701682482846081257e-04
4.701665893662720919e-04
4.701649595517665148e-04
4.701632424257695675e-04
4.701615835074335337e-04
4.701600119005888700e-04
4.701582947745919228e-04
4.701565776485949755e-04
4.701549187302589417e-04
4.701532307080924511e-04
4.701516008935868740e-04
4.701499128714203835e-04
4.701481957454234362e-04
4.701465659309178591e-04
4.701449361164122820e-04
4.701432771980762482e-04
4.701416473835706711e-04
4.701399884652346373e-04
4.701382713392376900e-04
4.701365833170711994e-04
4.701349826063960791e-04
4.701332072727382183e-04
4.701315774582326412e-04
4.701299767475575209e-04
4.701282596215605736e-04
4.701266298070549965e-04
4.701249126810580492e-04
4.701232828665524721e-04
4.701215657405555248e-04
4.701199941337108612e-04
4.701182770077139139e-04
4.701166180893778801e-04
4.701149882748723030e-04
4.701132420450448990e-04
4.701116704382002354e-04
4.701099533122032881e-04
4.701082361862063408e-04
4.701066063717007637e-04
4.701048892457038164e-04
4.701033176388591528e-04
4.701016296166926622e-04
4.700999706983566284e-04
4.700983408838510513e-04
4.700966237578541040e-04
4.700950521510094404e-04
4.700933059211820364e-04
4.700916178990155458e-04
4.700899589806795120e-04
4.700883291661739349e-04
4.700866120401769876e-04
4.700850113295018673e-04
4.700833233073353767e-04
4.700816061813384295e-04
4.700800054706633091e-04
4.700783756561577320e-04
4.700767167378216982e-04
4.700750287156552076e-04
4.700733697973191738e-04
4.700715944636613131e-04
4.700700228568166494e-04
4.700683639384806156e-04
4.700666759163141251e-04
4.700650169979780912e-04
4.700633580796420574e-04
4.700616700574755669e-04
4.700600693468004465e-04
4.700583522208034992e-04
4.700567224062979221e-04
4.700550634879618883e-04
4.700533754657953978e-04
4.700517165474593639e-04
4.700500576291233301e-04
4.700483696069568396e-04
4.700467688962817192e-04
4.700450517702847719e-04
4.700434219557791948e-04
4.700417630374431610e-04
4.700401332229375839e-04
4.700385034084320068e-04
4.700366989709436893e-04
4.700351273640990257e-04
4.700334684457629919e-04
4.700318386312574148e-04
4.700301215052604675e-04
4.700284916907548904e-04
4.700268327724188566e-04
4.700250574387609959e-04
4.700234858319163322e-04
4.700217687059193850e-04
4.700201097875833511e-04
4.700184799730777740e-04
4.700168210547417402e-04
4.700151330325752497e-04
4.700135323219001293e-04
4.700118442997336388e-04
