6.679640500806272030e-04
6.679622456431388855e-04
6.679607904516160488e-04
6.679590442217886448e-04
6.679574726149439812e-04
6.679559010080993176e-04
6.679542129859328270e-04
6.679525831714272499e-04
6.679509533569216728e-04
6.679493235424160957e-04
6.679476937279105186e-04
6.679460639134049416e-04
6.679444340988993645e-04
6.679427460767328739e-04
6.679411744698882103e-04
6.679395446553826332e-04
6.679379148408770561e-04
6.679362850263714790e-04
6.679345387965440750e-04
6.679330253973603249e-04
6.679313373751938343e-04
6.679297657683491707e-04
6.679280195385217667e-04
6.679266225546598434e-04
6.679249345324933529e-04
6.679231883026659489e-04
6.679216166958212852e-04
6.679199868813157082e-04
6.679183570668101311e-04
6.679167854599654675e-04
6.679150974377989769e-04
6.679135258309543133e-04
6.679117796011269093e-04
6.679102079942822456e-04
6.679085781797766685e-04
6.679070065729320049e-04
6.679053185507655144e-04
6.679036887362599373e-04
6.679020589217543602e-04
6.679004291072487831e-04
6.678987410850822926e-04
6.678972276858985424e-04
6.678955396637320518e-04
6.678939680568873882e-04
6.678922800347208977e-04
6.678907084278762341e-04
6.678890204057097435e-04
6.678875070065259933e-04
6.678857607766985893e-04
6.678840727545320988e-04
6.678825593553483486e-04
6.678809877485036850e-04
6.678792997263371944e-04
6.678776699118316174e-04
6.678759818896651268e-04
6.678743520751595497e-04
6.678726640529930592e-04
6.678712088614702225e-04
6.678695790469646454e-04
6.678678328171372414e-04
6.678663194179534912e-04
6.678646313957870007e-04
6.678630597889423370e-04
6.678613717667758465e-04
6.678596837446093559e-04
6.678581121377646923e-04
6.678565405309200287e-04
6.678548525087535381e-04
6.678532809019088745e-04
6.678517092950642109e-04
6.678501376882195473e-04
6.678483332507312298e-04
6.678467616438865662e-04
6.678450736217200756e-04
6.678435602225363255e-04
6.678419304080307484e-04
6.678401841782033443e-04
6.678386707790195942e-04
6.678370409645140171e-04
6.678353529423475266e-04
6.678338395431637764e-04
6.678320933133363724e-04
6.678305799141526222e-04
6.678288336843252182e-04
6.678272038698196411e-04
6.678257486782968044e-04
6.678240024484694004e-04
6.678223144263029099e-04
6.678208010271191597e-04
6.678191130049526691e-04
6.678174831904470921e-04
6.678158533759415150e-04
6.678142817690968513e-04
6.678126519545912743e-04
6.678109639324247837e-04
6.678094505332410336e-04
6.678077625110745430e-04
6.678061909042298794e-04
6.678045028820633888e-04
6.678029312752187252e-04
6.678013014607131481e-04
6.677995552308857441e-04
6.677979254163801670e-04
6.677963538095355034e-04
6.677947239950299263e-04
6.677931523881852627e-04
6.677914643660187721e-04
6.677899509668350220e-04
6.677883211523294449e-04
6.677866913378238678e-04
6.677850033156573772e-04
6.677834317088127136e-04
6.677817436866462231e-04
6.677801720798015594e-04
6.677786004729568958e-04
6.677769706584513187e-04
6.677753408439457417e-04
6.677736528217792511e-04
6.677720812149345875e-04
6.677705096080899239e-04
6.677688797935843468e-04
6.677672499790787697e-04
6.677655037492513657e-04
6.677639903500676155e-04
6.677624187432229519e-04
6.677607307210564613e-04
6.677591591142117977e-04
6.677575292997062206e-04
6.677557830698788166e-04
6.677542696706950665e-04
6.677526398561894894e-04
6.677510100416839123e-04
6.677494384348392487e-04
6.677478086203336716e-04
6.677460623905062675e-04
6.677444907836616039e-04
6.677428027614951134e-04
6.677412893623113632e-04
6.677396595478057861e-04
6.677380879409611225e-04
6.677364581264555454e-04
6.677348283119499683e-04
6.677331984974443913e-04
6.677316850982606411e-04
6.677298806607723236e-04
6.677283090539276600e-04
6.677266792394220829e-04
6.677251076325774193e-04
6.677234778180718422e-04
6.677219062112271786e-04
6.677201599813997746e-04
6.677185301668941975e-04
6.677169585600495338e-04
6.677153869532048702e-04
6.677137571386992931e-04
6.677121273241937160e-04
6.677104975096881390e-04
6.677088676951825619e-04
6.677072960883378983e-04
6.677056080661714077e-04
6.677040364593267441e-04
6.677024066448211670e-04
6.677008350379765034e-04
6.676991470158100128e-04
6.676975172013044357e-04
6.676958873867988586e-04
6.676943157799541950e-04
6.676925695501267910e-04
6.676910561509430408e-04
6.676894845440983772e-04
6.676877965219318867e-04
6.676861667074263096e-04
6.676845368929207325e-04
6.676829652860760689e-04
6.676813354715704918e-04
6.676797638647258282e-04
6.676781340502202511e-04
6.676764460280537605e-04
6.676749326288700104e-04
6.676733028143644333e-04
6.676716147921979427e-04
6.676699849776923656e-04
6.676684133708477020e-04
6.676668417640030384e-04
6.676651537418365479e-04
6.676635821349918842e-04
6.676618359051644802e-04
6.676603225059807301e-04
6.676586344838142395e-04
6.676570628769695759e-04
6.676554330624639988e-04
6.676537450402975082e-04
6.676523480564355850e-04
6.676506018266081810e-04
6.676489720121026039e-04
6.676473421975970268e-04
6.676457705907523632e-04
6.676441407762467861e-04
6.676425109617412090e-04
6.676408229395747185e-04
6.676393095403909683e-04
6.676376215182244778e-04
6.676359917037189007e-04
6.676344783045351505e-04
6.676327902823686600e-04
6.676311604678630829e-04
6.676295888610184193e-04
6.676280754618346691e-04
6.676264456473290920e-04
6.676247576251626015e-04
6.676231860183179379e-04
6.676216144114732742e-04
6.676198681816458702e-04
6.676183547824621201e-04
6.676167249679565430e-04
6.676151533611118793e-04
6.676134653389453888e-04
6.676118937321007252e-04
6.676102639175951481e-04
6.676086341030895710e-04
6.676070624962449074e-04
6.676054326817393303e-04
6.676037446595728397e-04
6.676021148450672626e-04
6.676006014458835125e-04
6.675989134237170219e-04
6.675973418168723583e-04
6.675956537947058678e-04
6.675941403955221176e-04
6.675924523733556271e-04
6.675908807665109634e-04
6.675892509520053864e-04
6.675876211374998093e-04
6.675859331153333187e-04
6.675844779238104820e-04
6.675827899016439915e-04
6.675811018794775009e-04
6.675795884802937508e-04
6.675779586657881737e-04
6.675762124359607697e-04
6.675748154520988464e-04
6.675730692222714424e-04
6.675714394077658653e-04
6.675699260085821152e-04
6.675682961940765381e-04
6.675666663795709610e-04
6.675650365650653839e-04
6.675634067505598068e-04
6.675618351437151432e-04
6.675601471215486526e-04
6.675585173070430756e-04
6.675570039078593254e-04
6.675553158856928349e-04
6.675536860711872578e-04
6.675521144643425941e-04
6.675505428574979305e-04
6.675489130429923534e-04
6.675473414361476898e-04
6.675457116216421127e-04
6.675440235994756222e-04
6.675425102002918720e-04
6.675408221781253815e-04
6.675391923636198044e-04
6.675376207567751408e-04
6.675359909422695637e-04
6.675343029201030731e-04
6.675328477285802364e-04
6.675312179140746593e-04
6.675295880995690823e-04
6.675280747003853321e-04
6.675264448858797550e-04
6.675246986560523510e-04
6.675230106338858604e-04
6.675214972347021103e-04
6.675198674201965332e-04
6.675182958133518696e-04
6.675166659988462925e-04
6.675150943920016289e-04
6.675135227851569653e-04
6.675118929706513882e-04
6.675102049484848976e-04
6.675085751339793205e-04
6.675070617347955704e-04
6.675054319202899933e-04
6.675037438981235027e-04
6.675021140836179256e-04
6.675004842691123486e-04
6.674989126622676849e-04
6.674973410554230213e-04
6.674956530332565308e-04
6.674940814264118671e-04
6.674925680272281170e-04
6.674909382127225399e-04
6.674893083982169628e-04
6.674877367913722992e-04
6.674861069768667221e-04
6.674843607470393181e-04
6.674828473478555679e-04
6.674813339486718178e-04
6.674797041341662407e-04
6.674780161119997501e-04
6.674764445051550865e-04
6.674748146906495094e-04
6.674732430838048458e-04
6.674716714769601822e-04
6.674699834547936916e-04
6.674684700556099415e-04
6.674667820334434509e-04
6.674652686342597008e-04
6.674635806120932102e-04
6.674619507975876331e-04
6.674603209830820560e-04
6.674587493762373924e-04
6.674571777693927288e-04
6.674554897472262383e-04
6.674539181403815746e-04
6.674523465335369110e-04
6.674507749266922474e-04
6.674490869045257568e-04
6.674474570900201797e-04
6.674458854831755161e-04
6.674442556686699390e-04
6.674426840618252754e-04
6.674410542473196983e-04
6.674394826404750347e-04
6.674377364106476307e-04
6.674363394267857075e-04
6.674346514046192169e-04
6.674330215901136398e-04
6.674313335679471493e-04
6.674298201687633991e-04
6.674282485619187355e-04
6.674266187474131584e-04
6.674250471405684948e-04
6.674234173260629177e-04
6.674217293038964272e-04
6.674201576970517635e-04
6.674185860902070999e-04
6.674169562757015228e-04
6.674153264611959457e-04
6.674138130620121956e-04
6.674121832475066185e-04
6.674105534330010414e-04
6.674089236184954643e-04
6.674072938039898872e-04
6.674057221971452236e-04
6.674040341749787331e-04
6.674026371911168098e-04
6.674010073766112328e-04
6.673993193544447422e-04
6.673976895399391651e-04
6.673960597254335880e-04
6.673944299109280109e-04
6.673928583040833473e-04
6.673912284895777702e-04
6.673895986750721931e-04
6.673880852758884430e-04
6.673864554613828659e-04
6.673848838545382023e-04
6.673833122476935387e-04
6.673816824331879616e-04
6.673800526186823845e-04
6.673784228041768074e-04
6.673769094049930573e-04
6.673752795904874802e-04
6.673736497759819031e-04
6.673720199614763260e-04
6.673703901469707489e-04
6.673688767477869987e-04
6.673672469332814217e-04
6.673656753264367580e-04
6.673640455119311810e-04
6.673624156974256039e-04
6.673608440905809402e-04
6.673592724837362766e-04
6.673575844615697861e-04
6.673560128547251225e-04
6.673543248325586319e-04
6.673527532257139683e-04
6.673511816188693047e-04
6.673496100120246410e-04
6.673480384051799774e-04
6.673464085906744003e-04
6.673448369838297367e-04
6.673431489616632462e-04
6.673415773548185825e-04
6.673400639556348324e-04
6.673384923487901688e-04
6.673368625342845917e-04
6.673351745121181011e-04
6.673336029052734375e-04
6.673319148831069469e-04
6.673303432762622833e-04
6.673287134617567062e-04
6.673272000625729561e-04
6.673255702480673790e-04
6.673239986412227154e-04
6.673223106190562248e-04
6.673206808045506477e-04
6.673191674053668976e-04
6.673174793832004070e-04
6.673159659840166569e-04
6.673143361695110798e-04
6.673128227703273296e-04
6.673111929558217525e-04
6.673095631413161755e-04
6.673080497421324253e-04
6.673064199276268482e-04
6.673047319054603577e-04
6.673031602986156940e-04
6.673015304841101170e-04
6.673000170849263668e-04
6.672983872704207897e-04
6.672966992482542992e-04
6.672951858490705490e-04
6.672934978269040585e-04
6.672919262200593948e-04
6.672902381978929043e-04
6.672887830063700676e-04
6.672872113995254040e-04
6.672854651696980000e-04
6.672839517705142498e-04
6.672823219560086727e-04
6.672808085568249226e-04
6.672791787423193455e-04
6.672775489278137684e-04
6.672759773209691048e-04
6.672744057141244411e-04
6.672728341072797775e-04
6.672711460851132870e-04
6.672695744782686234e-04
6.672680028714239597e-04
6.672663148492574692e-04
6.672647432424128056e-04
6.672631134279072285e-04
6.672616000287234783e-04
6.672599120065569878e-04
6.672583403997123241e-04
6.672567105852067471e-04
6.672551971860229969e-04
6.672535673715174198e-04
6.672519957646727562e-04
6.672504241578280926e-04
6.672487943433225155e-04
6.672471645288169384e-04
6.672456511296331882e-04
6.672440213151276112e-04
6.672424497082829475e-04
6.672407034784555435e-04
6.672392482869327068e-04
6.672375602647662163e-04
6.672360468655824661e-04
6.672344170510768890e-04
6.672327872365713120e-04
6.672312156297266483e-04
6.672295858152210712e-04
6.672279560007154942e-04
6.672263843938708305e-04
6.672247545793652534e-04
6.672231829725205898e-04
6.672215531580150127e-04
6.672200397588312626e-04
6.672184681519865990e-04
6.672167801298201084e-04
6.672152667306363583e-04
6.672136369161307812e-04
6.672120653092861176e-04
6.672104937024414539e-04
6.672088638879358768e-04
6.672072340734302998e-04
6.672056624665856361e-04
6.672040326520800591e-04
6.672024028375744820e-04
6.672007730230689049e-04
6.671992014162242413e-04
6.671976298093795776e-04
6.671960582025349140e-04
6.671944865956902504e-04
6.671929149888455868e-04
6.671913433820009232e-04
6.671897135674953461e-04
6.671881419606506824e-04
6.671863957308232784e-04
6.671848823316395283e-04
6.671833107247948647e-04
6.671816809102892876e-04
6.671800510957837105e-04
6.671784794889390469e-04
6.671769078820943832e-04
6.671752198599278927e-04
6.671737646684050560e-04
6.671720766462385654e-04
6.671705632470548153e-04
6.671689916402101517e-04
6.671674200333654881e-04
6.671657320111989975e-04
6.671640439890325069e-04
6.671625305898487568e-04
6.671610171906650066e-04
6.671593873761594296e-04
