3.590311855077743530e-03
3.588102292269468307e-03
3.585895523428916931e-03
3.583691315725445747e-03
3.581488505005836487e-03
3.579288022592663765e-03
3.577090101316571236e-03
3.574894741177558899e-03
3.572701243683695793e-03
3.570509608834981918e-03
3.568320767953991890e-03
3.566133556887507439e-03
3.563949139788746834e-03
3.561766119673848152e-03
3.559585893526673317e-03
3.557407762855291367e-03
3.555231960490345955e-03
3.553057787939906120e-03
3.550886642187833786e-03
3.548716660588979721e-03
3.546549240127205849e-03
3.544384380802512169e-03
3.542221151292324066e-03
3.540060482919216156e-03
3.537901677191257477e-03
3.535744501277804375e-03
3.533590352162718773e-03
3.531437600031495094e-03
3.529287409037351608e-03
3.527138847857713699e-03
3.524993080645799637e-03
3.522848943248391151e-03
3.520706901326775551e-03
3.518566954880952835e-03
3.516429103910923004e-03
3.514293581247329712e-03
3.512160154059529305e-03
3.510028123855590820e-03
3.507898421958088875e-03
3.505770815536379814e-03
3.503645304590463638e-03
3.501521656289696693e-03
3.499400336295366287e-03
3.497280878946185112e-03
3.495163284242153168e-03
3.493048017844557762e-03
3.490934846922755241e-03
3.488822840154170990e-03
3.486713860183954239e-03
3.484605811536312103e-03
3.482500556856393814e-03
3.480396931990981102e-03
3.478295402601361275e-03
3.476195503026247025e-03
3.474097466096282005e-03
3.472001990303397179e-03
3.469908144325017929e-03
3.467816160991787910e-03
3.465726505964994431e-03
3.463638015091419220e-03
3.461552318185567856e-03
3.459468018263578415e-03
3.457386046648025513e-03
3.455305006355047226e-03
3.453226527199149132e-03
3.451150143519043922e-03
3.449074923992156982e-03
3.447002498432993889e-03
3.444931004196405411e-03
3.442861838266253471e-03
3.440795233473181725e-03
3.438729560002684593e-03
3.436665749177336693e-03
3.434603800997138023e-03
3.432543948292732239e-03
3.430485958233475685e-03
3.428429365158081055e-03
3.426374867558479309e-03
3.424322232604026794e-03
3.422270994633436203e-03
3.420221386477351189e-03
3.418174339458346367e-03
3.416128456592559814e-03
3.414084669202566147e-03
3.412042977288365364e-03
3.410002449527382851e-03
3.407964017242193222e-03
3.405927214771509171e-03
3.403892042115330696e-03
3.401858499273657799e-03
3.399826819077134132e-03
3.397797001525759697e-03
3.395768813788890839e-03
3.393742255866527557e-03
3.391717560589313507e-03
3.389694495126605034e-03
3.387673292309045792e-03
3.385653020814061165e-03
3.383635310456156731e-03
3.381618531420826912e-03
3.379603847861289978e-03
3.377590561285614967e-03
3.375579370185732841e-03
3.373569808900356293e-03
3.371561411768198013e-03
3.369554877281188965e-03
3.367549972608685493e-03
3.365546464920043945e-03
3.363544819876551628e-03
3.361544804647564888e-03
3.359545953571796417e-03
3.357549197971820831e-03
3.355553839355707169e-03
3.353560343384742737e-03
3.351567778736352921e-03
3.349576843902468681e-03
3.347588237375020981e-03
3.345600562170147896e-03
3.343614283949136734e-03
3.341630101203918457e-03
3.339646849781274796e-03
3.337665228173136711e-03
3.335685236379504204e-03
3.333707107231020927e-03
3.331729909405112267e-03
3.329754574224352837e-03
3.327780868858098984e-03
3.325807861983776093e-03
3.323836950585246086e-03
3.321867436170578003e-03
3.319899318739771843e-03
3.317932598292827606e-03
3.315967274829745293e-03
3.314003348350524902e-03
3.312041051685810089e-03
3.310079919174313545e-03
3.308120416477322578e-03
3.306162543594837189e-03
3.304205369204282761e-03
3.302250290289521217e-03
3.300295909866690636e-03
3.298343624919652939e-03
3.296392038464546204e-03
3.294442780315876007e-03
3.292493754997849464e-03
3.290546825155615807e-03
3.288600826635956764e-03
3.286656225100159645e-03
3.284713253378868103e-03
3.282771212980151176e-03
3.280830802395939827e-03
3.278891323134303093e-03
3.276953473687171936e-03
3.275016788393259048e-03
3.273081500083208084e-03
3.271147608757019043e-03
3.269214183092117310e-03
3.267282852903008461e-03
3.265352686867117882e-03
3.263423452153801918e-03
3.261495614424347878e-03
3.259568708017468452e-03
3.257643431425094604e-03
3.255719086155295372e-03
3.253795905038714409e-03
3.251874586567282677e-03
3.249953500926494598e-03
3.248034277930855751e-03
3.246116219088435173e-03
3.244198625907301903e-03
3.242283361032605171e-03
3.240368328988552094e-03
3.238454461097717285e-03
3.236542223021388054e-03
3.234630916267633438e-03
3.232720540836453438e-03
3.230811329558491707e-03
3.228903515264391899e-03
3.226996632292866707e-03
3.225090447813272476e-03
3.223185660317540169e-03
3.221282269805669785e-03
3.219379344955086708e-03
3.217478282749652863e-03
3.215577220544219017e-03
3.213678020983934402e-03
3.211779752746224403e-03
3.209881950169801712e-03
3.207985777407884598e-03
3.206090070307254791e-03
3.204196225851774216e-03
3.202302614226937294e-03
3.200410166755318642e-03
3.198518650606274605e-03
3.196628298610448837e-03
3.194739110767841339e-03
3.192850388586521149e-03
3.190963063389062881e-03
3.189076436683535576e-03
3.187190741300582886e-03
3.185306210070848465e-03
3.183422144502401352e-03
3.181539243087172508e-03
3.179657272994518280e-03
3.177776001393795013e-03
3.175895893946290016e-03
3.174016484990715981e-03
3.172138007357716560e-03
3.170260693877935410e-03
3.168383613228797913e-03
3.166508162394165993e-03
3.164632711559534073e-03
3.162758424878120422e-03
3.160885535180568695e-03
3.159012645483016968e-03
3.157140687108039856e-03
3.155269892886281013e-03
3.153399797156453133e-03
3.151530865579843521e-03
3.149661934003233910e-03
3.147793933749198914e-03
3.145927097648382187e-03
3.144060727208852768e-03
3.142195055261254311e-03
3.140330081805586815e-03
3.138466505333781242e-03
3.136602928861975670e-03
3.134740749374032021e-03
3.132878802716732025e-03
3.131017787382006645e-03
3.129157237708568573e-03
3.127297153696417809e-03
3.125438001006841660e-03
3.123580012470483780e-03
3.121721791103482246e-03
3.119864966720342636e-03
3.118008375167846680e-03
3.116152482107281685e-03
3.114297753199934959e-03
3.112443257123231888e-03
3.110589459538459778e-03
3.108736360445618629e-03
3.106883727014064789e-03
3.105031559243798256e-03
3.103180089965462685e-03
3.101329552009701729e-03
3.099479014053940773e-03
3.097629640251398087e-03
3.095780732110142708e-03
3.093932289630174637e-03
3.092084545642137527e-03
3.090236801654100418e-03
3.088390221819281578e-03
3.086543874815106392e-03
3.084698226302862167e-03
3.082853043451905251e-03
3.081008559092879295e-03
3.079164074733853340e-03
3.077320754528045654e-03
3.075477899983525276e-03
3.073635045439004898e-03
3.071792889386415482e-03
3.069951431825757027e-03
3.068110905587673187e-03
3.066269913688302040e-03
3.064429853111505508e-03
3.062590491026639938e-03
3.060751128941774368e-03
3.058912465348839760e-03
3.057074267417192459e-03
3.055236302316188812e-03
3.053399268537759781e-03
3.051562467589974403e-03
3.049726132303476334e-03
3.047890029847621918e-03
3.046054625883698463e-03
3.044219454750418663e-03
3.042384982109069824e-03
3.040550742298364639e-03
3.038716968148946762e-03
3.036883892491459846e-03
3.035050584003329277e-03
3.033218439668416977e-03
3.031386062502861023e-03
3.029554383829236031e-03
3.027723403647542000e-03
3.025891957804560661e-03
3.024061908945441246e-03
3.022231627255678177e-03
3.020402276888489723e-03
3.018572693690657616e-03
3.016743808984756470e-03
3.014915622770786285e-03
3.013087436556816101e-03
3.011259716004133224e-03
3.009432461112737656e-03
3.007605439051985741e-03
3.005779115483164787e-03
3.003952791914343834e-03
3.002127166837453842e-03
3.000301774591207504e-03
2.998476848006248474e-03
2.996651921421289444e-03
2.994827926158905029e-03
2.993003930896520615e-03
2.991180866956710815e-03
2.989357803016901016e-03
2.987535204738378525e-03
2.985712839290499687e-03
2.983891172334551811e-03
2.982069505378603935e-03
2.980248536914587021e-03
2.978427568450570107e-03
2.976607298478484154e-03
2.974787726998329163e-03
2.972967922687530518e-03
2.971148584038019180e-03
2.969330176711082458e-03
2.967512235045433044e-03
2.965694060549139977e-03
2.963876817375421524e-03
2.962060039862990379e-03
2.960243262350559235e-03
2.958426950499415398e-03
2.956611569970846176e-03
2.954795723780989647e-03
2.952981274574995041e-03
2.951166825369000435e-03
2.949352841824293137e-03
2.947539323940873146e-03
2.945726504549384117e-03
2.943913685157895088e-03
2.942101331427693367e-03
2.940289443358778954e-03
2.938478486612439156e-03
2.936667995527386665e-03
2.934857737272977829e-03
2.933047944679856300e-03
2.931238850578665733e-03
2.929430222138762474e-03
2.927621826529502869e-03
2.925814129412174225e-03
2.924006897956132889e-03
2.922200364992022514e-03
2.920394297689199448e-03
2.918588696047663689e-03
2.916783560067415237e-03
2.914979122579097748e-03
2.913175383582711220e-03
2.911372110247612000e-03
2.909569302573800087e-03
2.907767193391919136e-03
2.905965782701969147e-03
2.904164837673306465e-03
2.902364358305931091e-03
2.900565043091773987e-03
2.898766193538904190e-03
2.896967809647321701e-03
2.895169891417026520e-03
2.893372904509305954e-03
2.891576616093516350e-03
2.889781026169657707e-03
2.887985901907086372e-03
2.886191476136445999e-03
2.884397981688380241e-03
2.882604952901601791e-03
2.880812622606754303e-03
2.879021223634481430e-03
2.877230755984783173e-03
2.875440753996372223e-03
2.873651683330535889e-03
2.871863311156630516e-03
2.870075637474656105e-03
2.868289127945899963e-03
2.866502851247787476e-03
2.864717505872249603e-03
2.862933324649930000e-03
2.861150074750185013e-03
2.859367290511727333e-03
2.857585903257131577e-03
2.855804748833179474e-03
2.854024525731801987e-03
2.852245932444930077e-03
2.850467571988701820e-03
2.848690142855048180e-03
2.846913645043969154e-03
2.845138311386108398e-03
2.843363676220178604e-03
2.841590438038110733e-03
2.839817898347973824e-03
2.838046522811055183e-03
2.836275845766067505e-03
2.834505867213010788e-03
2.832737518474459648e-03
2.830969868227839470e-03
2.829203614965081215e-03
2.827438060194253922e-03
2.825673669576644897e-03
2.823910443112254143e-03
2.822148380801081657e-03
2.820387016981840134e-03
2.818627050146460533e-03
2.816868247464299202e-03
2.815110608935356140e-03
2.813353668898344040e-03
2.811598358675837517e-03
2.809843746945261955e-03
2.808090997859835625e-03
2.806338947266340256e-03
2.804587827995419502e-03
2.802838571369647980e-03
2.801090013235807419e-03
2.799342619255185127e-03
2.797597087919712067e-03
2.795851789414882660e-03
2.794108819216489792e-03
2.792366780340671539e-03
2.790625439956784248e-03
2.788885729387402534e-03
2.787147415801882744e-03
2.785410266369581223e-03
2.783674746751785278e-03
2.781940391287207603e-03
2.780207199975848198e-03
2.778475871309638023e-03
2.776745241135358810e-03
2.775016007944941521e-03
2.773288637399673462e-03
2.771562198176980019e-03
2.769837155938148499e-03
2.768113743513822556e-03
2.766391728073358536e-03
2.764671109616756439e-03
2.762951655313372612e-03
2.761233830824494362e-03
2.759517403319478035e-03
2.757802605628967285e-03
2.756088972091674805e-03
2.754376968368887901e-03
2.752666361629962921e-03
2.750957151874899864e-03
2.749249571934342384e-03
2.747543621808290482e-03
2.745838835835456848e-03
2.744135912507772446e-03
2.742433920502662659e-03
2.740733791142702103e-03
2.739035524427890778e-03
2.737338421866297722e-03
2.735642716288566589e-03
2.733948873355984688e-03
2.732256660237908363e-03
2.730565611273050308e-03
2.728876424953341484e-03
2.727188635617494583e-03
2.725502476096153259e-03
2.723817946389317513e-03
2.722135279327630997e-03
2.720453543588519096e-03
2.718773903325200081e-03
2.717095892876386642e-03
2.715419279411435127e-03
2.713744295760989189e-03
2.712070941925048828e-03
2.710399450734257698e-03
2.708729356527328491e-03
2.707060892134904861e-03
2.705394057556986809e-03
2.703729085624217987e-03
2.702065743505954742e-03
2.700403798371553421e-03
2.698743483051657677e-03
2.697085030376911163e-03
2.695428207516670227e-03
2.693772781640291214e-03
2.692119218409061432e-03
2.690467517822980881e-03
2.688817447051405907e-03
2.687168773263692856e-03
2.685521729290485382e-03
2.683876315131783485e-03
2.682232996448874474e-03
2.680591307580471039e-03
2.678951248526573181e-03
2.677312586456537247e-03
2.675676019862294197e-03
2.674040617421269417e-03
2.672407310456037521e-03
2.670775866135954857e-03
2.669145585969090462e-03
2.667517168447375298e-03
2.665890846401453018e-03
2.664265921339392662e-03
2.662643091753125191e-03
2.661021659150719643e-03
2.659401390701532364e-03
2.657783450558781624e-03
2.656166907399892807e-03
2.654552459716796875e-03
2.652939409017562866e-03
