4.729687643703073263e-04
4.729669599328190088e-04
4.729652428068220615e-04
4.729634383693337440e-04
4.729617503471672535e-04
4.729598877020180225e-04
4.729581705760210752e-04
4.729564534500241280e-04
4.729546490125358105e-04
4.729529027827084064e-04
4.729511274490505457e-04
4.729494103230535984e-04
4.729476931970566511e-04
4.729459178633987904e-04
4.729441134259104729e-04
4.729423380922526121e-04
4.729406500700861216e-04
4.729388747364282608e-04
4.729370994027704000e-04
4.729353822767734528e-04
4.729336360469460487e-04
4.729318607132881880e-04
4.729300562757998705e-04
4.729283682536333799e-04
4.729266220238059759e-04
4.729247593786567450e-04
4.729231004603207111e-04
4.729212669190019369e-04
4.729194624815136194e-04
4.729177453555166721e-04
4.729160282295197248e-04
4.729143111035227776e-04
4.729125066660344601e-04
4.729107313323765993e-04
4.729089851025491953e-04
4.729071515612304211e-04
4.729054926428943872e-04
4.729036882054060698e-04
4.729020001832395792e-04
4.729002539534121752e-04
4.728983913082629442e-04
4.728966741822659969e-04
4.728949570562690496e-04
4.728931817226111889e-04
4.728914354927837849e-04
4.728897183667868376e-04
4.728878848254680634e-04
4.728861676994711161e-04
4.728843632619827986e-04
4.728827043436467648e-04
4.728809872176498175e-04
4.728791245725005865e-04
4.728774074465036392e-04
4.728756903205066919e-04
4.728739149868488312e-04
4.728721105493605137e-04
4.728703643195331097e-04
4.728686762973666191e-04
4.728668718598783016e-04
4.728650965262204409e-04
4.728633794002234936e-04
4.728616331703960896e-04
4.728598578367382288e-04
4.728580825030803680e-04
4.728563362732529640e-04
4.728546191472560167e-04
4.728529020212590694e-04
4.728510975837707520e-04
4.728493222501128912e-04
4.728475469164550304e-04
4.728458006866276264e-04
4.728440835606306791e-04
4.728423082269728184e-04
4.728405911009758711e-04
4.728387866634875536e-04
4.728371277451515198e-04
4.728352942038327456e-04
4.728335770778357983e-04
4.728318308480083942e-04
4.728302010335028172e-04
4.728283383883535862e-04
4.728265630546957254e-04
4.728248168248683214e-04
4.728230996988713741e-04
4.728213243652135134e-04
4.728195199277251959e-04
4.728178028017282486e-04
4.728160856757313013e-04
4.728143103420734406e-04
4.728125932160764933e-04
4.728108469862490892e-04
4.728090716525912285e-04
4.728073545265942812e-04
4.728056082967668772e-04
4.728038329631090164e-04
4.728021158371120691e-04
4.728003405034542084e-04
4.727985942736268044e-04
4.727969062514603138e-04
4.727951018139719963e-04
4.727933264803141356e-04
4.727916675619781017e-04
4.727898631244897842e-04
4.727880586870014668e-04
4.727863415610045195e-04
4.727846244350075722e-04
4.727828491013497114e-04
4.727811319753527641e-04
4.727793566416949034e-04
4.727776104118674994e-04
4.727758350782096386e-04
4.727740888483822346e-04
4.727723717223852873e-04
4.727705963887274265e-04
4.727688792627304792e-04
4.727671039290726185e-04
4.727653868030756712e-04
4.727635823655873537e-04
4.727618652395904064e-04
4.727601481135934591e-04
4.727583436761051416e-04
4.727565683424472809e-04
4.727548512164503336e-04
4.727530467789620161e-04
4.727513878606259823e-04
4.727496125269681215e-04
4.727478371933102608e-04
4.727461200673133135e-04
4.727443156298249960e-04
4.727425985038280487e-04
4.727408522740006447e-04
4.727391351480036974e-04
4.727374180220067501e-04
4.727355844806879759e-04
4.727339255623519421e-04
4.727320629172027111e-04
4.727303457912057638e-04
4.727286868728697300e-04
4.727269115392118692e-04
4.727251653093844652e-04
4.727234481833875179e-04
4.727216728497296572e-04
4.727199557237327099e-04
4.727181803900748491e-04
4.727165214717388153e-04
4.727147170342504978e-04
4.727129999082535505e-04
4.727111372631043196e-04
4.727094783447682858e-04
4.727077030111104250e-04
4.727059276774525642e-04
4.727042105514556170e-04
4.727024643216282129e-04
4.727006889879703522e-04
4.726989718619734049e-04
4.726971965283155441e-04
4.726955376099795103e-04
4.726937331724911928e-04
4.726920160464942455e-04
4.726902116090059280e-04
4.726883780676871538e-04
4.726867191493511200e-04
4.726850020233541727e-04
4.726833431050181389e-04
4.726815677713602781e-04
4.726798506453633308e-04
4.726780753117054701e-04
4.726762708742171526e-04
4.726745537482202053e-04
4.726728366222232580e-04
4.726711777038872242e-04
4.726693732663989067e-04
4.726676561404019594e-04
4.726658225990831852e-04
4.726641054730862379e-04
4.726622719317674637e-04
4.726605548057705164e-04
4.726588667836040258e-04
4.726571205537766218e-04
4.726553452201187611e-04
4.726536863017827272e-04
4.726519109681248665e-04
4.726501065306365490e-04
4.726483894046396017e-04
4.726467013824731112e-04
4.726448969449847937e-04
4.726431798189878464e-04
4.726414626929908991e-04
4.726396582555025816e-04
4.726378829218447208e-04
4.726361366920173168e-04
4.726344195660203695e-04
4.726327315438538790e-04
4.726309853140264750e-04
4.726292681880295277e-04
4.726274346467107534e-04
4.726257466245442629e-04
4.726239712908864021e-04
4.726222541648894548e-04
4.726205370388925076e-04
4.726187617052346468e-04
4.726170154754072428e-04
4.726152983494102955e-04
4.726136103272438049e-04
4.726118058897554874e-04
4.726100014522671700e-04
4.726083134301006794e-04
4.726066254079341888e-04
4.726047918666154146e-04
4.726031329482793808e-04
4.726014158222824335e-04
4.725996404886245728e-04
4.725978360511362553e-04
4.725961771328002214e-04
4.725944600068032742e-04
4.725926264654844999e-04
4.725909675471484661e-04
4.725891631096601486e-04
4.725873877760022879e-04
4.725857870653271675e-04
4.725839535240083933e-04
4.725822363980114460e-04
4.725804901681840420e-04
4.725787148345261812e-04
4.725770850200206041e-04
4.725752805825322866e-04
4.725735634565353394e-04
4.725717881228774786e-04
4.725700418930500746e-04
4.725682665593922138e-04
4.725665203295648098e-04
4.725648032035678625e-04
4.725630860775709152e-04
4.725613689515739679e-04
4.725595354102551937e-04
4.725578182842582464e-04
4.725561011582612991e-04
4.725543840322643518e-04
4.725526669062674046e-04
4.725508624687790871e-04
4.725491453427821398e-04
4.725473991129547358e-04
4.725456237792968750e-04
4.725439648609608412e-04
4.725421895273029804e-04
4.725404724013060331e-04
4.725386970676481724e-04
4.725369799416512251e-04
4.725352628156542778e-04
4.725335456896573305e-04
4.725317994598299265e-04
4.725300823338329792e-04
4.725282778963446617e-04
4.725265898741781712e-04
4.725248436443507671e-04
4.725231265183538198e-04
4.725212929770350456e-04
4.725195758510380983e-04
4.725179169327020645e-04
4.725161124952137470e-04
4.725143953692167997e-04
4.725126782432198524e-04
4.725109029095619917e-04
4.725091857835650444e-04
4.725075268652290106e-04
4.725056642200797796e-04
4.725040344055742025e-04
4.725023172795772552e-04
4.725005710497498512e-04
4.724987957160919905e-04
4.724970203824341297e-04
4.724952741526067257e-04
4.724936443381011486e-04
4.724918399006128311e-04
4.724901227746158838e-04
4.724883474409580231e-04
4.724866885226219893e-04
4.724849131889641285e-04
4.724831669591367245e-04
4.724814498331397772e-04
4.724796744994819164e-04
4.724778991658240557e-04
4.724761820398271084e-04
4.724744940176606178e-04
4.724727768916636705e-04
4.724710015580058098e-04
4.724693426396697760e-04
4.724676255136728287e-04
4.724657919723540545e-04
4.724640748463571072e-04
4.724622704088687897e-04
4.724605532828718424e-04
4.724589234683662653e-04
4.724572063423693180e-04
4.724553728010505438e-04
4.724536556750535965e-04
4.724519385490566492e-04
4.724501632153987885e-04
4.724485042970627546e-04
4.724467289634048939e-04
4.724450118374079466e-04
4.724432365037500858e-04
4.724415775854140520e-04
4.724398022517561913e-04
4.724381433334201574e-04
4.724363388959318399e-04
4.724346217699348927e-04
4.724328173324465752e-04
4.724311002064496279e-04
4.724293830804526806e-04
4.724276077467948198e-04
4.724258906207978725e-04
4.724241734948009253e-04
4.724224563688039780e-04
4.724206810351461172e-04
4.724189639091491699e-04
4.724172467831522226e-04
4.724155296571552753e-04
4.724138125311583281e-04
4.724120954051613808e-04
4.724103491753339767e-04
4.724085738416761160e-04
4.724068567156791687e-04
4.724051395896822214e-04
4.724033351521939039e-04
4.724017053376883268e-04
4.723999009002000093e-04
4.723982419818639755e-04
4.723964666482061148e-04
4.723946913145482540e-04
4.723929741885513067e-04
4.723913152702152729e-04
4.723895690403878689e-04
4.723878519143909216e-04
4.723860765807330608e-04
4.723843594547361135e-04
4.723825550172477961e-04
4.723808669950813055e-04
4.723792080767452717e-04
4.723774036392569542e-04
4.723756865132600069e-04
4.723739693872630596e-04
4.723722522612661123e-04
4.723705642390996218e-04
4.723687306977808475e-04
4.723670426756143570e-04
4.723653255496174097e-04
4.723636084236204624e-04
4.723618621937930584e-04
4.723601450677961111e-04
4.723584279417991638e-04
4.723567108158022165e-04
4.723548772744834423e-04
4.723532765638083220e-04
4.723515012301504612e-04
4.723497258964926004e-04
4.723480087704956532e-04
4.723462625406682491e-04
4.723446036223322153e-04
4.723427700810134411e-04
4.723410529550164938e-04
4.723394522443413734e-04
4.723376187030225992e-04
4.723359015770256519e-04
4.723341844510287046e-04
4.723324673250317574e-04
4.723307210952043533e-04
4.723290039692074060e-04
4.723273159470409155e-04
4.723255115095525980e-04
4.723237943835556507e-04
4.723220772575587034e-04
4.723203601315617561e-04
4.723185556940734386e-04
4.723169258795678616e-04
4.723151214420795441e-04
4.723134043160825968e-04
4.723116871900856495e-04
4.723099700640887022e-04
4.723082529380917549e-04
4.723065358120948076e-04
4.723047313746064901e-04
4.723030433524399996e-04
4.723013844341039658e-04
4.722995799966156483e-04
4.722978628706187010e-04
4.722961457446217537e-04
4.722944286186248064e-04
4.722926532849669456e-04
4.722909943666309118e-04
4.722891899291425943e-04
4.722874728031456470e-04
4.722857556771486998e-04
4.722840385511517525e-04
4.722823214251548052e-04
4.722806334029883146e-04
4.722788289654999971e-04
4.722771118395030499e-04
4.722754529211670160e-04
4.722736484836786985e-04
4.722719313576817513e-04
4.722702433355152607e-04
4.722684971056878567e-04
4.722667799796909094e-04
4.722650628536939621e-04
4.722633457276970148e-04
4.722616286017000675e-04
4.722598532680422068e-04
4.722581361420452595e-04
4.722564190160483122e-04
4.722546436823904514e-04
4.722529847640544176e-04
4.722513258457183838e-04
4.722495505120605230e-04
4.722478333860635757e-04
4.722460871562361717e-04
4.722443700302392244e-04
4.722426529042422771e-04
4.722408193629235029e-04
4.722392186522483826e-04
4.722375015262514353e-04
4.722357844002544880e-04
4.722340672742575407e-04
4.722323501482605934e-04
4.722305748146027327e-04
4.722287994809448719e-04
4.722270823549479246e-04
4.722253943327814341e-04
4.722236772067844868e-04
4.722219600807875395e-04
4.722202429547905922e-04
4.722184676211327314e-04
4.722166922874748707e-04
4.722150915767997503e-04
4.722132580354809761e-04
4.722115991171449423e-04
4.722098819911479950e-04
4.722081648651510477e-04
4.722063895314931870e-04
4.722046724054962397e-04
4.722029552794992924e-04
4.722012381535023451e-04
4.721994919236749411e-04
4.721978330053389072e-04
4.721959994640201330e-04
4.721943405456840992e-04
4.721926234196871519e-04
4.721909062936902046e-04
4.721891309600323439e-04
4.721874138340353966e-04
4.721856967080384493e-04
4.721840959973633289e-04
4.721823206637054682e-04
4.721806617453694344e-04
4.721788282040506601e-04
4.721771110780537128e-04
4.721753939520567656e-04
4.721736768260598183e-04
4.721719597000628710e-04
4.721702134702354670e-04
4.721684963442385197e-04
4.721668374259024858e-04
4.721650038845837116e-04
4.721634031739085913e-04
4.721615696325898170e-04
4.721598525065928698e-04
4.721581935882568359e-04
4.721564182545989752e-04
4.721547011286020279e-04
4.721530422102659941e-04
4.721513832919299603e-04
4.721495497506111860e-04
4.721478326246142387e-04
4.721461154986172915e-04
4.721444274764508009e-04
4.721427103504538536e-04
4.721409932244569063e-04
4.721393052022904158e-04
4.721375589724630117e-04
4.721358418464660645e-04
4.721341247204691172e-04
4.721324075944721699e-04
4.721306904684752226e-04
4.721289151348173618e-04
4.721272562164813280e-04
4.721255390904843807e-04
4.721237637568265200e-04
4.721221048384904861e-04
4.721203295048326254e-04
4.721185541711747646e-04
4.721168952528387308e-04
4.721151781268417835e-04
4.721134610008448362e-04
4.721117438748478889e-04
4.721099976450204849e-04
4.721083096228539944e-04
4.721065633930265903e-04
4.721048753708600998e-04
4.721031582448631525e-04
4.721014120150357485e-04
