9.901104494929313660e-04
9.899709839373826981e-04
9.898314019665122032e-04
9.896912379190325737e-04
9.895511902868747711e-04
9.894107934087514877e-04
9.892700472846627235e-04
9.891291847452521324e-04
9.889879729598760605e-04
9.888464119285345078e-04
9.887047344818711281e-04
9.885628242045640945e-04
9.884204482659697533e-04
9.882779559120535851e-04
9.881351143121719360e-04
9.879919234663248062e-04
9.878486162051558495e-04
9.877049596980214119e-04
9.875609539449214935e-04
9.874167153611779213e-04
9.872722439467906952e-04
9.871275397017598152e-04
9.869823697954416275e-04
9.868369670584797859e-04
9.866910986602306366e-04
9.865451138466596603e-04
9.863986633718013763e-04
9.862520964816212654e-04
9.861050639301538467e-04
9.859576821327209473e-04
9.858100675046443939e-04
9.856622200459241867e-04
9.855139069259166718e-04
9.853652445599436760e-04
9.852161165326833725e-04
9.850667556747794151e-04
9.849172784015536308e-04
9.847671026363968849e-04
9.846169268712401390e-04
9.844661690294742584e-04
9.843150619417428970e-04
9.841637220233678818e-04
9.840118000283837318e-04
9.838596452027559280e-04
9.837070247158408165e-04
9.835541713982820511e-04
9.834008524194359779e-04
9.832471841946244240e-04
9.830929338932037354e-04
9.829383343458175659e-04
9.827835019677877426e-04
9.826282039284706116e-04
9.824725566431879997e-04
9.823164436966180801e-04
9.821597486734390259e-04
9.820027044042944908e-04
9.818454273045063019e-04
9.816876845434308052e-04
9.815292432904243469e-04
9.813705692067742348e-04
9.812114294618368149e-04
9.810518240556120872e-04
9.808917529881000519e-04
9.807312162593007088e-04
9.805700974538922310e-04
9.804086294025182724e-04
9.802468121051788330e-04
9.800842963159084320e-04
9.799215476959943771e-04
9.797581005841493607e-04
9.795940713956952095e-04
9.794296929612755775e-04
9.792646160349249840e-04
9.790993062779307365e-04
9.789332980290055275e-04
9.787668241187930107e-04
9.785998845472931862e-04
9.784323628991842270e-04
9.782642591744661331e-04
9.780955733731389046e-04
9.779263054952025414e-04
9.777566883713006973e-04
9.775862563401460648e-04
9.774154750630259514e-04
9.772439952939748764e-04
9.770719334483146667e-04
9.768992895260453224e-04
9.767260635271668434e-04
9.765521972440183163e-04
9.763776906765997410e-04
9.762026020325720310e-04
9.760269313119351864e-04
9.758505620993673801e-04
9.756736690178513527e-04
9.754959028214216232e-04
9.753176709637045860e-04
9.751386824063956738e-04
9.749591117724776268e-04
9.747788426466286182e-04
9.745979332365095615e-04
9.744161507114768028e-04
9.742338443174958229e-04
9.740507812239229679e-04
9.738669614307582378e-04
9.736823849380016327e-04
9.734972845762968063e-04
9.733112528920173645e-04
9.731245227158069611e-04
9.729370358400046825e-04
9.727487340569496155e-04
9.725597337819635868e-04
9.723699768073856831e-04
9.721794049255549908e-04
9.719881345517933369e-04
9.717958164401352406e-04
9.716029162518680096e-04
9.714090265333652496e-04
9.712144965305924416e-04
9.710189769975841045e-04
9.708225261420011520e-04
9.706253185868263245e-04
9.704272379167377949e-04
9.702281677164137363e-04
9.700282826088368893e-04
9.698276408016681671e-04
9.696259512566030025e-04
9.694233885966241360e-04
9.692197781987488270e-04
9.690152364782989025e-04
9.688098798505961895e-04
9.686034172773361206e-04
9.683960815891623497e-04
9.681876981630921364e-04
9.679783834144473076e-04
9.677680791355669498e-04
9.675567853264510632e-04
9.673442691564559937e-04
9.671308798715472221e-04
9.669164428487420082e-04
9.667008416727185249e-04
9.664842509664595127e-04
9.662665543146431446e-04
9.660477517172694206e-04
9.658278431743383408e-04
9.656067704781889915e-04
9.653845918364822865e-04
9.651613072492182255e-04
9.649368003010749817e-04
9.647111874073743820e-04
9.644844103604555130e-04
9.642564691603183746e-04
9.640271891839802265e-04
9.637966286391019821e-04
9.635651367716491222e-04
9.633321897126734257e-04
9.630979620851576328e-04
9.628625703044235706e-04
9.626258979551494122e-04
9.623878286220133305e-04
9.621485951356589794e-04
9.619079646654427052e-04
9.616659372113645077e-04
9.614227456040680408e-04
9.611779241822659969e-04
9.609317639842629433e-04
9.606843814253807068e-04
9.604356600902974606e-04
9.601853089407086372e-04
9.599336772225797176e-04
9.596805321052670479e-04
9.594259317964315414e-04
9.591698762960731983e-04
9.589121909812092781e-04
9.586532833054661751e-04
9.583926876075565815e-04
9.581306367181241512e-04
9.578670724295079708e-04
9.576017619110643864e-04
9.573351126164197922e-04
9.570667170919477940e-04
9.567968081682920456e-04
9.565254440531134605e-04
9.562522172927856445e-04
9.559774189256131649e-04
9.557010489515960217e-04
9.554229909554123878e-04
9.551431867294013500e-04
9.548618108965456486e-04
9.545785724185407162e-04
9.542939369566738605e-04
9.540071478113532066e-04
9.537189616821706295e-04
9.534287382848560810e-04
9.531370014883577824e-04
9.528434602543711662e-04
9.525479981675744057e-04
9.522509644739329815e-04
9.519518935121595860e-04
9.516510181128978729e-04
9.513485128991305828e-04
9.510439122095704079e-04
9.507376817055046558e-04
9.504293557256460190e-04
9.501192253082990646e-04
9.498072904534637928e-04
9.494934347458183765e-04
9.491775417700409889e-04
9.488599025644361973e-04
9.485402260906994343e-04
9.482187451794743538e-04
9.478952270001173019e-04
9.475697297602891922e-04
9.472423698753118515e-04
9.469130309298634529e-04
9.465816547162830830e-04
9.462484158575534821e-04
9.459131397306919098e-04
9.455758845433592796e-04
9.452364756725728512e-04
9.448953787796199322e-04
9.445520117878913879e-04
9.442067821510136127e-04
9.438594570383429527e-04
9.435102692805230618e-04
9.431589278392493725e-04
9.428056655451655388e-04
9.424502495676279068e-04
9.420929709449410439e-04
9.417336550541222095e-04
9.413721854798495770e-04
9.410089696757495403e-04
9.406434837728738785e-04
9.402762516401708126e-04
9.399066912010312080e-04
9.395353263244032860e-04
9.391619823873043060e-04
9.387866011820733547e-04
9.384091245010495186e-04
9.380298433825373650e-04
9.376484667882323265e-04
9.372652275487780571e-04
9.368800092488527298e-04
9.364928118884563446e-04
9.361036354675889015e-04
9.357125964015722275e-04
9.353196946904063225e-04
9.349246975034475327e-04
9.345278958790004253e-04
9.341292316094040871e-04
9.337285882793366909e-04
9.333261405117809772e-04
9.329220629297196865e-04
9.325158316642045975e-04
9.321079123765230179e-04
9.316983050666749477e-04
9.312868351116776466e-04
9.308735607191920280e-04
9.304586565122008324e-04
9.300418896600604057e-04
9.296234929934144020e-04
9.292032918892800808e-04
9.287815191783010960e-04
9.283580584451556206e-04
9.279330261051654816e-04
9.275062475353479385e-04
9.270779555663466454e-04
9.266479755751788616e-04
9.262167150154709816e-04
9.257835336029529572e-04
9.253491298295557499e-04
9.249132126569747925e-04
9.244757820852100849e-04
9.240369545295834541e-04
9.235965553671121597e-04
9.231548174284398556e-04
9.227118571288883686e-04
9.222674416378140450e-04
9.218216873705387115e-04
9.213745943270623684e-04
9.209262789227068424e-04
9.204767411574721336e-04
9.200259228236973286e-04
9.195737657137215137e-04
9.191206190735101700e-04
9.186662500724196434e-04
9.182107751257717609e-04
9.177540778182446957e-04
9.172963327728211880e-04
9.168374817818403244e-04
9.163775248453021049e-04
9.159168112091720104e-04
9.154549334198236465e-04
9.149919496849179268e-04
9.145280928350985050e-04
9.140633628703653812e-04
9.135977015830576420e-04
9.131309343501925468e-04
9.126635268330574036e-04
9.121951879933476448e-04
9.117260924540460110e-04
9.112561237998306751e-04
9.107852820307016373e-04
9.103136835619807243e-04
9.098413283936679363e-04
9.093683329410851002e-04
9.088945225812494755e-04
9.084200719371438026e-04
9.079448645934462547e-04
9.074689587578177452e-04
9.069925290532410145e-04
9.065152844414114952e-04
9.060376323759555817e-04
9.055591654032468796e-04
9.050802327692508698e-04
9.046007180586457253e-04
9.041206212714314461e-04
9.036398841999471188e-04
9.031588560901582241e-04
9.026771294884383678e-04
9.021948790177702904e-04
9.017122210934758186e-04
9.012292139232158661e-04
9.007455664686858654e-04
9.002613951452076435e-04
8.997770491987466812e-04
8.992921793833374977e-04
8.988069603219628334e-04
8.983210427686572075e-04
8.978349505923688412e-04
8.973485673777759075e-04
8.968617185018956661e-04
8.963745785877108574e-04
8.958872058428823948e-04
8.953993092291057110e-04
8.949111215770244598e-04
8.944227010942995548e-04
8.939338731579482555e-04
8.934449288062751293e-04
8.929556934162974358e-04
8.924660505726933479e-04
8.919764659367501736e-04
8.914863574318587780e-04
8.909960743039846420e-04
8.905056747607886791e-04
8.900151005946099758e-04
8.895243518054485321e-04
8.890334283933043480e-04
8.885422721505165100e-04
8.880510577000677586e-04
8.875596104189753532e-04
8.870679885149002075e-04
8.865764830261468887e-04
8.860847447067499161e-04
8.855928317643702030e-04
8.851011516526341438e-04
8.846092387102544308e-04
8.841172093525528908e-04
8.836252382025122643e-04
8.831333834677934647e-04
8.826415287330746651e-04
8.821494993753731251e-04
8.816577028483152390e-04
8.811659645289182663e-04
8.806741680018603802e-04
8.801824296824634075e-04
8.796909241937100887e-04
8.791997097432613373e-04
8.787085535004734993e-04
8.782173390500247478e-04
8.777266484685242176e-04
8.772360743023455143e-04
8.767456165514886379e-04
8.762553334236145020e-04
8.757655159570276737e-04
8.752758731134235859e-04
8.747865795157849789e-04
8.742976933717727661e-04
8.738090400584042072e-04
8.733207941986620426e-04
8.728330722078680992e-04
8.723455248400568962e-04
8.718586177565157413e-04
8.713721181266009808e-04
8.708861423656344414e-04
8.704006322659552097e-04
8.699155878275632858e-04
8.694311836734414101e-04
8.689473033882677555e-04
8.684640633873641491e-04
8.679815218783915043e-04
8.674995624460279942e-04
8.670182432979345322e-04
8.665376808494329453e-04
8.660577586852014065e-04
8.655786514282226562e-04
8.651004754938185215e-04
8.646229980513453484e-04
8.641461608931422234e-04
8.636703714728355408e-04
8.631953969597816467e-04
8.627213537693023682e-04
8.622480672784149647e-04
8.617758867330849171e-04
8.613046375103294849e-04
8.608343196101486683e-04
8.603651076555252075e-04
8.598967688158154488e-04
8.594296523369848728e-04
8.589635835960507393e-04
8.584985625930130482e-04
8.580345893278717995e-04
8.575719548389315605e-04
8.571103098802268505e-04
8.566499454900622368e-04
8.561908034607768059e-04
8.557327091693878174e-04
8.552760118618607521e-04
8.548207115381956100e-04
8.543665171600878239e-04
8.539137779735028744e-04
8.534622029401361942e-04
8.530120830982923508e-04
8.525633020326495171e-04
8.521160343661904335e-04
8.516699890606105328e-04
8.512251661159098148e-04
8.507822058163583279e-04
8.503404678776860237e-04
8.499001269228756428e-04
8.494613575749099255e-04
8.490242180414497852e-04
8.485883590765297413e-04
8.481540717184543610e-04
8.477214141748845577e-04
8.472901536151766777e-04
8.468605810776352882e-04
8.464325801469385624e-04
8.460060926154255867e-04
8.455812348984181881e-04
8.451580069959163666e-04
8.447364671155810356e-04
8.443163824267685413e-04
8.438979275524616241e-04
8.434812771156430244e-04
8.430661982856690884e-04
8.426528074778616428e-04
8.422411628998816013e-04
8.418310317210853100e-04
8.414227631874382496e-04
8.410160080529749393e-04
8.406110573559999466e-04
8.402076782658696175e-04
8.398061036132276058e-04
8.394063916057348251e-04
8.390081347897648811e-04
8.386116824112832546e-04
8.382170926779508591e-04
8.378241327591240406e-04
8.374328608624637127e-04
8.370433934032917023e-04
8.366556139662861824e-04
8.362695807591080666e-04
8.358853519894182682e-04
8.355026948265731335e-04
8.351220167241990566e-04
8.347429102286696434e-04
8.343656663782894611e-04
8.339901105500757694e-04
8.336163591593503952e-04
8.332442375831305981e-04
8.328739204443991184e-04
8.325052331201732159e-04
8.321384666487574577e-04
8.317732717841863632e-04
8.314099395647644997e-04
8.310482953675091267e-04
8.306884556077420712e-04
8.303301874548196793e-04
8.299738983623683453e-04
8.296190062537789345e-04
8.292659767903387547e-04
8.289146353490650654e-04
8.285650983452796936e-04
8.282171329483389854e-04
8.278711466118693352e-04
8.275264990516006947e-04
8.271838305518031120e-04
8.268426754511892796e-04
8.265032665804028511e-04
8.261654875241219997e-04
8.258293964900076389e-04
8.254948770627379417e-04
8.251621038652956486e-04
8.248310186900198460e-04
8.245016797445714474e-04
8.241737377829849720e-04
8.238474838435649872e-04
8.235230343416333199e-04
8.232000400312244892e-04
8.228786755353212357e-04
