3.834009694401174784e-04
3.833989321719855070e-04
3.833970113191753626e-04
3.833950031548738480e-04
3.833929658867418766e-04
3.833909868262708187e-04
3.833889786619693041e-04
3.833869996014982462e-04
3.833849623333662748e-04
3.833829541690647602e-04
3.833810042124241590e-04
3.833789669442921877e-04
3.833770169876515865e-04
3.833750088233500719e-04
3.833729715552181005e-04
3.833709633909165859e-04
3.833689843304455280e-04
3.833669761661440134e-04
3.833650262095034122e-04
3.833630180452018976e-04
3.833609807770699263e-04
3.833590017165988684e-04
3.833570517599582672e-04
3.833550144918262959e-04
3.833530063275247812e-04
3.833510272670537233e-04
3.833490482065826654e-04
3.833470109384506941e-04
3.833450609818100929e-04
3.833430819213390350e-04
3.833410446532070637e-04
3.833390364889055490e-04
3.833370283246040344e-04
3.833350201603025198e-04
3.833330410998314619e-04
3.833310620393604040e-04
3.833290538750588894e-04
3.833271330222487450e-04
3.833250957541167736e-04
3.833230875898152590e-04
3.833211085293442011e-04
3.833190712612122297e-04
3.833170922007411718e-04
3.833150549326092005e-04
3.833131340797990561e-04
3.833111259154975414e-04
3.833091177511960268e-04
3.833071677945554256e-04
3.833051305264234543e-04
3.833031514659523964e-04
3.833011433016508818e-04
3.832991642411798239e-04
3.832971560768783092e-04
3.832952352240681648e-04
3.832932270597666502e-04
3.832912188954651356e-04
3.832891816273331642e-04
3.832872025668621063e-04
3.832852235063910484e-04
3.832832153420895338e-04
3.832812071777880192e-04
3.832792572211474180e-04
3.832773072645068169e-04
3.832752117887139320e-04
3.832732327282428741e-04
3.832712536677718163e-04
3.832692163996398449e-04
3.832672082353383303e-04
3.832653164863586426e-04
3.832632210105657578e-04
3.832613001577556133e-04
3.832592628896236420e-04
3.832572838291525841e-04
3.832553047686815262e-04
3.832533257082104683e-04
3.832513175439089537e-04
3.832493675872683525e-04
3.832473012153059244e-04
3.832453221548348665e-04
3.832433721981942654e-04
3.832413349300622940e-04
3.832393849734216928e-04
3.832373477052897215e-04
3.832353977486491203e-04
3.832333895843476057e-04
3.832314105238765478e-04
3.832293732557445765e-04
3.832274524029344320e-04
3.832253860309720039e-04
3.832234069705009460e-04
3.832214861176908016e-04
3.832194488495588303e-04
3.832174406852573156e-04
3.832154034171253443e-04
3.832135116681456566e-04
3.832115035038441420e-04
3.832094953395426273e-04
3.832075162790715694e-04
3.832055081147700548e-04
3.832034999504685402e-04
3.832015208899974823e-04
3.831995127256959677e-04
3.831975627690553665e-04
3.831955546047538519e-04
3.831935464404523373e-04
3.831915673799812794e-04
3.831896174233406782e-04
3.831876383628696203e-04
3.831856593023985624e-04
3.831836802419275045e-04
3.831816429737955332e-04
3.831796057056635618e-04
3.831776557490229607e-04
3.831757057923823595e-04
3.831737267319113016e-04
3.831716894637793303e-04
3.831697104033082724e-04
3.831677313428372145e-04
3.831657522823661566e-04
3.831637441180646420e-04
3.831617941614240408e-04
3.831597277894616127e-04
3.831577778328210115e-04
3.831557696685194969e-04
3.831538488157093525e-04
3.831518697552382946e-04
3.831498324871063232e-04
3.831478243228048086e-04
3.831458452623337507e-04
3.831438662018626928e-04
3.831418871413916349e-04
3.831399080809205770e-04
3.831378708127886057e-04
3.831359208561480045e-04
3.831339417956769466e-04
3.831319627352058887e-04
3.831300127785652876e-04
3.831280337180942297e-04
3.831259964499622583e-04
3.831240464933216572e-04
3.831219801213592291e-04
3.831200010608881712e-04
3.831180802080780268e-04
3.831160429399460554e-04
3.831140638794749975e-04
3.831120848190039396e-04
3.831101057585328817e-04
3.831080684904009104e-04
3.831061185337603092e-04
3.831041394732892513e-04
3.831021604128181934e-04
3.831001231446862221e-04
3.830981440842151642e-04
3.830961941275745630e-04
3.830941568594425917e-04
3.830922360066324472e-04
3.830902278423309326e-04
3.830882196780294180e-04
3.830862697213888168e-04
3.830842615570873022e-04
3.830822824966162443e-04
3.830803034361451864e-04
3.830783243756741285e-04
3.830763453152030706e-04
3.830743371509015560e-04
3.830723871942609549e-04
3.830704081337898970e-04
3.830684290733188391e-04
3.830664500128477812e-04
3.830644709523767233e-04
3.830624627880752087e-04
3.830604837276041508e-04
3.830584464594721794e-04
3.830564965028315783e-04
3.830545756500214338e-04
3.830525383818894625e-04
3.830506175290793180e-04
3.830485802609473467e-04
3.830465429928153753e-04
3.830445639323443174e-04
3.830426139757037163e-04
3.830406640190631151e-04
3.830386267509311438e-04
3.830366767942905426e-04
3.830346977338194847e-04
3.830326895695179701e-04
3.830307396128773689e-04
3.830287314485758543e-04
3.830266941804438829e-04
3.830247442238032818e-04
3.830228233709931374e-04
3.830208443105220795e-04
3.830188070423901081e-04
3.830168570857495070e-04
3.830148198176175356e-04
3.830128989648073912e-04
3.830108616966754198e-04
3.830088535323739052e-04
3.830069326795637608e-04
3.830049245152622461e-04
3.830029454547911882e-04
3.830009954981505871e-04
3.829990164376795292e-04
3.829969791695475578e-04
3.829951165243983269e-04
3.829931083600968122e-04
3.829910710919648409e-04
3.829890629276633263e-04
3.829871129710227251e-04
3.829851630143821239e-04
3.829831257462501526e-04
3.829811466857790947e-04
3.829791676253080368e-04
3.829771885648369789e-04
3.829752386081963778e-04
3.829732595477253199e-04
3.829712804872542620e-04
3.829692723229527473e-04
3.829672932624816895e-04
3.829653724096715450e-04
3.829633351415395737e-04
3.829613560810685158e-04
3.829593770205974579e-04
3.829574270639568567e-04
3.829555062111467123e-04
3.829535271506756544e-04
3.829514607787132263e-04
3.829494817182421684e-04
3.829475026577711105e-04
3.829455235973000526e-04
3.829435445368289948e-04
3.829415654763579369e-04
3.829395864158868790e-04
3.829376655630767345e-04
3.829356573987752199e-04
3.829336783383041620e-04
3.829316992778331041e-04
3.829297493211925030e-04
3.829277411568909883e-04
3.829257620964199305e-04
3.829237830359488726e-04
3.829218330793082714e-04
3.829198249150067568e-04
3.829178749583661556e-04
3.829158667940646410e-04
3.829138877335935831e-04
3.829119086731225252e-04
3.829099878203123808e-04
3.829080087598413229e-04
3.829060005955398083e-04
3.829040797427296638e-04
3.829020424745976925e-04
3.829000343102961779e-04
3.828980843536555767e-04
3.828961343970149755e-04
3.828941262327134609e-04
3.828921762760728598e-04
3.828902554232627153e-04
3.828882472589612007e-04
3.828861808869987726e-04
3.828842309303581715e-04
3.828823100775480270e-04
3.828802728094160557e-04
3.828782937489449978e-04
3.828763437923043966e-04
3.828743356280028820e-04
3.828723856713622808e-04
3.828704066108912230e-04
3.828684275504201651e-04
3.828664484899491072e-04
3.828644403256475925e-04
3.828625776804983616e-04
3.828605404123663902e-04
3.828585613518953323e-04
3.828566113952547312e-04
3.828546323347836733e-04
3.828526532743126154e-04
3.828506742138415575e-04
3.828487242572009563e-04
3.828467743005603552e-04
3.828447952400892973e-04
3.828428161796182394e-04
3.828408080153167248e-04
3.828388580586761236e-04
3.828368789982050657e-04
3.828348999377340078e-04
3.828328626696020365e-04
3.828308836091309786e-04
3.828289627563208342e-04
3.828269836958497763e-04
3.828250046353787184e-04
3.828230255749076605e-04
3.828210756182670593e-04
3.828191256616264582e-04
3.828170883934944868e-04
3.828151384368538857e-04
3.828131884802132845e-04
3.828112094197422266e-04
3.828092303592711687e-04
3.828072512988001108e-04
3.828053013421595097e-04
3.828032640740275383e-04
3.828013432212173939e-04
3.827993932645767927e-04
3.827974724117666483e-04
3.827954642474651337e-04
3.827935433946549892e-04
3.827915061265230179e-04
3.827895270660519600e-04
3.827875480055809021e-04
3.827855980489403009e-04
3.827836189884692430e-04
3.827816399279981852e-04
3.827797481790184975e-04
3.827777109108865261e-04
3.827757318504154682e-04
3.827737527899444103e-04
3.827718028333038092e-04
3.827698237728327513e-04
3.827678447123616934e-04
3.827658656518906355e-04
3.827639447990804911e-04
3.827619366347789764e-04
3.827600448857992887e-04
3.827580367214977741e-04
3.827560576610267162e-04
3.827540494967252016e-04
3.827520995400846004e-04
3.827500913757830858e-04
3.827481414191424847e-04
3.827461623586714268e-04
3.827441832982003689e-04
3.827422333415597677e-04
3.827402833849191666e-04
3.827383043244481087e-04
3.827363543678075075e-04
3.827344044111669064e-04
3.827324253506958485e-04
3.827304462902247906e-04
3.827284672297537327e-04
3.827264881692826748e-04
3.827245382126420736e-04
3.827225882560014725e-04
3.827206382993608713e-04
3.827186301350593567e-04
3.827166510745882988e-04
3.827147302217781544e-04
3.827127511613070965e-04
3.827107721008360386e-04
3.827087639365345240e-04
3.827067848760634661e-04
3.827048640232533216e-04
3.827029140666127205e-04
3.827009059023112059e-04
3.826988977380096912e-04
3.826969768851995468e-04
3.826950560323894024e-04
3.826930478680878878e-04
3.826910397037863731e-04
3.826891188509762287e-04
3.826871979981660843e-04
3.826851898338645697e-04
3.826832107733935118e-04
3.826812608167529106e-04
3.826792817562818527e-04
3.826773317996412516e-04
3.826753818430006504e-04
3.826734027825295925e-04
3.826714237220585346e-04
3.826695028692483902e-04
3.826675238087773323e-04
3.826655447483062744e-04
3.826635365840047598e-04
3.826616448350250721e-04
3.826596366707235575e-04
3.826576867140829563e-04
3.826557076536118984e-04
3.826537576969712973e-04
3.826517786365002394e-04
3.826498577836900949e-04
3.826478496193885803e-04
3.826459287665784359e-04
3.826439497061073780e-04
3.826419706456363201e-04
3.826399915851652622e-04
3.826381289400160313e-04
3.826360916718840599e-04
3.826341126114130020e-04
3.826321626547724009e-04
3.826302418019622564e-04
3.826282045338302851e-04
3.826262836810201406e-04
3.826243628282099962e-04
3.826223546639084816e-04
3.826203464996069670e-04
3.826184256467968225e-04
3.826164756901562214e-04
3.826144966296851635e-04
3.826125757768750191e-04
3.826105967164039612e-04
3.826085885521024466e-04
3.826066385954618454e-04
3.826046886388212442e-04
3.826027677860110998e-04
3.826007305178791285e-04
3.825988387688994408e-04
3.825968306045979261e-04
3.825948515441268682e-04
3.825929306913167238e-04
3.825909807346761227e-04
3.825890016742050648e-04
3.825870226137340069e-04
3.825850435532629490e-04
3.825831227004528046e-04
3.825810563284903765e-04
3.825791354756802320e-04
3.825771855190396309e-04
3.825752646662294865e-04
3.825732856057584286e-04
3.825713065452873707e-04
3.825693856924772263e-04
3.825674066320061684e-04
3.825654275715351105e-04
3.825635067187249660e-04
3.825615276582539082e-04
3.825595777016133070e-04
3.825575986411422491e-04
3.825556195806711912e-04
3.825537278316915035e-04
3.825517196673899889e-04
3.825497988145798445e-04
3.825478197541087866e-04
3.825458406936377287e-04
3.825438907369971275e-04
3.825419989880174398e-04
3.825399908237159252e-04
3.825380408670753241e-04
3.825360618066042662e-04
3.825340827461332083e-04
3.825321327894926071e-04
3.825301828328520060e-04
3.825282619800418615e-04
3.825263120234012604e-04
3.825243329629302025e-04
3.825223539024591446e-04
3.825204039458185434e-04
3.825184539891779423e-04
3.825165040325373411e-04
3.825145540758967400e-04
3.825125750154256821e-04
3.825106250587850809e-04
3.825086459983140230e-04
3.825067251455038786e-04
3.825048042926937342e-04
3.825027670245617628e-04
3.825008170679211617e-04
3.824989253189414740e-04
3.824969462584704161e-04
3.824949380941689014e-04
3.824929881375283003e-04
3.824910963885486126e-04
3.824891173280775547e-04
3.824871673714369535e-04
3.824851883109658957e-04
3.824832092504948378e-04
3.824812301900237799e-04
3.824793384410440922e-04
3.824773884844034910e-04
3.824754094239324331e-04
3.824734594672918320e-04
3.824715386144816875e-04
3.824695304501801729e-04
3.824675804935395718e-04
3.824656014330685139e-04
3.824636805802583694e-04
3.824617015197873116e-04
3.824598388746380806e-04
3.824577725026756525e-04
3.824559098575264215e-04
3.824539307970553637e-04
3.824519517365843058e-04
3.824499726761132479e-04
3.824480518233031034e-04
3.824460436590015888e-04
3.824441810138523579e-04
3.824422019533813000e-04
3.824401646852493286e-04
3.824382729362696409e-04
3.824362938757985830e-04
3.824343439191579819e-04
3.824324230663478374e-04
3.824304440058767796e-04
3.824284940492361784e-04
3.824264858849346638e-04
3.824246523436158895e-04
3.824226441793143749e-04
3.824206942226737738e-04
3.824187151622027159e-04
3.824167943093925714e-04
3.824148152489215136e-04
