1.088669756427407265e-03
1.088667078875005245e-03
1.088664401322603226e-03
1.088661723770201206e-03
1.088659046217799187e-03
1.088656368665397167e-03
1.088653807528316975e-03
1.088651129975914955e-03
1.088648452423512936e-03
1.088645891286432743e-03
1.088643213734030724e-03
1.088640419766306877e-03
1.088637858629226685e-03
1.088635181076824665e-03
1.088632503524422646e-03
1.088629942387342453e-03
1.088627148419618607e-03
1.088624470867216587e-03
1.088621676899492741e-03
1.088619115762412548e-03
1.088616554625332355e-03
1.088613877072930336e-03
1.088611083105206490e-03
1.088608521968126297e-03
1.088605728000402451e-03
1.088603166863322258e-03
1.088600372895598412e-03
1.088597811758518219e-03
1.088595134206116199e-03
1.088592456653714180e-03
1.088589895516633987e-03
1.088587101548910141e-03
1.088584540411829948e-03
1.088581862859427929e-03
1.088579185307025909e-03
1.088576507754623890e-03
1.088573830202221870e-03
1.088571152649819851e-03
1.088568707928061485e-03
1.088565913960337639e-03
1.088563119992613792e-03
1.088560791686177254e-03
1.088557997718453407e-03
1.088555203750729561e-03
1.088552642613649368e-03
1.088550081476569176e-03
1.088547287508845329e-03
1.088544726371765137e-03
1.088541932404041290e-03
1.088539371266961098e-03
1.088536810129880905e-03
1.088534132577478886e-03
1.088531455025076866e-03
1.088528661057353020e-03
1.088526099920272827e-03
1.088523305952548981e-03
1.088520861230790615e-03
1.088518183678388596e-03
1.088515506125986576e-03
1.088512828573584557e-03
1.088510267436504364e-03
1.088507706299424171e-03
1.088504912331700325e-03
1.088502351194620132e-03
1.088499440811574459e-03
1.088496996089816093e-03
1.088494202122092247e-03
1.088491640985012054e-03
1.088488963432610035e-03
1.088486285880208015e-03
1.088483724743127823e-03
1.088481047190725803e-03
1.088478369638323784e-03
1.088475692085921764e-03
1.088473130948841572e-03
1.088470453396439552e-03
1.088467775844037533e-03
1.088465098291635513e-03
1.088462420739233494e-03
1.088459976017475128e-03
1.088457182049751282e-03
1.088454504497349262e-03
1.088451826944947243e-03
1.088449265807867050e-03
1.088446588255465031e-03
1.088443910703063011e-03
1.088441233150660992e-03
1.088438672013580799e-03
1.088436110876500607e-03
1.088433316908776760e-03
1.088430755771696568e-03
1.088428078219294548e-03
1.088425517082214355e-03
1.088422955945134163e-03
1.088420161977410316e-03
1.088417600840330124e-03
1.088414923287928104e-03
1.088412245735526085e-03
1.088409568183124065e-03
1.088407007046043873e-03
1.088404329493641853e-03
1.088401884771883488e-03
1.088399090804159641e-03
1.088396413251757622e-03
1.088393735699355602e-03
1.088391058146953583e-03
1.088388613425195217e-03
1.088385935872793198e-03
1.088383258320391178e-03
1.088380580767989159e-03
1.088377903215587139e-03
1.088375458493828773e-03
1.088372780941426754e-03
1.088370103389024734e-03
1.088367425836622715e-03
1.088364864699542522e-03
1.088362303562462330e-03
1.088359509594738483e-03
1.088356948457658291e-03
1.088354387320578098e-03
1.088351826183497906e-03
1.088349148631095886e-03
1.088346471078693867e-03
1.088343677110970020e-03
1.088341232389211655e-03
1.088338554836809635e-03
1.088335877284407616e-03
1.088333199732005596e-03
1.088330638594925404e-03
1.088328077457845211e-03
1.088325399905443192e-03
1.088322838768362999e-03
1.088320161215960979e-03
1.088317600078880787e-03
1.088314806111156940e-03
1.088312244974076748e-03
1.088309683836996555e-03
1.088307006284594536e-03
1.088304445147514343e-03
1.088301651179790497e-03
1.088299206458032131e-03
1.088296645320951939e-03
1.088293967768549919e-03
1.088291290216147900e-03
1.088288729079067707e-03
1.088285935111343861e-03
1.088283490389585495e-03
1.088280812837183475e-03
1.088278251700103283e-03
1.088275457732379436e-03
1.088272896595299244e-03
1.088270335458219051e-03
1.088267657905817032e-03
1.088265096768736839e-03
1.088262419216334820e-03
1.088259741663932800e-03
1.088257180526852608e-03
1.088254619389772415e-03
1.088251941837370396e-03
1.088249380700290203e-03
1.088246703147888184e-03
1.088244142010807991e-03
1.088241348043084145e-03
1.088238903321325779e-03
1.088236109353601933e-03
1.088233548216521740e-03
1.088231103494763374e-03
1.088228425942361355e-03
1.088225748389959335e-03
1.088223187252879143e-03
1.088220509700477123e-03
1.088217948563396931e-03
1.088215503841638565e-03
1.088212709873914719e-03
1.088210148736834526e-03
1.088207587599754333e-03
1.088204910047352314e-03
1.088202232494950294e-03
1.088199671357870102e-03
1.088196993805468082e-03
1.088194432668387890e-03
1.088191871531307697e-03
1.088189310394227505e-03
1.088186516426503658e-03
1.088183955289423466e-03
1.088181394152343273e-03
1.088178833015263081e-03
1.088176271878182888e-03
1.088173594325780869e-03
1.088170916773378849e-03
1.088168355636298656e-03
1.088165794499218464e-03
1.088163233362138271e-03
1.088160439394414425e-03
1.088157878257334232e-03
1.088155317120254040e-03
1.088152639567852020e-03
1.088150078430771828e-03
1.088147400878369808e-03
1.088144956156611443e-03
1.088142162188887596e-03
1.088139717467129230e-03
1.088137272745370865e-03
1.088134478777647018e-03
1.088131801225244999e-03
1.088129240088164806e-03
1.088126795366406441e-03
1.088124117814004421e-03
1.088121556676924229e-03
1.088118879124522209e-03
1.088116201572120190e-03
1.088113640435039997e-03
1.088111079297959805e-03
1.088108401745557785e-03
1.088105840608477592e-03
1.088103279471397400e-03
1.088100601918995380e-03
1.088098040781915188e-03
1.088095479644834995e-03
1.088092918507754803e-03
1.088090357370674610e-03
1.088087796233594418e-03
1.088085118681192398e-03
1.088082557544112206e-03
1.088079879991710186e-03
1.088077202439308167e-03
1.088074641302227974e-03
1.088071963749825954e-03
1.088069402612745762e-03
1.088066841475665569e-03
1.088064280338585377e-03
1.088061719201505184e-03
1.088059158064424992e-03
1.088056480512022972e-03
1.088053802959620953e-03
1.088051358237862587e-03
1.088048797100782394e-03
1.088046119548380375e-03
1.088043558411300182e-03
1.088040880858898163e-03
1.088038319721817970e-03
1.088035758584737778e-03
1.088033197447657585e-03
1.088030519895255566e-03
1.088027958758175373e-03
1.088025397621095181e-03
1.088022836484014988e-03
1.088020158931612968e-03
1.088017597794532776e-03
1.088015036657452583e-03
1.088012359105050564e-03
1.088009914383292198e-03
1.088007236830890179e-03
1.088004675693809986e-03
1.088001998141407967e-03
1.087999437004327774e-03
1.087997108697891235e-03
1.087994198314845562e-03
1.087991637177765369e-03
1.087989076040685177e-03
1.087986514903604984e-03
1.087983837351202965e-03
1.087981276214122772e-03
1.087978715077042580e-03
1.087976270355284214e-03
1.087973592802882195e-03
1.087971148081123829e-03
1.087968586944043636e-03
1.087965909391641617e-03
1.087963348254561424e-03
1.087960670702159405e-03
1.087958109565079212e-03
1.087955664843320847e-03
1.087953103706240654e-03
1.087950426153838634e-03
1.087947748601436615e-03
1.087945187464356422e-03
1.087942742742598057e-03
1.087940065190196037e-03
1.087937504053115845e-03
1.087934826500713825e-03
1.087932265363633633e-03
1.087929704226553440e-03
1.087927143089473248e-03
1.087924581952393055e-03
1.087922020815312862e-03
1.087919459678232670e-03
1.087916782125830650e-03
1.087914220988750458e-03
1.087911659851670265e-03
1.087908982299268246e-03
1.087906304746866226e-03
1.087903860025107861e-03
1.087901415303349495e-03
1.087898737750947475e-03
1.087896060198545456e-03
1.087893499061465263e-03
1.087891054339706898e-03
1.087888493202626705e-03
1.087885932065546513e-03
1.087883370928466320e-03
1.087880693376064301e-03
1.087878132238984108e-03
1.087875571101903915e-03
1.087873126380145550e-03
1.087870448827743530e-03
1.087867887690663338e-03
1.087865326553583145e-03
1.087862765416502953e-03
1.087860087864100933e-03
1.087857643142342567e-03
1.087854965589940548e-03
1.087852520868182182e-03
1.087849843315780163e-03
1.087847282178699970e-03
1.087844721041619778e-03
1.087842159904539585e-03
1.087839482352137566e-03
1.087836921215057373e-03
1.087834360077977180e-03
1.087831915356218815e-03
1.087829354219138622e-03
1.087826793082058430e-03
1.087824231944978237e-03
1.087821554392576218e-03
1.087819109670817852e-03
1.087816664949059486e-03
1.087813987396657467e-03
1.087811426259577274e-03
1.087808748707175255e-03
1.087806187570095062e-03
1.087803626433014870e-03
1.087801181711256504e-03
1.087798504158854485e-03
1.087795943021774292e-03
1.087793265469372272e-03
1.087790820747613907e-03
1.087788259610533714e-03
1.087785582058131695e-03
1.087783020921051502e-03
1.087780576199293137e-03
1.087778015062212944e-03
1.087775453925132751e-03
1.087772892788052559e-03
1.087770215235650539e-03
1.087767770513892174e-03
1.087765209376811981e-03
1.087762648239731789e-03
1.087760087102651596e-03
1.087757525965571404e-03
1.087754964828491211e-03
1.087752287276089191e-03
1.087749726139008999e-03
1.087747165001928806e-03
1.087744836695492268e-03
1.087742159143090248e-03
1.087739598006010056e-03
1.087737036868929863e-03
1.087734475731849670e-03
1.087731798179447651e-03
1.087729237042367458e-03
1.087726792320609093e-03
1.087724347598850727e-03
1.087721786461770535e-03
1.087719108909368515e-03
1.087716664187610149e-03
1.087713986635208130e-03
1.087711425498127937e-03
1.087708864361047745e-03
1.087706419639289379e-03
1.087703858502209187e-03
1.087701297365128994e-03
1.087698503397405148e-03
1.087696058675646782e-03
1.087693497538566589e-03
1.087691052816808224e-03
1.087688491679728031e-03
1.087685814127326012e-03
1.087683252990245819e-03
1.087680691853165627e-03
1.087678130716085434e-03
1.087675685994327068e-03
1.087673241272568703e-03
1.087670680135488510e-03
1.087668002583086491e-03
1.087665557861328125e-03
1.087662996724247932e-03
1.087660435587167740e-03
1.087657874450087547e-03
1.087655313313007355e-03
1.087652635760605335e-03
1.087650191038846970e-03
1.087647513486444950e-03
1.087645185180008411e-03
1.087642624042928219e-03
1.087639946490526199e-03
1.087637385353446007e-03
1.087634824216365814e-03
1.087632379494607449e-03
1.087629818357527256e-03
1.087627257220447063e-03
1.087624696083366871e-03
1.087622018530964851e-03
1.087619690224528313e-03
1.087617129087448120e-03
1.087614567950367928e-03
1.087612006813287735e-03
1.087609329260885715e-03
1.087606884539127350e-03
1.087604323402047157e-03
1.087601878680288792e-03
1.087599201127886772e-03
1.087596756406128407e-03
1.087594195269048214e-03
1.087591634131968021e-03
1.087589072994887829e-03
1.087586628273129463e-03
1.087584067136049271e-03
1.087581389583647251e-03
1.087578944861888885e-03
1.087576500140130520e-03
1.087573822587728500e-03
1.087571261450648308e-03
1.087568700313568115e-03
1.087566255591809750e-03
1.087563694454729557e-03
1.087561016902327538e-03
1.087558572180569172e-03
1.087556011043488979e-03
1.087553449906408787e-03
1.087551005184650421e-03
1.087548560462892056e-03
1.087545999325811863e-03
1.087543438188731670e-03
1.087540993466973305e-03
1.087538315914571285e-03
1.087535871192812920e-03
1.087533310055732727e-03
1.087530748918652534e-03
1.087528187781572342e-03
1.087525743059813976e-03
1.087523298338055611e-03
1.087520620785653591e-03
1.087518176063895226e-03
1.087515498511493206e-03
1.087512937374413013e-03
1.087510609067976475e-03
1.087508047930896282e-03
1.087505370378494263e-03
1.087502809241414070e-03
1.087500248104333878e-03
1.087497803382575512e-03
1.087495242245495319e-03
1.087492797523736954e-03
1.087490119971334934e-03
1.087487558834254742e-03
1.087485230527818203e-03
1.087482669390738010e-03
1.087479991838335991e-03
1.087477547116577625e-03
1.087474985979497433e-03
1.087472424842417240e-03
1.087470096535980701e-03
1.087467535398900509e-03
1.087464974261820316e-03
1.087462296709418297e-03
1.087459735572338104e-03
1.087457290850579739e-03
1.087454729713499546e-03
1.087452284991741180e-03
1.087449723854660988e-03
1.087447279132902622e-03
1.087444834411144257e-03
1.087442156858742237e-03
1.087439595721662045e-03
1.087437034584581852e-03
1.087434589862823486e-03
1.087432028725743294e-03
1.087429467588663101e-03
1.087427022866904736e-03
1.087424578145146370e-03
1.087422017008066177e-03
1.087419455870985985e-03
1.087416894733905792e-03
1.087414333596825600e-03
1.087412005290389061e-03
1.087409444153308868e-03
1.087406883016228676e-03
1.087404205463826656e-03
1.087401877157390118e-03
1.087399432435631752e-03
1.087396754883229733e-03
1.087394193746149540e-03
1.087391632609069347e-03
1.087389187887310982e-03
1.087386743165552616e-03
1.087384182028472424e-03
1.087381620891392231e-03
1.087379176169633865e-03
1.087376615032553673e-03
