5.841474048793315887e-04
5.841453676111996174e-04
5.841433303430676460e-04
5.841412930749356747e-04
5.841392558068037033e-04
5.841372767463326454e-04
5.841352394782006741e-04
5.841333186253905296e-04
5.841312231495976448e-04
5.841291858814656734e-04
5.841272650286555290e-04
5.841252277605235577e-04
5.841232487000524998e-04
5.841211532242596149e-04
5.841190577484667301e-04
5.841171368956565857e-04
5.841152160428464413e-04
5.841131787747144699e-04
5.841111415065824986e-04
5.841091042384505272e-04
5.841071251779794693e-04
5.841051461175084114e-04
5.841031088493764400e-04
5.841011879965662956e-04
5.840990925207734108e-04
5.840971134603023529e-04
5.840950761921703815e-04
5.840930389240384102e-04
5.840911180712282658e-04
5.840890808030962944e-04
5.840870435349643230e-04
5.840850062668323517e-04
5.840830272063612938e-04
5.840811063535511494e-04
5.840790690854191780e-04
5.840770900249481201e-04
5.840749945491552353e-04
5.840729572810232639e-04
5.840710364282131195e-04
5.840689409524202347e-04
5.840670200996100903e-04
5.840649828314781189e-04
5.840630037710070610e-04
5.840610247105360031e-04
5.840589292347431183e-04
5.840570083819329739e-04
5.840549711138010025e-04
5.840528756380081177e-04
5.840510129928588867e-04
5.840489175170660019e-04
5.840469384565949440e-04
5.840449593961238861e-04
5.840429221279919147e-04
5.840410012751817703e-04
5.840389057993888855e-04
5.840369267389178276e-04
5.840349476784467697e-04
5.840329104103147984e-04
5.840309895575046539e-04
5.840288358740508556e-04
5.840269150212407112e-04
5.840248777531087399e-04
5.840228986926376820e-04
5.840208614245057106e-04
5.840188823640346527e-04
5.840167868882417679e-04
5.840148660354316235e-04
5.840128869749605656e-04
5.840109079144895077e-04
5.840088124386966228e-04
5.840068333782255650e-04
5.840047961100935936e-04
5.840028752572834492e-04
5.840008379891514778e-04
5.839988589286804199e-04
5.839968216605484486e-04
5.839948426000773907e-04
5.839928053319454193e-04
5.839908844791352749e-04
5.839887890033423901e-04
5.839868681505322456e-04
5.839848308824002743e-04
5.839827936142683029e-04
5.839808145537972450e-04
5.839787772856652737e-04
5.839767400175333023e-04
5.839747609570622444e-04
5.839727236889302731e-04
5.839708610437810421e-04
5.839687655679881573e-04
5.839667282998561859e-04
5.839647492393851280e-04
5.839627119712531567e-04
5.839607911184430122e-04
5.839586956426501274e-04
5.839567747898399830e-04
5.839547375217080116e-04
5.839527002535760403e-04
5.839507794007658958e-04
5.839487421326339245e-04
5.839468212798237801e-04
5.839447258040308952e-04
5.839427467435598373e-04
5.839407676830887794e-04
5.839387304149568081e-04
5.839368095621466637e-04
5.839347140863537788e-04
5.839326768182218075e-04
5.839306977577507496e-04
5.839286604896187782e-04
5.839267978444695473e-04
5.839247023686766624e-04
5.839227815158665180e-04
5.839207442477345467e-04
5.839188233949244022e-04
5.839167861267924309e-04
5.839147488586604595e-04
5.839127697981894016e-04
5.839107325300574303e-04
5.839087534695863724e-04
5.839067744091153145e-04
5.839047371409833431e-04
5.839027580805122852e-04
5.839007208123803139e-04
5.838987417519092560e-04
5.838967626914381981e-04
5.838947836309671402e-04
5.838927463628351688e-04
5.838908255100250244e-04
5.838887882418930531e-04
5.838866927661001682e-04
5.838847137056291103e-04
5.838827928528189659e-04
5.838806973770260811e-04
5.838787765242159367e-04
5.838767974637448788e-04
5.838747601956129074e-04
5.838727811351418495e-04
5.838708020746707916e-04
5.838687648065388203e-04
5.838666693307459354e-04
5.838648066855967045e-04
5.838627694174647331e-04
5.838607903569936752e-04
5.838588112965226173e-04
5.838567740283906460e-04
5.838548531755805016e-04
5.838528159074485302e-04
5.838508368469774723e-04
5.838488577865064144e-04
5.838467623107135296e-04
5.838448414579033852e-04
5.838427459821105003e-04
5.838408251293003559e-04
5.838388460688292980e-04
5.838369252160191536e-04
5.838348297402262688e-04
5.838328506797552109e-04
5.838309298269450665e-04
5.838288343511521816e-04
5.838269134983420372e-04
5.838248762302100658e-04
5.838228389620780945e-04
5.838208016939461231e-04
5.838188226334750652e-04
5.838169017806649208e-04
5.838148645125329494e-04
5.838128854520618916e-04
5.838109063915908337e-04
5.838089273311197758e-04
5.838069482706487179e-04
5.838049692101776600e-04
5.838028737343847752e-04
5.838008946739137173e-04
5.837988574057817459e-04
5.837969947606325150e-04
5.837949574925005436e-04
5.837929202243685722e-04
5.837908829562366009e-04
5.837889621034264565e-04
5.837869830429553986e-04
5.837850039824843407e-04
5.837829667143523693e-04
5.837810458615422249e-04
5.837790085934102535e-04
5.837769713252782822e-04
5.837750504724681377e-04
5.837730132043361664e-04
5.837710341438651085e-04
5.837689968757331371e-04
5.837670178152620792e-04
5.837649805471301079e-04
5.837630014866590500e-04
5.837610806338489056e-04
5.837590433657169342e-04
5.837570060975849628e-04
5.837550270371139050e-04
5.837530479766428471e-04
5.837510689161717892e-04
5.837490316480398178e-04
5.837471107952296734e-04
5.837450735270977020e-04
5.837430944666266441e-04
5.837411154061555862e-04
5.837391945533454418e-04
5.837371572852134705e-04
5.837351200170814991e-04
5.837330827489495277e-04
5.837311618961393833e-04
5.837291246280074120e-04
5.837271455675363541e-04
5.837252829223871231e-04
5.837231874465942383e-04
5.837211501784622669e-04
5.837192293256521225e-04
5.837171920575201511e-04
5.837152129970490932e-04
5.837131757289171219e-04
5.837113130837678909e-04
5.837092176079750061e-04
5.837073549628257751e-04
5.837052594870328903e-04
5.837032804265618324e-04
5.837013013660907745e-04
5.836993223056197166e-04
5.836972850374877453e-04
5.836953059770166874e-04
5.836933851242065430e-04
5.836913478560745716e-04
5.836894270032644272e-04
5.836873315274715424e-04
5.836854106746613979e-04
5.836833734065294266e-04
5.836813361383974552e-04
5.836794152855873108e-04
5.836773780174553394e-04
5.836753989569842815e-04
5.836734198965132236e-04
5.836714990437030792e-04
5.836694617755711079e-04
5.836675409227609634e-04
5.836655036546289921e-04
5.836635828018188477e-04
5.836614873260259628e-04
5.836595664732158184e-04
5.836575292050838470e-04
5.836555501446127892e-04
5.836535710841417313e-04
5.836515920236706734e-04
5.836496129631996155e-04
5.836476339027285576e-04
5.836455966345965862e-04
5.836436175741255283e-04
5.836415803059935570e-04
5.836396012455224991e-04
5.836376221850514412e-04
5.836357013322412968e-04
5.836337222717702389e-04
5.836316850036382675e-04
5.836297641508281231e-04
5.836277268826961517e-04
5.836257478222250938e-04
5.836238269694149494e-04
5.836217897012829781e-04
5.836198106408119202e-04
5.836178315803408623e-04
5.836158525198698044e-04
5.836138734593987465e-04
5.836118943989276886e-04
5.836098571307957172e-04
5.836078780703246593e-04
5.836058990098536015e-04
5.836039781570434570e-04
5.836019990965723991e-04
5.835999618284404278e-04
5.835979245603084564e-04
5.835960619151592255e-04
5.835939664393663406e-04
5.835920455865561962e-04
5.835900083184242249e-04
5.835880874656140804e-04
5.835860501974821091e-04
5.835841293446719646e-04
5.835822084918618202e-04
5.835801712237298489e-04
5.835780757479369640e-04
5.835762131027877331e-04
5.835741758346557617e-04
5.835721967741847038e-04
5.835702177137136459e-04
5.835682386532425880e-04
5.835662595927715302e-04
5.835642805323004723e-04
5.835623014718294144e-04
5.835603224113583565e-04
5.835583433508872986e-04
5.835563642904162407e-04
5.835543852299451828e-04
5.835523479618132114e-04
5.835504271090030670e-04
5.835483898408710957e-04
5.835464107804000378e-04
5.835444317199289799e-04
5.835425108671188354e-04
5.835404153913259506e-04
5.835385527461767197e-04
5.835364572703838348e-04
5.835345946252346039e-04
5.835324991494417191e-04
5.835306365042924881e-04
5.835285992361605167e-04
5.835266201756894588e-04
5.835246411152184010e-04
5.835226620547473431e-04
5.835206247866153717e-04
5.835185875184834003e-04
5.835167248733341694e-04
5.835148040205240250e-04
5.835127667523920536e-04
5.835107876919209957e-04
5.835088086314499378e-04
5.835068295709788799e-04
5.835048505105078220e-04
5.835027550347149372e-04
5.835008341819047928e-04
5.834989133290946484e-04
5.834969342686235905e-04
5.834949552081525326e-04
5.834929179400205612e-04
5.834908806718885899e-04
5.834890762344002724e-04
5.834869807586073875e-04
5.834850599057972431e-04
5.834831390529870987e-04
5.834810435771942139e-04
5.834790063090622425e-04
5.834770854562520981e-04
5.834751063957810402e-04
5.834730691276490688e-04
5.834712064824998379e-04
5.834692274220287800e-04
5.834672483615577221e-04
5.834652110934257507e-04
5.834633484482765198e-04
5.834613111801445484e-04
5.834593903273344040e-04
5.834573530592024326e-04
5.834553739987313747e-04
5.834533367305994034e-04
5.834514158777892590e-04
5.834494368173182011e-04
5.834474577568471432e-04
5.834454786963760853e-04
5.834435578435659409e-04
5.834415205754339695e-04
5.834395415149629116e-04
5.834375624544918537e-04
5.834356416016817093e-04
5.834336043335497379e-04
5.834316252730786800e-04
5.834296462126076221e-04
5.834276671521365643e-04
5.834256880916655064e-04
5.834236508235335350e-04
5.834217299707233906e-04
5.834197509102523327e-04
5.834177718497812748e-04
5.834158509969711304e-04
5.834138719365000725e-04
5.834118928760290146e-04
5.834099138155579567e-04
5.834079347550868988e-04
5.834058974869549274e-04
5.834039766341447830e-04
5.834019393660128117e-04
5.834000185132026672e-04
5.833981558680534363e-04
5.833960603922605515e-04
5.833940231241285801e-04
5.833921604789793491e-04
5.833902396261692047e-04
5.833882023580372334e-04
5.833862232975661755e-04
5.833841860294342041e-04
5.833822069689631462e-04
5.833802279084920883e-04
5.833783070556819439e-04
5.833763279952108860e-04
5.833743489347398281e-04
5.833724280819296837e-04
5.833704490214586258e-04
5.833684117533266544e-04
5.833664909005165100e-04
5.833645118400454521e-04
5.833625909872353077e-04
5.833605537191033363e-04
5.833585746586322784e-04
5.833565955981612206e-04
5.833546165376901627e-04
5.833525792695581913e-04
5.833506002090871334e-04
5.833486793562769890e-04
5.833467002958059311e-04
5.833447212353348732e-04
5.833428585901856422e-04
5.833407631143927574e-04
5.833389586769044399e-04
5.833368632011115551e-04
5.833349423483014107e-04
5.833329050801694393e-04
5.833309842273592949e-04
5.833290051668882370e-04
5.833270261064171791e-04
5.833249306306242943e-04
5.833230097778141499e-04
5.833209725096821785e-04
5.833191098645329475e-04
5.833171890117228031e-04
5.833152099512517452e-04
5.833131726831197739e-04
5.833112518303096294e-04
5.833092727698385715e-04
5.833074101246893406e-04
5.833053728565573692e-04
5.833033937960863113e-04
5.833014147356152534e-04
5.832994938828051090e-04
5.832974566146731377e-04
5.832954775542020798e-04
5.832935567013919353e-04
5.832915194332599640e-04
5.832895985804498196e-04
5.832876777276396751e-04
5.832856404595077038e-04
5.832836031913757324e-04
5.832817405462265015e-04
5.832798196934163570e-04
5.832777242176234722e-04
5.832758615724742413e-04
5.832738243043422699e-04
5.832719034515321255e-04
5.832698661834001541e-04
5.832679453305900097e-04
5.832659080624580383e-04
5.832639872096478939e-04
5.832620663568377495e-04
5.832600872963666916e-04
5.832581082358956337e-04
5.832561291754245758e-04
5.832541501149535179e-04
5.832521710544824600e-04
5.832502502016723156e-04
5.832482711412012577e-04
5.832462920807301998e-04
5.832443130202591419e-04
5.832423339597880840e-04
5.832402966916561127e-04
5.832383176311850548e-04
5.832363967783749104e-04
5.832343595102429390e-04
5.832326132804155350e-04
5.832305178046226501e-04
5.832285969518125057e-04
5.832265596836805344e-04
5.832246388308703899e-04
5.832226015627384186e-04
5.832207389175891876e-04
5.832187598571181297e-04
5.832168390043079853e-04
5.832147435285151005e-04
5.832128226757049561e-04
5.832109600305557251e-04
5.832088645547628403e-04
5.832070019096136093e-04
5.832050228491425514e-04
5.832029855810105801e-04
5.832010647282004356e-04
5.831990856677293777e-04
5.831971066072583199e-04
5.831951857544481754e-04
5.831932649016380310e-04
5.831912276335060596e-04
5.831893067806959152e-04
5.831872695125639439e-04
5.831852904520928860e-04
5.831833695992827415e-04
5.831813905388116837e-04
5.831793532706797123e-04
5.831774906255304813e-04
5.831755115650594234e-04
5.831735325045883656e-04
5.831715534441173077e-04
5.831695743836462498e-04
5.831676535308361053e-04
5.831656744703650475e-04
5.831637536175549030e-04
5.831617163494229317e-04
5.831597954966127872e-04
5.831578164361417294e-04
5.831558955833315849e-04
