5.888147279620170593e-04
5.888125160709023476e-04
5.888104205951094627e-04
5.888082669116556644e-04
5.888061132282018661e-04
5.888040759600698948e-04
5.888018640689551830e-04
5.887997685931622982e-04
5.887976731173694134e-04
5.887955194339156151e-04
5.887933657504618168e-04
5.887912702746689320e-04
5.887891165912151337e-04
5.887870793230831623e-04
5.887848092243075371e-04
5.887827719561755657e-04
5.887806764803826809e-04
5.887785810045897961e-04
5.887764273211359978e-04
5.887742736376821995e-04
5.887721781618893147e-04
5.887700826860964298e-04
5.887679290026426315e-04
5.887658335268497467e-04
5.887637380510568619e-04
5.887615261599421501e-04
5.887594888918101788e-04
5.887573352083563805e-04
5.887552397325634956e-04
5.887530860491096973e-04
5.887509323656558990e-04
5.887487786822021008e-04
5.887467414140701294e-04
5.887445295229554176e-04
5.887424922548234463e-04
5.887402803637087345e-04
5.887382430955767632e-04
5.887360312044620514e-04
5.887339357286691666e-04
5.887318984605371952e-04
5.887297447770833969e-04
5.887275910936295986e-04
5.887255538254976273e-04
5.887234001420438290e-04
5.887212464585900307e-04
5.887191509827971458e-04
5.887171137146651745e-04
5.887148436158895493e-04
5.887126317247748375e-04
5.887106526643037796e-04
5.887084989808499813e-04
5.887063452973961830e-04
5.887042498216032982e-04
5.887022125534713268e-04
5.887000006623566151e-04
5.886979051865637302e-04
5.886957515031099319e-04
5.886936560273170471e-04
5.886915023438632488e-04
5.886894650757312775e-04
5.886873113922774792e-04
5.886852159164845943e-04
5.886830040253698826e-04
5.886809085495769978e-04
5.886788712814450264e-04
5.886767175979912281e-04
5.886745639145374298e-04
5.886724684387445450e-04
5.886703729629516602e-04
5.886682774871587753e-04
5.886661238037049770e-04
5.886640283279120922e-04
5.886618164367973804e-04
5.886597791686654091e-04
5.886576254852116108e-04
5.886555300094187260e-04
5.886533181183040142e-04
5.886512808501720428e-04
5.886491853743791580e-04
5.886470898985862732e-04
5.886448780074715614e-04
5.886428989470005035e-04
5.886406870558857918e-04
5.886386497877538204e-04
5.886364961043000221e-04
5.886344588361680508e-04
5.886323051527142525e-04
5.886301514692604542e-04
5.886281142011284828e-04
5.886259605176746845e-04
5.886238068342208862e-04
5.886216531507670879e-04
5.886194994673132896e-04
5.886174039915204048e-04
5.886153085157275200e-04
5.886132712475955486e-04
5.886110011488199234e-04
5.886090220883488655e-04
5.886068101972341537e-04
5.886047729291021824e-04
5.886026192456483841e-04
5.886004655621945858e-04
5.885983700864017010e-04
5.885963910259306431e-04
5.885941791348159313e-04
5.885920836590230465e-04
5.885899299755692482e-04
5.885878927074372768e-04
5.885856808163225651e-04
5.885836435481905937e-04
5.885814898647367954e-04
5.885793943889439106e-04
5.885772407054901123e-04
5.885751452296972275e-04
5.885730497539043427e-04
5.885709542781114578e-04
5.885687423869967461e-04
5.885667051188647747e-04
5.885645514354109764e-04
5.885624559596180916e-04
5.885604186914861202e-04
5.885582068003714085e-04
5.885561113245785236e-04
5.885540740564465523e-04
5.885519785806536674e-04
5.885498248971998692e-04
5.885476712137460709e-04
5.885455757379531860e-04
5.885433638468384743e-04
5.885413847863674164e-04
5.885392311029136181e-04
5.885371938347816467e-04
5.885350401513278484e-04
5.885328864678740501e-04
5.885308491997420788e-04
5.885285791009664536e-04
5.885265418328344822e-04
5.885244463570415974e-04
5.885222926735877991e-04
5.885201971977949142e-04
5.885180435143411160e-04
5.885160062462091446e-04
5.885137943550944328e-04
5.885117570869624615e-04
5.885096616111695766e-04
5.885075661353766918e-04
5.885054124519228935e-04
5.885033751837909222e-04
5.885011632926762104e-04
5.884990096092224121e-04
5.884969141334295273e-04
5.884948186576366425e-04
5.884928395971655846e-04
5.884906859137117863e-04
5.884886486455798149e-04
5.884864367544651031e-04
5.884842830710113049e-04
5.884821875952184200e-04
5.884801503270864487e-04
5.884780548512935638e-04
5.884759011678397655e-04
5.884738056920468807e-04
5.884717102162539959e-04
5.884695565328001976e-04
5.884674610570073128e-04
5.884653073735535145e-04
5.884632118977606297e-04
5.884610582143068314e-04
5.884590209461748600e-04
5.884568672627210617e-04
5.884547717869281769e-04
5.884526763111352921e-04
5.884506390430033207e-04
5.884485435672104359e-04
5.884464480914175510e-04
5.884442362003028393e-04
5.884421407245099545e-04
5.884401034563779831e-04
5.884378915652632713e-04
5.884359125047922134e-04
5.884337588213384151e-04
5.884316051378846169e-04
5.884295096620917320e-04
5.884273559786379337e-04
5.884252605028450489e-04
5.884232232347130775e-04
5.884210113435983658e-04
5.884189740754663944e-04
5.884168785996735096e-04
5.884147249162197113e-04
5.884125130251049995e-04
5.884105339646339417e-04
5.884084384888410568e-04
5.884063430130481720e-04
5.884041311219334602e-04
5.884021520614624023e-04
5.883998237550258636e-04
5.883978446945548058e-04
5.883956910111010075e-04
5.883935955353081226e-04
5.883915582671761513e-04
5.883894045837223530e-04
5.883873091079294682e-04
5.883852718397974968e-04
5.883831763640046120e-04
5.883810808882117271e-04
5.883789272047579288e-04
5.883767735213041306e-04
5.883747362531721592e-04
5.883726407773792744e-04
5.883704870939254761e-04
5.883683334104716778e-04
5.883662961423397064e-04
5.883642006665468216e-04
5.883621051907539368e-04
5.883600679226219654e-04
5.883578560315072536e-04
5.883557023480534554e-04
5.883536068722605705e-04
5.883515696041285992e-04
5.883494159206748009e-04
5.883473786525428295e-04
5.883451667614281178e-04
5.883431877009570599e-04
5.883409758098423481e-04
5.883389385417103767e-04
5.883368430659174919e-04
5.883346893824636936e-04
5.883325939066708088e-04
5.883304402232170105e-04
5.883283447474241257e-04
5.883263074792921543e-04
5.883242702111601830e-04
5.883221165277063847e-04
5.883200792595744133e-04
5.883179255761206150e-04
5.883158301003277302e-04
5.883137346245348454e-04
5.883116391487419605e-04
5.883095436729490757e-04
5.883074481971561909e-04
5.883052945137023926e-04
5.883032572455704212e-04
5.883011617697775364e-04
5.882990080863237381e-04
5.882969126105308533e-04
5.882947589270770550e-04
5.882927216589450836e-04
5.882905679754912853e-04
5.882885889150202274e-04
5.882863770239055157e-04
5.882842815481126308e-04
5.882822442799806595e-04
5.882801488041877747e-04
5.882779369130730629e-04
5.882758414372801781e-04
5.882738041691482067e-04
5.882716504856944084e-04
5.882697296328842640e-04
5.882675177417695522e-04
5.882654222659766674e-04
5.882633267901837826e-04
5.882611148990690708e-04
5.882590194232761860e-04
5.882570985704660416e-04
5.882549448870122433e-04
5.882527912035584450e-04
5.882507539354264736e-04
5.882486584596335888e-04
5.882465629838407040e-04
5.882444093003869057e-04
5.882423720322549343e-04
5.882402183488011360e-04
5.882381228730082512e-04
5.882359691895544529e-04
5.882339319214224815e-04
5.882317782379686832e-04
5.882296827621757984e-04
5.882275872863829136e-04
5.882254918105900288e-04
5.882233381271362305e-04
5.882212426513433456e-04
5.882192635908722878e-04
5.882171681150794029e-04
5.882150144316256046e-04
5.882129771634936333e-04
5.882108234800398350e-04
5.882087862119078636e-04
5.882067489437758923e-04
5.882044788450002670e-04
5.882024415768682957e-04
5.882003461010754108e-04
5.881981924176216125e-04
5.881961551494896412e-04
5.881940596736967564e-04
5.881919641979038715e-04
5.881898687221109867e-04
5.881877150386571884e-04
5.881856777705252171e-04
5.881835240870714188e-04
5.881814868189394474e-04
5.881793913431465626e-04
5.881772958673536777e-04
5.881752003915607929e-04
5.881731631234288216e-04
5.881710094399750233e-04
5.881689139641821384e-04
5.881667602807283401e-04
5.881647230125963688e-04
5.881626857444643974e-04
5.881605320610105991e-04
5.881584365852177143e-04
5.881563411094248295e-04
5.881542456336319447e-04
5.881521501578390598e-04
5.881499964743852615e-04
5.881480174139142036e-04
5.881458637304604053e-04
5.881438264623284340e-04
5.881416145712137222e-04
5.881395773030817509e-04
5.881374236196279526e-04
5.881354445591568947e-04
5.881332908757030964e-04
5.881311953999102116e-04
5.881290999241173267e-04
5.881270044483244419e-04
5.881249671801924706e-04
5.881227552890777588e-04
5.881207180209457874e-04
5.881185643374919891e-04
5.881165270693600178e-04
5.881144315935671329e-04
5.881122779101133347e-04
5.881102406419813633e-04
5.881080869585275650e-04
5.881060496903955936e-04
5.881039542146027088e-04
5.881018587388098240e-04
5.880998214706778526e-04
5.880976677872240543e-04
5.880956887267529964e-04
5.880935350432991982e-04
5.880914395675063133e-04
5.880893440917134285e-04
5.880872486159205437e-04
5.880851531401276588e-04
5.880830576643347740e-04
5.880809621885418892e-04
5.880789249204099178e-04
5.880767712369561195e-04
5.880746757611632347e-04
5.880726384930312634e-04
5.880704848095774651e-04
5.880684475414454937e-04
5.880662938579916954e-04
5.880643147975206375e-04
5.880622193217277527e-04
5.880600656382739544e-04
5.880579701624810696e-04
5.880558746866881847e-04
5.880538374185562134e-04
5.880517419427633286e-04
5.880495300516486168e-04
5.880474345758557320e-04
5.880453391000628471e-04
5.880433600395917892e-04
5.880412063561379910e-04
5.880391690880060196e-04
5.880371318198740482e-04
5.880349199287593365e-04
5.880328826606273651e-04
5.880307871848344803e-04
5.880286917090415955e-04
5.880265962332487106e-04
5.880245007574558258e-04
5.880224052816629410e-04
5.880203098058700562e-04
5.880182725377380848e-04
5.880161770619452000e-04
5.880140233784914017e-04
5.880119861103594303e-04
5.880098906345665455e-04
5.880078533664345741e-04
5.880056414753198624e-04
5.880036042071878910e-04
5.880016251467168331e-04
5.879995296709239483e-04
5.879973759874701500e-04
5.879953387193381786e-04
5.879932432435452938e-04
5.879910895600914955e-04
5.879890522919595242e-04
5.879870150238275528e-04
5.879849195480346680e-04
5.879827658645808697e-04
5.879807285964488983e-04
5.879785749129951000e-04
5.879765376448631287e-04
5.879745003767311573e-04
5.879722884856164455e-04
5.879701348021626472e-04
5.879681557416915894e-04
5.879660602658987045e-04
5.879640229977667332e-04
5.879619857296347618e-04
5.879598320461809635e-04
5.879577365703880787e-04
5.879556410945951939e-04
5.879535456188023090e-04
5.879514501430094242e-04
5.879493546672165394e-04
5.879473173990845680e-04
5.879452219232916832e-04
5.879431846551597118e-04
5.879410891793668270e-04
5.879389354959130287e-04
5.879368982277810574e-04
5.879347445443272591e-04
5.879327072761952877e-04
5.879306118004024029e-04
5.879285745322704315e-04
5.879264208488166332e-04
5.879243253730237484e-04
5.879222881048917770e-04
5.879201926290988922e-04
5.879182135686278343e-04
5.879160598851740360e-04
5.879139644093811512e-04
5.879119271412491798e-04
5.879097734577953815e-04
5.879077943973243237e-04
5.879056407138705254e-04
5.879035452380776405e-04
5.879015661776065826e-04
5.878994124941527843e-04
5.878972588106989861e-04
5.878952215425670147e-04
5.878931842744350433e-04
5.878910305909812450e-04
5.878889351151883602e-04
5.878868978470563889e-04
5.878849187865853310e-04
5.878827068954706192e-04
5.878805532120168209e-04
5.878785159438848495e-04
5.878765368834137917e-04
5.878743831999599934e-04
5.878722877241671085e-04
5.878701922483742237e-04
5.878682131879031658e-04
5.878660012967884541e-04
5.878640222363173962e-04
5.878619849681854248e-04
5.878598312847316265e-04
5.878577358089387417e-04
5.878556403331458569e-04
5.878536030650138855e-04
5.878515657968819141e-04
5.878493539057672024e-04
5.878473748452961445e-04
5.878452793695032597e-04
5.878431838937103748e-04
5.878411466255784035e-04
5.878390511497855186e-04
5.878370138816535473e-04
5.878348601981997490e-04
5.878327647224068642e-04
5.878307856619358063e-04
5.878286319784820080e-04
5.878265365026891232e-04
5.878244992345571518e-04
5.878223455511033535e-04
5.878203664906322956e-04
5.878182128071784973e-04
5.878162337467074394e-04
5.878141382709145546e-04
5.878120427951216698e-04
5.878099473193287849e-04
5.878078518435359001e-04
5.878056981600821018e-04
5.878036608919501305e-04
5.878016236238181591e-04
5.877995281480252743e-04
5.877973744645714760e-04
5.877953954041004181e-04
5.877932999283075333e-04
5.877913208678364754e-04
5.877891089767217636e-04
5.877870717085897923e-04
5.877849762327969074e-04
5.877828225493431091e-04
5.877807852812111378e-04
5.877787480130791664e-04
5.877765943296253681e-04
5.877746152691543102e-04
5.877725197933614254e-04
5.877704825252294540e-04
5.877683870494365692e-04
5.877662915736436844e-04
