4.810536047443747520e-04
4.810515965800732374e-04
4.810496757272630930e-04
4.810477839782834053e-04
4.810457176063209772e-04
4.810438258573412895e-04
4.810418176930397749e-04
4.810398095287382603e-04
4.810378013644367456e-04
4.810359387192875147e-04
4.810339887626469135e-04
4.810320970136672258e-04
4.810300888493657112e-04
4.810281388927251101e-04
4.810261598322540522e-04
4.810242098756134510e-04
4.810222599189728498e-04
4.810203099623322487e-04
4.810183891095221043e-04
4.810164100490510464e-04
4.810144891962409019e-04
4.810125392396003008e-04
4.810104728676378727e-04
4.810085229109972715e-04
4.810066311620175838e-04
4.810046812053769827e-04
4.810027021449059248e-04
4.810008103959262371e-04
4.809987440239638090e-04
4.809969395864754915e-04
4.809949314221739769e-04
4.809929232578724623e-04
4.809909441974014044e-04
4.809891106560826302e-04
4.809871315956115723e-04
4.809850652236491442e-04
4.809832025784999132e-04
4.809812526218593121e-04
4.809793608728796244e-04
4.809773818124085665e-04
4.809754027519375086e-04
4.809733945876359940e-04
4.809714737348258495e-04
4.809695237781852484e-04
4.809676611330360174e-04
4.809656238649040461e-04
4.809636448044329882e-04
4.809616657439619303e-04
4.809597448911517859e-04
4.809577367268502712e-04
4.809557867702096701e-04
4.809538950212299824e-04
4.809519741684198380e-04
4.809500824194401503e-04
4.809480742551386356e-04
4.809461242984980345e-04
4.809441452380269766e-04
4.809422534890472889e-04
4.809402453247457743e-04
4.809382953681051731e-04
4.809362289961427450e-04
4.809343372471630573e-04
4.809324163943529129e-04
4.809304373338818550e-04
4.809285164810717106e-04
4.809265665244311094e-04
4.809246165677905083e-04
4.809227539226412773e-04
4.809207457583397627e-04
4.809187375940382481e-04
4.809167876373976469e-04
4.809148667845875025e-04
4.809130332432687283e-04
4.809109668713063002e-04
4.809090751223266125e-04
4.809070669580250978e-04
4.809051461052149534e-04
4.809031379409134388e-04
4.809012461919337511e-04
4.808992962352931499e-04
4.808973753824830055e-04
4.808954254258424044e-04
4.808934172615408897e-04
4.808914673049002886e-04
4.808895464520901442e-04
4.808876547031104565e-04
4.808857047464698553e-04
4.808837838936597109e-04
4.808818339370191097e-04
4.808798839803785086e-04
4.808779340237379074e-04
4.808758676517754793e-04
4.808739759027957916e-04
4.808720550499856472e-04
4.808701050933450460e-04
4.808681842405349016e-04
4.808662051800638437e-04
4.808642843272536993e-04
4.808623343706130981e-04
4.808604135178029537e-04
4.808584344573318958e-04
4.808564262930303812e-04
4.808545054402202368e-04
4.808526136912405491e-04
4.808506346307694912e-04
4.808486846741288900e-04
4.808467347174882889e-04
4.808447847608476877e-04
4.808428348042070866e-04
4.808409139513969421e-04
4.808388766832649708e-04
4.808370140381157398e-04
4.808349476661533117e-04
4.808330559171736240e-04
4.808311350643634796e-04
4.808291560038924217e-04
4.808272933587431908e-04
4.808253725059330463e-04
4.808233643416315317e-04
4.808214143849909306e-04
4.808194644283503294e-04
4.808176017832010984e-04
4.808155063074082136e-04
4.808135563507676125e-04
4.808116354979574680e-04
4.808096855413168669e-04
4.808078228961676359e-04
4.808058147318661213e-04
4.808038647752255201e-04
4.808020603377372026e-04
4.808000230696052313e-04
4.807981604244560003e-04
4.807960940524935722e-04
4.807942314073443413e-04
4.807922232430428267e-04
4.807902732864022255e-04
4.807883815374225378e-04
4.807863151654601097e-04
4.807845107279717922e-04
4.807825025636702776e-04
4.807805526070296764e-04
4.807786608580499887e-04
4.807767400052398443e-04
4.807748191524296999e-04
4.807727818842977285e-04
4.807708319276571274e-04
4.807689110748469830e-04
4.807669611182063818e-04
4.807650111615657806e-04
4.807630903087556362e-04
4.807611403521150351e-04
4.807592486031353474e-04
4.807573277503252029e-04
4.807553777936846018e-04
4.807533696293830872e-04
4.807514778804033995e-04
4.807494988199323416e-04
4.807475488632917404e-04
4.807455989066511393e-04
4.807437071576714516e-04
4.807417280972003937e-04
4.807398363482207060e-04
4.807378281839191914e-04
4.807359073311090469e-04
4.807339573744684458e-04
4.807320074178278446e-04
4.807301156688481569e-04
4.807281075045466423e-04
4.807261575479060411e-04
4.807241784874349833e-04
4.807222867384552956e-04
4.807203367818146944e-04
4.807184159290045500e-04
4.807164077647030354e-04
4.807145451195538044e-04
4.807125951629132032e-04
4.807106452062726021e-04
4.807087534572929144e-04
4.807068326044827700e-04
4.807048244401812553e-04
4.807029326912015676e-04
4.807009827345609665e-04
4.806990036740899086e-04
4.806970537174493074e-04
4.806951910723000765e-04
4.806931829079985619e-04
4.806912329513579607e-04
4.806892829947173595e-04
4.806873330380767584e-04
4.806854121852666140e-04
4.806835204362869263e-04
4.806815995834767818e-04
4.806796496268361807e-04
4.806776996701955795e-04
4.806757788173854351e-04
4.806737415492534637e-04
4.806718206964433193e-04
4.806699871551245451e-04
4.806679207831621170e-04
4.806660581380128860e-04
4.806641081813722849e-04
4.806622455362230539e-04
4.806602373719215393e-04
4.806582874152809381e-04
4.806564247701317072e-04
4.806544748134911060e-04
4.806525248568505049e-04
4.806506040040403605e-04
4.806486540473997593e-04
4.806467040907591581e-04
4.806446959264576435e-04
4.806428041774779558e-04
4.806408542208373547e-04
4.806389915756881237e-04
4.806370125152170658e-04
4.806350334547460079e-04
4.806331708095967770e-04
4.806312208529561758e-04
4.806293000001460314e-04
4.806272918358445168e-04
4.806253418792039156e-04
4.806234501302242279e-04
4.806215292774140835e-04
4.806195793207734823e-04
4.806176584679633379e-04
4.806157667189836502e-04
4.806137585546821356e-04
4.806118085980415344e-04
4.806098877452313900e-04
4.806079377885907888e-04
4.806059878319501877e-04
4.806040378753095865e-04
4.806021170224994421e-04
4.806002543773502111e-04
4.805982462130486965e-04
4.805963544640690088e-04
4.805943462997674942e-04
4.805924545507878065e-04
4.805905336979776621e-04
4.805885837413370609e-04
4.805866337846964598e-04
4.805847129318863153e-04
4.805827047675848007e-04
4.805808421224355698e-04
4.805788921657949686e-04
4.805770004168152809e-04
4.805750795640051365e-04
4.805730713997036219e-04
4.805711796507239342e-04
4.805693752132356167e-04
4.805673670489341021e-04
4.805653588846325874e-04
4.805634380318224430e-04
4.805615462828427553e-04
4.805595963262021542e-04
4.805576463695615530e-04
4.805556382052600384e-04
4.805538046639412642e-04
4.805517673958092928e-04
4.805499047506600618e-04
4.805479547940194607e-04
4.805460921488702297e-04
4.805441421922296286e-04
4.805422213394194841e-04
4.805402422789484262e-04
4.805383796337991953e-04
4.805363714694976807e-04
4.805344506166875362e-04
4.805325588677078485e-04
4.805306089110672474e-04
4.805286880582571030e-04
4.805267381016165018e-04
4.805247881449759007e-04
4.805229254998266697e-04
4.805209173355251551e-04
4.805189964827150106e-04
4.805171047337353230e-04
4.805151547770947218e-04
4.805132339242845774e-04
4.805111966561526060e-04
4.805093340110033751e-04
4.805074131581932306e-04
4.805054632015526295e-04
4.805035714525729418e-04
4.805016505997627974e-04
4.804996424354612827e-04
4.804977506864815950e-04
4.804957425221800804e-04
4.804938798770308495e-04
4.804919299203902483e-04
4.804900090675801039e-04
4.804881173186004162e-04
4.804861964657902718e-04
4.804842465091496706e-04
4.804822965525090694e-04
4.804803756996989250e-04
4.804784257430583239e-04
4.804764757864177227e-04
4.804745549336075783e-04
4.804725758731365204e-04
4.804707423318177462e-04
4.804687632713466883e-04
4.804667842108756304e-04
4.804648924618959427e-04
4.804629716090857983e-04
4.804610216524451971e-04
4.804591590072959661e-04
4.804572672583162785e-04
4.804552590940147638e-04
4.804533382412046194e-04
4.804514464922249317e-04
4.804494965355843306e-04
4.804475756827741861e-04
4.804455675184726715e-04
4.804438212886452675e-04
4.804417549166828394e-04
4.804398631677031517e-04
4.804378550034016371e-04
4.804360505659133196e-04
4.804341297131031752e-04
4.804321797564625740e-04
4.804301715921610594e-04
4.804283089470118284e-04
4.804263007827103138e-04
4.804244090337306261e-04
4.804224881809204817e-04
4.804205964319407940e-04
4.804186464753001928e-04
4.804167256224900484e-04
4.804147756658494473e-04
4.804128257092088461e-04
4.804109630640596151e-04
4.804090422112494707e-04
4.804071504622697830e-04
4.804052005056291819e-04
4.804032214451581240e-04
4.804013588000088930e-04
4.803994088433682919e-04
4.803975170943886042e-04
4.803955089300870895e-04
4.803936462849378586e-04
4.803916963282972574e-04
4.803897754754871130e-04
4.803878255188465118e-04
4.803859628736972809e-04
4.803840129170566797e-04
4.803821211680769920e-04
4.803802003152668476e-04
4.803782503586262465e-04
4.803763004019856453e-04
4.803742922376841307e-04
4.803724878001958132e-04
4.803704796358942986e-04
4.803685587830841541e-04
4.803665506187826395e-04
4.803647461812943220e-04
4.803627380169928074e-04
4.803608462680131197e-04
4.803589836228638887e-04
4.803570336662232876e-04
4.803550837095826864e-04
4.803531046491116285e-04
4.803512129001319408e-04
4.803492920473217964e-04
4.803474002983421087e-04
4.803454503417015076e-04
4.803435876965522766e-04
4.803416377399116755e-04
4.803396295756101608e-04
4.803377960342913866e-04
4.803358169738203287e-04
4.803338961210101843e-04
4.803320334758609533e-04
4.803301417268812656e-04
4.803281917702406645e-04
4.803262709174305201e-04
4.803242627531290054e-04
4.803224001079797745e-04
4.803205083590000868e-04
4.803185875061899424e-04
4.803166375495493412e-04
4.803146293852478266e-04
4.803127376362681389e-04
4.803108749911189079e-04
4.803089250344783068e-04
4.803070041816681623e-04
4.803050542250275612e-04
4.803031333722174168e-04
4.803012707270681858e-04
4.802992916665971279e-04
4.802974290214478970e-04
4.802954790648072958e-04
4.802935000043362379e-04
4.802916664630174637e-04
4.802897456102073193e-04
4.802877956535667181e-04
4.802858748007565737e-04
4.802839830517768860e-04
4.802820330951362848e-04
4.802801122423261404e-04
4.802781622856855392e-04
4.802762996405363083e-04
4.802743787877261639e-04
4.802723997272551060e-04
4.802705370821058750e-04
4.802686162292957306e-04
4.802666662726551294e-04
4.802647454198449850e-04
4.802627954632043839e-04
4.802609037142246962e-04
4.802590410690754652e-04
4.802571202162653208e-04
4.802551411557942629e-04
4.802532785106450319e-04
4.802512703463435173e-04
4.802493494935333729e-04
4.802474868483841419e-04
4.802455368917435408e-04
4.802436451427638531e-04
4.802417242899537086e-04
4.802398616448044777e-04
4.802379116881638765e-04
4.802359617315232754e-04
4.802340408787131310e-04
4.802321491297334433e-04
4.802302282769232988e-04
4.802281910087913275e-04
4.802264156751334667e-04
4.802244657184928656e-04
4.802225157618522644e-04
4.802205658052116632e-04
4.802187031600624323e-04
4.802168405149132013e-04
4.802148905582726002e-04
4.802129697054624557e-04
4.802110197488218546e-04
4.802090988960117102e-04
4.802072653546929359e-04
4.802053445018827915e-04
4.802033363375812769e-04
4.802013863809406757e-04
4.801995819434523582e-04
4.801976319868117571e-04
4.801956238225102425e-04
4.801938193850219250e-04
4.801918112207204103e-04
4.801898903679102659e-04
4.801879986189305782e-04
4.801860777661204338e-04
4.801841860171407461e-04
4.801823233719915152e-04
4.801803734153509140e-04
4.801785107702016830e-04
4.801764443982392550e-04
4.801745526492595673e-04
4.801726317964494228e-04
4.801707400474697351e-04
4.801688191946595907e-04
4.801669565495103598e-04
4.801649483852088451e-04
4.801630857400596142e-04
4.801611357834190130e-04
4.801592440344393253e-04
4.801573231816291809e-04
4.801554605364799500e-04
4.801535105798393488e-04
4.801516188308596611e-04
4.801496979780495167e-04
4.801477771252393723e-04
4.801457980647683144e-04
4.801439645234495401e-04
4.801419854629784822e-04
4.801401228178292513e-04
4.801381728611886501e-04
4.801363102160394192e-04
4.801343311555683613e-04
4.801324394065886736e-04
4.801305767614394426e-04
4.801286559086292982e-04
4.801267059519886971e-04
4.801248142030090094e-04
4.801228933501988649e-04
4.801209433935582638e-04
4.801190516445785761e-04
4.801171889994293451e-04
4.801151808351278305e-04
4.801133763976395130e-04
4.801113973371684551e-04
4.801094473805278540e-04
4.801074974238872528e-04
4.801057802978903055e-04
4.801036848220974207e-04
4.801018221769481897e-04
4.800999595317989588e-04
4.800980677828192711e-04
4.800960014108568430e-04
4.800941969733685255e-04
4.800922470167279243e-04
4.800903843715786934e-04
4.800885217264294624e-04
