9.875745745375752449e-04
9.874593233689665794e-04
9.873439557850360870e-04
9.872285882011055946e-04
9.871131042018532753e-04
9.869975037872791290e-04
9.868821362033486366e-04
9.867663029581308365e-04
9.866508189588785172e-04
9.865348692983388901e-04
9.864191524684429169e-04
9.863034356385469437e-04
9.861876023933291435e-04
9.860716527327895164e-04
9.859555866569280624e-04
9.858397534117102623e-04
9.857235709205269814e-04
9.856075048446655273e-04
9.854913223534822464e-04
9.853750234469771385e-04
9.852587245404720306e-04
9.851425420492887497e-04
9.850258938968181610e-04
9.849095949903130531e-04
9.847929468378424644e-04
9.846764151006937027e-04
9.845597669482231140e-04
9.844430023804306984e-04
9.843261213973164558e-04
9.842094732448458672e-04
9.840924758464097977e-04
9.839755948632955551e-04
9.838584810495376587e-04
9.837416000664234161e-04
9.836242534220218658e-04
9.835071396082639694e-04
9.833899093791842461e-04
9.832722134888172150e-04
9.831549832597374916e-04
9.830375202000141144e-04
9.829199407249689102e-04
9.828023612499237061e-04
9.826846653595566750e-04
9.825667366385459900e-04
9.824488079175353050e-04
9.823307627812027931e-04
9.822128340601921082e-04
9.820945560932159424e-04
9.819765109568834305e-04
9.818582329899072647e-04
9.817399550229310989e-04
9.816213278099894524e-04
9.815030498430132866e-04
9.813844226300716400e-04
9.812656790018081665e-04
9.811469353735446930e-04
9.810280753299593925e-04
9.809090988710522652e-04
9.807901224121451378e-04
9.806711459532380104e-04
9.805518202483654022e-04
9.804324945434927940e-04
9.803130524232983589e-04
9.801937267184257507e-04
9.800741681829094887e-04
9.799543768167495728e-04
9.798347018659114838e-04
9.797147940844297409e-04
9.795947698876261711e-04
9.794748621061444283e-04
9.793546050786972046e-04
9.792344644665718079e-04
9.791139746084809303e-04
9.789933683350682259e-04
9.788728784769773483e-04
9.787521557882428169e-04
9.786313166841864586e-04
9.785104775801301003e-04
9.783894056454300880e-04
9.782683337107300758e-04
9.781470289453864098e-04
9.780256077647209167e-04
9.779041865840554237e-04
9.777825325727462769e-04
9.776607621461153030e-04
9.775391081348061562e-04
9.774172212928533554e-04
9.772951016202569008e-04
9.771728655323386192e-04
9.770506294444203377e-04
9.769281605258584023e-04
9.768056916072964668e-04
9.766828734427690506e-04
9.765601134859025478e-04
9.764371206983923912e-04
9.763139532878994942e-04
9.761907858774065971e-04
9.760673274286091328e-04
9.759438689798116684e-04
9.758201777003705502e-04
9.756962535902857780e-04
9.755723876878619194e-04
9.754484053701162338e-04
9.753240738064050674e-04
9.751996840350329876e-04
9.750751778483390808e-04
9.749506716616451740e-04
9.748258744366466999e-04
9.747008443810045719e-04
9.745756397023797035e-04
9.744503768160939217e-04
9.743248228915035725e-04
9.741992107592523098e-04
9.740734240040183067e-04
9.739474044181406498e-04
9.738212684169411659e-04
9.736950160004198551e-04
9.735686471685767174e-04
9.734419872984290123e-04
9.733151528052985668e-04
9.731882018968462944e-04
9.730610763654112816e-04
9.729336597956717014e-04
9.728061850182712078e-04
9.726784774102270603e-04
9.725505951792001724e-04
9.724224801175296307e-04
9.722941322252154350e-04
9.721657843329012394e-04
9.720369125716388226e-04
9.719082154333591461e-04
9.717790526337921619e-04
9.716499480418860912e-04
9.715204942040145397e-04
9.713908075354993343e-04
9.712609462440013885e-04
9.711307357065379620e-04
9.710004669614136219e-04
9.708699071779847145e-04
9.707392891868948936e-04
9.706084383651614189e-04
9.704771800898015499e-04
9.703455725684762001e-04
9.702139650471508503e-04
9.700822993181645870e-04
9.699502261355519295e-04
9.698177454993128777e-04
9.696850902400910854e-04
9.695524349808692932e-04
9.694193722680211067e-04
9.692859603092074394e-04
9.691523737274110317e-04
9.690185543149709702e-04
9.688845602795481682e-04
9.687502752058207989e-04
9.686156408861279488e-04
9.684807737357914448e-04
9.683456155471503735e-04
9.682102245278656483e-04
9.680746006779372692e-04
9.679386857897043228e-04
9.678025380708277225e-04
9.676660411059856415e-04
9.675291948951780796e-04
9.673920576460659504e-04
9.672548039816319942e-04
9.671171428635716438e-04
9.669791907072067261e-04
9.668408310972154140e-04
9.667024714872241020e-04
9.665635298006236553e-04
9.664243552833795547e-04
9.662848315201699734e-04
9.661451331339776516e-04
9.660049690864980221e-04
9.658643975853919983e-04
9.657235932536423206e-04
9.655824396759271622e-04
9.654410532675683498e-04
9.652992011979222298e-04
9.651570580899715424e-04
9.650145657360553741e-04
9.648716659285128117e-04
9.647284750826656818e-04
9.645849349908530712e-04
9.644409292377531528e-04
9.642965160310268402e-04
9.641519282013177872e-04
9.640068165026605129e-04
9.638613555580377579e-04
9.637155453674495220e-04
9.635693277232348919e-04
9.634227608330547810e-04
9.632757864892482758e-04
9.631282882764935493e-04
9.629804408177733421e-04
9.628321859054267406e-04
9.626834653317928314e-04
9.625344537198543549e-04
9.623849764466285706e-04
9.622348588891327381e-04
9.620845667086541653e-04
9.619336924515664577e-04
9.617824689485132694e-04
9.616308379918336868e-04
9.614783339202404022e-04
9.613258298486471176e-04
9.611726854927837849e-04
9.610191336832940578e-04
9.608651162125170231e-04
9.607104584574699402e-04
9.605553350411355495e-04
9.603997459635138512e-04
9.602436912246048450e-04
9.600871126167476177e-04
9.599300101399421692e-04
9.597723837941884995e-04
9.596143499948084354e-04
9.594556759111583233e-04
9.592965361662209034e-04
9.591367561370134354e-04
9.589763358235359192e-04
9.588155662640929222e-04
9.586542146280407906e-04
9.584921645000576973e-04
9.583296487107872963e-04
9.581664926372468472e-04
9.580027544870972633e-04
9.578387252986431122e-04
9.576736483722925186e-04
9.575081639923155308e-04
9.573419811204075813e-04
9.571753325872123241e-04
9.570079855620861053e-04
9.568399400450289249e-04
9.566713124513626099e-04
9.565017535351216793e-04
9.563319035805761814e-04
9.561614133417606354e-04
9.559901081956923008e-04
9.558181627653539181e-04
9.556454606354236603e-04
9.554720600135624409e-04
9.552981355227530003e-04
9.551233961246907711e-04
9.549480164423584938e-04
9.547718218527734280e-04
9.545948123559355736e-04
9.544173371978104115e-04
9.542388143017888069e-04
9.540597093291580677e-04
9.538799058645963669e-04
9.536992874927818775e-04
9.535177377983927727e-04
9.533355478197336197e-04
9.531525429338216782e-04
9.529686649329960346e-04
9.527841466479003429e-04
9.525986388325691223e-04
9.524124907329678535e-04
9.522254113107919693e-04
9.520374587737023830e-04
9.518486913293600082e-04
9.516589925624430180e-04
9.514686535112559795e-04
9.512771503068506718e-04
9.510848904028534889e-04
9.508917573839426041e-04
9.506979258731007576e-04
9.505028720013797283e-04
9.503070614300668240e-04
9.501101449131965637e-04
9.499125299043953419e-04
9.497139253653585911e-04
9.495142148807644844e-04
9.493135730735957623e-04
9.491122327744960785e-04
9.489096701145172119e-04
9.487061761319637299e-04
9.485016926191747189e-04
9.482961613684892654e-04
9.480896987952291965e-04
9.478821884840726852e-04
9.476736304350197315e-04
9.474640828557312489e-04
9.472534875385463238e-04
9.470417862758040428e-04
9.468290372751653194e-04
9.466154151596128941e-04
9.464006288908421993e-04
9.461845620535314083e-04
9.459676803089678288e-04
9.457495762035250664e-04
9.455301333218812943e-04
9.453099919483065605e-04
9.450883953832089901e-04
9.448658092878758907e-04
9.446422336623072624e-04
9.444172610528767109e-04
9.441913571208715439e-04
9.439642890356481075e-04
9.437357075512409210e-04
9.435064275749027729e-04
9.432757506147027016e-04
9.430437930859625340e-04
9.428107296116650105e-04
9.425766766071319580e-04
9.423413430340588093e-04
9.421045542694628239e-04
9.418667759746313095e-04
9.416276006959378719e-04
9.413873776793479919e-04
9.411459905095398426e-04
9.409033809788525105e-04
9.406594326719641685e-04
9.404142620041966438e-04
9.401679271832108498e-04
9.399202535860240459e-04
9.396715322509407997e-04
9.394214721396565437e-04
9.391699568368494511e-04
9.389174520038068295e-04
9.386635501869022846e-04
9.384084842167794704e-04
9.381521376781165600e-04
9.378944523632526398e-04
9.376357775181531906e-04
9.373756474815309048e-04
9.371142368763685226e-04
9.368516039103269577e-04
9.365879232063889503e-04
9.363227873109281063e-04
9.360564290545880795e-04
9.357888484373688698e-04
9.355199872516095638e-04
9.352499037049710751e-04
9.349786560051143169e-04
9.347061859443783760e-04
9.344324353151023388e-04
9.341576369479298592e-04
9.338814998045563698e-04
9.336040238849818707e-04
9.333255584351718426e-04
9.330459870398044586e-04
9.327650186605751514e-04
9.324828861281275749e-04
9.321997640654444695e-04
9.319153614342212677e-04
9.316299692727625370e-04
9.313431801274418831e-04
9.310554596595466137e-04
9.307666914537549019e-04
9.304766426794230938e-04
9.301857207901775837e-04
9.298935183323919773e-04
9.296003263443708420e-04
9.293059119954705238e-04
9.290107991546392441e-04
9.287145803682506084e-04
9.284173720516264439e-04
9.281189995817840099e-04
9.278197539970278740e-04
9.275196935050189495e-04
9.272184106521308422e-04
9.269164875149726868e-04
9.266136330552399158e-04
9.263097890652716160e-04
9.260050719603896141e-04
9.256995981559157372e-04
9.253933094441890717e-04
9.250862058252096176e-04
9.247782872989773750e-04
9.244695538654923439e-04
9.241601219400763512e-04
9.238500497303903103e-04
9.235392790287733078e-04
9.232276934199035168e-04
9.229155257344245911e-04
9.226027759723365307e-04
9.222893859259784222e-04
9.219754138030111790e-04
9.216609760187566280e-04
9.213458979502320290e-04
9.210303542204201221e-04
9.207142866216599941e-04
9.203976369462907314e-04
9.200807544402778149e-04
9.197632898576557636e-04
9.194455924443900585e-04
9.191274875774979591e-04
9.188089170493185520e-04
9.184902301058173180e-04
9.181710192933678627e-04
9.178517502732574940e-04
9.175322484225034714e-04
9.172122809104621410e-04
9.168923133984208107e-04
9.165721712633967400e-04
9.162519709207117558e-04
9.159315377473831177e-04
9.156111045740544796e-04
9.152904385700821877e-04
9.149698307737708092e-04
9.146491065621376038e-04
9.143285569734871387e-04
9.140079491771757603e-04
9.136876324191689491e-04
9.133670828305184841e-04
9.130466496571898460e-04
9.127265657298266888e-04
9.124065400101244450e-04
9.120867471210658550e-04
9.117668960243463516e-04
9.114475105889141560e-04
9.111283579841256142e-04
9.108093217946588993e-04
9.104908094741404057e-04
9.101722971536219120e-04
9.098543087020516396e-04
9.095367277041077614e-04
9.092195541597902775e-04
9.089025552384555340e-04
9.085861383937299252e-04
9.082699543796479702e-04
9.079545270651578903e-04
9.076393907889723778e-04
9.073247783817350864e-04
9.070107480511069298e-04
9.066971833817660809e-04
9.063842007890343666e-04
9.060716838575899601e-04
9.057596907950937748e-04
9.054484544321894646e-04
9.051378001458942890e-04
9.048279025591909885e-04
9.045185288414359093e-04
9.042097954079508781e-04
9.039017604663968086e-04
9.035944822244346142e-04
9.032879024744033813e-04
9.029820212163031101e-04
9.026769548654556274e-04
9.023725287988781929e-04
9.020689758472144604e-04
9.017661213874816895e-04
9.014639072120189667e-04
9.011627407744526863e-04
9.008623892441391945e-04
9.005627362057566643e-04
9.002639562822878361e-04
8.999659330584108829e-04
8.996689575724303722e-04
8.993728552013635635e-04
8.990776259452104568e-04
8.987832115963101387e-04
8.984896703623235226e-04
8.981970022432506084e-04
8.979051490314304829e-04
8.976144599728286266e-04
8.973245858214795589e-04
8.970355847850441933e-04
8.967475732788443565e-04
8.964605513028800488e-04
8.961745188571512699e-04
8.958893013186752796e-04
8.956053061410784721e-04
8.953221258707344532e-04
8.950398187153041363e-04
8.947586175054311752e-04
8.944784058257937431e-04
8.941993000917136669e-04
8.939210092648863792e-04
8.936436497606337070e-04
8.933674544095993042e-04
8.930920739658176899e-04
8.928180905058979988e-04
8.925447473302483559e-04
8.922725683078169823e-04
8.920013206079602242e-04
8.917311788536608219e-04
8.914620266295969486e-04
8.911940385587513447e-04
8.909269236028194427e-04
8.906607399694621563e-04
8.903956622816622257e-04
8.901316905394196510e-04
8.898687083274126053e-04
8.896066574379801750e-04
8.893457124941051006e-04
8.890859317034482956e-04
8.888269658200442791e-04
8.885689894668757915e-04
8.883121772669255733e-04
8.880564710125327110e-04
8.878014632500708103e-04
8.875477942638099194e-04
8.872950566001236439e-04
8.870431920513510704e-04
8.867924916557967663e-04
8.865428972057998180e-04
