3.723469562828540802e-04
3.723451518453657627e-04
3.723433474078774452e-04
3.723415720742195845e-04
3.723398258443921804e-04
3.723381087183952332e-04
3.723363624885678291e-04
3.723345289472490549e-04
3.723327536135911942e-04
3.723309491761028767e-04
3.723292320501059294e-04
3.723274567164480686e-04
3.723257395904511213e-04
3.723239351529628038e-04
3.723221889231353998e-04
3.723204135894775391e-04
3.723185800481587648e-04
3.723168338183313608e-04
3.723151457961648703e-04
3.723133122548460960e-04
3.723115369211882353e-04
3.723097906913608313e-04
3.723079862538725138e-04
3.723062400240451097e-04
3.723044064827263355e-04
3.723027184605598450e-04
3.723009140230715275e-04
3.722991095855832100e-04
3.722973924595862627e-04
3.722956171259284019e-04
3.722938417922705412e-04
3.722920955624431372e-04
3.722903202287852764e-04
3.722885157912969589e-04
3.722867404576390982e-04
3.722849942278116941e-04
3.722832188941538334e-04
3.722815017681568861e-04
3.722797264344990253e-04
3.722779219970107079e-04
3.722761175595223904e-04
3.722743713296949863e-04
3.722725959960371256e-04
3.722708788700401783e-04
3.722691035363823175e-04
3.722673282027244568e-04
3.722655819728970528e-04
3.722638066392391920e-04
3.722620313055813313e-04
3.722602850757539272e-04
3.722585097420960665e-04
3.722566762007772923e-04
3.722549299709498882e-04
3.722532128449529409e-04
3.722514666151255369e-04
3.722496912814676762e-04
3.722478868439793587e-04
3.722460824064910412e-04
3.722443361766636372e-04
3.722425317391753197e-04
3.722408437170088291e-04
3.722390101756900549e-04
3.722372930496931076e-04
3.722355468198657036e-04
3.722337423823773861e-04
3.722319670487195253e-04
3.722301917150616646e-04
3.722284163814038038e-04
3.722266701515763998e-04
3.722249530255794525e-04
3.722231776919215918e-04
3.722214314620941877e-04
3.722195979207754135e-04
3.722178516909480095e-04
3.722160763572901487e-04
3.722143301274627447e-04
3.722125547938048840e-04
3.722108085639774799e-04
3.722090623341500759e-04
3.722072578966617584e-04
3.722054825630038977e-04
3.722037363331764936e-04
3.722019901033490896e-04
3.722002147696912289e-04
3.721984394360333681e-04
3.721966641023755074e-04
3.721949178725481033e-04
3.721931425388902426e-04
3.721913963090628386e-04
3.721896209754049778e-04
3.721878747455775738e-04
3.721860994119197130e-04
3.721844113897532225e-04
3.721825487446039915e-04
3.721808316186070442e-04
3.721790562849491835e-04
3.721773100551217794e-04
3.721755056176334620e-04
3.721737884916365147e-04
3.721720131579786539e-04
3.721702087204903364e-04
3.721684915944933891e-04
3.721667162608355284e-04
3.721649700310081244e-04
3.721631655935198069e-04
3.721613902598619461e-04
3.721597313415259123e-04
3.721578686963766813e-04
3.721561515703797340e-04
3.721544053405523300e-04
3.721526009030640125e-04
3.721508546732366085e-04
3.721491375472396612e-04
3.721473622135818005e-04
3.721455577760934830e-04
3.721438115462660789e-04
3.721420653164386749e-04
3.721402026712894440e-04
3.721385437529534101e-04
3.721367975231260061e-04
3.721350221894681454e-04
3.721332759596407413e-04
3.721315006259828806e-04
3.721296670846641064e-04
3.721279208548367023e-04
3.721262328326702118e-04
3.721244283951818943e-04
3.721227112691849470e-04
3.721209068316966295e-04
3.721191314980387688e-04
3.721174143720418215e-04
3.721156681422144175e-04
3.721138346008956432e-04
3.721120883710682392e-04
3.721103712450712919e-04
3.721085959114134312e-04
3.721068496815860271e-04
3.721051034517586231e-04
3.721033281181007624e-04
3.721015818882733583e-04
3.720997774507850409e-04
3.720980603247880936e-04
3.720962558872997761e-04
3.720945678651332855e-04
3.720927634276449680e-04
3.720910463016480207e-04
3.720892418641597033e-04
3.720874665305018425e-04
3.720857203006744385e-04
3.720840031746774912e-04
3.720822278410196304e-04
3.720804816111922264e-04
3.720787353813648224e-04
3.720769309438765049e-04
3.720752138178795576e-04
3.720733511727303267e-04
3.720716922543942928e-04
3.720699169207364321e-04
3.720681706909090281e-04
3.720663953572511673e-04
3.720646491274237633e-04
3.720628737937659025e-04
3.720610984601080418e-04
3.720593813341110945e-04
3.720575768966227770e-04
3.720558597706258297e-04
3.720541135407984257e-04
3.720523382071405649e-04
3.720505628734827042e-04
3.720488166436553001e-04
3.720470995176583529e-04
3.720452659763395786e-04
3.720435488503426313e-04
3.720418026205152273e-04
3.720400854945182800e-04
3.720383101608604193e-04
3.720365639310330153e-04
3.720347885973751545e-04
3.720330132637172937e-04
3.720312670338898897e-04
3.720295208040624857e-04
3.720277745742350817e-04
3.720260283444076777e-04
3.720242239069193602e-04
3.720225067809224129e-04
3.720207314472645521e-04
3.720190143212676048e-04
3.720172389876097441e-04
3.720154636539518833e-04
3.720137174241244793e-04
3.720119420904666185e-04
3.720101958606392145e-04
3.720084787346422672e-04
3.720067034009844065e-04
3.720049862749874592e-04
3.720032109413295984e-04
3.720014356076717377e-04
3.719996893778443336e-04
3.719979431480169296e-04
3.719962260220199823e-04
3.719943924807012081e-04
3.719926753547042608e-04
3.719909291248768568e-04
3.719892119988799095e-04
3.719873784575611353e-04
3.719856322277337313e-04
3.719839151017367840e-04
3.719821106642484665e-04
3.719803935382515192e-04
3.719786764122545719e-04
3.719769010785967112e-04
3.719751257449388504e-04
3.719733795151114464e-04
3.719716041814535856e-04
3.719699161592870951e-04
3.719680826179683208e-04
3.719663945958018303e-04
3.719646483659744263e-04
3.719628730323165655e-04
3.719611268024891615e-04
3.719593514688313007e-04
3.719575761351734400e-04
3.719558590091764927e-04
3.719540545716881752e-04
3.719523374456912279e-04
3.719506203196942806e-04
3.719488449860364199e-04
3.719470987562090158e-04
3.719453234225511551e-04
3.719435771927237511e-04
3.719418891705572605e-04
3.719401429407298565e-04
3.719383385032415390e-04
3.719365631695836782e-04
3.719349042512476444e-04
3.719330998137593269e-04
3.719313244801014662e-04
3.719296073541045189e-04
3.719278320204466581e-04
3.719260566867887974e-04
3.719243395607918501e-04
3.719226224347949028e-04
3.719208179973065853e-04
3.719191008713096380e-04
3.719173546414822340e-04
3.719156084116548300e-04
3.719137748703360558e-04
3.719120577443391085e-04
3.719103697221726179e-04
3.719085652846843004e-04
3.719068481586873531e-04
3.719051019288599491e-04
3.719033848028630018e-04
3.719016094692051411e-04
3.718998341355472803e-04
3.718980879057198763e-04
3.718963707797229290e-04
3.718945663422346115e-04
3.718928492162376642e-04
3.718911029864102602e-04
3.718893567565828562e-04
3.718875814229249954e-04
3.718858351930975914e-04
3.718841180671006441e-04
3.718824300449341536e-04
3.718806256074458361e-04
3.718788502737879753e-04
3.718771040439605713e-04
3.718754160217940807e-04
3.718735824804753065e-04
3.718718944583088160e-04
3.718701482284814119e-04
3.718683146871626377e-04
3.718665975611656904e-04
3.718648804351687431e-04
3.718631342053413391e-04
3.718614170793443918e-04
3.718596999533474445e-04
3.718579246196895838e-04
3.718561492860317230e-04
3.718544321600347757e-04
3.718526568263769150e-04
3.718508814927190542e-04
3.718491352628916502e-04
3.718474181368947029e-04
3.718456719070672989e-04
3.718438965734094381e-04
3.718421794474124908e-04
3.718404041137546301e-04
3.718387160915881395e-04
3.718369407579302788e-04
3.718351945281028748e-04
3.718334191944450140e-04
3.718317602761089802e-04
3.718299849424511194e-04
3.718282096087932587e-04
3.718264924827963114e-04
3.718247753567993641e-04
3.718229709193110466e-04
3.718212246894836426e-04
3.718195075634866953e-04
3.718177322298288345e-04
3.718159568961709738e-04
3.718142397701740265e-04
3.718125226441770792e-04
3.718107764143496752e-04
3.718090010806918144e-04
3.718072839546948671e-04
3.718055377248674631e-04
3.718037914950400591e-04
3.718020452652126551e-04
3.718002990353852510e-04
3.717985528055578470e-04
3.717968356795608997e-04
3.717950894497334957e-04
3.717932559084147215e-04
3.717915969900786877e-04
3.717898507602512836e-04
3.717880172189325094e-04
3.717863000929355621e-04
3.717845538631081581e-04
3.717828367371112108e-04
3.717811487149447203e-04
3.717793442774564028e-04
3.717775689437985420e-04
3.717758518178015947e-04
3.717741346918046474e-04
3.717723011504858732e-04
3.717706713359802961e-04
3.717688668984919786e-04
3.717671788763254881e-04
3.717654326464980841e-04
3.717636573128402233e-04
3.717618819791823626e-04
3.717602230608463287e-04
3.717584768310189247e-04
3.717567306011915207e-04
3.717549843713641167e-04
3.717532090377062559e-04
3.717514919117093086e-04
3.717497456818819046e-04
3.717479703482240438e-04
3.717463114298880100e-04
3.717445069923996925e-04
3.717427607625722885e-04
3.717410145327448845e-04
3.717392974067479372e-04
3.717375802807509899e-04
3.717357758432626724e-04
3.717340878210961819e-04
3.717322542797774076e-04
3.717305953614413738e-04
3.717289073392748833e-04
3.717271320056170225e-04
3.717253857757896185e-04
3.717236686497926712e-04
3.717218933161348104e-04
3.717200888786464930e-04
3.717184008564800024e-04
3.717166546266525984e-04
3.717148792929947376e-04
3.717131912708282471e-04
3.717114450410008430e-04
3.717096697073429823e-04
3.717079234775155783e-04
3.717062354553490877e-04
3.717044892255216837e-04
3.717027720995247364e-04
3.717009676620364189e-04
3.716992505360394716e-04
3.716975625138729811e-04
3.716957871802151203e-04
3.716940409503877163e-04
3.716923238243907690e-04
3.716905775945633650e-04
3.716888022609055042e-04
3.716870269272476435e-04
3.716853389050811529e-04
3.716835635714232922e-04
3.716818464454263449e-04
3.716801584232598543e-04
3.716783830896019936e-04
3.716766368597745895e-04
3.716749197337776423e-04
3.716732026077806950e-04
3.716714563779532909e-04
3.716696810442954302e-04
3.716679639182984829e-04
3.716661885846406221e-04
3.716644714586436749e-04
3.716627543326467276e-04
3.716610372066497803e-04
3.716592909768223763e-04
3.716575156431645155e-04
3.716558276209980249e-04
3.716540231835097075e-04
3.716523060575127602e-04
3.716506471391767263e-04
3.716488718055188656e-04
3.716471546795219183e-04
3.716454375535249710e-04
3.716436913236975670e-04
3.716419159900397062e-04
3.716401697602123022e-04
3.716383944265544415e-04
3.716366773005574942e-04
3.716349310707300901e-04
3.716332430485635996e-04
3.716314677149057388e-04
3.716297214850783348e-04
3.716280043590813875e-04
3.716263163369148970e-04
3.716245992109179497e-04
3.716227656695991755e-04
3.716211358550935984e-04
3.716193605214357376e-04
3.716176142916083336e-04
3.716158971656113863e-04
3.716141509357839823e-04
3.716124338097870350e-04
3.716106875799596310e-04
3.716089704539626837e-04
3.716071660164743662e-04
3.716054488904774189e-04
3.716037317644804716e-04
3.716019855346530676e-04
3.716002975124865770e-04
3.715985221788287163e-04
3.715968341566622257e-04
3.715950297191739082e-04
3.715933708008378744e-04
3.715915663633495569e-04
3.715898783411830664e-04
3.715881321113556623e-04
3.715863567776978016e-04
3.715846396517008543e-04
3.715828934218734503e-04
3.715812345035374165e-04
3.715794591698795557e-04
3.715777420438826084e-04
3.715759667102247477e-04
3.715742204803973436e-04
3.715725324582308531e-04
3.715707862284034491e-04
3.715690399985760450e-04
3.715673519764095545e-04
3.715656348504126072e-04
3.715638595167547464e-04
3.715621132869273424e-04
3.715603961609303951e-04
3.715586499311029911e-04
3.715569037012755871e-04
3.715551865752786398e-04
3.715534694492816925e-04
3.715517232194542885e-04
3.715499769896268845e-04
3.715482598636299372e-04
3.715465427376329899e-04
3.715447965078055859e-04
3.715430502779781818e-04
3.715413331519812346e-04
3.715395869221538305e-04
3.715378697961568832e-04
3.715361526701599360e-04
3.715344064403325319e-04
3.715326311066746712e-04
3.715309721883386374e-04
3.715292550623416901e-04
3.715274215210229158e-04
3.715257043950259686e-04
3.715240163728594780e-04
3.715223283506929874e-04
3.715205239132046700e-04
3.715188358910381794e-04
3.715170896612107754e-04
3.715153725352138281e-04
3.715136263053864241e-04
3.715119382832199335e-04
3.715101629495620728e-04
3.715084167197346687e-04
3.715066413860768080e-04
3.715049242600798607e-04
3.715032653417438269e-04
3.715015482157468796e-04
3.714997728820890188e-04
3.714980266522616148e-04
3.714963095262646675e-04
3.714946215040981770e-04
3.714928752742707729e-04
3.714911581482738256e-04
3.714894410222768784e-04
3.714876947924494743e-04
3.714859776664525270e-04
3.714842314366251230e-04
3.714825143106281757e-04
3.714807680808007717e-04
3.714789927471429110e-04
3.714772756211459637e-04
3.714755293913185596e-04
3.714738413691520691e-04
