3.879986179526895285e-04
3.879965806845575571e-04
3.879945143125951290e-04
3.879923315253108740e-04
3.879901778418570757e-04
3.879881405737251043e-04
3.879860159941017628e-04
3.879839496221393347e-04
3.879818250425159931e-04
3.879797004628926516e-04
3.879776049870997667e-04
3.879755095113068819e-04
3.879733558278530836e-04
3.879712603520601988e-04
3.879691648762673140e-04
3.879670402966439724e-04
3.879649739246815443e-04
3.879628784488886595e-04
3.879607538692653179e-04
3.879586583934724331e-04
3.879565338138490915e-04
3.879543801303952932e-04
3.879523137584328651e-04
3.879502182826399803e-04
3.879481228068470955e-04
3.879459982272237539e-04
3.879438736476004124e-04
3.879417781718075275e-04
3.879396826960146427e-04
3.879375872202217579e-04
3.879354917444288731e-04
3.879333380609750748e-04
3.879311843775212765e-04
3.879291180055588484e-04
3.879270516335964203e-04
3.879249561578035355e-04
3.879228024743497372e-04
3.879207069985568523e-04
3.879185533151030540e-04
3.879164869431406260e-04
3.879144205711781979e-04
3.879123250953853130e-04
3.879102587234228849e-04
3.879081050399690866e-04
3.879059804603457451e-04
3.879038849845528603e-04
3.879017895087599754e-04
3.878997231367975473e-04
3.878975694533437490e-04
3.878955030813813210e-04
3.878933785017579794e-04
3.878912539221346378e-04
3.878891584463417530e-04
3.878870338667184114e-04
3.878849674947559834e-04
3.878828720189630985e-04
3.878807183355093002e-04
3.878786519635468721e-04
3.878764982800930738e-04
3.878744319081306458e-04
3.878723073285073042e-04
3.878702991642057896e-04
3.878681745845824480e-04
3.878660209011286497e-04
3.878639836329966784e-04
3.878618299495428801e-04
3.878597344737499952e-04
3.878576389979571104e-04
3.878555435221642256e-04
3.878533898387104273e-04
3.878513234667479992e-04
3.878491988871246576e-04
3.878470160998404026e-04
3.878449788317084312e-04
3.878428833559155464e-04
3.878407878801226616e-04
3.878386633004993200e-04
3.878365969285368919e-04
3.878344141412526369e-04
3.878324059769511223e-04
3.878303105011582375e-04
3.878282150253653526e-04
3.878260613419115543e-04
3.878239658661186695e-04
3.878218994941562414e-04
3.878197749145328999e-04
3.878176794387400150e-04
3.878155839629471302e-04
3.878135175909847021e-04
3.878113930113613605e-04
3.878093266393989325e-04
3.878072020597755909e-04
3.878051065839827061e-04
3.878029820043593645e-04
3.878009447362273932e-04
3.877987910527735949e-04
3.877966373693197966e-04
3.877946001011878252e-04
3.877925046253949404e-04
3.877903509419411421e-04
3.877882554661482573e-04
3.877861890941858292e-04
3.877841518260538578e-04
3.877819981426000595e-04
3.877798444591462612e-04
3.877778071910142899e-04
3.877757117152214050e-04
3.877736162394285202e-04
3.877715207636356354e-04
3.877694252878427505e-04
3.877673007082194090e-04
3.877652634400874376e-04
3.877631097566336393e-04
3.877609851770102978e-04
3.877588897012174129e-04
3.877568524330854416e-04
3.877547278534621000e-04
3.877526323776692152e-04
3.877505369018763304e-04
3.877484414260834455e-04
3.877463750541210175e-04
3.877442504744976759e-04
3.877421549987047911e-04
3.877400304190814495e-04
3.877379349432885647e-04
3.877358103636652231e-04
3.877337439917027950e-04
3.877316776197403669e-04
3.877296112477779388e-04
3.877274866681545973e-04
3.877253911923617125e-04
3.877232375089079142e-04
3.877211711369454861e-04
3.877191047649830580e-04
3.877170092891901731e-04
3.877149720210582018e-04
3.877127601299434900e-04
3.877107228618115187e-04
3.877085982821881771e-04
3.877065319102257490e-04
3.877044073306024075e-04
3.877022827509790659e-04
3.877002163790166378e-04
3.876981791108846664e-04
3.876960254274308681e-04
3.876939881592988968e-04
3.876918344758450985e-04
3.876897681038826704e-04
3.876876726280897856e-04
3.876855480484664440e-04
3.876834816765040159e-04
3.876813279930502176e-04
3.876792325172573328e-04
3.876771661452949047e-04
3.876750997733324766e-04
3.876730042975395918e-04
3.876709379255771637e-04
3.876688133459538221e-04
3.876666887663304806e-04
3.876646514981985092e-04
3.876625269185751677e-04
3.876604023389518261e-04
3.876583941746503115e-04
3.876562695950269699e-04
3.876541450154036283e-04
3.876520495396107435e-04
3.876500122714787722e-04
3.876478876918554306e-04
3.876457922160625458e-04
3.876437258441001177e-04
3.876416594721376896e-04
3.876395639963448048e-04
3.876374103128910065e-04
3.876353730447590351e-04
3.876332484651356936e-04
3.876312111970037222e-04
3.876290284097194672e-04
3.876269911415874958e-04
3.876248665619641542e-04
3.876227710861712694e-04
3.876206756103783846e-04
3.876185801345854998e-04
3.876164846587926149e-04
3.876144473906606436e-04
3.876122937072068453e-04
3.876101982314139605e-04
3.876081609632819891e-04
3.876060654874891043e-04
3.876039700116962194e-04
3.876019036397337914e-04
3.875997499562799931e-04
3.875976835843175650e-04
3.875955590046942234e-04
3.875935217365622520e-04
3.875913971569389105e-04
3.875893598888069391e-04
3.875872062053531408e-04
3.875851689372211695e-04
3.875830152537673712e-04
3.875809779856353998e-04
3.875788825098425150e-04
3.875768161378800869e-04
3.875746624544262886e-04
3.875726251862943172e-04
3.875705297105014324e-04
3.875684051308780909e-04
3.875662805512547493e-04
3.875642723869532347e-04
3.875621769111603498e-04
3.875601396430283785e-04
3.875579568557441235e-04
3.875558904837816954e-04
3.875538241118192673e-04
3.875517286360263824e-04
3.875496331602334976e-04
3.875475376844406128e-04
3.875454713124781847e-04
3.875433758366852999e-04
3.875412803608924150e-04
3.875391848850995302e-04
3.875370894093066454e-04
3.875349939335137606e-04
3.875328984577208757e-04
3.875308320857584476e-04
3.875287948176264763e-04
3.875267284456640482e-04
3.875246038660407066e-04
3.875225083902478218e-04
3.875204129144549370e-04
3.875183465424925089e-04
3.875163092743605375e-04
3.875141846947371960e-04
3.875121183227747679e-04
3.875100228469818830e-04
3.875079273711889982e-04
3.875058609992265701e-04
3.875038237310945988e-04
3.875016700476408005e-04
3.874996327795088291e-04
3.874975081998854876e-04
3.874953836202621460e-04
3.874933172482997179e-04
3.874912217725068331e-04
3.874891845043748617e-04
3.874870890285819769e-04
3.874849935527890921e-04
3.874828689731657505e-04
3.874808317050337791e-04
3.874787362292408943e-04
3.874766698572784662e-04
3.874746034853160381e-04
3.874725080095231533e-04
3.874703834298998117e-04
3.874683461617678404e-04
3.874662506859749556e-04
3.874641552101820707e-04
3.874620306305587292e-04
3.874599933624267578e-04
3.874578396789729595e-04
3.874557733070105314e-04
3.874537360388785601e-04
3.874516987707465887e-04
3.874495450872927904e-04
3.874474496114999056e-04
3.874453250318765640e-04
3.874433168675750494e-04
3.874412213917821646e-04
3.874392132274806499e-04
3.874371468555182219e-04
3.874350222758948803e-04
3.874329268001019955e-04
3.874308022204786539e-04
3.874287067446857691e-04
3.874266403727233410e-04
3.874246031045913696e-04
3.874225076287984848e-04
3.874204412568360567e-04
3.874183457810431719e-04
3.874162503052502871e-04
3.874141548294574022e-04
3.874120593536645174e-04
3.874099638778716326e-04
3.874079266097396612e-04
3.874058602377772331e-04
3.874037938658148050e-04
3.874016692861914635e-04
3.873995738103985786e-04
3.873975365422666073e-04
3.873954410664737225e-04
3.873934037983417511e-04
3.873913083225488663e-04
3.873892419505864382e-04
3.873871173709630966e-04
3.873850218951702118e-04
3.873829846270382404e-04
3.873809473589062691e-04
3.873788227792829275e-04
3.873767273034900427e-04
3.873746318276971579e-04
3.873725945595651865e-04
3.873704990837723017e-04
3.873684036079794168e-04
3.873663954436779022e-04
3.873642999678850174e-04
3.873621462844312191e-04
3.873601090162992477e-04
3.873580135405063629e-04
3.873560053762048483e-04
3.873538807965815067e-04
3.873517562169581652e-04
3.873497480526566505e-04
3.873476525768637657e-04
3.873455862049013376e-04
3.873434907291084528e-04
3.873413952533155680e-04
3.873392997775226831e-04
3.873372334055602551e-04
3.873351670335978270e-04
3.873330715578049421e-04
3.873310633935034275e-04
3.873289679177105427e-04
3.873268724419176579e-04
3.873247478622943163e-04
3.873227105941623449e-04
3.873206442221999168e-04
3.873185778502374887e-04
3.873164532706141472e-04
3.873143577948212624e-04
3.873123787343502045e-04
3.873102541547268629e-04
3.873081586789339781e-04
3.873060632031410933e-04
3.873039968311786652e-04
3.873019304592162371e-04
3.872998640872538090e-04
3.872977977152913809e-04
3.872957313433289528e-04
3.872936649713665247e-04
3.872915403917431831e-04
3.872894449159502983e-04
3.872874367516487837e-04
3.872852830681949854e-04
3.872832166962325573e-04
3.872812085319310427e-04
3.872791421599686146e-04
3.872770175803452730e-04
3.872749221045523882e-04
3.872729139402508736e-04
3.872708766721189022e-04
3.872687229886651039e-04
3.872667439281940460e-04
3.872646484524011612e-04
3.872625529766082764e-04
3.872604866046458483e-04
3.872583329211920500e-04
3.872562665492296219e-04
3.872541710734367371e-04
3.872521920129656792e-04
3.872500674333423376e-04
3.872480010613799095e-04
3.872459928970783949e-04
3.872438683174550533e-04
3.872418019454926252e-04
3.872397355735301971e-04
3.872376983053982258e-04
3.872355737257748842e-04
3.872335073538124561e-04
3.872314118780195713e-04
3.872292872983962297e-04
3.872272500302642584e-04
3.872252127621322870e-04
3.872231172863394022e-04
3.872210800182074308e-04
3.872190136462450027e-04
3.872169472742825747e-04
3.872148517984896898e-04
3.872128145303577185e-04
3.872106899507343769e-04
3.872086526826024055e-04
3.872065863106399775e-04
3.872044908348470926e-04
3.872023953590542078e-04
3.872003580909222364e-04
3.871982917189598083e-04
3.871962253469973803e-04
3.871941589750349522e-04
3.871920926030725241e-04
3.871899680234491825e-04
3.871879307553172112e-04
3.871858352795243263e-04
3.871837689075618982e-04
3.871817025355994701e-04
3.871795779559761286e-04
3.871775406878441572e-04
3.871755034197121859e-04
3.871734370477497578e-04
3.871713706757873297e-04
3.871692751999944448e-04
3.871672088280320168e-04
3.871651424560695887e-04
3.871630760841071606e-04
3.871610097121447325e-04
3.871589142363518476e-04
3.871568769682198763e-04
3.871548105962574482e-04
3.871526860166341066e-04
3.871506196446716785e-04
3.871485823765397072e-04
3.871464869007468224e-04
3.871444205287843943e-04
3.871423832606524229e-04
3.871402877848595381e-04
3.871382796205580235e-04
3.871361841447651386e-04
3.871341177728027105e-04
3.871320514008402824e-04
3.871299850288778543e-04
3.871279186569154263e-04
3.871258231811225414e-04
3.871237859129905701e-04
3.871217195410281420e-04
3.871196240652352571e-04
3.871175576932728291e-04
3.871155204251408577e-04
3.871134249493479729e-04
3.871113585773855448e-04
3.871093213092535734e-04
3.871072549372911453e-04
3.871051303576678038e-04
3.871031221933662891e-04
3.871010267175734043e-04
3.870989894494414330e-04
3.870968939736485481e-04
3.870948276016861200e-04
3.870927321258932352e-04
3.870906948577612638e-04
3.870886575896292925e-04
3.870866203214973211e-04
3.870844957418739796e-04
3.870824293699115515e-04
3.870803921017795801e-04
3.870782966259866953e-04
3.870762593578547239e-04
3.870741929858922958e-04
3.870720975100994110e-04
3.870700311381369829e-04
3.870679647661745548e-04
3.870658983942121267e-04
3.870638902299106121e-04
3.870617365464568138e-04
3.870596992783248425e-04
3.870576329063624144e-04
3.870555956382304430e-04
3.870535292662680149e-04
3.870515211019665003e-04
3.870494256261736155e-04
3.870473301503807306e-04
3.870452928822487593e-04
3.870432265102863312e-04
3.870411892421543598e-04
3.870390646625310183e-04
3.870370273943990469e-04
3.870349319186061621e-04
3.870328655466437340e-04
3.870308864861726761e-04
3.870287910103797913e-04
3.870266955345869064e-04
3.870246873702853918e-04
3.870225918944925070e-04
3.870205546263605356e-04
3.870184591505676508e-04
3.870163927786052227e-04
3.870143555104732513e-04
3.870122891385108232e-04
3.870102227665483952e-04
3.870081563945859671e-04
3.870060900226235390e-04
3.870040527544915676e-04
3.870019572786986828e-04
3.869999491143971682e-04
3.869978536386042833e-04
3.869958163704723120e-04
3.869937499985098839e-04
3.869916545227169991e-04
3.869895881507545710e-04
3.869875217787921429e-04
3.869854554068297148e-04
3.869833890348672867e-04
3.869813517667353153e-04
3.869792562909424305e-04
3.869771899189800024e-04
3.869751817546784878e-04
3.869731444865465164e-04
3.869710781145840883e-04
3.869689826387912035e-04
3.869669453706592321e-04
3.869648498948663473e-04
3.869628417305648327e-04
3.869607462547719479e-04
3.869586798828095198e-04
