1.029635313898324966e-03
1.029484556056559086e-03
1.029333681799471378e-03
1.029182691127061844e-03
1.029031700454652309e-03
1.028880826197564602e-03
1.028729719109833241e-03
1.028578612022101879e-03
1.028427388519048691e-03
1.028276281431317329e-03
1.028125057928264141e-03
1.027973601594567299e-03
1.027822145260870457e-03
1.027670805342495441e-03
1.027519232593476772e-03
1.027367776259779930e-03
1.027216203510761261e-03
1.027064397931098938e-03
1.026912825182080269e-03
1.026761019602417946e-03
1.026609214022755623e-03
1.026457175612449646e-03
1.026305253617465496e-03
1.026153331622481346e-03
1.026001060381531715e-03
1.025849021971225739e-03
1.025696867145597935e-03
1.025544479489326477e-03
1.025392208248376846e-03
1.025239704176783562e-03
1.025087316520512104e-03
1.024934696033596992e-03
1.024782191962003708e-03
1.024629338644444942e-03
1.024476485326886177e-03
1.024323748424649239e-03
1.024170662276446819e-03
1.024017692543566227e-03
1.023864606395363808e-03
1.023711520247161388e-03
1.023558317683637142e-03
1.023404998704791069e-03
1.023251563310623169e-03
1.023098011501133442e-03
1.022944692522287369e-03
1.022790907882153988e-03
1.022637123242020607e-03
1.022483455017209053e-03
1.022329553961753845e-03
1.022175536490976810e-03
1.022021402604877949e-03
1.021867268718779087e-03
1.021713134832680225e-03
1.021558651700615883e-03
1.021404168568551540e-03
1.021249569021165371e-03
1.021095085889101028e-03
1.020940253511071205e-03
1.020785537548363209e-03
1.020630588755011559e-03
1.020475523546338081e-03
1.020320341922342777e-03
1.020165043883025646e-03
1.020009745843708515e-03
1.019854331389069557e-03
1.019698916934430599e-03
1.019543036818504333e-03
1.019387389533221722e-03
1.019231625832617283e-03
1.019075512886047363e-03
1.018919399939477444e-03
1.018763286992907524e-03
1.018606941215693951e-03
1.018450479023158550e-03
1.018293900415301323e-03
1.018137321807444096e-03
1.017980393953621387e-03
1.017823582515120506e-03
1.017666654661297798e-03
1.017509261146187782e-03
1.017351984046399593e-03
1.017194590531289577e-03
1.017037080600857735e-03
1.016879337839782238e-03
1.016721478663384914e-03
1.016563735902309418e-03
1.016405527479946613e-03
1.016247319057583809e-03
1.016088994219899178e-03
1.015930436551570892e-03
1.015771878883242607e-03
1.015612971968948841e-03
1.015454181469976902e-03
1.015295041725039482e-03
1.015135785564780235e-03
1.014976296573877335e-03
1.014817040413618088e-03
1.014657085761427879e-03
1.014497131109237671e-03
1.014337292872369289e-03
1.014177338220179081e-03
1.014016801491379738e-03
1.013856381177902222e-03
1.013695728033781052e-03
1.013534958474338055e-03
1.013373956084251404e-03
1.013212720863521099e-03
1.013051485642790794e-03
1.012889901176095009e-03
1.012728316709399223e-03
1.012566499412059784e-03
1.012404565699398518e-03
1.012242166325449944e-03
1.012079766951501369e-03
1.011917251162230968e-03
1.011754502542316914e-03
1.011591521091759205e-03
1.011428423225879669e-03
1.011265092529356480e-03
1.011101412586867809e-03
1.010937849059700966e-03
1.010773936286568642e-03
1.010609674267470837e-03
1.010445412248373032e-03
1.010280800983309746e-03
1.010116073302924633e-03
1.009950996376574039e-03
1.009786035865545273e-03
1.009620493277907372e-03
1.009454950690269470e-03
1.009289058856666088e-03
1.009122934192419052e-03
1.008956693112850189e-03
1.008790102787315845e-03
1.008623512461781502e-03
1.008456456474959850e-03
1.008289284072816372e-03
1.008121646009385586e-03
1.007953891530632973e-03
1.007786020636558533e-03
1.007617916911840439e-03
1.007449463941156864e-03
1.007280778139829636e-03
1.007111859507858753e-03
1.006942591629922390e-03
1.006773090921342373e-03
1.006603357382118702e-03
1.006433274596929550e-03
1.006263075396418571e-03
1.006092410534620285e-03
1.005921745672821999e-03
1.005750615149736404e-03
1.005579251796007156e-03
1.005407655611634254e-03
1.005235710181295872e-03
1.005063531920313835e-03
1.004890771582722664e-03
1.004718011245131493e-03
1.004544785246253014e-03
1.004371559247374535e-03
1.004197634756565094e-03
1.004023593850433826e-03
1.003849320113658905e-03
1.003674580715596676e-03
1.003499724902212620e-03
1.003324287012219429e-03
1.003148499876260757e-03
1.002972596324980259e-03
1.002796227112412453e-03
1.002619625069200993e-03
1.002442790195345879e-03
1.002265256829559803e-03
1.002087607048451900e-03
1.001909491606056690e-03
1.001731259748339653e-03
1.001552445814013481e-03
1.001373282633721828e-03
1.001193653792142868e-03
1.001013908535242081e-03
1.000833697617053986e-03
1.000653021037578583e-03
1.000471995212137699e-03
1.000290736556053162e-03
1.000108779408037663e-03
9.999265894293785095e-04
9.997440502047538757e-04
9.995610453188419342e-04
9.993775747716426849e-04
9.991938713937997818e-04
9.990095859393477440e-04
9.988248348236083984e-04
9.986398508772253990e-04
9.984545176848769188e-04
9.982684860005974770e-04
9.980821050703525543e-04
9.978953748941421509e-04
9.977079462260007858e-04
9.975202847272157669e-04
9.973321575671434402e-04
9.971435647457838058e-04
9.969543898478150368e-04
9.967647492885589600e-04
9.965746430680155754e-04
9.963841876015067101e-04
9.961930336430668831e-04
9.960015304386615753e-04
9.958095615729689598e-04
9.956171270459890366e-04
9.954241104423999786e-04
9.952305117622017860e-04
9.950364474207162857e-04
9.948419174179434776e-04
9.946468053385615349e-04
9.944509947672486305e-04
9.942549513652920723e-04
9.940582094714045525e-04
9.938608855009078979e-04
9.936632122844457626e-04
9.934647241607308388e-04
9.932656539604067802e-04
9.930662345141172409e-04
9.928661165758967400e-04
9.926654165610671043e-04
9.924641344696283340e-04
9.922622703015804291e-04
9.920597076416015625e-04
9.918569121509790421e-04
9.916531853377819061e-04
9.914487600326538086e-04
9.912439854815602303e-04
9.910382796078920364e-04
9.908321080729365349e-04
9.906252380460500717e-04
9.904179023578763008e-04
9.902097517624497414e-04
9.900010190904140472e-04
9.897915879264473915e-04
9.895814582705497742e-04
9.893707465380430222e-04
9.891593363136053085e-04
9.889471111819148064e-04
9.887343039736151695e-04
9.885207982733845711e-04
9.883064776659011841e-04
9.880916913971304893e-04
9.878759738057851791e-04
9.876596741378307343e-04
9.874424431473016739e-04
9.872246300801634789e-04
9.870060021057724953e-04
9.867866756394505501e-04
9.865665342658758163e-04
9.863456944003701210e-04
9.861241560429334641e-04
9.859018027782440186e-04
9.856785181909799576e-04
9.854545351117849350e-04
9.852298535406589508e-04
9.850042406469583511e-04
9.847779292613267899e-04
9.845508029684424400e-04
9.843228617683053017e-04
9.840941056609153748e-04
9.838644182309508324e-04
9.836340323090553284e-04
9.834028314799070358e-04
9.831709321588277817e-04
9.829378686845302582e-04
9.827039903029799461e-04
9.824692970141768456e-04
9.822336724027991295e-04
9.819975821301341057e-04
9.817602112889289856e-04
9.815220255404710770e-04
9.812831413000822067e-04
9.810430929064750671e-04
9.808024624362587929e-04
9.805605513975024223e-04
9.803180582821369171e-04
9.800745174288749695e-04
9.798300452530384064e-04
9.795846417546272278e-04
9.793385397642850876e-04
9.790912736207246780e-04
9.788430761545896530e-04
9.785940637812018394e-04
9.783441200852394104e-04
9.780931286513805389e-04
9.778413223102688789e-04
9.775885846465826035e-04
9.773346828296780586e-04
9.770799661055207253e-04
9.768244344741106033e-04
9.765676222741603851e-04
9.763100533746182919e-04
9.760514367371797562e-04
9.757919469848275185e-04
9.755314094945788383e-04
9.752698824740946293e-04
9.750075405463576317e-04
9.747440344654023647e-04
9.744795970618724823e-04
9.742142865434288979e-04
9.739479282870888710e-04
9.736805222928524017e-04
9.734121267683804035e-04
9.731429163366556168e-04
9.728726581670343876e-04
9.726012940518558025e-04
9.723291150294244289e-04
9.720560046844184399e-04
9.717817301861941814e-04
9.715065825730562210e-04
9.712305036373436451e-04
9.709535515867173672e-04
9.706754935905337334e-04
9.703965042717754841e-04
9.701164090074598789e-04
9.698353824205696583e-04
9.695535409264266491e-04
9.692707099020481110e-04
9.689868893474340439e-04
9.687021374702453613e-04
9.684163960628211498e-04
9.681297233328223228e-04
9.678422939032316208e-04
9.675538167357444763e-04
9.672643500380218029e-04
9.669740684330463409e-04
9.666830301284790039e-04
9.663908276706933975e-04
9.660978103056550026e-04
9.658039780333638191e-04
9.655091562308371067e-04
9.652135777287185192e-04
9.649170679040253162e-04
9.646198013797402382e-04
9.643215453252196312e-04
9.640225325711071491e-04
9.637228213250637054e-04
9.634221205487847328e-04
9.631206630729138851e-04
9.628185071051120758e-04
9.625154780223965645e-04
9.622116340324282646e-04
9.619070915505290031e-04
9.616017341613769531e-04
9.612957946956157684e-04
9.609889821149408817e-04
9.606815292499959469e-04
9.603733778931200504e-04
9.600647026672959328e-04
9.597550379112362862e-04
9.594450239092111588e-04
9.591340785846114159e-04
9.588227258063852787e-04
9.585106163285672665e-04
9.581979829818010330e-04
9.578847093507647514e-04
9.575710282661020756e-04
9.572565322741866112e-04
9.569416870363056660e-04
9.566262015141546726e-04
9.563103667460381985e-04
9.559940081089735031e-04
9.556770091876387596e-04
9.553598356433212757e-04
9.550420800223946571e-04
9.547238587401807308e-04
9.544052882120013237e-04
9.540861938148736954e-04
9.537670412100851536e-04
9.534473647363483906e-04
9.531272808089852333e-04
9.528067312203347683e-04
9.524862398393452168e-04
9.521653410047292709e-04
9.518440929241478443e-04
9.515226120129227638e-04
9.512009564787149429e-04
9.508790681138634682e-04
9.505570633336901665e-04
9.502348839305341244e-04
9.499123552814126015e-04
9.495899430476129055e-04
9.492672979831695557e-04
9.489445947110652924e-04
9.486215421929955482e-04
9.482989553362131119e-04
9.479758446104824543e-04
9.476527920924127102e-04
9.473299141973257065e-04
9.470068034715950489e-04
9.466839837841689587e-04
9.463610476814210415e-04
9.460382279939949512e-04
9.457155247218906879e-04
9.453928214497864246e-04
9.450701763853430748e-04
9.447479387745261192e-04
9.444254683330655098e-04
9.441035217605531216e-04
9.437814587727189064e-04
9.434596868231892586e-04
9.431382059119641781e-04
9.428168996237218380e-04
9.424959425814449787e-04
9.421752183698117733e-04
9.418546687811613083e-04
9.415344102308154106e-04
9.412145591340959072e-04
9.408950572833418846e-04
9.405757882632315159e-04
9.402568102814257145e-04
9.399382397532463074e-04
9.396201348863542080e-04
9.393023210577666759e-04
9.389851475134491920e-04
9.386682650074362755e-04
9.383518481627106667e-04
9.380358969792723656e-04
9.377204114571213722e-04
9.374052751809358597e-04
9.370907791890203953e-04
9.367765160277485847e-04
9.364630677737295628e-04
9.361501433886587620e-04
9.358378592878580093e-04
9.355258662253618240e-04
9.352145134471356869e-04
9.349037427455186844e-04
9.345935541205108166e-04
9.342839475721120834e-04
9.339750395156443119e-04
9.336665971204638481e-04
9.333588532172143459e-04
9.330517495982348919e-04
9.327453444711863995e-04
9.324394050054252148e-04
9.321343386545777321e-04
9.318298543803393841e-04
9.315260685980319977e-04
9.312229230999946594e-04
9.309205925092101097e-04
9.306189604103565216e-04
9.303179685957729816e-04
9.300176752731204033e-04
9.297181386500597000e-04
9.294192423112690449e-04
9.291212190873920918e-04
9.288239525631070137e-04
9.285272681154310703e-04
9.282314567826688290e-04
9.279364603571593761e-04
9.276421624235808849e-04
9.273485047742724419e-04
9.270558366551995277e-04
9.267639252357184887e-04
9.264728287234902382e-04
9.261824889108538628e-04
9.258928475901484489e-04
9.256041375920176506e-04
9.253160678781569004e-04
9.250291041098535061e-04
9.247426060028374195e-04
9.244570974260568619e-04
9.241722873412072659e-04
9.238885832019150257e-04
9.236055193468928337e-04
9.233232703991234303e-04
9.230418363586068153e-04
9.227612754330039024e-04
9.224815294146537781e-04
9.222025983035564423e-04
9.219245985150337219e-04
9.216473554261028767e-04
9.213708690367639065e-04
9.210953721776604652e-04
9.208206320181488991e-04
9.205469395965337753e-04
9.202737710438668728e-04
9.200015920214354992e-04
9.197301696985960007e-04
9.194599115289747715e-04
9.191900026053190231e-04
9.189212578348815441e-04
9.186532697640359402e-04
9.183863876387476921e-04
9.181200293824076653e-04
9.178546024486422539e-04
9.175899322144687176e-04
9.173263679258525372e-04
9.170634439215064049e-04
9.168014512397348881e-04
9.165402152575552464e-04
9.162799105979502201e-04
9.160204208455979824e-04
9.157616877928376198e-04
9.155037114396691322e-04
9.152467828243970871e-04
