3.786250308621674776e-04
3.786231391131877899e-04
3.786213055718690157e-04
3.786193556152284145e-04
3.786174929700791836e-04
3.786156012210994959e-04
3.786137385759502649e-04
3.786118759308010340e-04
3.786099841818213463e-04
3.786081215366721153e-04
3.786061424762010574e-04
3.786043089348822832e-04
3.786024171859025955e-04
3.786005836445838213e-04
3.785986918956041336e-04
3.785967710427939892e-04
3.785948792938143015e-04
3.785929875448346138e-04
3.785910957958549261e-04
3.785892040468752384e-04
3.785872831940650940e-04
3.785854205489158630e-04
3.785835287999361753e-04
3.785816079471260309e-04
3.785797453019768000e-04
3.785778535529971123e-04
3.785760200116783381e-04
3.785741282626986504e-04
3.785722656175494194e-04
3.785704029724001884e-04
3.785684821195900440e-04
3.785665903706103563e-04
3.785647277254611254e-04
3.785628650803118944e-04
3.785609733313322067e-04
3.785590524785220623e-04
3.785571607295423746e-04
3.785552689805626869e-04
3.785533772315829992e-04
3.785515145864337683e-04
3.785496519412845373e-04
3.785477310884743929e-04
3.785458975471556187e-04
3.785440057981759310e-04
3.785421431530267000e-04
3.785402514040470123e-04
3.785383596550673246e-04
3.785364970099180937e-04
3.785345761571079493e-04
3.785327135119587183e-04
3.785308508668094873e-04
3.785289591178297997e-04
3.785270382650196552e-04
3.785251756198704243e-04
3.785233129747211933e-04
3.785214212257415056e-04
3.785196167882531881e-04
3.785176668316125870e-04
3.785158041864633560e-04
3.785139124374836683e-04
3.785119915846735239e-04
3.785101289395242929e-04
3.785082371905446053e-04
3.785063745453953743e-04
3.785044536925852299e-04
3.785026201512664557e-04
3.785007575061172247e-04
3.784988075494766235e-04
3.784969740081578493e-04
3.784950822591781616e-04
3.784931905101984739e-04
3.784913569688796997e-04
3.784894361160695553e-04
3.784875443670898676e-04
3.784857399296015501e-04
3.784838190767914057e-04
3.784819273278117180e-04
3.784800646826624870e-04
3.784781438298523426e-04
3.784762811847031116e-04
3.784743894357234240e-04
3.784725267905741930e-04
3.784706350415945053e-04
3.784687141887843609e-04
3.784668515436351299e-04
3.784650471061468124e-04
3.784631262533366680e-04
3.784612636081874371e-04
3.784593718592077494e-04
3.784575092140585184e-04
3.784555592574179173e-04
3.784536966122686863e-04
3.784518339671194553e-04
3.784500004258006811e-04
3.784480795729905367e-04
3.784461878240108490e-04
3.784443542826920748e-04
3.784424916375428438e-04
3.784406289923936129e-04
3.784387663472443819e-04
3.784367872867733240e-04
3.784349537454545498e-04
3.784330911003053188e-04
3.784311993513256311e-04
3.784293367061764002e-04
3.784274449571967125e-04
3.784255532082170248e-04
3.784237196668982506e-04
3.784218570217490196e-04
3.784199652727693319e-04
3.784180735237896442e-04
3.784161817748099566e-04
3.784143191296607256e-04
3.784124564845114946e-04
3.784105938393622637e-04
3.784087311942130327e-04
3.784067812375724316e-04
3.784049185924232006e-04
3.784030559472739697e-04
3.784011641982942820e-04
3.783992724493145943e-04
3.783973807003349066e-04
3.783955471590161324e-04
3.783936845138669014e-04
3.783917636610567570e-04
3.783898719120770693e-04
3.783880383707582951e-04
3.783861466217786074e-04
3.783842839766293764e-04
3.783824213314801455e-04
3.783805004786700010e-04
3.783786669373512268e-04
3.783767460845410824e-04
3.783748834393918514e-04
3.783730207942426205e-04
3.783711872529238462e-04
3.783692955039441586e-04
3.783674619626253843e-04
3.783655120059847832e-04
3.783636493608355522e-04
3.783617576118558645e-04
3.783599240705370903e-04
3.783580614253878593e-04
3.783561987802386284e-04
3.783543361350893974e-04
3.783524443861097097e-04
3.783506399486213923e-04
3.783487481996417046e-04
3.783467982430011034e-04
3.783449355978518724e-04
3.783430729527026415e-04
3.783412103075534105e-04
3.783393185585737228e-04
3.783373977057635784e-04
3.783355932682752609e-04
3.783337015192955732e-04
3.783318388741463423e-04
3.783299471251666546e-04
3.783281135838478804e-04
3.783262218348681927e-04
3.783243300858885050e-04
3.783224965445697308e-04
3.783205756917595863e-04
3.783187130466103554e-04
3.783168212976306677e-04
3.783149586524814367e-04
3.783131251111626625e-04
3.783111751545220613e-04
3.783093707170337439e-04
3.783075080718845129e-04
3.783056163229048252e-04
3.783037536777555943e-04
3.783018910326063633e-04
3.782999992836266756e-04
3.782980784308165312e-04
3.782962448894977570e-04
3.782943822443485260e-04
3.782925195991992950e-04
3.782905987463891506e-04
3.782887069974094629e-04
3.782868734560906887e-04
3.782850108109414577e-04
3.782831481657922268e-04
3.782813146244734526e-04
3.782794228754937649e-04
3.782775020226836205e-04
3.782756684813648462e-04
3.782737767323851585e-04
3.782719431910663843e-04
3.782700514420866966e-04
3.782681596931070089e-04
3.782662970479577780e-04
3.782644635066390038e-04
3.782626008614897728e-04
3.782607673201709986e-04
3.782588464673608541e-04
3.782569547183811665e-04
3.782551211770623922e-04
3.782532585319131613e-04
3.782513958867639303e-04
3.782495041377842426e-04
3.782476414926350117e-04
3.782457206398248672e-04
3.782438870985060930e-04
3.782420535571873188e-04
3.782401327043771744e-04
3.782382991630584002e-04
3.782363783102482557e-04
3.782345738727599382e-04
3.782326821237802505e-04
3.782308194786310196e-04
3.782289859373122454e-04
3.782270941883325577e-04
3.782252315431833267e-04
3.782233688980340958e-04
3.782214771490544081e-04
3.782196145039051771e-04
3.782176936510950327e-04
3.782158892136067152e-04
3.782140265684574842e-04
3.782121639233082533e-04
3.782102430704981089e-04
3.782083804253488779e-04
3.782065759878605604e-04
3.782047133427113295e-04
3.782028215937316418e-04
3.782009589485824108e-04
3.781990963034331799e-04
3.781972045544534922e-04
3.781953710131347179e-04
3.781935083679854870e-04
3.781916457228362560e-04
3.781897830776870251e-04
3.781878622248768806e-04
3.781859995797276497e-04
3.781841369345784187e-04
3.781823033932596445e-04
3.781804407481104136e-04
3.781785198953002691e-04
3.781766863539814949e-04
3.781747946050018072e-04
3.781729610636830330e-04
3.781710984185338020e-04
3.781692066695541143e-04
3.781673440244048834e-04
3.781654522754251957e-04
3.781636769417673349e-04
3.781618142966181040e-04
3.781599225476384163e-04
3.781580307986587286e-04
3.781560808420181274e-04
3.781542181968688965e-04
3.781524719670414925e-04
3.781505220104008913e-04
3.781486884690821171e-04
3.781468549277633429e-04
3.781449922826141119e-04
3.781431296374648809e-04
3.781412960961461067e-04
3.781394334509968758e-04
3.781375125981867313e-04
3.781357081606984138e-04
3.781338164117187262e-04
3.781319246627390385e-04
3.781300329137593508e-04
3.781282284762710333e-04
3.781263658311218023e-04
3.781245322898030281e-04
3.781226114369928837e-04
3.781207778956741095e-04
3.781188861466944218e-04
3.781170817092061043e-04
3.781151899602264166e-04
3.781133273150771856e-04
3.781114355660974979e-04
3.781096020247787237e-04
3.781076811719685793e-04
3.781058767344802618e-04
3.781040140893310308e-04
3.781021805480122566e-04
3.781003470066934824e-04
3.780984261538833380e-04
3.780965344049036503e-04
3.780946426559239626e-04
3.780927800107747316e-04
3.780909464694559574e-04
3.780890838243067265e-04
3.780872211791574955e-04
3.780853585340082645e-04
3.780834958888590336e-04
3.780816332437098026e-04
3.780797997023910284e-04
3.780779952649027109e-04
3.780761035159230232e-04
3.780741826631128788e-04
3.780723491217941046e-04
3.780705155804753304e-04
3.780686529353260994e-04
3.780667320825159550e-04
3.780648985411971807e-04
3.780630067922174931e-04
3.780612023547291756e-04
3.780593106057494879e-04
3.780574479606002569e-04
3.780556144192814827e-04
3.780537808779627085e-04
3.780518600251525640e-04
3.780500264838337898e-04
3.780481929425150156e-04
3.780463594011962414e-04
3.780444967560470104e-04
3.780426341108977795e-04
3.780408005695790052e-04
3.780388506129384041e-04
3.780370752792805433e-04
3.780351835303008556e-04
3.780332626774907112e-04
3.780314582400023937e-04
3.780295955948531628e-04
3.780277329497039318e-04
3.780258994083851576e-04
3.780240658670663834e-04
3.780222032219171524e-04
3.780202823691070080e-04
3.780184779316186905e-04
3.780166443902999163e-04
3.780147526413202286e-04
3.780129191000014544e-04
3.780109982471913099e-04
3.780091938097029924e-04
3.780073020607233047e-04
3.780054685194045305e-04
3.780036058742552996e-04
3.780017723329365253e-04
3.779998805839568377e-04
3.779980470426380634e-04
3.779961552936583757e-04
3.779943508561700583e-04
3.779924300033599138e-04
3.779905673582106829e-04
3.779887338168919086e-04
3.779868711717426777e-04
3.779850376304239035e-04
3.779832040891051292e-04
3.779813414439558983e-04
3.779794787988066673e-04
3.779776452574878931e-04
3.779757826123386621e-04
3.779738908633589745e-04
3.779719991143792868e-04
3.779701946768909693e-04
3.779683320317417383e-04
3.779664984904229641e-04
3.779646358452737331e-04
3.779627732001245022e-04
3.779609105549752712e-04
3.779590479098260403e-04
3.779572434723377228e-04
3.779553808271884918e-04
3.779535181820392609e-04
3.779516264330595732e-04
3.779497928917407990e-04
3.779479884542524815e-04
3.779461258091032505e-04
3.779442631639540195e-04
3.779423714149743319e-04
3.779404796659946442e-04
3.779386461246758699e-04
3.779368125833570957e-04
3.779349499382078648e-04
3.779331455007195473e-04
3.779312246479094028e-04
3.779293620027601719e-04
3.779275284614413977e-04
3.779256949201226234e-04
3.779238613788038492e-04
3.779219987336546183e-04
3.779201651923358440e-04
3.779183025471866131e-04
3.779164690058678389e-04
3.779146063607186079e-04
3.779127437155693769e-04
3.779108810704201460e-04
3.779090184252709150e-04
3.779071848839521408e-04
3.779053804464638233e-04
3.779034595936536789e-04
3.779016551561653614e-04
3.778997925110161304e-04
3.778978716582059860e-04
3.778960090130567551e-04
3.778942045755684376e-04
3.778923419304192066e-04
3.778905083891004324e-04
3.778886457439512014e-04
3.778867830988019705e-04
3.778849204536527395e-04
3.778830869123339653e-04
3.778812242671847343e-04
3.778793616220355034e-04
3.778775571845471859e-04
3.778756363317370415e-04
3.778738609980791807e-04
3.778719401452690363e-04
3.778701357077807188e-04
3.778683312702924013e-04
3.778664686251431704e-04
3.778646059799939394e-04
3.778627724386751652e-04
3.778608515858650208e-04
3.778590762522071600e-04
3.778571845032274723e-04
3.778553800657391548e-04
3.778534592129290104e-04
3.778515965677797794e-04
3.778497921302914619e-04
3.778479585889726877e-04
3.778460959438234568e-04
3.778442041948437691e-04
3.778423997573554516e-04
3.778405080083757639e-04
3.778386453632265329e-04
3.778368700295686722e-04
3.778350364882498980e-04
3.778332029469311237e-04
3.778312529902905226e-04
3.778294194489717484e-04
3.778275859076529741e-04
3.778257232625037432e-04
3.778239188250154257e-04
3.778220561798661947e-04
3.778201935347169638e-04
3.778183890972286463e-04
3.778164973482489586e-04
3.778146638069301844e-04
3.778128011617809534e-04
3.778109676204621792e-04
3.778091340791434050e-04
3.778073005378246307e-04
3.778054378926753998e-04
3.778036334551870823e-04
3.778017126023769379e-04
3.777998790610581636e-04
3.777980455197393894e-04
3.777961828745901585e-04
3.777943493332713842e-04
3.777925157919526100e-04
3.777906531468033791e-04
3.777887905016541481e-04
3.777869278565049171e-04
3.777851234190165997e-04
3.777832898776978254e-04
3.777813981287181377e-04
3.777795645873993635e-04
3.777777019422501326e-04
3.777758684009313583e-04
3.777740639634430408e-04
3.777722013182938099e-04
3.777703095693141222e-04
3.777684469241648912e-04
3.777666133828461170e-04
3.777648089453577995e-04
3.777629754040390253e-04
3.777610836550593376e-04
3.777592501137405634e-04
3.777573874685913324e-04
3.777555248234421015e-04
3.777537203859537840e-04
3.777518868446350098e-04
3.777500241994857788e-04
3.777481906581670046e-04
3.777463280130177736e-04
3.777444944716989994e-04
3.777426318265497684e-04
3.777407982852309942e-04
3.777389647439122200e-04
3.777371020987629890e-04
3.777352685574442148e-04
3.777334350161254406e-04
3.777316014748066664e-04
3.777297388296574354e-04
3.777278761845082045e-04
3.777259844355285168e-04
3.777241799980401993e-04
3.777223173528909683e-04
3.777205129154026508e-04
3.777186502702534199e-04
3.777168167289346457e-04
3.777150122914463282e-04
3.777131496462970972e-04
3.777113161049783230e-04
3.777094243559986353e-04
3.777075908146798611e-04
3.777057281695306301e-04
3.777038946282118559e-04
3.777020610868930817e-04
3.777001984417438507e-04
3.776983940042555332e-04
3.776965313591063023e-04
3.776946978177875280e-04
