8.841817616485059261e-04
8.841799572110176086e-04
8.841778617352247238e-04
8.841757662594318390e-04
8.841738454066216946e-04
8.841719827614724636e-04
8.841700619086623192e-04
8.841678500175476074e-04
8.841658709570765495e-04
8.841638336889445782e-04
8.841617382131516933e-04
8.841598755680024624e-04
8.841578382998704910e-04
8.841558592393994331e-04
8.841538219712674618e-04
8.841518429107964039e-04
8.841497474350035191e-04
8.841478265821933746e-04
8.841457311064004898e-04
8.841439266689121723e-04
8.841419476084411144e-04
8.841398521326482296e-04
8.841378148645162582e-04
8.841358358040452003e-04
8.841339149512350559e-04
8.841318194754421711e-04
8.841298986226320267e-04
8.841278031468391418e-04
8.841258240863680840e-04
8.841237868182361126e-04
8.841218659654259682e-04
8.841197704896330833e-04
8.841177914291620255e-04
8.841158123686909676e-04
8.841138915158808231e-04
8.841118542477488518e-04
8.841097587719559669e-04
8.841078961268067360e-04
8.841058588586747646e-04
8.841038797982037067e-04
8.841017843224108219e-04
8.840997470542788506e-04
8.840978844091296196e-04
8.840957889333367348e-04
8.840937516652047634e-04
8.840917726047337055e-04
8.840897353366017342e-04
8.840877562761306763e-04
8.840857772156596184e-04
8.840838563628494740e-04
8.840818190947175026e-04
8.840798400342464447e-04
8.840777445584535599e-04
8.840759401209652424e-04
8.840737282298505306e-04
8.840717491693794727e-04
8.840698283165693283e-04
8.840678492560982704e-04
8.840658119879662991e-04
8.840638329274952412e-04
8.840619120746850967e-04
8.840598165988922119e-04
8.840577211230993271e-04
8.840558002702891827e-04
8.840538794174790382e-04
8.840519003570079803e-04
8.840498048812150955e-04
8.840478840284049511e-04
8.840459631755948067e-04
8.840438094921410084e-04
8.840418886393308640e-04
8.840397931635379791e-04
8.840379887260496616e-04
8.840359514579176903e-04
8.840339723974466324e-04
8.840319351293146610e-04
8.840297814458608627e-04
8.840278605930507183e-04
8.840258815325796604e-04
8.840238442644476891e-04
8.840219234116375446e-04
8.840198279358446598e-04
8.840179652906954288e-04
8.840159280225634575e-04
8.840139489620923996e-04
8.840119116939604282e-04
8.840099326334893703e-04
8.840078371576964855e-04
8.840060909278690815e-04
8.840039372444152832e-04
8.840020163916051388e-04
8.840000373311340809e-04
8.839979418553411961e-04
8.839960210025310516e-04
8.839939255267381668e-04
8.839921792969107628e-04
8.839900256134569645e-04
8.839879301376640797e-04
8.839861839078366756e-04
8.839839720167219639e-04
8.839819929562509060e-04
8.839800138957798481e-04
8.839780930429697037e-04
8.839759975671768188e-04
8.839740767143666744e-04
8.839720976538956165e-04
8.839700021781027317e-04
8.839680813252925873e-04
8.839660440571606159e-04
8.839640649966895580e-04
8.839620859362185001e-04
8.839600486680865288e-04
8.839580696076154709e-04
8.839561487548053265e-04
8.839541696943342686e-04
8.839521324262022972e-04
8.839501533657312393e-04
8.839480578899383545e-04
8.839460206218063831e-04
8.839440415613353252e-04
8.839422371238470078e-04
8.839401998557150364e-04
8.839381043799221516e-04
8.839361253194510937e-04
8.839340880513191223e-04
8.839322254061698914e-04
8.839303045533597469e-04
8.839280926622450352e-04
8.839262882247567177e-04
8.839241927489638329e-04
8.839222718961536884e-04
8.839201764203608036e-04
8.839180809445679188e-04
8.839161600917577744e-04
8.839140646159648895e-04
8.839123765937983990e-04
8.839102811180055141e-04
8.839082438498735428e-04
8.839062647894024849e-04
8.839041693136096001e-04
8.839023648761212826e-04
8.839001529850065708e-04
8.838983485475182533e-04
8.838962530717253685e-04
8.838942740112543106e-04
8.838923531584441662e-04
8.838903158903121948e-04
8.838882204145193100e-04
8.838863577693700790e-04
8.838844369165599346e-04
8.838823996484279633e-04
8.838804205879569054e-04
8.838783251121640205e-04
8.838764042593538761e-04
8.838744251988828182e-04
8.838725043460726738e-04
8.838705252856016159e-04
8.838684880174696445e-04
8.838665671646595001e-04
8.838644134812057018e-04
8.838624926283955574e-04
8.838605135679244995e-04
8.838585927151143551e-04
8.838564972393214703e-04
8.838544599711894989e-04
8.838525973260402679e-04
8.838505018502473831e-04
8.838485809974372387e-04
8.838465437293052673e-04
8.838445646688342094e-04
8.838425856083631516e-04
8.838405483402311802e-04
8.838386274874210358e-04
8.838366484269499779e-04
8.838347275741398335e-04
8.838325738906860352e-04
8.838307112455368042e-04
8.838287321850657463e-04
8.838267531245946884e-04
8.838246576488018036e-04
8.838227367959916592e-04
8.838206995278596878e-04
8.838188368827104568e-04
8.838167414069175720e-04
8.838148205541074276e-04
8.838127832859754562e-04
8.838106878101825714e-04
8.838088251650333405e-04
8.838067878969013691e-04
8.838048670440912247e-04
8.838028879836201668e-04
8.838007925078272820e-04
8.837988716550171375e-04
8.837967761792242527e-04
8.837949717417359352e-04
8.837929926812648773e-04
8.837906643748283386e-04
8.837889763526618481e-04
8.837868808768689632e-04
8.837849600240588188e-04
8.837829809635877609e-04
8.837810601107776165e-04
8.837791392579674721e-04
8.837770437821745872e-04
8.837750647217035294e-04
8.837729692459106445e-04
8.837710483931005001e-04
8.837690111249685287e-04
8.837669156491756439e-04
8.837651112116873264e-04
8.837631321512162685e-04
8.837613277137279510e-04
8.837591158226132393e-04
8.837571949698030949e-04
8.837550994940102100e-04
8.837531786412000656e-04
8.837511995807290077e-04
8.837492205202579498e-04
8.837472996674478054e-04
8.837452623993158340e-04
8.837432833388447762e-04
8.837413042783737183e-04
8.837392670102417469e-04
8.837373461574316025e-04
8.837352506816387177e-04
8.837332716211676598e-04
8.837313507683575153e-04
8.837292552925646305e-04
8.837274508550763130e-04
8.837253553792834282e-04
8.837234345264732838e-04
8.837215136736631393e-04
8.837194181978702545e-04
8.837177301757037640e-04
8.837154600769281387e-04
8.837135392241179943e-04
8.837114437483251095e-04
8.837096393108367920e-04
8.837076020427048206e-04
8.837056229822337627e-04
8.837035857141017914e-04
8.837014902383089066e-04
8.836996858008205891e-04
8.836977067403495312e-04
8.836956694722175598e-04
8.836936904117465019e-04
8.836917695589363575e-04
8.836896740831434727e-04
8.836877532303333282e-04
8.836856577545404434e-04
8.836837951093912125e-04
8.836817578412592411e-04
8.836798951961100101e-04
8.836778579279780388e-04
8.836759370751678944e-04
8.836739580146968365e-04
8.836718625389039516e-04
8.836699416860938072e-04
8.836678462103009224e-04
8.836660417728126049e-04
8.836640627123415470e-04
8.836620254442095757e-04
8.836600463837385178e-04
8.836581255309283733e-04
8.836562046781182289e-04
8.836540509946644306e-04
8.836521883495151997e-04
8.836500928737223148e-04
8.836481138132512569e-04
8.836461347527801991e-04
8.836440974846482277e-04
8.836422930471599102e-04
8.836401975713670254e-04
8.836382767185568810e-04
8.836362976580858231e-04
8.836342021822929382e-04
8.836323977448046207e-04
8.836303022690117359e-04
8.836283814162015915e-04
8.836264605633914471e-04
8.836244815029203892e-04
8.836223860271275043e-04
8.836204651743173599e-04
8.836184279061853886e-04
8.836164488457143307e-04
8.836144697852432728e-04
8.836124325171113014e-04
8.836104534566402435e-04
8.836086490191519260e-04
8.836065535433590412e-04
8.836046326905488968e-04
8.836027118377387524e-04
8.836007327772676945e-04
8.835988119244575500e-04
8.835966000333428383e-04
8.835946791805326939e-04
8.835928165353834629e-04
8.835908956825733185e-04
8.835888002067804337e-04
8.835868793539702892e-04
8.835849002934992313e-04
8.835829794406890869e-04
8.835809421725571156e-04
8.835788466967642307e-04
8.835769840516149998e-04
8.835749467834830284e-04
8.835729677230119705e-04
8.835710468702018261e-04
8.835690678097307682e-04
8.835670305415987968e-04
8.835651678964495659e-04
8.835631306283175945e-04
8.835612097755074501e-04
8.835591142997145653e-04
8.835572516545653343e-04
8.835550979711115360e-04
8.835532935336232185e-04
8.835513144731521606e-04
8.835492189973592758e-04
8.835472981445491314e-04
8.835452026687562466e-04
8.835433982312679291e-04
8.835414191707968712e-04
8.835394983179867268e-04
8.835374028421938419e-04
8.835355984047055244e-04
8.835335611365735531e-04
8.835314656607806683e-04
8.835295448079705238e-04
8.835275657474994659e-04
8.835257613100111485e-04
8.835236658342182636e-04
8.835215703584253788e-04
8.835196495056152344e-04
8.835176704451441765e-04
8.835157495923340321e-04
8.835138287395238876e-04
8.835117332637310028e-04
8.835098124109208584e-04
8.835078915581107140e-04
8.835057960823178291e-04
8.835037006065249443e-04
8.835018961690366268e-04
8.834999171085655689e-04
8.834978798404335976e-04
8.834959007799625397e-04
8.834939799271523952e-04
8.834921172820031643e-04
8.834899635985493660e-04
8.834881591610610485e-04
8.834860054776072502e-04
8.834842592477798462e-04
8.834821637719869614e-04
8.834801847115159035e-04
8.834782638587057590e-04
8.834761683829128742e-04
8.834742475301027298e-04
8.834721520543098450e-04
8.834703476168215275e-04
8.834683685563504696e-04
8.834663312882184982e-04
8.834644104354083538e-04
8.834624313749372959e-04
8.834605105221271515e-04
8.834585314616560936e-04
8.834564941935241222e-04
8.834546315483748913e-04
8.834525942802429199e-04
8.834506152197718620e-04
8.834485779516398907e-04
8.834467153064906597e-04
8.834446780383586884e-04
8.834426989778876305e-04
8.834408945403993130e-04
8.834387990646064281e-04
8.834368782117962837e-04
8.834347827360033989e-04
8.834328618831932545e-04
8.834309410303831100e-04
8.834289619699120522e-04
8.834271575324237347e-04
8.834251202642917633e-04
8.834230247884988785e-04
8.834210457280278206e-04
8.834191248752176762e-04
8.834170293994247913e-04
8.834151085466146469e-04
8.834132459014654160e-04
8.834113250486552715e-04
8.834092877805233002e-04
8.834073087200522423e-04
8.834053878672420979e-04
8.834032923914492130e-04
8.834016043692827225e-04
8.833993924781680107e-04
8.833975880406796932e-04
8.833954925648868084e-04
8.833935717120766640e-04
8.833914762362837791e-04
8.833895553834736347e-04
8.833876345306634903e-04
8.833855390548706055e-04
8.833836764097213745e-04
8.833816391415894032e-04
8.833798347041010857e-04
8.833778556436300278e-04
8.833757601678371429e-04
8.833737228997051716e-04
8.833719184622168541e-04
8.833699394017457962e-04
8.833679021336138248e-04
8.833660976961255074e-04
8.833640022203326225e-04
8.833620231598615646e-04
8.833601023070514202e-04
8.833580068312585354e-04
8.833562606014311314e-04
8.833541651256382465e-04
8.833523024804890156e-04
8.833502070046961308e-04
8.833483443595468998e-04
8.833463652990758419e-04
8.833444444462656975e-04
8.833423489704728127e-04
8.833404281176626682e-04
8.833385654725134373e-04
8.833364699967205524e-04
8.833345491439104080e-04
8.833324536681175232e-04
8.833306492306292057e-04
8.833284373395144939e-04
8.833266329020261765e-04
8.833247120492160320e-04
8.833227911964058876e-04
8.833208121359348297e-04
8.833188912831246853e-04
8.833167958073318005e-04
8.833149913698434830e-04
8.833130123093724251e-04
8.833109750412404537e-04
8.833088795654475689e-04
8.833069587126374245e-04
8.833050960674881935e-04
8.833030005916953087e-04
8.833011379465460777e-04
8.832991588860750198e-04
8.832972380332648754e-04
8.832953171804547310e-04
8.832933381199836731e-04
8.832912426441907883e-04
8.832893217913806438e-04
8.832873427309095860e-04
8.832853054627776146e-04
8.832835010252892971e-04
8.832815219648182392e-04
8.832797175273299217e-04
8.832776220515370369e-04
8.832757011987268925e-04
8.832737221382558346e-04
8.832716266624629498e-04
8.832695893943309784e-04
8.832677849568426609e-04
8.832658058963716030e-04
8.832637686282396317e-04
8.832619641907513142e-04
8.832599851302802563e-04
8.832579478621482849e-04
8.832559688016772270e-04
8.832539315335452557e-04
8.832521270960569382e-04
8.832501480355858803e-04
8.832481107674539089e-04
8.832461317069828510e-04
8.832443272694945335e-04
8.832422317937016487e-04
8.832404273562133312e-04
8.832383318804204464e-04
8.832364110276103020e-04
8.832344319671392441e-04
8.832323364913463593e-04
8.832305902615189552e-04
8.832284947857260704e-04
8.832266903482377529e-04
8.832246530801057816e-04
8.832227904349565506e-04
8.832206949591636658e-04
8.832186576910316944e-04
8.832166786305606365e-04
8.832147577777504921e-04
8.832128369249403477e-04
8.832108578644692898e-04
8.832090534269809723e-04
8.832070161588490009e-04
8.832051535136997700e-04
8.832030580379068851e-04
8.832010207697749138e-04
8.831992163322865963e-04
8.831972372718155384e-04
8.831953164190053940e-04
8.831932791508734226e-04
