4.759484436362981796e-04
4.759466100949794054e-04
4.759448056574910879e-04
4.759429430123418570e-04
4.759411676786839962e-04
4.759393632411956787e-04
4.759375005960464478e-04
4.759357543662190437e-04
4.759338917210698128e-04
4.759321163874119520e-04
4.759303119499236345e-04
4.759285075124353170e-04
4.759266739711165428e-04
4.759248113259673119e-04
4.759230068884789944e-04
4.759211442433297634e-04
4.759193980135023594e-04
4.759175353683531284e-04
4.759157309308648109e-04
4.759139555972069502e-04
4.759121511597186327e-04
4.759102885145694017e-04
4.759084840770810843e-04
4.759066214319318533e-04
4.759047878906130791e-04
4.759030416607856750e-04
4.759012081194669008e-04
4.758994036819785833e-04
4.758975992444902658e-04
4.758957948070019484e-04
4.758939321618527174e-04
4.758921277243643999e-04
4.758902941830456257e-04
4.758885479532182217e-04
4.758866853080689907e-04
4.758848226629197598e-04
4.758830473292618990e-04
4.758812428917735815e-04
4.758794675581157207e-04
4.758776631206274033e-04
4.758757713716477156e-04
4.758739960379898548e-04
4.758721916005015373e-04
4.758703580591827631e-04
4.758686118293553591e-04
4.758667491842061281e-04
4.758648865390568972e-04
4.758631112053990364e-04
4.758612776640802622e-04
4.758594441227614880e-04
4.758576396852731705e-04
4.758558643516153097e-04
4.758540599141269922e-04
4.758521972689777613e-04
4.758503928314894438e-04
4.758485883940011263e-04
4.758468130603432655e-04
4.758450086228549480e-04
4.758432041853666306e-04
4.758413706440478563e-04
4.758395079988986254e-04
4.758377617690712214e-04
4.758358991239219904e-04
4.758340946864336729e-04
4.758322611451148987e-04
4.758304567076265812e-04
4.758286813739687204e-04
4.758268769364804029e-04
4.758250142913311720e-04
4.758232098538428545e-04
4.758214054163545370e-04
4.758196009788662195e-04
4.758177674375474453e-04
4.758159630000591278e-04
4.758141585625708103e-04
4.758123541250824928e-04
4.758105205837637186e-04
4.758087161462754011e-04
4.758069117087870836e-04
4.758051363751292229e-04
4.758033319376409054e-04
4.758015566039830446e-04
4.757996648550033569e-04
4.757978313136845827e-04
4.757960268761962652e-04
4.757942224387079477e-04
4.757924180012196302e-04
4.757905844599008560e-04
4.757888673339039087e-04
4.757869755849242210e-04
4.757851711474359035e-04
4.757833376061171293e-04
4.757815331686288118e-04
4.757797578349709511e-04
4.757780116051435471e-04
4.757762071676552296e-04
4.757742863148450851e-04
4.757724818773567677e-04
4.757707065436989069e-04
4.757689603138715029e-04
4.757671267725527287e-04
4.757653223350644112e-04
4.757635178975760937e-04
4.757615970447659492e-04
4.757598799187690020e-04
4.757580172736197710e-04
4.757562710437923670e-04
4.757544375024735928e-04
4.757526039611548185e-04
4.757508286274969578e-04
4.757490241900086403e-04
4.757471906486898661e-04
4.757453862112015486e-04
4.757436399813741446e-04
4.757417773362249136e-04
4.757400020025670528e-04
4.757381393574178219e-04
4.757363931275904179e-04
4.757345595862716436e-04
4.757328133564442396e-04
4.757309798151254654e-04
4.757291753776371479e-04
4.757273127324879169e-04
4.757255665026605129e-04
4.757237038575112820e-04
4.757219285238534212e-04
4.757200658787041903e-04
4.757183487527072430e-04
4.757164861075580120e-04
4.757146816700696945e-04
4.757129063364118338e-04
4.757111018989235163e-04
4.757092974614351988e-04
4.757074348162859678e-04
4.757056303787976503e-04
4.757039132528007030e-04
4.757020506076514721e-04
4.757001879625022411e-04
4.756984708365052938e-04
4.756966663990169764e-04
4.756948328576982021e-04
4.756930284202098846e-04
4.756912239827215672e-04
4.756893613375723362e-04
4.756876442115753889e-04
4.756857815664261580e-04
4.756839771289378405e-04
4.756821726914495230e-04
4.756803391501307487e-04
4.756785929203033447e-04
4.756767302751541138e-04
4.756749549414962530e-04
4.756732087116688490e-04
4.756713460665196180e-04
4.756695707328617573e-04
4.756677662953734398e-04
4.756659618578851223e-04
4.756640992127358913e-04
4.756623238790780306e-04
4.756605194415897131e-04
4.756587150041013956e-04
4.756568814627826214e-04
4.756550770252943039e-04
4.756532725878059864e-04
4.756515554618090391e-04
4.756496928166598082e-04
4.756478301715105772e-04
4.756460548378527164e-04
4.756442504003643990e-04
4.756424459628760815e-04
4.756406706292182207e-04
4.756389243993908167e-04
4.756370617542415857e-04
4.756353446282446384e-04
4.756335401907563210e-04
4.756316775456070900e-04
4.756299022119492292e-04
4.756280977744609118e-04
4.756262642331421375e-04
4.756244597956538200e-04
4.756226553581655025e-04
4.756208800245076418e-04
4.756190173793584108e-04
4.756172129418700933e-04
4.756154958158731461e-04
4.756136913783848286e-04
4.756118869408965111e-04
4.756100242957472801e-04
4.756082489620894194e-04
4.756063863169401884e-04
4.756046400871127844e-04
4.756028647534549236e-04
4.756010021083056927e-04
4.755992267746478319e-04
4.755974805448204279e-04
4.755955596920102835e-04
4.755938425660133362e-04
4.755919799208641052e-04
4.755902336910367012e-04
4.755884583573788404e-04
4.755867121275514364e-04
4.755848494824022055e-04
4.755829868372529745e-04
4.755812115035951138e-04
4.755794652737677097e-04
4.755776317324489355e-04
4.755758272949606180e-04
4.755740228574723005e-04
4.755722475238144398e-04
4.755705012939870358e-04
4.755685804411768913e-04
4.755668633151799440e-04
4.755650588776916265e-04
4.755631962325423956e-04
4.755614208988845348e-04
4.755596164613962173e-04
4.755578120239078999e-04
4.755560948979109526e-04
4.755542613565921783e-04
4.755524569191038609e-04
4.755506524816155434e-04
4.755488480441272259e-04
4.755471309181302786e-04
4.755452682729810476e-04
4.755434929393231869e-04
4.755416302941739559e-04
4.755398840643465519e-04
4.755380214191973209e-04
4.755362460855394602e-04
4.755343834403902292e-04
4.755326663143932819e-04
4.755309200845658779e-04
4.755290865432471037e-04
4.755272821057587862e-04
4.755254776682704687e-04
4.755236732307821512e-04
4.755218396894633770e-04
4.755200934596359730e-04
4.755182599183171988e-04
4.755164554808288813e-04
4.755147092510014772e-04
4.755128757096827030e-04
4.755110712721943855e-04
4.755092959385365248e-04
4.755075497087091208e-04
4.755056870635598898e-04
4.755039117299020290e-04
4.755021072924137115e-04
4.755003028549253941e-04
4.754985857289284468e-04
4.754967812914401293e-04
4.754949186462908983e-04
4.754932015202939510e-04
4.754913679789751768e-04
4.754895635414868593e-04
4.754877008963376284e-04
4.754859546665102243e-04
4.754841793328523636e-04
4.754823166877031326e-04
4.754805704578757286e-04
4.754788533318787813e-04
4.754769324790686369e-04
4.754751571454107761e-04
4.754733527079224586e-04
4.754716064780950546e-04
4.754697729367762804e-04
4.754680558107793331e-04
4.754661931656301022e-04
4.754643887281417847e-04
4.754626133944839239e-04
4.754608089569956064e-04
4.754590627271682024e-04
4.754572291858494282e-04
4.754553665407001972e-04
4.754536203108727932e-04
4.754518158733844757e-04
4.754500405397266150e-04
4.754482652060687542e-04
4.754465189762413502e-04
4.754446563310921192e-04
4.754428809974342585e-04
4.754410765599459410e-04
4.754392721224576235e-04
4.754374385811388493e-04
4.754357214551419020e-04
4.754338879138231277e-04
4.754320543725043535e-04
4.754302499350160360e-04
4.754285328090190887e-04
4.754267283715307713e-04
4.754249239340424538e-04
4.754231486003845930e-04
4.754213732667267323e-04
4.754195106215775013e-04
4.754177061840891838e-04
4.754159890580922365e-04
4.754141846206039190e-04
4.754124092869460583e-04
4.754106048494577408e-04
4.754088295157998800e-04
4.754069668706506491e-04
4.754052206408232450e-04
4.754034162033349276e-04
4.754015826620161533e-04
4.753998364321887493e-04
4.753980610985308886e-04
4.753962566610425711e-04
4.753944522235542536e-04
4.753927350975573063e-04
4.753909015562385321e-04
4.753890971187502146e-04
4.753872926812618971e-04
4.753854882437735796e-04
4.753836547024548054e-04
4.753819084726274014e-04
4.753801331389695406e-04
4.753783287014812231e-04
4.753765242639929056e-04
4.753747489303350449e-04
4.753729444928467274e-04
4.753711691591888666e-04
4.753693938255310059e-04
4.753676475957036018e-04
4.753657849505543709e-04
4.753640096168965101e-04
4.753622633870691061e-04
4.753604007419198751e-04
4.753586254082620144e-04
4.753568791784346104e-04
4.753551038447767496e-04
4.753532994072884321e-04
4.753514367621392012e-04
4.753497487399727106e-04
4.753478860948234797e-04
4.753460816573351622e-04
4.753443354275077581e-04
4.753425600938498974e-04
4.753407556563615799e-04
4.753389221150428057e-04
4.753371758852154016e-04
4.753353714477270842e-04
4.753335961140692234e-04
4.753317916765809059e-04
4.753299581352621317e-04
4.753281536977738142e-04
4.753264365717768669e-04
4.753246903419494629e-04
4.753229150082916021e-04
4.753210523631423712e-04
4.753192770294845104e-04
4.753174725919961929e-04
4.753156681545078754e-04
4.753138928208500147e-04
4.753121465910226107e-04
4.753103130497038364e-04
4.753085086122155190e-04
4.753067914862185717e-04
4.753049870487302542e-04
4.753031826112419367e-04
4.753014072775840759e-04
4.752996319439262152e-04
4.752978275064378977e-04
4.752960812766104937e-04
4.752942477352917194e-04
4.752924432978034019e-04
4.752906679641455412e-04
4.752888635266572237e-04
4.752871464006602764e-04
4.752854001708328724e-04
4.752835666295140982e-04
4.752818203996866941e-04
4.752799868583679199e-04
4.752781824208796024e-04
4.752764361910521984e-04
4.752746026497334242e-04
4.752728564199060202e-04
4.752709937747567892e-04
4.752692766487598419e-04
4.752675595227628946e-04
4.752656968776136637e-04
4.752638924401253462e-04
4.752621171064674854e-04
4.752603126689791679e-04
4.752585955429822206e-04
4.752567328978329897e-04
4.752549575641751289e-04
4.752532113343477249e-04
4.752513777930289507e-04
4.752496315632015467e-04
4.752477980218827724e-04
4.752459935843944550e-04
4.752442764583975077e-04
4.752424138132482767e-04
4.752406966872513294e-04
4.752388922497630119e-04
4.752371169161051512e-04
4.752353706862777472e-04
4.752335662487894297e-04
4.752317327074706554e-04
4.752300155814737082e-04
4.752282111439853907e-04
4.752264067064970732e-04
4.752246022690087557e-04
4.752228851430118084e-04
4.752210516016930342e-04
4.752193053718656301e-04
4.752175300382077694e-04
4.752157547045499086e-04
4.752139211632311344e-04
4.752121458295732737e-04
4.752103704959154129e-04
4.752085660584270954e-04
4.752067907247692347e-04
4.752050444949418306e-04
4.752032691612839699e-04
4.752015229314565659e-04
4.751996602863073349e-04
4.751978267449885607e-04
4.751961096189916134e-04
4.751943633891642094e-04
4.751925880555063486e-04
4.751908418256789446e-04
4.751890082843601704e-04
4.751872038468718529e-04
4.751853412017226219e-04
4.751836240757256746e-04
4.751818778458982706e-04
4.751800443045794964e-04
4.751782980747520924e-04
4.751765227410942316e-04
4.751747183036059141e-04
4.751729429699480534e-04
4.751711967401206493e-04
4.751694214064627886e-04
4.751676169689744711e-04
4.751657834276556969e-04
4.751640663016587496e-04
4.751623200718313456e-04
4.751605156343430281e-04
4.751586820930242538e-04
4.751569358631968498e-04
4.751551605295389891e-04
4.751533560920506716e-04
4.751515807583928108e-04
4.751498345285654068e-04
4.751480591949075460e-04
4.751461965497583151e-04
4.751444794237613678e-04
4.751427622977644205e-04
4.751408996526151896e-04
4.751391825266182423e-04
4.751373198814690113e-04
4.751356027554720640e-04
4.751337983179837465e-04
4.751319938804954290e-04
4.751302185468375683e-04
4.751284723170101643e-04
4.751267551910132170e-04
4.751249798573553562e-04
4.751231172122061253e-04
4.751213418785482645e-04
4.751195374410599470e-04
4.751177912112325430e-04
4.751160158775746822e-04
4.751142114400863647e-04
4.751124361064285040e-04
4.751106607727706432e-04
4.751089145429432392e-04
4.751071101054549217e-04
4.751053929794579744e-04
4.751035594381392002e-04
4.751018423121422529e-04
4.751000378746539354e-04
4.750982334371656179e-04
4.750964581035077572e-04
4.750947118736803532e-04
4.750929365400224924e-04
4.750912194140255451e-04
4.750893567688763142e-04
4.750875814352184534e-04
4.750857769977301359e-04
4.750840307679027319e-04
4.750823136419057846e-04
4.750804801005870104e-04
4.750786756630986929e-04
4.750769003294408321e-04
4.750751540996134281e-04
4.750733496621251106e-04
4.750716325361281633e-04
4.750698572024703026e-04
4.750680818688124418e-04
4.750662192236632109e-04
4.750644729938358068e-04
4.750627558678388596e-04
4.750610387418419123e-04
4.750591760966926813e-04
4.750573716592043638e-04
4.750555963255465031e-04
4.750538209918886423e-04
4.750521038658916950e-04
