6.813071668148040771e-04
6.813052459619939327e-04
6.813032669015228748e-04
6.813013460487127304e-04
6.812993087805807590e-04
6.812973879277706146e-04
6.812954670749604702e-04
6.812934880144894123e-04
6.812915089540183544e-04
6.812895298935472965e-04
6.812875508330762386e-04
6.812856299802660942e-04
6.812835927121341228e-04
6.812816718593239784e-04
6.812796927988529205e-04
6.812777719460427761e-04
6.812758510932326317e-04
6.812737556174397469e-04
6.812718929722905159e-04
6.812699139118194580e-04
6.812679348513484001e-04
6.812658975832164288e-04
6.812640349380671978e-04
6.812619976699352264e-04
6.812601350247859955e-04
6.812580977566540241e-04
6.812561769038438797e-04
6.812541978433728218e-04
6.812522187829017639e-04
6.812503561377525330e-04
6.812482606619596481e-04
6.812463398091495037e-04
6.812444771640002728e-04
6.812424398958683014e-04
6.812404608353972435e-04
6.812384817749261856e-04
6.812366191297769547e-04
6.812346400693058968e-04
6.812326028011739254e-04
6.812306237407028675e-04
6.812286446802318096e-04
6.812267238274216652e-04
6.812248029746115208e-04
6.812227074988186359e-04
6.812208448536694050e-04
6.812189240008592606e-04
6.812169449403882027e-04
6.812150240875780582e-04
6.812129868194460869e-04
6.812110659666359425e-04
6.812090286985039711e-04
6.812071078456938267e-04
6.812052452005445957e-04
6.812032079324126244e-04
6.812012870796024799e-04
6.811993080191314220e-04
6.811973289586603642e-04
6.811953498981893063e-04
6.811935454607009888e-04
6.811914499849081039e-04
6.811894127167761326e-04
6.811876082792878151e-04
6.811856292188167572e-04
6.811835337430238724e-04
6.811816710978746414e-04
6.811796920374035835e-04
6.811777711845934391e-04
6.811757339164614677e-04
6.811738712713122368e-04
6.811718340031802654e-04
6.811699131503701210e-04
6.811680505052208900e-04
6.811659550294280052e-04
6.811639759689569473e-04
6.811619969084858894e-04
6.811601924709975719e-04
6.811581552028656006e-04
6.811561761423945427e-04
6.811543134972453117e-04
6.811522762291133404e-04
6.811503553763031960e-04
6.811484345234930515e-04
6.811464554630219936e-04
6.811445346102118492e-04
6.811424973420798779e-04
6.811405764892697334e-04
6.811386556364595890e-04
6.811366183683276176e-04
6.811346975155174732e-04
6.811327766627073288e-04
6.811308558098971844e-04
6.811288185417652130e-04
6.811268394812941551e-04
6.811249768361449242e-04
6.811229977756738663e-04
6.811210187152028084e-04
6.811190396547317505e-04
6.811171188019216061e-04
6.811151979491114616e-04
6.811131606809794903e-04
6.811111816205084324e-04
6.811092607676982880e-04
6.811072817072272301e-04
6.811053026467561722e-04
6.811034400016069412e-04
6.811014609411358833e-04
6.810994818806648254e-04
6.810975610278546810e-04
6.810955237597227097e-04
6.810936611145734787e-04
6.810916820541024208e-04
6.810897612012922764e-04
6.810877239331603050e-04
6.810858030803501606e-04
6.810838240198791027e-04
6.810819613747298717e-04
6.810799823142588139e-04
6.810779450461268425e-04
6.810759659856557846e-04
6.810740451328456402e-04
6.810721824876964092e-04
6.810702034272253513e-04
6.810682243667542934e-04
6.810662453062832355e-04
6.810643244534730911e-04
6.810623453930020332e-04
6.810604245401918888e-04
6.810583872720599174e-04
6.810565828345716000e-04
6.810546037741005421e-04
6.810526247136294842e-04
6.810507038608193398e-04
6.810486665926873684e-04
6.810467457398772240e-04
6.810447666794061661e-04
6.810427876189351082e-04
6.810408667661249638e-04
6.810388877056539059e-04
6.810369668528437614e-04
6.810350460000336170e-04
6.810331251472234726e-04
6.810312042944133282e-04
6.810292834416031837e-04
6.810272461734712124e-04
6.810253253206610680e-04
6.810233462601900101e-04
6.810214254073798656e-04
6.810193881392478943e-04
6.810174672864377499e-04
6.810156046412885189e-04
6.810136255808174610e-04
6.810117047280073166e-04
6.810096092522144318e-04
6.810077466070652008e-04
6.810057675465941429e-04
6.810038466937839985e-04
6.810019258409738541e-04
6.810000631958246231e-04
6.809980259276926517e-04
6.809959304518997669e-04
6.809941260144114494e-04
6.809921469539403915e-04
6.809902261011302471e-04
6.809883052483201027e-04
6.809863261878490448e-04
6.809843471273779869e-04
6.809823680669069290e-04
6.809804472140967846e-04
6.809785845689475536e-04
6.809765473008155823e-04
6.809746264480054379e-04
6.809726473875343800e-04
6.809706683270633221e-04
6.809687474742531776e-04
6.809668266214430332e-04
6.809649057686328888e-04
6.809629267081618309e-04
6.809610058553516865e-04
6.809590267948806286e-04
6.809570477344095707e-04
6.809551850892603397e-04
6.809532060287892818e-04
6.809512269683182240e-04
6.809492479078471661e-04
6.809473270550370216e-04
6.809452897869050503e-04
6.809434271417558193e-04
6.809414480812847614e-04
6.809395854361355305e-04
6.809375481680035591e-04
6.809356855228543282e-04
6.809337646700441837e-04
6.809317856095731258e-04
6.809297483414411545e-04
6.809278856962919235e-04
6.809259648434817791e-04
6.809239857830107212e-04
6.809220067225396633e-04
6.809201440773904324e-04
6.809181068092584610e-04
6.809161859564483166e-04
6.809143233112990856e-04
6.809122860431671143e-04
6.809103651903569698e-04
6.809084443375468254e-04
6.809064652770757675e-04
6.809044862166047096e-04
6.809025653637945652e-04
6.809006445109844208e-04
6.808986654505133629e-04
6.808966863900423050e-04
6.808948237448930740e-04
6.808928446844220161e-04
6.808908656239509583e-04
6.808889447711408138e-04
6.808870239183306694e-04
6.808849866501986980e-04
6.808831240050494671e-04
6.808811449445784092e-04
6.808792240917682648e-04
6.808773032389581203e-04
6.808753241784870625e-04
6.808734615333378315e-04
6.808714824728667736e-04
6.808695034123957157e-04
6.808675825595855713e-04
6.808656617067754269e-04
6.808637408539652824e-04
6.808617617934942245e-04
6.808597827330231667e-04
6.808578036725521088e-04
6.808559410274028778e-04
6.808540201745927334e-04
6.808520993217825890e-04
6.808500038459897041e-04
6.808480829931795597e-04
6.808462785556912422e-04
6.808441830798983574e-04
6.808423786424100399e-04
6.808403413742780685e-04
6.808385369367897511e-04
6.808364996686577797e-04
6.808345788158476353e-04
6.808326579630374908e-04
6.808306789025664330e-04
6.808286998420953751e-04
6.808267789892852306e-04
6.808249163441359997e-04
6.808228790760040283e-04
6.808209582231938839e-04
6.808189209550619125e-04
6.808170583099126816e-04
6.808151374571025372e-04
6.808131001889705658e-04
6.808112375438213348e-04
6.808093166910111904e-04
6.808073958382010460e-04
6.808054167777299881e-04
6.808033795095980167e-04
6.808015750721096992e-04
6.807996542192995548e-04
6.807976751588284969e-04
6.807956960983574390e-04
6.807937752455472946e-04
6.807919708080589771e-04
6.807899335399270058e-04
6.807880126871168613e-04
6.807859754189848900e-04
6.807840545661747456e-04
6.807821919210255146e-04
6.807802128605544567e-04
6.807782920077443123e-04
6.807764293625950813e-04
6.807744503021240234e-04
6.807724712416529655e-04
6.807704339735209942e-04
6.807685713283717632e-04
6.807666504755616188e-04
6.807647878304123878e-04
6.807627505622804165e-04
6.807608879171311855e-04
6.807589670643210411e-04
6.807569297961890697e-04
6.807550089433789253e-04
6.807531462982296944e-04
6.807512254454195499e-04
6.807492463849484921e-04
6.807472091168165207e-04
6.807453464716672897e-04
6.807434256188571453e-04
6.807413883507251740e-04
6.807395257055759430e-04
6.807376048527657986e-04
6.807356257922947407e-04
6.807337049394845963e-04
6.807318422943353653e-04
6.807298050262033939e-04
6.807278841733932495e-04
6.807260797359049320e-04
6.807240424677729607e-04
6.807220634073019028e-04
6.807201425544917583e-04
6.807181634940207005e-04
6.807162426412105560e-04
6.807143799960613251e-04
6.807124009355902672e-04
6.807104800827801228e-04
6.807085010223090649e-04
6.807065801694989204e-04
6.807047175243496895e-04
6.807026802562177181e-04
6.807008176110684872e-04
6.806989549659192562e-04
6.806969759054481983e-04
6.806949968449771404e-04
6.806930759921669960e-04
6.806911551393568516e-04
6.806891178712248802e-04
6.806873134337365627e-04
6.806853925809264183e-04
6.806834135204553604e-04
6.806814926676452160e-04
6.806795136071741581e-04
6.806775345467031002e-04
6.806756719015538692e-04
6.806736928410828114e-04
6.806717719882726669e-04
6.806698511354625225e-04
6.806679884903132915e-04
6.806659512221813202e-04
6.806640885770320892e-04
6.806621677242219448e-04
6.806601886637508869e-04
6.806583260186016560e-04
6.806563469581305981e-04
6.806543096899986267e-04
6.806524470448493958e-04
6.806505843997001648e-04
6.806486053392291069e-04
6.806466262787580490e-04
6.806446472182869911e-04
6.806427263654768467e-04
6.806408055126667023e-04
6.806389428675174713e-04
6.806370802223682404e-04
6.806350429542362690e-04
6.806330638937652111e-04
6.806313176639378071e-04
6.806292803958058357e-04
6.806274177506566048e-04
6.806253804825246334e-04
6.806234596297144890e-04
6.806215387769043446e-04
6.806195597164332867e-04
6.806176970712840557e-04
6.806157762184739113e-04
6.806137971580028534e-04
6.806118763051927090e-04
6.806099554523825645e-04
6.806079181842505932e-04
6.806060555391013622e-04
6.806041928939521313e-04
6.806022138334810734e-04
6.806002929806709290e-04
6.805983721278607845e-04
6.805964512750506401e-04
6.805945304222404957e-04
6.805926095694303513e-04
6.805906887166202068e-04
6.805886514484882355e-04
6.805867888033390045e-04
6.805848679505288601e-04
6.805828888900578022e-04
6.805810262449085712e-04
6.805790471844375134e-04
6.805772427469491959e-04
6.805750890634953976e-04
6.805732846260070801e-04
6.805714801885187626e-04
6.805693265050649643e-04
6.805675220675766468e-04
6.805654847994446754e-04
6.805636221542954445e-04
6.805617595091462135e-04
6.805598386563360691e-04
6.805578013882040977e-04
6.805559969507157803e-04
6.805540178902447224e-04
6.805519806221127510e-04
6.805501179769635201e-04
6.805481971241533756e-04
6.805462762713432312e-04
6.805442972108721733e-04
6.805423763580620289e-04
6.805405719205737114e-04
6.805385346524417400e-04
6.805365555919706821e-04
6.805347511544823647e-04
6.805327720940113068e-04
6.805307930335402489e-04
6.805289303883910179e-04
6.805270095355808735e-04
6.805250886827707291e-04
6.805231096222996712e-04
6.805211887694895267e-04
6.805192679166793823e-04
6.805174052715301514e-04
6.805154844187200069e-04
6.805135053582489491e-04
6.805115845054388046e-04
6.805096636526286602e-04
6.805076845921576023e-04
6.805058801546692848e-04
6.805039593018591404e-04
6.805019802413880825e-04
6.805000593885779381e-04
6.804981967434287071e-04
6.804961012676358223e-04
6.804942386224865913e-04
6.804923759773373604e-04
6.804903969168663025e-04
6.804884760640561581e-04
6.804865552112460136e-04
6.804845761507749557e-04
6.804827135056257248e-04
6.804807926528155804e-04
6.804789300076663494e-04
6.804769509471952915e-04
6.804750300943851471e-04
6.804730510339140892e-04
6.804711301811039448e-04
6.804692093282938004e-04
6.804672884754836559e-04
6.804654258303344250e-04
6.804633885622024536e-04
6.804615259170532227e-04
6.804596050642430782e-04
6.804576842114329338e-04
6.804557633586227894e-04
6.804538425058126450e-04
6.804519798606634140e-04
6.804498843848705292e-04
6.804480217397212982e-04
6.804461590945720673e-04
6.804442382417619228e-04
6.804423173889517784e-04
6.804404547438025475e-04
6.804384756833314896e-04
6.804364966228604317e-04
6.804346339777112007e-04
6.804327131249010563e-04
6.804306758567690849e-04
6.804287550039589405e-04
6.804268923588097095e-04
6.804249715059995651e-04
6.804230506531894207e-04
6.804211880080401897e-04
6.804191507399082184e-04
6.804172298870980740e-04
6.804153672419488430e-04
6.804134463891386986e-04
6.804114673286676407e-04
6.804096046835184097e-04
6.804077420383691788e-04
6.804057629778981209e-04
6.804037839174270630e-04
6.804019212722778320e-04
6.804000004194676876e-04
6.803980213589966297e-04
6.803961587138473988e-04
6.803941796533763409e-04
6.803923170082271099e-04
6.803903961554169655e-04
6.803883588872849941e-04
6.803866126574575901e-04
6.803846335969865322e-04
6.803826545365154743e-04
6.803807918913662434e-04
6.803788710385560989e-04
6.803769501857459545e-04
6.803749711252748966e-04
6.803731084801256657e-04
6.803711294196546078e-04
6.803692667745053768e-04
6.803672877140343189e-04
6.803653668612241745e-04
6.803636206313967705e-04
6.803615833632647991e-04
6.803596625104546547e-04
6.803578580729663372e-04
6.803558208048343658e-04
6.803539581596851349e-04
6.803518626838922501e-04
6.803500000387430191e-04
6.803481373935937881e-04
6.803462747484445572e-04
6.803443538956344128e-04
6.803424330428242683e-04
6.803403957746922970e-04
6.803385913372039795e-04
