5.772191798314452171e-04
5.772172589786350727e-04
5.772154545411467552e-04
5.772135336883366108e-04
5.772116128355264664e-04
5.772097501903772354e-04
5.772078293375670910e-04
5.772059666924178600e-04
5.772041040472686291e-04
5.772021831944584846e-04
5.772003205493092537e-04
5.771984579041600227e-04
5.771965952590107918e-04
5.771947326138615608e-04
5.771928699687123299e-04
5.771910073235630989e-04
5.771890864707529545e-04
5.771872238256037235e-04
5.771853611804544926e-04
5.771833821199834347e-04
5.771815776824951172e-04
5.771797150373458862e-04
5.771778523921966553e-04
5.771759315393865108e-04
5.771740106865763664e-04
5.771722062490880489e-04
5.771704018115997314e-04
5.771684809587895870e-04
5.771666183136403561e-04
5.771646392531692982e-04
5.771628348156809807e-04
5.771609139628708363e-04
5.771590513177216053e-04
5.771571886725723743e-04
5.771553260274231434e-04
5.771534051746129990e-04
5.771516007371246815e-04
5.771496798843145370e-04
5.771478754468262196e-04
5.771459545940160751e-04
5.771440337412059307e-04
5.771422875113785267e-04
5.771403084509074688e-04
5.771384458057582378e-04
5.771366413682699203e-04
5.771347205154597759e-04
5.771327996626496315e-04
5.771309952251613140e-04
5.771290743723511696e-04
5.771272699348628521e-04
5.771252908743917942e-04
5.771234864369034767e-04
5.771216237917542458e-04
5.771197611466050148e-04
5.771178985014557838e-04
5.771160358563065529e-04
5.771141732111573219e-04
5.771123105660080910e-04
5.771103897131979465e-04
5.771085270680487156e-04
5.771066644228994846e-04
5.771047435700893402e-04
5.771028809249401093e-04
5.771010182797908783e-04
5.770991556346416473e-04
5.770972929894924164e-04
5.770954303443431854e-04
5.770934512838721275e-04
5.770917050540447235e-04
5.770897842012345791e-04
5.770879215560853481e-04
5.770860589109361172e-04
5.770841380581259727e-04
5.770822754129767418e-04
5.770804127678275108e-04
5.770785501226782799e-04
5.770766874775290489e-04
5.770748248323798180e-04
5.770729621872305870e-04
5.770710995420813560e-04
5.770691786892712116e-04
5.770673160441219807e-04
5.770654533989727497e-04
5.770635325461626053e-04
5.770617863163352013e-04
5.770598654635250568e-04
5.770579446107149124e-04
5.770560819655656815e-04
5.770541611127555370e-04
5.770522984676063061e-04
5.770504358224570751e-04
5.770486313849687576e-04
5.770467105321586132e-04
5.770448478870093822e-04
5.770429270341992378e-04
5.770411808043718338e-04
5.770393181592226028e-04
5.770373973064124584e-04
5.770355928689241409e-04
5.770336720161139965e-04
5.770318675786256790e-04
5.770298885181546211e-04
5.770280258730053902e-04
5.770261632278561592e-04
5.770243587903678417e-04
5.770224379375576973e-04
5.770205752924084663e-04
5.770187126472592354e-04
5.770168500021100044e-04
5.770150455646216869e-04
5.770131247118115425e-04
5.770112620666623116e-04
5.770093994215130806e-04
5.770074785687029362e-04
5.770056741312146187e-04
5.770037532784044743e-04
5.770018324255943298e-04
5.769999697804450989e-04
5.769981653429567814e-04
5.769963026978075504e-04
5.769943818449974060e-04
5.769925774075090885e-04
5.769906565546989441e-04
5.769887357018887997e-04
5.769870476797223091e-04
5.769850686192512512e-04
5.769832059741020203e-04
5.769814015366137028e-04
5.769795388914644718e-04
5.769776180386543274e-04
5.769757553935050964e-04
5.769738345406949520e-04
5.769720301032066345e-04
5.769701674580574036e-04
5.769683048129081726e-04
5.769664421677589417e-04
5.769645795226097107e-04
5.769627750851213932e-04
5.769608542323112488e-04
5.769588751718401909e-04
5.769570125266909599e-04
5.769552662968635559e-04
5.769534036517143250e-04
5.769514827989041805e-04
5.769496201537549496e-04
5.769477575086057186e-04
5.769459530711174011e-04
5.769440904259681702e-04
5.769422277808189392e-04
5.769403069280087948e-04
5.769385606981813908e-04
5.769365234300494194e-04
5.769346607849001884e-04
5.769328563474118710e-04
5.769308772869408131e-04
5.769290728494524956e-04
5.769272102043032646e-04
5.769253475591540337e-04
5.769234849140048027e-04
5.769216804765164852e-04
5.769198178313672543e-04
5.769178969785571098e-04
5.769160343334078789e-04
5.769142298959195614e-04
5.769123672507703304e-04
5.769105046056210995e-04
5.769085837528109550e-04
5.769066629000008106e-04
5.769049166701734066e-04
5.769029958173632622e-04
5.769011331722140312e-04
5.768993287347257137e-04
5.768974078819155693e-04
5.768955452367663383e-04
5.768936825916171074e-04
5.768918781541287899e-04
5.768900155089795589e-04
5.768881528638303280e-04
5.768862902186810970e-04
5.768844275735318661e-04
5.768826231360435486e-04
5.768807022832334042e-04
5.768787814304232597e-04
5.768770352005958557e-04
5.768749979324638844e-04
5.768731934949755669e-04
5.768713890574872494e-04
5.768694682046771049e-04
5.768676637671887875e-04
5.768658011220395565e-04
5.768638802692294121e-04
5.768620758317410946e-04
5.768602131865918636e-04
5.768584669567644596e-04
5.768565461039543152e-04
5.768546252511441708e-04
5.768527626059949398e-04
5.768508999608457088e-04
5.768490955233573914e-04
5.768472328782081604e-04
5.768453702330589294e-04
5.768435657955706120e-04
5.768416449427604675e-04
5.768397822976112366e-04
5.768378614448010921e-04
5.768359405919909477e-04
5.768341943621635437e-04
5.768322735093533993e-04
5.768304108642041683e-04
5.768286064267158508e-04
5.768267437815666199e-04
5.768248811364173889e-04
5.768230766989290714e-04
5.768211558461189270e-04
5.768193514086306095e-04
5.768174305558204651e-04
5.768155097030103207e-04
5.768136470578610897e-04
5.768119008280336857e-04
5.768100381828844547e-04
5.768081755377352238e-04
5.768062546849250793e-04
5.768043338321149349e-04
5.768025293946266174e-04
5.768006667494773865e-04
5.767987458966672421e-04
5.767969414591789246e-04
5.767950788140296936e-04
5.767932743765413761e-04
5.767914699390530586e-04
5.767895490862429142e-04
5.767877446487545967e-04
5.767858237959444523e-04
5.767840193584561348e-04
5.767821567133069038e-04
5.767802358604967594e-04
5.767784314230084419e-04
5.767765105701982975e-04
5.767747061327099800e-04
5.767728434875607491e-04
5.767710390500724316e-04
5.767691764049232006e-04
5.767672555521130562e-04
5.767654511146247387e-04
5.767635884694755077e-04
5.767617258243262768e-04
5.767598631791770458e-04
5.767579423263669014e-04
5.767560796812176704e-04
5.767542170360684395e-04
5.767523543909192085e-04
5.767505499534308910e-04
5.767487455159425735e-04
5.767468246631324291e-04
5.767450202256441116e-04
5.767431575804948807e-04
5.767412949353456497e-04
5.767394322901964188e-04
5.767375696450471878e-04
5.767357069998979568e-04
5.767339025624096394e-04
5.767319817095994949e-04
5.767301772721111774e-04
5.767282564193010330e-04
5.767264519818127155e-04
5.767246475443243980e-04
5.767227848991751671e-04
5.767209804616868496e-04
5.767190596088767052e-04
5.767172551713883877e-04
5.767153343185782433e-04
5.767134716734290123e-04
5.767116672359406948e-04
5.767098045907914639e-04
5.767079419456422329e-04
5.767059628851711750e-04
5.767041584476828575e-04
5.767023540101945400e-04
5.767004913650453091e-04
5.766985705122351646e-04
5.766967660747468472e-04
5.766950198449194431e-04
5.766930407844483852e-04
5.766911781392991543e-04
5.766893737018108368e-04
5.766875110566616058e-04
5.766857066191732883e-04
5.766838439740240574e-04
5.766819231212139130e-04
5.766801186837255955e-04
5.766782560385763645e-04
5.766763933934271336e-04
5.766745307482779026e-04
5.766727263107895851e-04
5.766708054579794407e-04
5.766690010204911232e-04
5.766671965830028057e-04
5.766652757301926613e-04
5.766634712927043438e-04
5.766616086475551128e-04
5.766597460024058819e-04
5.766578833572566509e-04
5.766560207121074200e-04
5.766542162746191025e-04
5.766523536294698715e-04
5.766505491919815540e-04
5.766486283391714096e-04
5.766467656940221786e-04
5.766449030488729477e-04
5.766430986113846302e-04
5.766411777585744858e-04
5.766393733210861683e-04
5.766375106759369373e-04
5.766357062384486198e-04
5.766338435932993889e-04
5.766319227404892445e-04
5.766301183030009270e-04
5.766282556578516960e-04
5.766264512203633785e-04
5.766245885752141476e-04
5.766226677224040031e-04
5.766208050772547722e-04
5.766190006397664547e-04
5.766171962022781372e-04
5.766153335571289062e-04
5.766135291196405888e-04
5.766117246821522713e-04
5.766098038293421268e-04
5.766078829765319824e-04
5.766060785390436649e-04
5.766042158938944340e-04
5.766023532487452030e-04
5.766004323959350586e-04
5.765986861661076546e-04
5.765968235209584236e-04
5.765949608758091927e-04
5.765931564383208752e-04
5.765911773778498173e-04
5.765894893556833267e-04
5.765875685028731823e-04
5.765857058577239513e-04
5.765839014202356339e-04
5.765820387750864029e-04
5.765801179222762585e-04
5.765783134847879410e-04
5.765765090472996235e-04
5.765745881944894791e-04
5.765728419646620750e-04
5.765709211118519306e-04
5.765690584667026997e-04
5.765672540292143822e-04
5.765654495917260647e-04
5.765635287389159203e-04
5.765616660937666893e-04
5.765598616562783718e-04
5.765579990111291409e-04
5.765561945736408234e-04
5.765543319284915924e-04
5.765524110756814480e-04
5.765506066381931305e-04
5.765488022007048130e-04
5.765469395555555820e-04
5.765450769104063511e-04
5.765432724729180336e-04
5.765414098277688026e-04
5.765394889749586582e-04
5.765376845374703407e-04
5.765358800999820232e-04
5.765340174548327923e-04
5.765321548096835613e-04
5.765303503721952438e-04
5.765284877270460129e-04
5.765265668742358685e-04
5.765248206444084644e-04
5.765228997915983200e-04
5.765210371464490891e-04
5.765191745012998581e-04
5.765174282714724541e-04
5.765155074186623096e-04
5.765137029811739922e-04
5.765119567513465881e-04
5.765100358985364437e-04
5.765081150457262993e-04
5.765063106082379818e-04
5.765044479630887508e-04
5.765025853179395199e-04
5.765008390881121159e-04
5.764989182353019714e-04
5.764970555901527405e-04
5.764952511526644230e-04
5.764933885075151920e-04
5.764915840700268745e-04
5.764896632172167301e-04
5.764878587797284126e-04
5.764859961345791817e-04
5.764841916970908642e-04
5.764823290519416332e-04
5.764804664067924023e-04
5.764786619693040848e-04
5.764767993241548538e-04
5.764749366790056229e-04
5.764731322415173054e-04
5.764713278040289879e-04
5.764694651588797569e-04
5.764676025137305260e-04
5.764656816609203815e-04
5.764639354310929775e-04
5.764621309936046600e-04
5.764602683484554291e-04
5.764584057033061981e-04
5.764565430581569672e-04
5.764546804130077362e-04
5.764528177678585052e-04
5.764510715380311012e-04
5.764491506852209568e-04
5.764472880400717258e-04
5.764454253949224949e-04
5.764436209574341774e-04
5.764418165199458599e-04
5.764399538747966290e-04
5.764380912296473980e-04
5.764362867921590805e-04
5.764344241470098495e-04
5.764326197095215321e-04
5.764306988567113876e-04
5.764288944192230701e-04
5.764270899817347527e-04
5.764252855442464352e-04
5.764234228990972042e-04
5.764216184616088867e-04
5.764196394011378288e-04
5.764178349636495113e-04
5.764160887338221073e-04
5.764142260886728764e-04
5.764123634435236454e-04
5.764105007983744144e-04
5.764086381532251835e-04
5.764068337157368660e-04
5.764049710705876350e-04
5.764031084254384041e-04
5.764013039879500866e-04
5.763994413428008556e-04
5.763976369053125381e-04
5.763957742601633072e-04
5.763939698226749897e-04
5.763921071775257587e-04
5.763902445323765278e-04
5.763883818872272968e-04
5.763865192420780659e-04
5.763847148045897484e-04
5.763828521594405174e-04
5.763811059296131134e-04
5.763791850768029690e-04
5.763774388469755650e-04
5.763755762018263340e-04
5.763736553490161896e-04
5.763718509115278721e-04
5.763700464740395546e-04
5.763681838288903236e-04
5.763663211837410927e-04
5.763645167462527752e-04
5.763627123087644577e-04
5.763608496636152267e-04
5.763589870184659958e-04
5.763572407886385918e-04
5.763554363511502743e-04
5.763535154983401299e-04
5.763516528531908989e-04
5.763497902080416679e-04
5.763479857705533504e-04
5.763461231254041195e-04
5.763443186879158020e-04
5.763425142504274845e-04
5.763406516052782536e-04
5.763387889601290226e-04
5.763370427303016186e-04
5.763351218774914742e-04
5.763333174400031567e-04
5.763313965871930122e-04
5.763295339420437813e-04
5.763277295045554638e-04
5.763259250670671463e-04
5.763240624219179153e-04
5.763221997767686844e-04
5.763203953392803669e-04
5.763185326941311359e-04
5.763167282566428185e-04
5.763148656114935875e-04
5.763131193816661835e-04
5.763112567365169525e-04
5.763093940913677216e-04
5.763075896538794041e-04
5.763056688010692596e-04
5.763039225712418556e-04
5.763021181337535381e-04
5.763002554886043072e-04
5.762983346357941628e-04
5.762965884059667587e-04
5.762947839684784412e-04
5.762928631156682968e-04
