7.860706537030637264e-04
7.860686164349317551e-04
7.860665209591388702e-04
7.860645418986678123e-04
7.860624464228749275e-04
7.860603509470820427e-04
7.860582554712891579e-04
7.860562764108181000e-04
7.860541227273643017e-04
7.860520272515714169e-04
7.860499317757785320e-04
7.860480109229683876e-04
7.860458572395145893e-04
7.860439363867044449e-04
7.860418409109115601e-04
7.860397454351186752e-04
7.860377081669867039e-04
7.860356126911938190e-04
7.860334590077400208e-04
7.860314217396080494e-04
7.860293262638151646e-04
7.860274054110050201e-04
7.860252517275512218e-04
7.860232144594192505e-04
7.860210607759654522e-04
7.860190817154943943e-04
7.860170444473624229e-04
7.860149489715695381e-04
7.860129699110984802e-04
7.860107580199837685e-04
7.860088371671736240e-04
7.860067998990416527e-04
7.860045880079269409e-04
7.860026089474558830e-04
7.860005134716629982e-04
7.859985344111919403e-04
7.859963807277381420e-04
7.859944016672670841e-04
7.859923643991351128e-04
7.859902107156813145e-04
7.859881152398884296e-04
7.859861361794173717e-04
7.859840407036244869e-04
7.859818870201706886e-04
7.859798497520387173e-04
7.859779871068894863e-04
7.859758916310966015e-04
7.859737379476428032e-04
7.859717588871717453e-04
7.859696634113788605e-04
7.859676261432468891e-04
7.859654724597930908e-04
7.859634351916611195e-04
7.859614561311900616e-04
7.859593606553971767e-04
7.859572651796042919e-04
7.859552279114723206e-04
7.859531906433403492e-04
7.859511533752083778e-04
7.859490578994154930e-04
7.859469624236226082e-04
7.859449833631515503e-04
7.859430043026804924e-04
7.859407924115657806e-04
7.859386969357728958e-04
7.859367178753018379e-04
7.859346223995089531e-04
7.859325269237160683e-04
7.859305478632450104e-04
7.859284523874521255e-04
7.859264151193201542e-04
7.859243778511881828e-04
7.859222241677343845e-04
7.859201868996024132e-04
7.859182078391313553e-04
7.859161123633384705e-04
7.859140168875455856e-04
7.859119214117527008e-04
7.859099423512816429e-04
7.859079632908105850e-04
7.859058096073567867e-04
7.859037141315639019e-04
7.859016186557710171e-04
7.858996395952999592e-04
7.858975441195070744e-04
7.858955650590360165e-04
7.858934113755822182e-04
7.858914323151111603e-04
7.858892786316573620e-04
7.858872413635253906e-04
7.858852623030543327e-04
7.858832250349223614e-04
7.858810713514685631e-04
7.858790922909975052e-04
7.858770550228655338e-04
7.858749595470726490e-04
7.858728640712797642e-04
7.858708268031477928e-04
7.858687313273549080e-04
7.858666358515620232e-04
7.858647149987518787e-04
7.858625613152980804e-04
7.858605240471661091e-04
7.858585449866950512e-04
7.858564495109021664e-04
7.858544122427701950e-04
7.858524331822991371e-04
7.858502794988453388e-04
7.858483586460351944e-04
7.858462631702423096e-04
7.858441094867885113e-04
7.858420140109956264e-04
7.858400349505245686e-04
7.858378812670707703e-04
7.858359022065997124e-04
7.858338067308068275e-04
7.858317694626748562e-04
7.858297904022037983e-04
7.858276367187500000e-04
7.858256576582789421e-04
7.858236203901469707e-04
7.858215831220149994e-04
7.858194876462221146e-04
7.858175085857510567e-04
7.858153549022972584e-04
7.858133176341652870e-04
7.858113385736942291e-04
7.858092430979013443e-04
7.858071476221084595e-04
7.858051685616374016e-04
7.858030148781836033e-04
7.858010358177125454e-04
7.857989985495805740e-04
7.857969030737876892e-04
7.857948075979948044e-04
7.857928285375237465e-04
7.857906748540699482e-04
7.857887540012598038e-04
7.857866585254669189e-04
7.857845630496740341e-04
7.857826421968638897e-04
7.857805467210710049e-04
7.857784512452781200e-04
7.857763557694852352e-04
7.857744349166750908e-04
7.857723394408822060e-04
7.857703021727502346e-04
7.857682066969573498e-04
7.857661694288253784e-04
7.857640739530324936e-04
7.857620948925614357e-04
7.857599412091076374e-04
7.857579621486365795e-04
7.857559830881655216e-04
7.857538876123726368e-04
7.857517921365797520e-04
7.857496966607868671e-04
7.857476011849939823e-04
7.857456221245229244e-04
7.857435266487300396e-04
7.857416057959198952e-04
7.857395685277879238e-04
7.857375312596559525e-04
7.857354357838630676e-04
7.857333403080701828e-04
7.857313030399382114e-04
7.857292657718062401e-04
7.857272285036742687e-04
7.857251912355422974e-04
7.857230375520884991e-04
7.857210584916174412e-04
7.857190794311463833e-04
7.857169839553534985e-04
7.857148884795606136e-04
7.857128512114286423e-04
7.857108139432966709e-04
7.857087766751646996e-04
7.857067976146936417e-04
7.857045857235789299e-04
7.857026066631078720e-04
7.857005693949759007e-04
7.856984739191830158e-04
7.856965530663728714e-04
7.856943993829190731e-04
7.856923039071261883e-04
7.856903248466551304e-04
7.856882875785231590e-04
7.856861921027302742e-04
7.856841548345983028e-04
7.856820593588054180e-04
7.856800220906734467e-04
7.856781012378633022e-04
7.856760057620704174e-04
7.856738520786166191e-04
7.856718730181455612e-04
7.856698357500135899e-04
7.856679148972034454e-04
7.856656447984278202e-04
7.856636657379567623e-04
7.856616866774857044e-04
7.856597076170146465e-04
7.856576121412217617e-04
7.856556330807507038e-04
7.856534793972969055e-04
7.856515003368258476e-04
7.856493466533720493e-04
7.856473093852400780e-04
7.856452721171081066e-04
7.856432930566370487e-04
7.856412557885050774e-04
7.856392185203731060e-04
7.856370648369193077e-04
7.856350275687873363e-04
7.856331067159771919e-04
7.856310112401843071e-04
7.856289157643914223e-04
7.856268784962594509e-04
7.856248994357883930e-04
7.856228621676564217e-04
7.856207666918635368e-04
7.856186712160706520e-04
7.856167503632605076e-04
7.856147713027894497e-04
7.856126176193356514e-04
7.856106385588645935e-04
7.856086012907326221e-04
7.856065058149397373e-04
7.856044685468077660e-04
7.856023730710148811e-04
7.856002775952219963e-04
7.855982985347509384e-04
7.855962612666189671e-04
7.855943404138088226e-04
7.855921867303550243e-04
7.855901494622230530e-04
7.855880539864301682e-04
7.855861331336200237e-04
7.855841540731489658e-04
7.855819421820342541e-04
7.855799049139022827e-04
7.855779258534312248e-04
7.855758885852992535e-04
7.855737931095063686e-04
7.855717558413743973e-04
7.855697185732424259e-04
7.855677395127713680e-04
7.855656440369784832e-04
7.855636649765074253e-04
7.855615695007145405e-04
7.855595322325825691e-04
7.855574367567896843e-04
7.855554576963186264e-04
7.855534786358475685e-04
7.855513249523937702e-04
7.855492876842617989e-04
7.855473668314516544e-04
7.855452131479978561e-04
7.855432340875267982e-04
7.855411386117339134e-04
7.855391013436019421e-04
7.855371222831308842e-04
7.855350268073379993e-04
7.855330477468669415e-04
7.855309522710740566e-04
7.855289732106029987e-04
7.855268777348101139e-04
7.855247240513563156e-04
7.855227449908852577e-04
7.855207659304141998e-04
7.855187286622822285e-04
7.855166331864893436e-04
7.855146541260182858e-04
7.855126168578863144e-04
7.855105213820934296e-04
7.855084259063005447e-04
7.855065632611513138e-04
7.855044677853584290e-04
7.855024305172264576e-04
7.855004514567553997e-04
7.854983559809625149e-04
7.854962605051696301e-04
7.854943396523594856e-04
7.854922441765666008e-04
7.854902069084346294e-04
7.854881114326417446e-04
7.854861323721706867e-04
7.854841533116996288e-04
7.854819996282458305e-04
7.854800205677747726e-04
7.854779250919818878e-04
7.854759460315108299e-04
7.854738505557179451e-04
7.854719297029078007e-04
7.854698924347758293e-04
7.854677969589829445e-04
7.854658178985118866e-04
7.854638388380408287e-04
7.854617433622479439e-04
7.854596478864550591e-04
7.854575524106621742e-04
7.854555151425302029e-04
7.854535360820591450e-04
7.854514988139271736e-04
7.854494033381342888e-04
7.854474824853241444e-04
7.854453288018703461e-04
7.854432915337383747e-04
7.854413124732673168e-04
7.854392752051353455e-04
7.854372379370033741e-04
7.854352006688714027e-04
7.854332216084003448e-04
7.854311261326074600e-04
7.854292052797973156e-04
7.854269933886826038e-04
7.854250143282115459e-04
7.854229188524186611e-04
7.854209397919476032e-04
7.854189025238156319e-04
7.854169816710054874e-04
7.854147697798907757e-04
7.854127907194197178e-04
7.854106952436268330e-04
7.854087161831557751e-04
7.854067371226847172e-04
7.854046998545527458e-04
7.854026043787598610e-04
7.854005671106278896e-04
7.853984716348350048e-04
7.853965507820248604e-04
7.853945135138928890e-04
7.853924762457609177e-04
7.853904389776289463e-04
7.853884017094969749e-04
7.853863644413650036e-04
7.853844435885548592e-04
7.853822899051010609e-04
7.853802526369690895e-04
7.853782153688371181e-04
7.853761781007051468e-04
7.853741408325731754e-04
7.853721617721021175e-04
7.853700662963092327e-04
7.853680872358381748e-04
7.853659917600452900e-04
7.853640126995742321e-04
7.853620336391031742e-04
7.853598799556493759e-04
7.853579591028392315e-04
7.853559218347072601e-04
7.853538263589143753e-04
7.853519055061042309e-04
7.853498100303113461e-04
7.853477727621793747e-04
7.853456772863864899e-04
7.853437564335763454e-04
7.853416609577834606e-04
7.853396236896514893e-04
7.853376446291804314e-04
7.853355491533875465e-04
7.853335700929164886e-04
7.853314746171236038e-04
7.853294955566525459e-04
7.853274582885205746e-04
7.853254210203886032e-04
7.853233837522566319e-04
7.853213464841246605e-04
7.853193092159926891e-04
7.853172719478607178e-04
7.853153510950505733e-04
7.853131974115967751e-04
7.853111019358038902e-04
7.853091810829937458e-04
7.853071438148617744e-04
7.853051065467298031e-04
7.853031856939196587e-04
7.853010320104658604e-04
7.852989947423338890e-04
7.852970156818628311e-04
7.852949784137308598e-04
7.852929411455988884e-04
7.852909620851278305e-04
7.852888084016740322e-04
7.852868293412029743e-04
7.852847338654100895e-04
7.852827548049390316e-04
7.852807757444679737e-04
7.852787384763360023e-04
7.852767594158649445e-04
7.852747221477329731e-04
7.852726848796010017e-04
7.852706476114690304e-04
7.852685521356761456e-04
7.852665148675441742e-04
7.852645358070731163e-04
7.852623821236193180e-04
7.852604612708091736e-04
7.852584822103381157e-04
7.852564449422061443e-04
7.852544076740741730e-04
7.852523704059422016e-04
7.852502749301493168e-04
7.852483540773391724e-04
7.852463168092072010e-04
7.852443377487361431e-04
7.852421840652823448e-04
7.852401467971503735e-04
7.852383423596620560e-04
7.852361304685473442e-04
7.852342678233981133e-04
7.852321723476052284e-04
7.852300768718123436e-04
7.852281560190021992e-04
7.852259441278874874e-04
7.852240814827382565e-04
7.852219860069453716e-04
7.852198323234915733e-04
7.852179696783423424e-04
7.852159324102103710e-04
7.852138369344174862e-04
7.852117996662855148e-04
7.852098206058144569e-04
7.852077251300215721e-04
7.852056878618896008e-04
7.852037670090794563e-04
7.852017879486083984e-04
7.851997506804764271e-04
7.851977134123444557e-04
7.851955597288906574e-04
7.851936388760805130e-04
7.851916598156094551e-04
7.851896225474774837e-04
7.851875270716845989e-04
7.851855480112135410e-04
7.851835107430815697e-04
7.851815316826105118e-04
7.851794944144785404e-04
7.851773989386856556e-04
7.851754198782145977e-04
7.851734408177435398e-04
7.851714035496115685e-04
7.851693662814795971e-04
7.851673290133476257e-04
7.851652335375547409e-04
7.851632544770836830e-04
7.851613336242735386e-04
7.851592381484806538e-04
7.851570844650268555e-04
7.851551054045557976e-04
7.851531263440847397e-04
7.851512054912745953e-04
7.851491682231426239e-04
7.851471309550106525e-04
7.851450354792177677e-04
7.851431146264076233e-04
7.851410191506147385e-04
7.851389818824827671e-04
7.851370028220117092e-04
7.851350237615406513e-04
7.851328700780868530e-04
7.851309492252767086e-04
7.851289119571447372e-04
7.851268746890127659e-04
7.851248956285417080e-04
7.851228001527488232e-04
7.851207628846168518e-04
7.851187838241457939e-04
7.851168047636747360e-04
7.851146510802209377e-04
7.851126720197498798e-04
7.851106929592788219e-04
7.851087721064686775e-04
7.851066184230148792e-04
7.851046393625438213e-04
7.851024856790900230e-04
7.851005648262798786e-04
7.850985275581479073e-04
7.850966067053377628e-04
7.850945112295448780e-04
7.850925321690738201e-04
7.850904949009418488e-04
7.850885158404707909e-04
7.850864203646779060e-04
7.850844413042068481e-04
7.850824622437357903e-04
7.850803667679429054e-04
7.850783294998109341e-04
7.850763504393398762e-04
7.850743131712079048e-04
7.850723923183977604e-04
7.850702968426048756e-04
7.850683177821338177e-04
7.850663387216627598e-04
7.850642432458698750e-04
7.850622641853988171e-04
7.850602269172668457e-04
7.850581896491348743e-04
7.850562105886638165e-04
7.850542315281927586e-04
7.850521360523998737e-04
