4.703499726019799709e-04
4.703483136836439371e-04
4.703466838691383600e-04
4.703449376393109560e-04
4.703433078248053789e-04
4.703415906988084316e-04
4.703398735728114843e-04
4.703382437583059072e-04
4.703365848399698734e-04
4.703348677139729261e-04
4.703332087956368923e-04
4.703314916696399450e-04
4.703298036474734545e-04
4.703281447291374207e-04
4.703264858108013868e-04
4.703247686848044395e-04
4.703230515588074923e-04
4.703213635366410017e-04
4.703197046183049679e-04
4.703179874923080206e-04
4.703162703663110733e-04
4.703146114479750395e-04
4.703129816334694624e-04
4.703112936113029718e-04
4.703095473814755678e-04
4.703079175669699907e-04
4.703061131294816732e-04
4.703044833149760962e-04
4.703028535004705191e-04
4.703011654783040285e-04
4.702994483523070812e-04
4.702978185378015041e-04
4.702961305156350136e-04
4.702944715972989798e-04
4.702928417827934027e-04
4.702911246567964554e-04
4.702893784269690514e-04
4.702876904048025608e-04
4.702860023826360703e-04
4.702843143604695797e-04
4.702825972344726324e-04
4.702809383161365986e-04
4.702792502939701080e-04
4.702775913756340742e-04
4.702758742496371269e-04
4.702741571236401796e-04
4.702724982053041458e-04
4.702708683907985687e-04
4.702692094724625349e-04
4.702674923464655876e-04
4.702658043242990971e-04
4.702640871983021498e-04
4.702624282799661160e-04
4.702607984654605389e-04
4.702590813394635916e-04
4.702573642134666443e-04
4.702557052951306105e-04
4.702540463767945766e-04
4.702523583546280861e-04
4.702506994362920523e-04
4.702490405179560184e-04
4.702473233919590712e-04
4.702456353697925806e-04
4.702439764514565468e-04
4.702422593254595995e-04
4.702406295109540224e-04
4.702389705926179886e-04
4.702372534666210413e-04
4.702355945482850075e-04
4.702339065261185169e-04
4.702321894001215696e-04
4.702304722741246223e-04
4.702288133557885885e-04
4.702271544374525547e-04
4.702254664152860641e-04
4.702238074969500303e-04
4.702221776824444532e-04
4.702203732449561357e-04
4.702187143266201019e-04
4.702170845121145248e-04
4.702154255937784910e-04
4.702137375716120005e-04
4.702120204456150532e-04
4.702103615272790194e-04
4.702086444012820721e-04
4.702070145867764950e-04
4.702052974607795477e-04
4.702036967501044273e-04
4.702019214164465666e-04
4.702003498096019030e-04
4.701985744759440422e-04
4.701968573499470949e-04
4.701951984316110611e-04
4.701935686171054840e-04
4.701919096987694502e-04
4.701902507804334164e-04
4.701885336544364691e-04
4.701868456322699785e-04
4.701851285062730312e-04
4.701834695879369974e-04
4.701818397734314203e-04
4.701801226474344730e-04
4.701785219367593527e-04
4.701766883954405785e-04
4.701750876847654581e-04
4.701734578702598810e-04
4.701717407442629337e-04
4.701700818259268999e-04
4.701683938037604094e-04
4.701666766777634621e-04
4.701650759670883417e-04
4.701634461525827646e-04
4.701617290265858173e-04
4.701600119005888700e-04
4.701582947745919228e-04
4.701566358562558889e-04
4.701549478340893984e-04
4.701532307080924511e-04
4.701516008935868740e-04
4.701499419752508402e-04
4.701482830569148064e-04
4.701465950347483158e-04
4.701449361164122820e-04
4.701432771980762482e-04
4.701415891759097576e-04
4.701399302575737238e-04
4.701382713392376900e-04
4.701365542132407427e-04
4.701349243987351656e-04
4.701331490650773048e-04
4.701314901467412710e-04
4.701298603322356939e-04
4.701281432062387466e-04
4.701264842879027128e-04
4.701248253695666790e-04
4.701231082435697317e-04
4.701214202214032412e-04
4.701198195107281208e-04
4.701181314885616302e-04
4.701164143625646830e-04
4.701148136518895626e-04
4.701130965258926153e-04
4.701113793998956680e-04
4.701097495853900909e-04
4.701080324593931437e-04
4.701063153333961964e-04
4.701048019342124462e-04
4.701029683928936720e-04
4.701013676822185516e-04
4.700997378677129745e-04
4.700980207417160273e-04
4.700963618233799934e-04
4.700946446973830462e-04
4.700929566752165556e-04
4.700912395492196083e-04
4.700896679423749447e-04
4.700879217125475407e-04
4.700862918980419636e-04
4.700846620835363865e-04
4.700829449575394392e-04
4.700813151430338621e-04
4.700796562246978283e-04
4.700779390987008810e-04
4.700762801803648472e-04
4.700747085735201836e-04
4.700730205513536930e-04
4.700712743215262890e-04
4.700695862993597984e-04
4.700679273810237646e-04
4.700662684626877308e-04
4.700645513366907835e-04
4.700628633145242929e-04
4.700612043961882591e-04
4.700594872701913118e-04
4.700578283518552780e-04
4.700561112258583307e-04
4.700545396190136671e-04
4.700528515968471766e-04
4.700511344708502293e-04
4.700494755525141954e-04
4.700478166341781616e-04
4.700461286120116711e-04
4.700444114860147238e-04
4.700426943600177765e-04
4.700411227531731129e-04
4.700395220424979925e-04
4.700378049165010452e-04
4.700360877905040979e-04
4.700345161836594343e-04
4.700327990576624870e-04
4.700311110354959965e-04
4.700294521171599627e-04
4.700277349911630154e-04
4.700260178651660681e-04
4.700243880506604910e-04
4.700227873399853706e-04
4.700210993178188801e-04
4.700194403994828463e-04
4.700177232734858990e-04
4.700161516666412354e-04
4.700143763329833746e-04
4.700127465184777975e-04
4.700110876001417637e-04
4.700094286818057299e-04
4.700077406596392393e-04
4.700060235336422920e-04
4.700043064076453447e-04
4.700027056969702244e-04
4.700010176748037338e-04
4.699993587564677000e-04
4.699976416304707527e-04
4.699960118159651756e-04
4.699943528976291418e-04
4.699926939792931080e-04
4.699910059571266174e-04
4.699892888311296701e-04
4.699876881204545498e-04
4.699860583059489727e-04
4.699843411799520254e-04
4.699827113654464483e-04
4.699811106547713280e-04
4.699794226326048374e-04
4.699776764027774334e-04
4.699761047959327698e-04
4.699743876699358225e-04
4.699726705439388752e-04
4.699709825217723846e-04
4.699693818110972643e-04
4.699676646851003170e-04
4.699660348705947399e-04
4.699643177445977926e-04
4.699626588262617588e-04
4.699610290117561817e-04
4.699593409895896912e-04
4.699576238635927439e-04
4.699560231529176235e-04
4.699543351307511330e-04
4.699526762124150991e-04
4.699510172940790653e-04
4.699493292719125748e-04
4.699476703535765409e-04
4.699460987467318773e-04
4.699443816207349300e-04
4.699426644947379827e-04
4.699410346802324057e-04
4.699393757618963718e-04
4.699377168435603380e-04
4.699359997175633907e-04
4.699343116953969002e-04
4.699326527770608664e-04
4.699309356510639191e-04
4.699293058365583420e-04
4.699275887105613947e-04
4.699260171037167311e-04
4.699242708738893270e-04
4.699226410593837500e-04
4.699209821410477161e-04
4.699192941188812256e-04
4.699175769928842783e-04
4.699160635937005281e-04
4.699143755715340376e-04
4.699126584455370903e-04
4.699110577348619699e-04
4.699094279203563929e-04
4.699077107943594456e-04
4.699060518760234118e-04
4.699044220615178347e-04
4.699027049355208874e-04
4.699010751210153103e-04
4.698994162026792765e-04
4.698976990766823292e-04
4.698959819506853819e-04
4.698943521361798048e-04
4.698927514255046844e-04
4.698910342995077372e-04
4.698893462773412466e-04
4.698877455666661263e-04
4.698860284406691790e-04
4.698843404185026884e-04
4.698827397078275681e-04
4.698810516856610775e-04
4.698794509749859571e-04
4.698777338489890099e-04
4.698761040344834328e-04
4.698743869084864855e-04
4.698727570939809084e-04
4.698711272794753313e-04
4.698694101534783840e-04
4.698676930274814367e-04
4.698660923168063164e-04
4.698644625023007393e-04
4.698627453763037920e-04
4.698611155617982149e-04
4.698593984358012676e-04
4.698577977251261473e-04
4.698561679106205702e-04
4.698545089922845364e-04
4.698528209701180458e-04
4.698511038441210985e-04
4.698495031334459782e-04
4.698478733189404011e-04
4.698460979852825403e-04
4.698444972746074200e-04
4.698428092524409294e-04
4.698412085417658091e-04
4.698394914157688618e-04
4.698378033936023712e-04
4.698361735790967941e-04
4.698345146607607603e-04
4.698327975347638130e-04
4.698311677202582359e-04
4.698294505942612886e-04
4.698278789874166250e-04
4.698262200690805912e-04
4.698245029430836439e-04
4.698228440247476101e-04
4.698212142102420330e-04
4.698195552919059992e-04
4.698178672697395086e-04
4.698162083514034748e-04
4.698145494330674410e-04
4.698129196185618639e-04
4.698112607002258301e-04
4.698096308857202530e-04
4.698079137597233057e-04
4.698062548413872719e-04
4.698045668192207813e-04
4.698029661085456610e-04
4.698012780863791704e-04
4.697996191680431366e-04
4.697979311458766460e-04
4.697962722275406122e-04
4.697946424130350351e-04
4.697929252870380878e-04
4.697913245763629675e-04
4.697896074503660202e-04
4.697879776358604431e-04
4.697862605098634958e-04
4.697847471106797457e-04
4.697830299846827984e-04
4.697813419625163078e-04
4.697797412518411875e-04
4.697780532296746969e-04
4.697763361036777496e-04
4.697747353930026293e-04
4.697730473708361387e-04
4.697714466601610184e-04
4.697697586379945278e-04
4.697680997196584940e-04
4.697663825936615467e-04
4.697647527791559696e-04
4.697630938608199358e-04
4.697614058386534452e-04
4.697598342318087816e-04
4.697581171058118343e-04
4.697564581874758005e-04
4.697547992691397667e-04
4.697531112469732761e-04
4.697514523286372423e-04
4.697498225141316652e-04
4.697482218034565449e-04
4.697465046774595976e-04
4.697448748629540205e-04
4.697432450484484434e-04
4.697415279224514961e-04
4.697399272117763758e-04
4.697382973972707987e-04
4.697366093751043081e-04
4.697349213529378176e-04
4.697332333307713270e-04
4.697317199315875769e-04
4.697300028055906296e-04
4.697283729910850525e-04
4.697267140727490187e-04
4.697249969467520714e-04
4.697233089245855808e-04
4.697217082139104605e-04
4.697199910879135132e-04
4.697183612734079361e-04
4.697167314589023590e-04
4.697150725405663252e-04
4.697134136222302914e-04
4.697117838077247143e-04
4.697100666817277670e-04
4.697084368672221899e-04
4.697067779488861561e-04
4.697051190305501223e-04
4.697034892160445452e-04
4.697017720900475979e-04
4.697001422755420208e-04
4.696984833572059870e-04
4.696967953350394964e-04
4.696951364167034626e-04
4.696935066021978855e-04
4.696918476838618517e-04
4.696901305578649044e-04
4.696885007433593273e-04
4.696869000326842070e-04
4.696852702181786299e-04
4.696836112998425961e-04
4.696820396929979324e-04
4.696803225670009851e-04
4.696786345448344946e-04
4.696769756264984608e-04
4.696752585005015135e-04
4.696736868936568499e-04
4.696719988714903593e-04
4.696703981608152390e-04
4.696686228271573782e-04
4.696669930126518011e-04
4.696653340943157673e-04
4.696637042798101902e-04
4.696621035691350698e-04
4.696604155469685793e-04
4.696587566286325455e-04
4.696570395026355982e-04
4.696555261034518480e-04
4.696538089774549007e-04
4.696521209552884102e-04
4.696504620369523764e-04
4.696488322224467993e-04
4.696472024079412222e-04
4.696455143857747316e-04
4.696438845712691545e-04
4.696422547567635775e-04
4.696405376307666302e-04
4.696388787124305964e-04
4.696373071055859327e-04
4.696355899795889854e-04
4.696339601650834084e-04
4.696323303505778313e-04
4.696306714322417974e-04
4.696289543062448502e-04
4.696273244917392731e-04
4.696257237810641527e-04
4.696240066550672054e-04
4.696223186329007149e-04
4.696207470260560513e-04
4.696190881077200174e-04
4.696173709817230701e-04
4.696157411672174931e-04
4.696141113527119160e-04
4.696124524343758821e-04
4.696108226198703051e-04
4.696091637015342712e-04
4.696075047831982374e-04
4.696058167610317469e-04
4.696040996350347996e-04
4.696024989243596792e-04
4.696008691098541021e-04
4.695992101915180683e-04
4.695975803770124912e-04
4.695959214586764574e-04
4.695942334365099669e-04
4.695926618296653032e-04
4.695910029113292694e-04
4.695893148891627789e-04
4.695877141784876585e-04
4.695860261563211679e-04
4.695843672379851341e-04
4.695827374234795570e-04
4.695811367128044367e-04
4.695794195868074894e-04
4.695777897723019123e-04
4.695761599577963352e-04
4.695744428317993879e-04
4.695728421211242676e-04
4.695711540989577770e-04
4.695694951806217432e-04
4.695678653661161661e-04
4.695661482401192188e-04
4.695645766332745552e-04
4.695629177149385214e-04
4.695612879004329443e-04
4.695595707744359970e-04
4.695579409599304199e-04
4.695563402492552996e-04
4.695546231232583523e-04
4.695529933087527752e-04
4.695512761827558279e-04
4.695497045759111643e-04
4.695480747614055872e-04
4.695464740507304668e-04
4.695447860285639763e-04
4.695431271102279425e-04
4.695414972957223654e-04
4.695398383773863316e-04
4.695381503552198410e-04
4.695364914368838072e-04
4.695348616223782301e-04
4.695332609117031097e-04
4.695315728895366192e-04
4.695298557635396719e-04
4.695282841566950083e-04
4.695266252383589745e-04
4.695249663200229406e-04
4.695233365055173635e-04
4.695217066910117865e-04
4.695199895650148392e-04
4.695183888543397188e-04
