3.827117616310715675e-04
3.827096661552786827e-04
3.827075706794857979e-04
3.827055334113538265e-04
3.827034088317304850e-04
3.827012842521071434e-04
3.826992178801447153e-04
3.826970933005213737e-04
3.826949396170675755e-04
3.826928441412746906e-04
3.826907777693122625e-04
3.826886240858584642e-04
3.826865286100655794e-04
3.826844040304422379e-04
3.826823376584798098e-04
3.826802712865173817e-04
3.826781176030635834e-04
3.826759930234402418e-04
3.826739266514778137e-04
3.826718311756849289e-04
3.826696774922311306e-04
3.826675529126077890e-04
3.826655156444758177e-04
3.826633910648524761e-04
3.826612664852291346e-04
3.826591710094362497e-04
3.826570173259824514e-04
3.826549800578504801e-04
3.826528554782271385e-04
3.826507891062647104e-04
3.826486645266413689e-04
3.826464817393571138e-04
3.826443862635642290e-04
3.826423198916018009e-04
3.826401953119784594e-04
3.826380707323551178e-04
3.826360334642231464e-04
3.826339379884302616e-04
3.826317843049764633e-04
3.826297179330140352e-04
3.826275642495602369e-04
3.826254978775978088e-04
3.826233732979744673e-04
3.826212778221815825e-04
3.826191532425582409e-04
3.826170577667653561e-04
3.826149331871420145e-04
3.826128959190100431e-04
3.826107422355562449e-04
3.826086467597633600e-04
3.826064930763095617e-04
3.826044267043471336e-04
3.826023603323847055e-04
3.826002066489309072e-04
3.825981693807989359e-04
3.825960156973451376e-04
3.825939493253827095e-04
3.825917665380984545e-04
3.825897001661360264e-04
3.825876337941735983e-04
3.825855092145502567e-04
3.825833846349269152e-04
3.825812891591340303e-04
3.825792227871716022e-04
3.825771273113787174e-04
3.825749736279249191e-04
3.825728781521320343e-04
3.825707826763391495e-04
3.825686580967158079e-04
3.825665626209229231e-04
3.825644380412995815e-04
3.825623425655066967e-04
3.825602179858833551e-04
3.825580934062600136e-04
3.825559979304671288e-04
3.825539315585047007e-04
3.825518360827118158e-04
3.825497406069189310e-04
3.825476160272955894e-04
3.825455205515027046e-04
3.825433959718793631e-04
3.825413587037473917e-04
3.825392050202935934e-04
3.825371386483311653e-04
3.825350431725382805e-04
3.825328894890844822e-04
3.825308231171220541e-04
3.825286985374987125e-04
3.825266030617058277e-04
3.825244493782520294e-04
3.825223830062896013e-04
3.825203166343271732e-04
3.825181920547038317e-04
3.825160674750804901e-04
3.825139719992876053e-04
3.825118183158338070e-04
3.825097810477018356e-04
3.825076855719089508e-04
3.825055900961160660e-04
3.825034364126622677e-04
3.825013700406998396e-04
3.824993036687374115e-04
3.824972081929445267e-04
3.824950836133211851e-04
3.824930172413587570e-04
3.824908344540745020e-04
3.824887389782816172e-04
3.824866435024887323e-04
3.824845189228653908e-04
3.824823943432420492e-04
3.824803570751100779e-04
3.824782033916562796e-04
3.824761370196938515e-04
3.824740706477314234e-04
3.824719169642776251e-04
3.824697923846542835e-04
3.824677260126918554e-04
3.824656305368989706e-04
3.824635350611060858e-04
3.824614395853132010e-04
3.824593150056898594e-04
3.824571904260665178e-04
3.824550949502736330e-04
3.824529994744807482e-04
3.824509039986878633e-04
3.824487794190645218e-04
3.824467130471020937e-04
3.824445884674787521e-04
3.824424929916858673e-04
3.824403684120625257e-04
3.824383020401000977e-04
3.824361483566462994e-04
3.824340528808534145e-04
3.824319865088909864e-04
3.824298619292676449e-04
3.824277955573052168e-04
3.824257000815123320e-04
3.824236337095499039e-04
3.824214800260961056e-04
3.824193554464727640e-04
3.824173181783407927e-04
3.824152227025479078e-04
3.824130690190941095e-04
3.824109444394707680e-04
3.824089071713387966e-04
3.824067825917154551e-04
3.824046871159225702e-04
3.824025916401296854e-04
3.824005252681672573e-04
3.823984006885439157e-04
3.823963052127510309e-04
3.823942097369581461e-04
3.823920851573348045e-04
3.823899605777114630e-04
3.823878359980881214e-04
3.823857405222952366e-04
3.823836159426718950e-04
3.823815786745399237e-04
3.823794249910861254e-04
3.823773877229541540e-04
3.823752631433308125e-04
3.823732258751988411e-04
3.823710430879145861e-04
3.823689476121217012e-04
3.823668812401592731e-04
3.823647566605359316e-04
3.823626611847430468e-04
3.823605657089501619e-04
3.823584411293268204e-04
3.823564038611948490e-04
3.823542501777410507e-04
3.823522129096090794e-04
3.823500883299857378e-04
3.823479928541928530e-04
3.823458682745695114e-04
3.823437727987766266e-04
3.823417064268141985e-04
3.823395818471908569e-04
3.823373990599066019e-04
3.823353908956050873e-04
3.823332663159817457e-04
3.823311999440193176e-04
3.823290462605655193e-04
3.823269507847726345e-04
3.823248844128102064e-04
3.823227307293564081e-04
3.823207225650548935e-04
3.823185979854315519e-04
3.823164443019777536e-04
3.823143488261848688e-04
3.823122824542224407e-04
3.823101578745990992e-04
3.823080332949757576e-04
3.823059669230133295e-04
3.823038714472204447e-04
3.823017468675971031e-04
3.822997095994651318e-04
3.822975268121808767e-04
3.822954895440489054e-04
3.822933940682560205e-04
3.822912112809717655e-04
3.822891740128397942e-04
3.822870203293859959e-04
3.822849830612540245e-04
3.822828584816306829e-04
3.822807921096682549e-04
3.822786675300449133e-04
3.822765138465911150e-04
3.822744765784591436e-04
3.822723519988358021e-04
3.822702565230429173e-04
3.822681610472500324e-04
3.822660364676266909e-04
3.822639700956642628e-04
3.822618746198713779e-04
3.822598082479089499e-04
3.822576836682856083e-04
3.822555881924927235e-04
3.822534927166998386e-04
3.822513099294155836e-04
3.822492435574531555e-04
3.822471771854907274e-04
3.822450526058673859e-04
3.822429862339049578e-04
3.822408325504511595e-04
3.822387661784887314e-04
3.822366415988653898e-04
3.822345752269029617e-04
3.822324506472796202e-04
3.822303551714867353e-04
3.822282596956938505e-04
3.822261351160705090e-04
3.822240978479385376e-04
3.822219732683151960e-04
3.822198486886918545e-04
3.822177532128989697e-04
3.822156868409365416e-04
3.822135622613132000e-04
3.822114667855203152e-04
3.822093422058969736e-04
3.822072758339345455e-04
3.822051803581416607e-04
3.822030557785183191e-04
3.822009603027254343e-04
3.821988357231020927e-04
3.821967984549701214e-04
3.821946738753467798e-04
3.821925492957234383e-04
3.821905120275914669e-04
3.821884456556290388e-04
3.821862919721752405e-04
3.821842256002128124e-04
3.821821010205894709e-04
3.821800055447965860e-04
3.821779391728341579e-04
3.821758145932108164e-04
3.821737191174179316e-04
3.821715654339641333e-04
3.821694699581712484e-04
3.821674908977001905e-04
3.821653372142463923e-04
3.821632417384535074e-04
3.821610880549997091e-04
3.821589925792068243e-04
3.821569262072443962e-04
3.821548598352819681e-04
3.821527352556586266e-04
3.821506397798657417e-04
3.821486316155642271e-04
3.821464779321104288e-04
3.821443533524870872e-04
3.821422287728637457e-04
3.821401624009013176e-04
3.821380669251084328e-04
3.821360005531460047e-04
3.821338759735226631e-04
3.821317222900688648e-04
3.821296559181064367e-04
3.821275313384830952e-04
3.821254649665206671e-04
3.821233985945582390e-04
3.821212449111044407e-04
3.821192076429724693e-04
3.821170830633491278e-04
3.821149875875562429e-04
3.821129212155938148e-04
3.821107966359704733e-04
3.821087011601775885e-04
3.821065765805542469e-04
3.821045393124222755e-04
3.821023856289684772e-04
3.821003483608365059e-04
3.820982528850436211e-04
3.820960992015898228e-04
3.820940619334578514e-04
3.820919082500040531e-04
3.820898418780416250e-04
3.820876881945878267e-04
3.820856218226253986e-04
3.820835263468325138e-04
3.820814308710396290e-04
3.820793062914162874e-04
3.820772981271147728e-04
3.820752026513218880e-04
3.820730780716985464e-04
3.820709534920752048e-04
3.820688580162823200e-04
3.820667334366589785e-04
3.820646379608660936e-04
3.820625424850732088e-04
3.820604179054498672e-04
3.820583806373178959e-04
3.820562269538640976e-04
3.820541605819016695e-04
3.820520942099392414e-04
3.820499696303158998e-04
3.820478741545230150e-04
3.820458077825605869e-04
3.820436249952763319e-04
3.820415877271443605e-04
3.820394922513514757e-04
3.820374258793890476e-04
3.820353304035961628e-04
3.820332058239728212e-04
3.820311103481799364e-04
3.820290439762175083e-04
3.820269485004246235e-04
3.820248530246317387e-04
3.820227284450083971e-04
3.820206620730459690e-04
3.820185374934226274e-04
3.820164129137992859e-04
3.820143174380064011e-04
3.820121928583830595e-04
3.820101555902510881e-04
3.820080601144582033e-04
3.820059355348348618e-04
3.820038691628724337e-04
3.820017445832490921e-04
3.819996491074562073e-04
3.819975827354937792e-04
3.819954581558704376e-04
3.819933335762470961e-04
3.819912963081151247e-04
3.819892299361526966e-04
3.819871053565293550e-04
3.819850098807364702e-04
3.819828853011131287e-04
3.819808189291507006e-04
3.819787525571882725e-04
3.819765697699040174e-04
3.819744742941111326e-04
3.819724370259791613e-04
3.819703706540167332e-04
3.819681878667324781e-04
3.819661505986005068e-04
3.819640260189771652e-04
3.819619014393538237e-04
3.819598059635609388e-04
3.819576813839375973e-04
3.819556441158056259e-04
3.819536068476736546e-04
3.819514822680503130e-04
3.819493576884269714e-04
3.819472913164645433e-04
3.819451958406716585e-04
3.819431294687092304e-04
3.819409466814249754e-04
3.819388803094625473e-04
3.819367266260087490e-04
3.819346311502158642e-04
3.819325938820838928e-04
3.819305275101214647e-04
3.819283447228372097e-04
3.819262783508747816e-04
3.819242119789123535e-04
3.819221165031194687e-04
3.819199919234961271e-04
3.819178964477032423e-04
3.819158009719103575e-04
3.819137054961174726e-04
3.819116682279855013e-04
3.819095727521926165e-04
3.819074481725692749e-04
3.819053526967763901e-04
3.819032572209835052e-04
3.819011617451906204e-04
3.818990371655672789e-04
3.818970290012657642e-04
3.818949335254728794e-04
3.818928380496799946e-04
3.818907134700566530e-04
3.818885888904333115e-04
3.818864643108099699e-04
3.818843979388475418e-04
3.818823024630546570e-04
3.818801778834313154e-04
3.818780241999775171e-04
3.818760160356760025e-04
3.818739496637135744e-04
3.818718541879206896e-04
3.818697296082973480e-04
3.818676341325044632e-04
3.818655386567115784e-04
3.818634140770882368e-04
3.818613477051258087e-04
3.818593104369938374e-04
3.818571858573704958e-04
3.818550903815776110e-04
3.818529949057847261e-04
3.818508412223309278e-04
3.818487748503684998e-04
3.818466793745756149e-04
3.818446130026131868e-04
3.818424884229898453e-04
3.818403638433665037e-04
3.818383265752345324e-04
3.818362019956111908e-04
3.818341356236487627e-04
3.818320401478558779e-04
3.818299155682325363e-04
3.818278491962701082e-04
3.818257828243076801e-04
3.818236291408538818e-04
3.818215336650609970e-04
3.818194963969290257e-04
3.818174009211361408e-04
3.818152763415127993e-04
3.818132099695503712e-04
3.818110562860965729e-04
3.818090190179646015e-04
3.818068653345108032e-04
3.818047407548874617e-04
3.818026452790945768e-04
3.818005498033016920e-04
3.817984834313392639e-04
3.817963588517159224e-04
3.817942633759230375e-04
3.817921970039606094e-04
3.817901015281677246e-04
3.817880060523748398e-04
3.817859105765819550e-04
3.817838442046195269e-04
3.817816614173352718e-04
3.817796532530337572e-04
3.817775577772408724e-04
3.817754623014479876e-04
3.817733668256551027e-04
3.817712713498622179e-04
3.817691758740693331e-04
3.817671095021069050e-04
3.817649849224835634e-04
3.817629185505211353e-04
3.817607939708977938e-04
3.817586984951049089e-04
3.817565739154815674e-04
3.817545075435191393e-04
3.817523829638957977e-04
3.817502874881029129e-04
3.817482793238013983e-04
3.817461838480085135e-04
3.817440301645547152e-04
3.817419346887618303e-04
3.817398392129689455e-04
3.817377437371760607e-04
3.817356482613831758e-04
3.817335236817598343e-04
3.817314282059669495e-04
3.817293618340045214e-04
3.817272372543811798e-04
3.817252290900796652e-04
3.817230754066258669e-04
3.817209799308329821e-04
3.817188553512096405e-04
3.817167598754167557e-04
3.817146643996238708e-04
3.817125980276614428e-04
3.817105025518685579e-04
3.817083779722452164e-04
3.817063698079437017e-04
3.817042452283203602e-04
3.817021788563579321e-04
3.817000833805650473e-04
3.816979588009417057e-04
3.816958633251488209e-04
3.816937678493559361e-04
3.816916723735630512e-04
3.816895768977701664e-04
3.816875105258077383e-04
3.816853568423539400e-04
3.816832613665610552e-04
3.816811949945986271e-04
3.816790704149752855e-04
3.816770331468433142e-04
3.816748794633895159e-04
3.816727839875966311e-04
3.816706594079732895e-04
3.816686221398413181e-04
3.816664975602179766e-04
3.816644311882555485e-04
