3.810603811871260405e-04
3.810584021266549826e-04
3.810564812738448381e-04
3.810545604210346937e-04
3.810526104643940926e-04
3.810506896115839481e-04
3.810487687587738037e-04
3.810467605944722891e-04
3.810448397416621447e-04
3.810428897850215435e-04
3.810409689322113991e-04
3.810390189755707979e-04
3.810371272265911102e-04
3.810351481661200523e-04
3.810332273133099079e-04
3.810312773566693068e-04
3.810293565038591623e-04
3.810273774433881044e-04
3.810254565905779600e-04
3.810235066339373589e-04
3.810215566772967577e-04
3.810196358244866133e-04
3.810176858678460121e-04
3.810157650150358677e-04
3.810138150583952665e-04
3.810119233094155788e-04
3.810099151451140642e-04
3.810080524999648333e-04
3.810061025433242321e-04
3.810041525866836309e-04
3.810022026300430298e-04
3.810003399848937988e-04
3.809983318205922842e-04
3.809964109677821398e-04
3.809944610111415386e-04
3.809924819506704807e-04
3.809905902016907930e-04
3.809886402450501919e-04
3.809866902884095907e-04
3.809847403317689896e-04
3.809827903751283884e-04
3.809808986261487007e-04
3.809789777733385563e-04
3.809769987128674984e-04
3.809750778600573540e-04
3.809731570072472095e-04
3.809712070506066084e-04
3.809692861977964640e-04
3.809673071373254061e-04
3.809653862845152617e-04
3.809634654317051172e-04
3.809615736827254295e-04
3.809595655184239149e-04
3.809576155617833138e-04
3.809556947089731693e-04
3.809537447523325682e-04
3.809518238995224237e-04
3.809499321505427361e-04
3.809479821939021349e-04
3.809460031334310770e-04
3.809441404882818460e-04
3.809421614278107882e-04
3.809402114711701870e-04
3.809382615145295858e-04
3.809363406617194414e-04
3.809344198089092970e-04
3.809324698522686958e-04
3.809305198956280947e-04
3.809285990428179502e-04
3.809266490861773491e-04
3.809247573371976614e-04
3.809228073805570602e-04
3.809208574239164591e-04
3.809189365711063147e-04
3.809169866144657135e-04
3.809150657616555691e-04
3.809131740126758814e-04
3.809111949522048235e-04
3.809092449955642223e-04
3.809072950389236212e-04
3.809053450822830200e-04
3.809034242294728756e-04
3.809015615843236446e-04
3.808995825238525867e-04
3.808976034633815289e-04
3.808957117144018412e-04
3.808937908615916967e-04
3.808918409049510956e-04
3.808899200521409512e-04
3.808879991993308067e-04
3.808860201388597488e-04
3.808841283898800611e-04
3.808821784332394600e-04
3.808801993727684021e-04
3.808783076237887144e-04
3.808764449786394835e-04
3.808744950219988823e-04
3.808725450653582811e-04
3.808706242125481367e-04
3.808686451520770788e-04
3.808667534030973911e-04
3.808647743426263332e-04
3.808628243859857321e-04
3.808608744293451309e-04
3.808589826803654432e-04
3.808570618275552988e-04
3.808551409747451544e-04
3.808531910181045532e-04
3.808512701652944088e-04
3.808493493124842644e-04
3.808473993558436632e-04
3.808454785030335188e-04
3.808435867540538311e-04
3.808416367974132299e-04
3.808397159446030855e-04
3.808377368841320276e-04
3.808357578236609697e-04
3.808339242823421955e-04
3.808319743257015944e-04
3.808299952652305365e-04
3.808281035162508488e-04
3.808261535596102476e-04
3.808242327068001032e-04
3.808223118539899588e-04
3.808203618973493576e-04
3.808184701483696699e-04
3.808165201917290688e-04
3.808145993389189243e-04
3.808126784861087799e-04
3.808107285294681787e-04
3.808088076766580343e-04
3.808068868238478899e-04
3.808049659710377455e-04
3.808030160143971443e-04
3.808010660577565432e-04
3.807991452049463987e-04
3.807972534559667110e-04
3.807952743954956532e-04
3.807934117503464222e-04
3.807914617937058210e-04
3.807895118370652199e-04
3.807876200880855322e-04
3.807856701314449310e-04
3.807837201748043299e-04
3.807818284258246422e-04
3.807799075730144978e-04
3.807779285125434399e-04
3.807760076597332954e-04
3.807740868069231510e-04
3.807721659541130066e-04
3.807702159974724054e-04
3.807683242484927177e-04
3.807663742918521166e-04
3.807644825428724289e-04
3.807625616900622845e-04
3.807606117334216833e-04
3.807587199844419956e-04
3.807567700278013945e-04
3.807547909673303366e-04
3.807528992183506489e-04
3.807509783655405045e-04
3.807490284088999033e-04
3.807471075560897589e-04
3.807451867032796144e-04
3.807432658504694700e-04
3.807413158938288689e-04
3.807393659371882677e-04
3.807375032920390368e-04
3.807355533353984356e-04
3.807336324825882912e-04
3.807317116297781467e-04
3.807297616731375456e-04
3.807278990279883146e-04
3.807259199675172567e-04
3.807240573223680258e-04
3.807221073657274246e-04
3.807201574090868235e-04
3.807182074524462223e-04
3.807163157034665346e-04
3.807143657468259335e-04
3.807124448940157890e-04
3.807105531450361013e-04
3.807086031883955002e-04
3.807067405432462692e-04
3.807047905866056681e-04
3.807028988376259804e-04
3.807009488809853792e-04
3.806989698205143213e-04
3.806970489677041769e-04
3.806951863225549459e-04
3.806932072620838881e-04
3.806913155131042004e-04
3.806893946602940559e-04
3.806874738074839115e-04
3.806855238508433104e-04
3.806836029980331659e-04
3.806817112490534782e-04
3.806797612924128771e-04
3.806778404396027327e-04
3.806759195867925882e-04
3.806739405263215303e-04
3.806720778811722994e-04
3.806701279245316982e-04
3.806682070717215538e-04
3.806662571150809526e-04
3.806643944699317217e-04
3.806624445132911205e-04
3.806605236604809761e-04
3.806586319115012884e-04
3.806567401625216007e-04
3.806547611020505428e-04
3.806528693530708551e-04
3.806509485002607107e-04
3.806489985436201096e-04
3.806470776908099651e-04
3.806451859418302774e-04
3.806432068813592196e-04
3.806413151323795319e-04
3.806394233833998442e-04
3.806374734267592430e-04
3.806355525739490986e-04
3.806336608249694109e-04
3.806317399721592665e-04
3.806297900155186653e-04
3.806279273703694344e-04
3.806260065175592899e-04
3.806239983532577753e-04
3.806221357081085443e-04
3.806201857514679432e-04
3.806182940024882555e-04
3.806163731496781111e-04
3.806144522968679667e-04
3.806125605478882790e-04
3.806105814874172211e-04
3.806086897384375334e-04
3.806067688856273890e-04
3.806048480328172445e-04
3.806029271800071001e-04
3.806010063271969557e-04
3.805990563705563545e-04
3.805971064139157534e-04
3.805952146649360657e-04
3.805932938121259212e-04
3.805913438554853201e-04
3.805894230026751757e-04
3.805875603575259447e-04
3.805856395047158003e-04
3.805837186519056559e-04
3.805818269029259682e-04
3.805798769462853670e-04
3.805779560934752226e-04
3.805759770330041647e-04
3.805741434916853905e-04
3.805722226388752460e-04
3.805703017860651016e-04
3.805683518294245005e-04
3.805664600804448128e-04
3.805645101238042116e-04
3.805626183748245239e-04
3.805606393143534660e-04
3.805587184615433216e-04
3.805568558163940907e-04
3.805549640674144030e-04
3.805530432146042585e-04
3.805511514656245708e-04
3.805492306128144264e-04
3.805472806561738253e-04
3.805453306995332241e-04
3.805434098467230797e-04
3.805414889939129353e-04
3.805395972449332476e-04
3.805377054959535599e-04
3.805357555393129587e-04
3.805338055826723576e-04
3.805319429375231266e-04
3.805300220847129822e-04
3.805281303357332945e-04
3.805262094829231501e-04
3.805242595262825489e-04
3.805223677773028612e-04
3.805204178206622601e-04
3.805185260716825724e-04
3.805166052188724279e-04
3.805146843660622835e-04
3.805128217209130526e-04
3.805108426604419947e-04
3.805089509114623070e-04
3.805070300586521626e-04
3.805051092058420181e-04
3.805031883530318737e-04
3.805012383963912725e-04
3.804993466474115849e-04
3.804973966907709837e-04
3.804955340456217527e-04
3.804936422966420650e-04
3.804917214438319206e-04
3.804898296948522329e-04
3.804879088420420885e-04
3.804859588854014874e-04
3.804840089287608862e-04
3.804821171797811985e-04
3.804802545346319675e-04
3.804783336818218231e-04
3.804764128290116787e-04
3.804744628723710775e-04
3.804725711233913898e-04
3.804706502705812454e-04
3.804687585216015577e-04
3.804668085649609566e-04
3.804648877121508121e-04
3.804629959631711245e-04
3.804611333180218935e-04
3.804591833613812923e-04
3.804572043009102345e-04
3.804553125519305468e-04
3.804533916991204023e-04
3.804515290539711714e-04
3.804496373049914837e-04
3.804477164521813393e-04
3.804458247032016516e-04
3.804438456427305937e-04
3.804420121014118195e-04
3.804400330409407616e-04
3.804381412919610739e-04
3.804362204391509295e-04
3.804342995863407850e-04
3.804323787335306406e-04
3.804305451922118664e-04
3.804285661317408085e-04
3.804267034865915775e-04
3.804247244261205196e-04
3.804228326771408319e-04
3.804209409281611443e-04
3.804190200753509998e-04
3.804171574302017689e-04
3.804152365773916245e-04
3.804132866207510233e-04
3.804113948717713356e-04
3.804094449151307344e-04
3.804075240623205900e-04
3.804056032095104456e-04
3.804037405643612146e-04
3.804018197115510702e-04
3.803998988587409258e-04
3.803980362135916948e-04
3.803960862569510937e-04
3.803942236118018627e-04
3.803923318628221750e-04
3.803903819061815739e-04
3.803884610533714294e-04
3.803865110967308283e-04
3.803845902439206839e-04
3.803827275987714529e-04
3.803808067459613085e-04
3.803788567893207073e-04
3.803769941441714764e-04
3.803751023951917887e-04
3.803732106462121010e-04
3.803712897934019566e-04
3.803693689405918121e-04
3.803674771916121244e-04
3.803655272349715233e-04
3.803636354859918356e-04
3.803617146331816912e-04
3.803598519880324602e-04
3.803579020313918591e-04
3.803560393862426281e-04
3.803541185334324837e-04
3.803521685767918825e-04
3.803502477239817381e-04
3.803483850788325071e-04
3.803464351221919060e-04
3.803445724770426750e-04
3.803426516242325306e-04
3.803407307714223862e-04
3.803388390224426985e-04
3.803369181696325541e-04
3.803350555244833231e-04
3.803330764640122652e-04
3.803312138188630342e-04
3.803293511737138033e-04
3.803273721132427454e-04
3.803255094680935144e-04
3.803235595114529133e-04
3.803216386586427689e-04
3.803197469096630812e-04
3.803178551606833935e-04
3.803159343078732491e-04
3.803140716627240181e-04
3.803122090175747871e-04
3.803102590609341860e-04
3.803082800004631281e-04
3.803064464591443539e-04
3.803045256063342094e-04
3.803025756496936083e-04
3.803006547968834639e-04
3.802987921517342329e-04
3.802969004027545452e-04
3.802949795499444008e-04
3.802930878009647131e-04
3.802911669481545687e-04
3.802892460953444242e-04
3.802873543463647366e-04
3.802854334935545921e-04
3.802835417445749044e-04
3.802816790994256735e-04
3.802797291427850723e-04
3.802778664976358414e-04
3.802759165409952402e-04
3.802740247920155525e-04
3.802721039392054081e-04
3.802702412940561771e-04
3.802683495450764894e-04
3.802664286922663450e-04
3.802645078394562006e-04
3.802626160904765129e-04
3.802606952376663685e-04
3.802588325925171375e-04
3.802569117397069931e-04
3.802549908868968487e-04
3.802530991379171610e-04
3.802512073889374733e-04
3.802493156399577856e-04
3.802473656833171844e-04
3.802454739343374968e-04
3.802435821853578091e-04
3.802417195402085781e-04
3.802397404797375202e-04
3.802378778345882893e-04
3.802359569817781448e-04
3.802340943366289139e-04
3.802321443799883127e-04
3.802302526310086250e-04
3.802283317781984806e-04
3.802264691330492496e-04
3.802245482802391052e-04
3.802225983235985041e-04
3.802207356784492731e-04
3.802188730333000422e-04
3.802169230766594410e-04
3.802150604315102100e-04
3.802131395787000656e-04
3.802112187258899212e-04
3.802093269769102335e-04
3.802074061241000891e-04
3.802055434789508581e-04
3.802035935223102570e-04
3.802017308771610260e-04
3.801998973358422518e-04
3.801979182753711939e-04
3.801960556302219629e-04
3.801941347774118185e-04
3.801922721322625875e-04
3.801903803832828999e-04
3.801884304266422987e-04
3.801865386776626110e-04
3.801845887210220098e-04
3.801826969720423222e-04
3.801808343268930912e-04
3.801789425779134035e-04
3.801770217251032591e-04
3.801751299761235714e-04
3.801732673309743404e-04
3.801713464781641960e-04
3.801694256253540516e-04
3.801675629802048206e-04
3.801656130235642195e-04
3.801637794822454453e-04
3.801618586294353008e-04
3.801599377766251564e-04
3.801580460276454687e-04
3.801561251748353243e-04
3.801542334258556366e-04
3.801522834692150354e-04
3.801504208240658045e-04
3.801485581789165735e-04
3.801466082222759724e-04
3.801446873694658279e-04
3.801427956204861403e-04
3.801409329753369093e-04
3.801390121225267649e-04
3.801371203735470772e-04
3.801351995207369328e-04
3.801333077717572451e-04
3.801314160227775574e-04
3.801295242737978697e-04
3.801276325248181820e-04
3.801257698796689510e-04
3.801238199230283499e-04
3.801219572778791189e-04
3.801200364250689745e-04
3.801181446760892868e-04
3.801162820309400558e-04
3.801143029704689980e-04
3.801124694291502237e-04
3.801105485763400793e-04
3.801086568273603916e-04
3.801067650783807039e-04
3.801049024332314730e-04
3.801029524765908718e-04
