5.809151916764676571e-04
5.809132708236575127e-04
5.809113499708473682e-04
5.809093709103763103e-04
5.809074500575661659e-04
5.809055292047560215e-04
5.809036083519458771e-04
5.809017457067966461e-04
5.808997084386646748e-04
5.808977875858545303e-04
5.808958085253834724e-04
5.808938876725733280e-04
5.808919668197631836e-04
5.808901041746139526e-04
5.808881251141428947e-04
5.808861460536718369e-04
5.808842834085226059e-04
5.808823625557124615e-04
5.808803834952414036e-04
5.808784626424312592e-04
5.808765417896211147e-04
5.808746209368109703e-04
5.808726418763399124e-04
5.808707210235297680e-04
5.808687419630587101e-04
5.808668793179094791e-04
5.808649002574384212e-04
5.808629794046282768e-04
5.808610003441572189e-04
5.808590794913470745e-04
5.808571004308760166e-04
5.808552377857267857e-04
5.808533751405775547e-04
5.808513378724455833e-04
5.808494170196354389e-04
5.808474379591643810e-04
5.808455753140151501e-04
5.808435962535440922e-04
5.808417336083948612e-04
5.808397545479238033e-04
5.808378336951136589e-04
5.808359128423035145e-04
5.808339337818324566e-04
5.808320129290223122e-04
5.808300920762121677e-04
5.808281712234020233e-04
5.808261921629309654e-04
5.808243877254426479e-04
5.808224086649715900e-04
5.808204878121614456e-04
5.808185669593513012e-04
5.808165878988802433e-04
5.808147252537310123e-04
5.808128626085817814e-04
5.808108253404498100e-04
5.808089044876396656e-04
5.808069254271686077e-04
5.808051209896802902e-04
5.808030837215483189e-04
5.808012210763990879e-04
5.807992420159280300e-04
5.807973211631178856e-04
5.807954003103077412e-04
5.807934794574975967e-04
5.807915586046874523e-04
5.807895795442163944e-04
5.807876586914062500e-04
5.807857378385961056e-04
5.807838169857859612e-04
5.807818961329758167e-04
5.807798588648438454e-04
5.807780544273555279e-04
5.807760753668844700e-04
5.807741545140743256e-04
5.807722336612641811e-04
5.807703128084540367e-04
5.807683337479829788e-04
5.807664711028337479e-04
5.807644920423626900e-04
5.807626876048743725e-04
5.807606503367424011e-04
5.807587876915931702e-04
5.807568668387830257e-04
5.807548295706510544e-04
5.807529669255018234e-04
5.807510460726916790e-04
5.807491252198815346e-04
5.807471461594104767e-04
5.807452253066003323e-04
5.807433044537901878e-04
5.807413836009800434e-04
5.807395209558308125e-04
5.807374836876988411e-04
5.807355628348886967e-04
5.807337001897394657e-04
5.807317211292684078e-04
5.807298584841191769e-04
5.807279376313090324e-04
5.807260167784988880e-04
5.807240377180278301e-04
5.807221168652176857e-04
5.807201960124075413e-04
5.807183915749192238e-04
5.807164125144481659e-04
5.807144334539771080e-04
5.807125126011669636e-04
5.807105335406959057e-04
5.807086708955466747e-04
5.807068082503974438e-04
5.807048291899263859e-04
5.807028501294553280e-04
5.807009874843060970e-04
5.806990666314959526e-04
5.806971457786858082e-04
5.806951085105538368e-04
5.806932458654046059e-04
5.806913250125944614e-04
5.806894041597843170e-04
5.806875415146350861e-04
5.806855624541640282e-04
5.806836416013538837e-04
5.806817207485437393e-04
5.806797998957335949e-04
5.806778790429234505e-04
5.806759581901133060e-04
5.806740373373031616e-04
5.806720582768321037e-04
5.806701374240219593e-04
5.806682747788727283e-04
5.806662375107407570e-04
5.806644330732524395e-04
5.806625122204422951e-04
5.806605331599712372e-04
5.806585540995001793e-04
5.806566332466900349e-04
5.806548288092017174e-04
5.806529079563915730e-04
5.806509288959205151e-04
5.806490080431103706e-04
5.806470289826393127e-04
5.806451663374900818e-04
5.806432454846799374e-04
5.806412664242088795e-04
5.806394037790596485e-04
5.806374829262495041e-04
5.806355038657784462e-04
5.806336412206292152e-04
5.806316621601581573e-04
5.806297995150089264e-04
5.806278204545378685e-04
5.806259578093886375e-04
5.806240369565784931e-04
5.806221743114292622e-04
5.806201952509582043e-04
5.806182743981480598e-04
5.806163535453379154e-04
5.806144909001886845e-04
5.806124536320567131e-04
5.806105909869074821e-04
5.806086701340973377e-04
5.806067492812871933e-04
5.806047702208161354e-04
5.806029075756669044e-04
5.806009285151958466e-04
5.805990658700466156e-04
5.805970868095755577e-04
5.805952241644263268e-04
5.805933033116161823e-04
5.805913824588060379e-04
5.805894033983349800e-04
5.805875989608466625e-04
5.805856199003756046e-04
5.805836990475654602e-04
5.805817199870944023e-04
5.805797991342842579e-04
5.805778782814741135e-04
5.805760156363248825e-04
5.805740365758538246e-04
5.805721157230436802e-04
5.805701948702335358e-04
5.805683322250843048e-04
5.805663531646132469e-04
5.805644323118031025e-04
5.805625696666538715e-04
5.805605906061828136e-04
5.805587279610335827e-04
5.805567489005625248e-04
5.805548862554132938e-04
5.805529654026031494e-04
5.805510445497930050e-04
5.805491236969828606e-04
5.805471446365118027e-04
5.805453401990234852e-04
5.805434193462133408e-04
5.805414402857422829e-04
5.805395776405930519e-04
5.805375985801219940e-04
5.805356777273118496e-04
5.805337568745017052e-04
5.805317778140306473e-04
5.805299733765423298e-04
5.805279943160712719e-04
5.805261316709220409e-04
5.805242690257728100e-04
5.805222317576408386e-04
5.805203691124916077e-04
5.805185064673423767e-04
5.805165274068713188e-04
5.805146065540611744e-04
5.805126857012510300e-04
5.805108230561017990e-04
5.805089022032916546e-04
5.805069813504815102e-04
5.805050604976713657e-04
5.805031396448612213e-04
5.805012769997119904e-04
5.804992979392409325e-04
5.804973770864307880e-04
5.804955144412815571e-04
5.804935353808104992e-04
5.804916145280003548e-04
5.804897518828511238e-04
5.804878310300409794e-04
5.804857937619090080e-04
5.804839893244206905e-04
5.804821266792714596e-04
5.804800894111394882e-04
5.804781685583293438e-04
5.804763059131801128e-04
5.804743850603699684e-04
5.804725224152207375e-04
5.804705433547496796e-04
5.804686807096004486e-04
5.804667016491293907e-04
5.804647225886583328e-04
5.804629181511700153e-04
5.804609972983598709e-04
5.804590182378888130e-04
5.804570973850786686e-04
5.804552347399294376e-04
5.804533138871192932e-04
5.804513930343091488e-04
5.804495303891599178e-04
5.804475513286888599e-04
5.804457468912005424e-04
5.804437678307294846e-04
5.804418469779193401e-04
5.804399261251091957e-04
5.804380634799599648e-04
5.804360844194889069e-04
5.804341053590178490e-04
5.804323009215295315e-04
5.804303800687193871e-04
5.804285174235701561e-04
5.804264801554381847e-04
5.804246175102889538e-04
5.804226966574788094e-04
5.804207758046686649e-04
5.804188549518585205e-04
5.804169923067092896e-04
5.804151296615600586e-04
5.804132088087499142e-04
5.804112297482788563e-04
5.804092506878077984e-04
5.804072716273367405e-04
5.804054671898484230e-04
5.804036045446991920e-04
5.804016254842281342e-04
5.803998210467398167e-04
5.803977837786078453e-04
5.803959793411195278e-04
5.803940584883093834e-04
5.803920794278383255e-04
5.803901585750281811e-04
5.803882377222180367e-04
5.803863750770688057e-04
5.803843378089368343e-04
5.803825333714485168e-04
5.803806125186383724e-04
5.803786334581673145e-04
5.803768290206789970e-04
5.803749081678688526e-04
5.803729873150587082e-04
5.803710082545876503e-04
5.803691456094384193e-04
5.803672247566282749e-04
5.803653621114790440e-04
5.803633830510079861e-04
5.803615786135196686e-04
5.803596577607095242e-04
5.803576204925775528e-04
5.803557578474283218e-04
5.803538369946181774e-04
5.803520325571298599e-04
5.803501117043197155e-04
5.803481326438486576e-04
5.803462699986994267e-04
5.803444073535501957e-04
5.803424282930791378e-04
5.803405656479299068e-04
5.803385865874588490e-04
5.803366657346487045e-04
5.803348612971603870e-04
5.803328822366893291e-04
5.803309613838791847e-04
5.803290987387299538e-04
5.803271196782588959e-04
5.803251988254487514e-04
5.803233361802995205e-04
5.803214735351502895e-04
5.803195526823401451e-04
5.803176318295300007e-04
5.803157691843807697e-04
5.803137901239097118e-04
5.803119274787604809e-04
5.803100066259503365e-04
5.803081439808011055e-04
5.803061649203300476e-04
5.803042440675199032e-04
5.803023814223706722e-04
5.803004023618996143e-04
5.802985397167503834e-04
5.802967352792620659e-04
5.802946980111300945e-04
5.802928935736417770e-04
5.802909145131707191e-04
5.802889936603605747e-04
5.802871310152113438e-04
5.802851519547402859e-04
5.802833475172519684e-04
5.802813684567809105e-04
5.802795640192925930e-04
5.802775267511606216e-04
5.802756058983504772e-04
5.802737432532012463e-04
5.802718224003911018e-04
5.802700179629027843e-04
5.802680389024317265e-04
5.802661762572824955e-04
5.802642554044723511e-04
5.802623345516622066e-04
5.802603554911911488e-04
5.802584928460419178e-04
5.802565719932317734e-04
5.802547675557434559e-04
5.802527884952723980e-04
5.802509258501231670e-04
5.802490049973130226e-04
5.802471423521637917e-04
5.802451050840318203e-04
5.802431842312216759e-04
5.802413797937333584e-04
5.802394589409232140e-04
5.802375380881130695e-04
5.802356754429638386e-04
5.802338127978146076e-04
5.802318337373435497e-04
5.802298546768724918e-04
5.802280502393841743e-04
5.802261293865740299e-04
5.802242085337638855e-04
5.802223458886146545e-04
5.802204250358045101e-04
5.802185041829943657e-04
5.802166415378451347e-04
5.802147788926959038e-04
5.802127998322248459e-04
5.802108789794147015e-04
5.802089581266045570e-04
5.802071536891162395e-04
5.802051746286451817e-04
5.802033119834959507e-04
5.802014493383467197e-04
5.801995284855365753e-04
5.801975494250655174e-04
5.801956867799162865e-04
5.801938823424279690e-04
5.801919614896178246e-04
5.801899824291467667e-04
5.801880615763366222e-04
5.801861989311873913e-04
5.801842780783772469e-04
5.801824154332280159e-04
5.801804945804178715e-04
5.801785155199468136e-04
5.801766528747975826e-04
5.801747320219874382e-04
5.801729275844991207e-04
5.801708903163671494e-04
5.801690858788788319e-04
5.801672232337296009e-04
5.801651859655976295e-04
5.801633233204483986e-04
5.801615770906209946e-04
5.801595398224890232e-04
5.801576189696788788e-04
5.801557563245296478e-04
5.801538354717195034e-04
5.801519146189093590e-04
5.801500519737601280e-04
5.801482475362718105e-04
5.801462102681398392e-04
5.801442894153296947e-04
5.801424267701804638e-04
5.801405059173703194e-04
5.801387014798820019e-04
5.801367806270718575e-04
5.801348597742617130e-04
5.801329389214515686e-04
5.801310762763023376e-04
5.801291554234921932e-04
5.801273509860038757e-04
5.801253137178719044e-04
5.801234510727226734e-04
5.801215884275734425e-04
5.801196675747632980e-04
5.801178049296140671e-04
5.801157676614820957e-04
5.801139632239937782e-04
5.801121587865054607e-04
5.801101797260344028e-04
5.801082588732242584e-04
5.801063380204141140e-04
5.801044753752648830e-04
5.801025545224547386e-04
5.801007500849664211e-04
5.800987128168344498e-04
5.800968501716852188e-04
5.800949875265359879e-04
5.800931248813867569e-04
5.800912040285766125e-04
5.800893413834273815e-04
5.800873623229563236e-04
5.800854996778070927e-04
5.800836370326578617e-04
5.800817743875086308e-04
5.800797953270375729e-04
5.800778744742274284e-04
5.800760118290781975e-04
5.800741491839289665e-04
5.800722283311188221e-04
5.800703074783086777e-04
5.800685030408203602e-04
5.800664657726883888e-04
5.800646031275391579e-04
5.800627986900508404e-04
5.800608778372406960e-04
5.800588987767696381e-04
5.800570361316204071e-04
5.800551152788102627e-04
5.800532526336610317e-04
5.800513899885118008e-04
5.800494109280407429e-04
5.800476064905524254e-04
5.800456856377422810e-04
5.800438229925930500e-04
5.800419021397829056e-04
5.800399812869727612e-04
5.800380604341626167e-04
5.800361395813524723e-04
5.800342769362032413e-04
5.800324724987149239e-04
5.800304934382438660e-04
5.800285725854337215e-04
5.800267099402844906e-04
5.800247890874743462e-04
5.800229264423251152e-04
5.800210637971758842e-04
5.800192011520266533e-04
5.800172802992165089e-04
5.800153594464063644e-04
5.800135550089180470e-04
5.800115759484469891e-04
5.800097715109586716e-04
5.800077924504876137e-04
5.800059298053383827e-04
5.800040089525282383e-04
5.800020880997180939e-04
5.800001672469079494e-04
5.799983046017587185e-04
5.799963255412876606e-04
5.799945793114602566e-04
5.799926002509891987e-04
5.799907958135008812e-04
5.799887585453689098e-04
5.799869541078805923e-04
5.799850332550704479e-04
5.799831124022603035e-04
5.799813079647719860e-04
5.799794453196227551e-04
5.799774662591516972e-04
5.799756036140024662e-04
5.799736827611923218e-04
5.799717619083821774e-04
5.799698992632329464e-04
5.799680366180837154e-04
5.799661739729344845e-04
5.799642531201243401e-04
5.799623322673141956e-04
5.799604696221649647e-04
