3.792935749515891075e-04
3.792916832026094198e-04
3.792898205574601889e-04
3.792878997046500444e-04
3.792859497480094433e-04
3.792840871028602123e-04
3.792821953538805246e-04
3.792802745010703802e-04
3.792783827520906925e-04
3.792764327954500914e-04
3.792745701503008604e-04
3.792725910898298025e-04
3.792706993408501148e-04
3.792687784880399704e-04
3.792669158428907394e-04
3.792649949900805950e-04
3.792631032411009073e-04
3.792612114921212196e-04
3.792592906393110752e-04
3.792574279941618443e-04
3.792554780375212431e-04
3.792535862885415554e-04
3.792517236433923244e-04
3.792497445829212666e-04
3.792478528339415789e-04
3.792459610849618912e-04
3.792440693359822035e-04
3.792421484831720591e-04
3.792402858380228281e-04
3.792383940890431404e-04
3.792364150285720825e-04
3.792344941757619381e-04
3.792326315306127071e-04
3.792307397816330194e-04
3.792288189288228750e-04
3.792269271798431873e-04
3.792250063270330429e-04
3.792231436818838120e-04
3.792212519329041243e-04
3.792193310800939798e-04
3.792173811234533787e-04
3.792154893744736910e-04
3.792135685216635466e-04
3.792116767726838589e-04
3.792098141275346279e-04
3.792078641708940268e-04
3.792059724219143391e-04
3.792040224652737379e-04
3.792021889239549637e-04
3.792003262788057327e-04
3.791983472183346748e-04
3.791965136770159006e-04
3.791945637203752995e-04
3.791926719713956118e-04
3.791907802224159241e-04
3.791888302657753229e-04
3.791869385167956352e-04
3.791850467678159475e-04
3.791830968111753464e-04
3.791812341660261154e-04
3.791793424170464277e-04
3.791774506680667400e-04
3.791755298152565956e-04
3.791736671701073647e-04
3.791717463172972202e-04
3.791698836721479893e-04
3.791679337155073881e-04
3.791660419665277004e-04
3.791640920098870993e-04
3.791622293647378683e-04
3.791603667195886374e-04
3.791584749706089497e-04
3.791565541177988052e-04
3.791546332649886608e-04
3.791527706198394299e-04
3.791508788708597422e-04
3.791488998103886843e-04
3.791470662690699100e-04
3.791451454162597656e-04
3.791432245634496212e-04
3.791412746068090200e-04
3.791394119616597891e-04
3.791375202126801014e-04
3.791356284637004137e-04
3.791337076108902693e-04
3.791318449657410383e-04
3.791299823205918074e-04
3.791280323639512062e-04
3.791260824073106050e-04
3.791242488659918308e-04
3.791223862208425999e-04
3.791204071603715420e-04
3.791185445152223110e-04
3.791166236624121666e-04
3.791147028096020222e-04
3.791128110606223345e-04
3.791109193116426468e-04
3.791090566664934158e-04
3.791071358136832714e-04
3.791052440647035837e-04
3.791033814195543528e-04
3.791014605667442083e-04
3.790995688177645206e-04
3.790976770687848330e-04
3.790957271121442318e-04
3.790938062593340874e-04
3.790919436141848564e-04
3.790900809690356255e-04
3.790881019085645676e-04
3.790862392634153366e-04
3.790843475144356489e-04
3.790824557654559612e-04
3.790805349126458168e-04
3.790786722674965858e-04
3.790767805185168982e-04
3.790748596657067537e-04
3.790729388128966093e-04
3.790711052715778351e-04
3.790691553149372339e-04
3.790672635659575462e-04
3.790654009208083153e-04
3.790634509641677141e-04
3.790615592151880264e-04
3.790596965700387955e-04
3.790577757172286510e-04
3.790558839682489634e-04
3.790539631154388189e-04
3.790520713664591312e-04
3.790502087213099003e-04
3.790482878684997559e-04
3.790463961195200682e-04
3.790444461628794670e-04
3.790426126215606928e-04
3.790407499764114618e-04
3.790388000197708607e-04
3.790369373746216297e-04
3.790350456256419420e-04
3.790330956690013409e-04
3.790312330238521099e-04
3.790293121710419655e-04
3.790274204220622778e-04
3.790255577769130468e-04
3.790236951317638159e-04
3.790217742789536715e-04
3.790198243223130703e-04
3.790180198848247528e-04
3.790160699281841516e-04
3.790141490753740072e-04
3.790123155340552330e-04
3.790104528889060020e-04
3.790085320360958576e-04
3.790066111832857132e-04
3.790046903304755688e-04
3.790027985814958811e-04
3.790009359363466501e-04
3.789990441873669624e-04
3.789971233345568180e-04
3.789952315855771303e-04
3.789933107327669859e-04
3.789914480876177549e-04
3.789894690271466970e-04
3.789876354858279228e-04
3.789857728406786919e-04
3.789839101955294609e-04
3.789819602388888597e-04
3.789800684899091721e-04
3.789781767409294844e-04
3.789762849919497967e-04
3.789743932429701090e-04
3.789725014939904213e-04
3.789706097450107336e-04
3.789687179960310459e-04
3.789668262470513582e-04
3.789649927057325840e-04
3.789631009567528963e-04
3.789611510001122952e-04
3.789592010434716940e-04
3.789574257098138332e-04
3.789554757531732321e-04
3.789536131080240011e-04
3.789517504628747702e-04
3.789498296100646257e-04
3.789479378610849380e-04
3.789460752159357071e-04
3.789441543631255627e-04
3.789422044064849615e-04
3.789403999689966440e-04
3.789384500123560429e-04
3.789365873672068119e-04
3.789347247220575809e-04
3.789328038692474365e-04
3.789308830164372921e-04
3.789290203712880611e-04
3.789271577261388302e-04
3.789252659771591425e-04
3.789232869166880846e-04
3.789214533753693104e-04
3.789195616263896227e-04
3.789176989812403917e-04
3.789157781284302473e-04
3.789139154832810163e-04
3.789119655266404152e-04
3.789101610891520977e-04
3.789082402363419533e-04
3.789063484873622656e-04
3.789044276345521212e-04
3.789025649894028902e-04
3.789006732404232025e-04
3.788987523876130581e-04
3.788968897424638271e-04
3.788949688896536827e-04
3.788931353483349085e-04
3.788912435993552208e-04
3.788892936427146196e-04
3.788874601013958454e-04
3.788855683524161577e-04
3.788836183957755566e-04
3.788817557506263256e-04
3.788798931054770947e-04
3.788780595641583204e-04
3.788761969190090895e-04
3.788742469623684883e-04
3.788722970057278872e-04
3.788704052567481995e-04
3.788685426115989685e-04
3.788667090702801943e-04
3.788647882174700499e-04
3.788628964684903622e-04
3.788610338233411312e-04
3.788591129705309868e-04
3.788572503253817558e-04
3.788553585764020681e-04
3.788534668274223804e-04
3.788515459746122360e-04
3.788496833294630051e-04
3.788477915804833174e-04
3.788458707276731730e-04
3.788440371863543987e-04
3.788422036450356245e-04
3.788402245845645666e-04
3.788383037317544222e-04
3.788364410866051912e-04
3.788345784414559603e-04
3.788326866924762726e-04
3.788308531511574984e-04
3.788289614021778107e-04
3.788270696531981230e-04
3.788251779042184353e-04
3.788232861552387476e-04
3.788213944062590599e-04
3.788194735534489155e-04
3.788176109082996845e-04
3.788157482631504536e-04
3.788138856180012226e-04
3.788120229728519917e-04
3.788101312238723040e-04
3.788082394748926163e-04
3.788062895182520151e-04
3.788043686654418707e-04
3.788025351241230965e-04
3.788006433751434088e-04
3.787987225223332644e-04
3.787968889810144901e-04
3.787949681282043457e-04
3.787931345868855715e-04
3.787912137340754271e-04
3.787892928812652826e-04
3.787874593399465084e-04
3.787855675909668207e-04
3.787836758419871330e-04
3.787817840930074453e-04
3.787799214478582144e-04
3.787780879065394402e-04
3.787761961575597525e-04
3.787742170970886946e-04
3.787724126596003771e-04
3.787705500144511461e-04
3.787686291616410017e-04
3.787667665164917707e-04
3.787648456636816263e-04
3.787629539147019386e-04
3.787611203733831644e-04
3.787592286244034767e-04
3.787573077715933323e-04
3.787555324379354715e-04
3.787535533774644136e-04
3.787516616284847260e-04
3.787498571909964085e-04
3.787479072343558073e-04
3.787460445892065763e-04
3.787441237363964319e-04
3.787422610912472010e-04
3.787403402384370565e-04
3.787385358009487391e-04
3.787366731557995081e-04
3.787347231991589069e-04
3.787328896578401327e-04
3.787310270126909018e-04
3.787291061598807573e-04
3.787272435147315264e-04
3.787253517657518387e-04
3.787234891206026077e-04
3.787215682677924633e-04
3.787196765188127756e-04
3.787178138736635447e-04
3.787159512285143137e-04
3.787140303757041693e-04
3.787121968343853951e-04
3.787103050854057074e-04
3.787084133364260197e-04
3.787064924836158752e-04
3.787046298384666443e-04
3.787027380894869566e-04
3.787008754443377256e-04
3.786990419030189514e-04
3.786970919463783503e-04
3.786952875088900328e-04
3.786933957599103451e-04
3.786915040109306574e-04
3.786895831581205130e-04
3.786878078244626522e-04
3.786858578678220510e-04
3.786839370150119066e-04
3.786821325775235891e-04
3.786802117247134447e-04
3.786783490795642138e-04
3.786764573305845261e-04
3.786745655816048384e-04
3.786726738326251507e-04
3.786708693951368332e-04
3.786689485423266888e-04
3.786670858971774578e-04
3.786651650443673134e-04
3.786633023992180824e-04
3.786614979617297649e-04
3.786595480050891638e-04
3.786576853599399328e-04
3.786558227147907019e-04
3.786539018619805574e-04
3.786520392168313265e-04
3.786501765716820955e-04
3.786482848227024078e-04
3.786464221775531769e-04
3.786445013247430325e-04
3.786426677834242582e-04
3.786407760344445705e-04
3.786389133892953396e-04
3.786370507441461086e-04
3.786351298913359642e-04
3.786332963500171900e-04
3.786313463933765888e-04
3.786294837482273579e-04
3.786276793107390404e-04
3.786257584579288960e-04
3.786238667089492083e-04
3.786220040637999773e-04
3.786201123148202896e-04
3.786182496696710587e-04
3.786164161283522844e-04
3.786145243793725967e-04
3.786126035265624523e-04
3.786107408814132214e-04
3.786088491324335337e-04
3.786069864872843027e-04
3.786051820497959852e-04
3.786032320931553841e-04
3.786013694480061531e-04
3.785995068028569221e-04
3.785976441577076912e-04
3.785957524087280035e-04
3.785938606597483158e-04
3.785920271184295416e-04
3.785901353694498539e-04
3.785882436204701662e-04
3.785863809753209352e-04
3.785844892263412476e-04
3.785826556850224733e-04
3.785807057283818722e-04
3.785788721870630980e-04
3.785769804380834103e-04
3.785751468967646360e-04
3.785732842516154051e-04
3.785713925026357174e-04
3.785695007536560297e-04
3.785676381085067987e-04
3.785657754633575678e-04
3.785639419220387936e-04
3.785620210692286491e-04
3.785601002164185047e-04
3.785582957789301872e-04
3.785564622376114130e-04
3.785545704886317253e-04
3.785527369473129511e-04
3.785507578868418932e-04
3.785489534493535757e-04
3.785470617003738880e-04
3.785451408475637436e-04
3.785433073062449694e-04
3.785415028687566519e-04
3.785395820159465075e-04
3.785376902669668198e-04
3.785358858294785023e-04
3.785339067690074444e-04
3.785320732276886702e-04
3.785302105825394392e-04
3.785283188335597515e-04
3.785264852922409773e-04
3.785245935432612896e-04
3.785227017942816019e-04
3.785208682529628277e-04
3.785190347116440535e-04
3.785171429626643658e-04
3.785152512136846781e-04
3.785133885685354471e-04
3.785114386118948460e-04
3.785096341744065285e-04
3.785078006330877542e-04
3.785059088841080666e-04
3.785040462389588356e-04
3.785022126976400614e-04
3.785002627409994602e-04
3.784984583035111427e-04
3.784965374507009983e-04
3.784946457017213106e-04
3.784928121604025364e-04
3.784908913075923920e-04
3.784890577662736177e-04
3.784871951211243868e-04
3.784853906836360693e-04
3.784834698308259249e-04
3.784816071856766939e-04
3.784797445405274630e-04
3.784778527915477753e-04
3.784759901463985443e-04
3.784741275012493134e-04
3.784721775446087122e-04
3.784703731071203947e-04
3.784685686696320772e-04
3.784666478168219328e-04
3.784647560678422451e-04
3.784629225265234709e-04
3.784610307775437832e-04
3.784591390285640955e-04
3.784573054872453213e-04
3.784554428420960903e-04
3.784535801969468594e-04
3.784517175517976284e-04
3.784498549066483974e-04
3.784479631576687098e-04
3.784460423048585653e-04
3.784442087635397911e-04
3.784423752222210169e-04
3.784404834732413292e-04
3.784386499319225550e-04
3.784368163906037807e-04
3.784348955377936363e-04
3.784330328926444054e-04
3.784311702474951744e-04
3.784292784985154867e-04
3.784274158533662558e-04
3.784255532082170248e-04
3.784236905630677938e-04
3.784218570217490196e-04
3.784200525842607021e-04
3.784181026276201010e-04
3.784162399824708700e-04
3.784143482334911823e-04
3.784125437960028648e-04
3.784106229431927204e-04
3.784087602980434895e-04
3.784069267567247152e-04
3.784050350077450275e-04
3.784031723625957966e-04
3.784013388212770224e-04
3.783993888646364212e-04
3.783975553233176470e-04
3.783956926781684160e-04
3.783937718253582716e-04
3.783919964917004108e-04
3.783901338465511799e-04
3.783882712014019489e-04
3.783864085562527180e-04
3.783845459111034870e-04
3.783826541621237993e-04
3.783807624131441116e-04
3.783789288718253374e-04
3.783770662266761065e-04
3.783752035815268755e-04
3.783732827287167311e-04
3.783714782912284136e-04
3.783696156460791826e-04
3.783677530009299517e-04
3.783658612519502640e-04
3.783639986068010330e-04
3.783621650654822588e-04
3.783603315241634846e-04
3.783584397751837969e-04
3.783565480262041092e-04
3.783546853810548782e-04
3.783528518397361040e-04
