4.820515168830752373e-04
4.820493631996214390e-04
4.820473550353199244e-04
4.820452595595270395e-04
4.820431349799036980e-04
4.820410686079412699e-04
4.820389149244874716e-04
4.820368194486945868e-04
4.820347239729017019e-04
4.820326867047697306e-04
4.820306203328073025e-04
4.820285248570144176e-04
4.820264293812215328e-04
4.820243339054286480e-04
4.820222384296357632e-04
4.820202884729951620e-04
4.820180765818804502e-04
4.820160393137484789e-04
4.820139438379555941e-04
4.820118483621627092e-04
4.820096946787089109e-04
4.820076574105769396e-04
4.820055910386145115e-04
4.820034373551607132e-04
4.820013418793678284e-04
4.819993046112358570e-04
4.819972382392734289e-04
4.819951136596500874e-04
4.819930472876876593e-04
4.819910100195556879e-04
4.819890018552541733e-04
4.819869063794612885e-04
4.819846653845161200e-04
4.819826572202146053e-04
4.819805035367608070e-04
4.819785244762897491e-04
4.819763707928359509e-04
4.819743044208735228e-04
4.819722089450806379e-04
4.819701716769486666e-04
4.819681053049862385e-04
4.819660680368542671e-04
4.819639143534004688e-04
4.819618188776075840e-04
4.819597816094756126e-04
4.819575697183609009e-04
4.819555324502289295e-04
4.819534369744360447e-04
4.819514288101345301e-04
4.819492751266807318e-04
4.819471796508878469e-04
4.819452296942472458e-04
4.819431342184543610e-04
4.819409514311701059e-04
4.819389432668685913e-04
4.819368477910757065e-04
4.819347523152828217e-04
4.819326277356594801e-04
4.819305031560361385e-04
4.819284949917346239e-04
4.819264286197721958e-04
4.819243331439793110e-04
4.819222376681864262e-04
4.819202004000544548e-04
4.819181049242615700e-04
4.819160385522991419e-04
4.819140012841671705e-04
4.819119058083742857e-04
4.819098394364118576e-04
4.819076566491276026e-04
4.819055902771651745e-04
4.819034656975418329e-04
4.819015157409012318e-04
4.818993620574474335e-04
4.818972665816545486e-04
4.818952584173530340e-04
4.818931629415601492e-04
4.818910674657672644e-04
4.818890593014657497e-04
4.818869638256728649e-04
4.818848974537104368e-04
4.818827146664261818e-04
4.818806773982942104e-04
4.818785528186708689e-04
4.818765155505388975e-04
4.818743327632546425e-04
4.818722663912922144e-04
4.818702291231602430e-04
4.818682209588587284e-04
4.818661254830658436e-04
4.818640300072729588e-04
4.818619345314800739e-04
4.818599263671785593e-04
4.818578308913856745e-04
4.818557645194232464e-04
4.818536399397999048e-04
4.818515735678374767e-04
4.818495362997055054e-04
4.818473826162517071e-04
4.818453453481197357e-04
4.818432207684963942e-04
4.818411252927035093e-04
4.818390880245715380e-04
4.818370216526091099e-04
4.818349261768162251e-04
4.818328889086842537e-04
4.818307934328913689e-04
4.818287270609289408e-04
4.818266315851360559e-04
4.818245361093431711e-04
4.818224988412111998e-04
4.818204906769096851e-04
4.818183952011168003e-04
4.818162997253239155e-04
4.818142042495310307e-04
4.818121087737381458e-04
4.818101006094366312e-04
4.818080051336437464e-04
4.818059969693422318e-04
4.818038432858884335e-04
4.818017478100955486e-04
4.817996523343026638e-04
4.817977023776620626e-04
4.817955486942082644e-04
4.817934532184153795e-04
4.817913868464529514e-04
4.817892913706600666e-04
4.817872541025280952e-04
4.817851877305656672e-04
4.817831504624336958e-04
4.817810549866408110e-04
4.817789886146783829e-04
4.817768058273941278e-04
4.817747685592621565e-04
4.817728186026215553e-04
4.817706649191677570e-04
4.817685694433748722e-04
4.817665030714124441e-04
4.817644658032804728e-04
4.817623994313180447e-04
4.817603621631860733e-04
4.817582666873931885e-04
4.817561712116003036e-04
4.817541048396378756e-04
4.817520966753363609e-04
4.817500594072043896e-04
4.817479639314115047e-04
4.817458102479577065e-04
4.817437147721648216e-04
4.817416192963719368e-04
4.817396693397313356e-04
4.817375738639384508e-04
4.817355074919760227e-04
4.817333829123526812e-04
4.817313165403902531e-04
4.817293083760887384e-04
4.817271837964653969e-04
4.817251756321638823e-04
4.817230801563709974e-04
4.817210137844085693e-04
4.817189765162765980e-04
4.817169101443141699e-04
4.817147855646908283e-04
4.817127774003893137e-04
4.817106819245964289e-04
4.817086155526340008e-04
4.817065782845020294e-04
4.817043663933873177e-04
4.817024164367467165e-04
4.817002918571233749e-04
4.816982254851609468e-04
4.816961882170289755e-04
4.816941218450665474e-04
4.816920263692736626e-04
4.816899891011416912e-04
4.816878936253488064e-04
4.816858272533863783e-04
4.816837899852544069e-04
4.816816945094615221e-04
4.816796863451600075e-04
4.816775908693671227e-04
4.816755244974046946e-04
4.816733417101204395e-04
4.816713917534798384e-04
4.816692962776869535e-04
4.816672299057245255e-04
4.816651926375925541e-04
4.816630971617996693e-04
4.816609434783458710e-04
4.816589353140443563e-04
4.816569271497428417e-04
4.816548316739499569e-04
4.816527944058179855e-04
4.816507280338555574e-04
4.816486907657235861e-04
4.816464788746088743e-04
4.816444416064769030e-04
4.816423752345144749e-04
4.816403961740434170e-04
4.816383006982505322e-04
4.816362343262881041e-04
4.816341970581561327e-04
4.816321306861937046e-04
4.816300934180617332e-04
4.816279979422688484e-04
4.816259315703064203e-04
4.816238943021744490e-04
4.816218279302120209e-04
4.816197324544191360e-04
4.816176951862871647e-04
4.816155997104942799e-04
4.816135915461927652e-04
4.816115251742303371e-04
4.816094296984374523e-04
4.816073342226445675e-04
4.816053260583430529e-04
4.816032014787197113e-04
4.816011351067572832e-04
4.815990978386253119e-04
4.815970023628324270e-04
4.815949359908699989e-04
4.815929278265684843e-04
4.815908323507755995e-04
4.815887368749827147e-04
4.815866996068507433e-04
4.815846914425492287e-04
4.815825959667563438e-04
4.815805295947939157e-04
4.815785505343228579e-04
4.815764550585299730e-04
4.815743304789066315e-04
4.815722932107746601e-04
4.815701977349817753e-04
4.815681895706802607e-04
4.815661814063787460e-04
4.815640859305858612e-04
4.815619904547929764e-04
4.815599531866610050e-04
4.815578868146985769e-04
4.815558495465666056e-04
4.815537540707737207e-04
4.815517459064722061e-04
4.815496795345097780e-04
4.815475840587168932e-04
4.815454885829240084e-04
4.815433640033006668e-04
4.815412976313382387e-04
4.815393476746976376e-04
4.815372521989047527e-04
4.815352440346032381e-04
4.815331485588103533e-04
4.815311403945088387e-04
4.815290449187159538e-04
4.815270076505839825e-04
4.815249412786215544e-04
4.815229040104895830e-04
4.815207503270357847e-04
4.815187421627342701e-04
4.815167339984327555e-04
4.815146967303007841e-04
4.815125430468469858e-04
4.815104475710541010e-04
4.815084976144134998e-04
4.815064021386206150e-04
4.815043357666581869e-04
4.815022984985262156e-04
4.815002903342247009e-04
4.814982530660927296e-04
4.814961575902998447e-04
4.814940912183374166e-04
4.814920539502054453e-04
4.814899584744125605e-04
4.814878921024501324e-04
4.814857966266572475e-04
4.814838466700166464e-04
4.814817511942237616e-04
4.814797430299222469e-04
4.814775893464684486e-04
4.814755811821669340e-04
4.814735439140349627e-04
4.814715357497334480e-04
4.814694402739405632e-04
4.814674030058085918e-04
4.814652784261852503e-04
4.814631829503923655e-04
4.814611456822603941e-04
4.814590793102979660e-04
4.814570420421659946e-04
4.814550047740340233e-04
4.814529384020715952e-04
4.814509011339396238e-04
4.814488347619771957e-04
4.814468265976756811e-04
4.814447893295437098e-04
4.814426938537508249e-04
4.814405983779579401e-04
4.814385320059955120e-04
4.814364947378635406e-04
4.814344283659011126e-04
4.814324493054300547e-04
4.814303829334676266e-04
4.814282874576747417e-04
4.814262501895427704e-04
4.814241838175803423e-04
4.814222338609397411e-04
4.814200801774859428e-04
4.814180720131844282e-04
4.814160347450524569e-04
4.814139392692595720e-04
4.814119311049580574e-04
4.814098938368260860e-04
4.814077401533722878e-04
4.814057319890707731e-04
4.814037238247692585e-04
4.814016865566372871e-04
4.813995910808444023e-04
4.813975247088819742e-04
4.813954874407500029e-04
4.813934210687875748e-04
4.813913255929946899e-04
4.813893174286931753e-04
4.813872801605612040e-04
4.813852428924292326e-04
4.813831765204668045e-04
4.813811392523348331e-04
4.813790728803724051e-04
4.813770356122404337e-04
4.813749692402780056e-04
4.813728737644851208e-04
4.813708656001836061e-04
4.813688283320516348e-04
4.813668201677501202e-04
4.813646664842963219e-04
4.813627165276557207e-04
4.813605919480323792e-04
4.813586128875613213e-04
4.813565174117684364e-04
4.813544801436364651e-04
4.813524719793349504e-04
4.813504347112029791e-04
4.813483101315796375e-04
4.813462146557867527e-04
4.813442646991461515e-04
4.813421692233532667e-04
4.813401319552212954e-04
4.813380655832588673e-04
4.813361156266182661e-04
4.813340201508253813e-04
4.813320119865238667e-04
4.813299165107309818e-04
4.813278210349380970e-04
4.813258128706365824e-04
4.813238047063350677e-04
4.813217092305421829e-04
4.813195846509188414e-04
4.813176055904477835e-04
4.813156265299767256e-04
4.813135019503533840e-04
4.813114646822214127e-04
4.813094565179198980e-04
4.813073610421270132e-04
4.813053528778254986e-04
4.813033156096935272e-04
4.813013074453920126e-04
4.812991537619382143e-04
4.812972038052976131e-04
4.812951083295047283e-04
4.812931583728641272e-04
4.812910046894103289e-04
4.812889674212783575e-04
4.812869592569768429e-04
4.812849510926753283e-04
4.812828556168824434e-04
4.812807601410895586e-04
4.812788101844489574e-04
4.812767147086560726e-04
4.812746483366936445e-04
4.812725528609007597e-04
4.812706029042601585e-04
4.812685365322977304e-04
4.812664992641657591e-04
4.812644619960337877e-04
4.812623956240713596e-04
4.812603874597698450e-04
4.812582919839769602e-04
4.812562547158449888e-04
4.812541883438825607e-04
4.812521801795810461e-04
4.812501429114490747e-04
4.812480474356561899e-04
4.812460392713546753e-04
4.812440020032227039e-04
4.812419938389211893e-04
4.812399856746196747e-04
4.812379484064877033e-04
4.812358238268643618e-04
4.812338447663933039e-04
4.812318366020917892e-04
4.812297702301293612e-04
4.812276747543364763e-04
4.812256956938654184e-04
4.812235711142420769e-04
4.812216211576014757e-04
4.812195256818085909e-04
4.812174884136766195e-04
4.812154802493751049e-04
4.812134138774126768e-04
4.812113766092807055e-04
4.812093393411487341e-04
4.812072729691863060e-04
4.812052648048847914e-04
4.812032275367528200e-04
4.812011611647903919e-04
4.811991238966584206e-04
4.811971157323569059e-04
4.811950784642249346e-04
4.811930120922625065e-04
4.811910039279609919e-04
4.811889084521681070e-04
4.811869002878665924e-04
4.811849212273955345e-04
4.811828548554331064e-04
4.811807593796402216e-04
4.811787512153387070e-04
4.811767139472067356e-04
4.811746475752443075e-04
4.811726685147732496e-04
4.811706021428108215e-04
4.811685939785093069e-04
4.811665567103773355e-04
4.811644612345844507e-04
4.811623948626220226e-04
4.811603575944900513e-04
4.811582912225276232e-04
4.811563412658870220e-04
4.811543039977550507e-04
4.811521503143012524e-04
4.811502003576606512e-04
4.811481339856982231e-04
4.811461549252271652e-04
4.811440885532647371e-04
4.811420512851327658e-04
4.811400431208312511e-04
4.811379476450383663e-04
4.811359394807368517e-04
4.811337857972830534e-04
4.811318358406424522e-04
4.811297985725104809e-04
4.811277322005480528e-04
4.811256949324160814e-04
4.811236867681145668e-04
4.811216786038130522e-04
4.811195831280201674e-04
4.811175458598881960e-04
4.811155667994171381e-04
4.811135295312851667e-04
4.811114922631531954e-04
4.811094258911907673e-04
4.811074177268892527e-04
4.811054095625877380e-04
4.811033722944557667e-04
4.811013350263237953e-04
4.810992104467004538e-04
4.810972313862293959e-04
4.810951650142669678e-04
4.810931568499654531e-04
4.810911195818334818e-04
4.810891696251928806e-04
4.810870159417390823e-04
4.810849786736071110e-04
4.810829996131360531e-04
4.810809041373431683e-04
4.810789250768721104e-04
4.810768587049096823e-04
4.810748505406081676e-04
4.810727550648152828e-04
4.810707177966833115e-04
4.810687678400427103e-04
4.810666432604193687e-04
4.810646641999483109e-04
4.810626851394772530e-04
4.810605896636843681e-04
4.810584941878914833e-04
4.810565442312508821e-04
4.810545360669493675e-04
4.810524987988173962e-04
4.810504324268549681e-04
4.810484824702143669e-04
4.810463287867605686e-04
4.810443788301199675e-04
4.810423415619879961e-04
4.810403916053473949e-04
4.810382379218935966e-04
4.810362879652529955e-04
4.810341924894601107e-04
4.810321843251585960e-04
4.810301179531961679e-04
4.810281388927251101e-04
4.810260434169322252e-04
4.810240352526307106e-04
