6.793243810534477234e-04
6.793224602006375790e-04
6.793205975554883480e-04
6.793186184950172901e-04
6.793166394345462322e-04
6.793147767893970013e-04
6.793128559365868568e-04
6.793108768761157990e-04
6.793090142309665680e-04
6.793070351704955101e-04
6.793050561100244522e-04
6.793031352572143078e-04
6.793012726120650768e-04
6.792992935515940189e-04
6.792974309064447880e-04
6.792955100536346436e-04
6.792935309931635857e-04
6.792915519326925278e-04
6.792897474952042103e-04
6.792877684347331524e-04
6.792859639972448349e-04
6.792838685214519501e-04
6.792820058763027191e-04
6.792800850234925747e-04
6.792781641706824303e-04
6.792763015255331993e-04
6.792742642574012280e-04
6.792724016122519970e-04
6.792704225517809391e-04
6.792684434913098812e-04
6.792665808461606503e-04
6.792647182010114193e-04
6.792626809328794479e-04
6.792607600800693035e-04
6.792588974349200726e-04
6.792569183744490147e-04
6.792550557292997837e-04
6.792531930841505527e-04
6.792512140236794949e-04
6.792491767555475235e-04
6.792473723180592060e-04
6.792454514652490616e-04
6.792434724047780037e-04
6.792415515519678593e-04
6.792395724914968014e-04
6.792376516386866570e-04
6.792357307858765125e-04
6.792338681407272816e-04
6.792319472879171371e-04
6.792299682274460793e-04
6.792280473746359348e-04
6.792261265218257904e-04
6.792240892536938190e-04
6.792222848162055016e-04
6.792203057557344437e-04
6.792184431105852127e-04
6.792164640501141548e-04
6.792145431973040104e-04
6.792127387598156929e-04
6.792107014916837215e-04
6.792087806388735771e-04
6.792069179937243462e-04
6.792049389332532883e-04
6.792030180804431438e-04
6.792010972276329994e-04
6.791991763748228550e-04
6.791973137296736240e-04
6.791953928768634796e-04
6.791934138163924217e-04
6.791915511712431908e-04
6.791895721107721329e-04
6.791877094656229019e-04
6.791857886128127575e-04
6.791836931370198727e-04
6.791818886995315552e-04
6.791799096390604973e-04
6.791780469939112663e-04
6.791760097257792950e-04
6.791741470806300640e-04
6.791722262278199196e-04
6.791703053750097752e-04
6.791683263145387173e-04
6.791664636693894863e-04
6.791645428165793419e-04
6.791626219637691975e-04
6.791607593186199665e-04
6.791588384658098221e-04
6.791568594053387642e-04
6.791549967601895332e-04
6.791530176997184753e-04
6.791510968469083309e-04
6.791491759940981865e-04
6.791472551412880421e-04
6.791453342884778976e-04
6.791434134356677532e-04
6.791414925828576088e-04
6.791396299377083778e-04
6.791377672925591469e-04
6.791357882320880890e-04
6.791338673792779446e-04
6.791318883188068867e-04
6.791300838813185692e-04
6.791279884055256844e-04
6.791262421756982803e-04
6.791241466999053955e-04
6.791224004700779915e-04
6.791204214096069336e-04
6.791185005567967892e-04
6.791165797039866447e-04
6.791146006435155869e-04
6.791127379983663559e-04
6.791109335608780384e-04
6.791088962927460670e-04
6.791069754399359226e-04
6.791050545871257782e-04
6.791030755266547203e-04
6.791011546738445759e-04
6.790993502363562584e-04
6.790973711758852005e-04
6.790953921154141426e-04
6.790935294702649117e-04
6.790916668251156807e-04
6.790896877646446228e-04
6.790877669118344784e-04
6.790859042666852474e-04
6.790839834138751030e-04
6.790820043534040451e-04
6.790800835005939007e-04
6.790782208554446697e-04
6.790762417949736118e-04
6.790742627345025539e-04
6.790724000893533230e-04
6.790705956518650055e-04
6.790686747990548611e-04
6.790666375309228897e-04
6.790647748857736588e-04
6.790627958253026009e-04
6.790609331801533699e-04
6.790590123273432255e-04
6.790571496821939945e-04
6.790552870370447636e-04
6.790533079765737057e-04
6.790512707084417343e-04
6.790494080632925034e-04
6.790474872104823589e-04
6.790456245653331280e-04
6.790436455048620701e-04
6.790417246520519257e-04
6.790398037992417812e-04
6.790379411540925503e-04
6.790359620936214924e-04
6.790341576561331749e-04
6.790322368033230305e-04
6.790303159505128860e-04
6.790283950977027416e-04
6.790264742448925972e-04
6.790244951844215393e-04
6.790225743316113949e-04
6.790205370634794235e-04
6.790187908336520195e-04
6.790169281885027885e-04
6.790149491280317307e-04
6.790130282752215862e-04
6.790111074224114418e-04
6.790091865696012974e-04
6.790072657167911530e-04
6.790054612793028355e-04
6.790035404264926910e-04
6.790015613660216331e-04
6.789996987208724022e-04
6.789976614527404308e-04
6.789957405999302864e-04
6.789938197471201420e-04
6.789918406866490841e-04
6.789900362491607666e-04
6.789880571886897087e-04
6.789863109588623047e-04
6.789842736907303333e-04
6.789823528379201889e-04
6.789804319851100445e-04
6.789785111322999001e-04
6.789767066948115826e-04
6.789747276343405247e-04
6.789728067815303802e-04
6.789709441363811493e-04
6.789690232835710049e-04
6.789671606384217739e-04
6.789651233702898026e-04
6.789632025174796581e-04
6.789613980799913406e-04
6.789594772271811962e-04
6.789575563743710518e-04
6.789555773138999939e-04
6.789535982534289360e-04
6.789517938159406185e-04
6.789498729631304741e-04
6.789480685256421566e-04
6.789460894651710987e-04
6.789441686123609543e-04
6.789421895518898964e-04
6.789403269067406654e-04
6.789384060539305210e-04
6.789364852011203766e-04
6.789345643483102322e-04
6.789326434955000877e-04
6.789308390580117702e-04
6.789289182052016258e-04
6.789269973523914814e-04
6.789250182919204235e-04
6.789231556467711926e-04
6.789211183786392212e-04
6.789191975258290768e-04
6.789174512960016727e-04
6.789154722355306149e-04
6.789135513827204704e-04
6.789116305299103260e-04
6.789097096771001816e-04
6.789077888242900372e-04
6.789059261791408062e-04
6.789040053263306618e-04
6.789020844735205173e-04
6.789001636207103729e-04
6.788983591832220554e-04
6.788963801227509975e-04
6.788945756852626801e-04
6.788925966247916222e-04
6.788907339796423912e-04
6.788887549191713333e-04
6.788867758587002754e-04
6.788849714212119579e-04
6.788830505684018135e-04
6.788811879232525826e-04
6.788792670704424381e-04
6.788772880099713802e-04
6.788754253648221493e-04
6.788734463043510914e-04
6.788715254515409470e-04
6.788696045987308025e-04
6.788677419535815716e-04
6.788658793084323406e-04
6.788639002479612827e-04
6.788620376028120518e-04
6.788601167500019073e-04
6.788582541048526764e-04
6.788562750443816185e-04
6.788542959839105606e-04
6.788525497540831566e-04
6.788506289012730122e-04
6.788487662561237812e-04
6.788468454033136368e-04
6.788449827581644058e-04
6.788429454900324345e-04
6.788410246372222900e-04
6.788392784073948860e-04
6.788372411392629147e-04
6.788353202864527702e-04
6.788334576413035393e-04
6.788315949961543083e-04
6.788296741433441639e-04
6.788276950828731060e-04
6.788258324377238750e-04
6.788239697925746441e-04
6.788219907321035862e-04
6.788200116716325283e-04
6.788182072341442108e-04
6.788163445889949799e-04
6.788143655285239220e-04
6.788125610910356045e-04
6.788106984458863735e-04
6.788086029700934887e-04
6.788067403249442577e-04
6.788048194721341133e-04
6.788030150346457958e-04
6.788009777665138245e-04
6.787991151213645935e-04
6.787973106838762760e-04
6.787953898310661316e-04
6.787934107705950737e-04
6.787914899177849293e-04
6.787896854802966118e-04
6.787877646274864674e-04
6.787857273593544960e-04
6.787838647142052650e-04
6.787820602767169476e-04
6.787801394239068031e-04
6.787781603634357452e-04
6.787762395106256008e-04
6.787743768654763699e-04
6.787725142203271389e-04
6.787705933675169945e-04
6.787686725147068501e-04
6.787667516618967056e-04
6.787648890167474747e-04
6.787629099562764168e-04
6.787609891034662724e-04
6.787591846659779549e-04
6.787573220208287239e-04
6.787554011680185795e-04
6.787535385228693485e-04
6.787516176700592041e-04
6.787495804019272327e-04
6.787477759644389153e-04
6.787457969039678574e-04
6.787440506741404533e-04
6.787420716136693954e-04
6.787401507608592510e-04
6.787382881157100201e-04
6.787364254705607891e-04
6.787344464100897312e-04
6.787325837649405003e-04
6.787306047044694424e-04
6.787288002669811249e-04
6.787268794141709805e-04
6.787249585613608360e-04
6.787231541238725185e-04
6.787212332710623741e-04
6.787192542105913162e-04
6.787173333577811718e-04
6.787154125049710274e-04
6.787134916521608829e-04
6.787116290070116520e-04
6.787097663618624210e-04
6.787078455090522766e-04
6.787059828639030457e-04
6.787040620110929012e-04
6.787021411582827568e-04
6.787002785131335258e-04
6.786984158679842949e-04
6.786963203921914101e-04
6.786945159547030926e-04
6.786926533095538616e-04
6.786907324567437172e-04
6.786888116039335728e-04
6.786869489587843418e-04
6.786850863136351109e-04
6.786831654608249664e-04
6.786812446080148220e-04
6.786794401705265045e-04
6.786775775253772736e-04
6.786755984649062157e-04
6.786736194044351578e-04
6.786718149669468403e-04
6.786699523217976093e-04
6.786680314689874649e-04
6.786659942008554935e-04
6.786641897633671761e-04
6.786623271182179451e-04
6.786604644730687141e-04
6.786584272049367428e-04
6.786565645597875118e-04
6.786546437069773674e-04
6.786528392694890499e-04
6.786508602090179920e-04
6.786488811485469341e-04
6.786470767110586166e-04
6.786451558582484722e-04
6.786432932130992413e-04
6.786414887756109238e-04
6.786396261304616928e-04
6.786377052776515484e-04
6.786356680095195770e-04
6.786338053643703461e-04
6.786320009268820286e-04
6.786301382817327976e-04
6.786281592212617397e-04
6.786262383684515953e-04
6.786243175156414509e-04
6.786225130781531334e-04
6.786205922253429890e-04
6.786186131648719311e-04
6.786168087273836136e-04
6.786148296669125557e-04
6.786129670217633247e-04
6.786109297536313534e-04
6.786091253161430359e-04
6.786073208786547184e-04
6.786053418181836605e-04
6.786034791730344296e-04
6.786015583202242851e-04
6.785995792597532272e-04
6.785978330299258232e-04
6.785957957617938519e-04
6.785939913243055344e-04
6.785920122638344765e-04
6.785900914110243320e-04
6.785882869735360146e-04
6.785863079130649567e-04
6.785843870602548122e-04
6.785825826227664948e-04
6.785807199776172638e-04
6.785787991248071194e-04
6.785769364796578884e-04
6.785750738345086575e-04
6.785731529816985130e-04
6.785712903365492821e-04
6.785693694837391376e-04
6.785675068385899067e-04
6.785655277781188488e-04
6.785637233406305313e-04
6.785616860724985600e-04
6.785599398426711559e-04
6.785580189898610115e-04
6.785560399293899536e-04
6.785542354919016361e-04
6.785522564314305782e-04
6.785503937862813473e-04
6.785486475564539433e-04
6.785466102883219719e-04
6.785446894355118275e-04
6.785428267903625965e-04
6.785409641452133656e-04
6.785390432924032211e-04
6.785371224395930767e-04
6.785352015867829323e-04
6.785334553569555283e-04
6.785314762964844704e-04
6.785296718589961529e-04
6.785276345908641815e-04
6.785257719457149506e-04
6.785240257158875465e-04
6.785220466554164886e-04
6.785201840102672577e-04
6.785183213651180267e-04
6.785164587199687958e-04
6.785144796594977379e-04
6.785125588066875935e-04
6.785106379538774490e-04
6.785087753087282181e-04
6.785068544559180737e-04
6.785051082260906696e-04
6.785030709579586983e-04
6.785011501051485538e-04
6.784994038753211498e-04
6.784974830225110054e-04
6.784956203773617744e-04
6.784936995245516300e-04
6.784917204640805721e-04
6.784899160265922546e-04
6.784879951737821102e-04
6.784861325286328793e-04
6.784842698834836483e-04
6.784822908230125904e-04
6.784804863855242729e-04
6.784785073250532150e-04
6.784766446799039841e-04
6.784747238270938396e-04
6.784729193896055222e-04
6.784711149521172047e-04
6.784690776839852333e-04
6.784673896618187428e-04
6.784652941860258579e-04
6.784633733332157135e-04
6.784615106880664825e-04
6.784596480429172516e-04
6.784577853977680206e-04
6.784559227526187897e-04
6.784540018998086452e-04
6.784521392546594143e-04
6.784502766095101833e-04
6.784483557567000389e-04
6.784464931115508080e-04
6.784446886740624905e-04
6.784427096135914326e-04
6.784408469684422016e-04
6.784389261156320572e-04
6.784371216781437397e-04
6.784352008253335953e-04
6.784332799725234509e-04
6.784314173273742199e-04
6.784294382669031620e-04
6.784275756217539310e-04
6.784257129766047001e-04
6.784237339161336422e-04
6.784219876863062382e-04
6.784200668334960938e-04
6.784181459806859493e-04
6.784162251278758049e-04
6.784143624827265739e-04
6.784125580452382565e-04
6.784106954000890255e-04
6.784087745472788811e-04
6.784068536944687366e-04
6.784049910493195057e-04
6.784031284041702747e-04
6.784011493436992168e-04
6.783991702832281590e-04
6.783973658457398415e-04
6.783954449929296970e-04
6.783935823477804661e-04
6.783917197026312351e-04
6.783898570574820042e-04
6.783879944123327732e-04
6.783861899748444557e-04
6.783842691220343113e-04
6.783823482692241669e-04
6.783803692087531090e-04
6.783785647712647915e-04
6.783766439184546471e-04
6.783747812733054161e-04
6.783729186281561852e-04
