5.887184524908661842e-04
5.887161823920905590e-04
5.887139705009758472e-04
5.887117586098611355e-04
5.887096049264073372e-04
5.887073930352926254e-04
5.887051811441779137e-04
5.887030274607241154e-04
5.887007573619484901e-04
5.886984872631728649e-04
5.886962753720581532e-04
5.886941798962652683e-04
5.886920262128114700e-04
5.886898143216967583e-04
5.886876024305820465e-04
5.886853905394673347e-04
5.886831786483526230e-04
5.886809667572379112e-04
5.886787548661231995e-04
5.886766011826694012e-04
5.886743892915546894e-04
5.886721191927790642e-04
5.886699655093252659e-04
5.886678118258714676e-04
5.886655999347567558e-04
5.886634462513029575e-04
5.886611761525273323e-04
5.886590224690735340e-04
5.886568105779588223e-04
5.886545986868441105e-04
5.886523867957293987e-04
5.886501749046146870e-04
5.886480212211608887e-04
5.886458675377070904e-04
5.886436556465923786e-04
5.886414437554776669e-04
5.886392318643629551e-04
5.886370199732482433e-04
5.886348080821335316e-04
5.886326543986797333e-04
5.886304425075650215e-04
5.886282306164503098e-04
5.886260769329965115e-04
5.886238068342208862e-04
5.886215949431061745e-04
5.886193830519914627e-04
5.886173457838594913e-04
5.886150174774229527e-04
5.886128637939691544e-04
5.886106519028544426e-04
5.886084982194006443e-04
5.886062863282859325e-04
5.886039580218493938e-04
5.886018043383955956e-04
5.885997088626027107e-04
5.885974969714879990e-04
5.885952268727123737e-04
5.885930149815976620e-04
5.885909195058047771e-04
5.885887658223509789e-04
5.885865539312362671e-04
5.885842838324606419e-04
5.885821301490068436e-04
5.885799182578921318e-04
5.885778227820992470e-04
5.885755526833236217e-04
5.885733407922089100e-04
5.885711871087551117e-04
5.885689752176403999e-04
5.885667633265256882e-04
5.885646096430718899e-04
5.885623977519571781e-04
5.885601276531815529e-04
5.885579739697277546e-04
5.885558202862739563e-04
5.885536666028201580e-04
5.885513965040445328e-04
5.885491846129298210e-04
5.885470309294760227e-04
5.885448190383613110e-04
5.885425489395856857e-04
5.885404534637928009e-04
5.885382415726780891e-04
5.885360878892242908e-04
5.885338759981095791e-04
5.885316641069948673e-04
5.885295104235410690e-04
5.885274149477481842e-04
5.885250866413116455e-04
5.885229329578578472e-04
5.885207792744040489e-04
5.885185091756284237e-04
5.885163554921746254e-04
5.885141436010599136e-04
5.885120481252670288e-04
5.885097780264914036e-04
5.885076243430376053e-04
5.885054124519228935e-04
5.885031423531472683e-04
5.885010468773543835e-04
5.884987767785787582e-04
5.884966813027858734e-04
5.884944694116711617e-04
5.884922575205564499e-04
5.884899874217808247e-04
5.884878919459879398e-04
5.884856218472123146e-04
5.884835263714194298e-04
5.884813144803047180e-04
5.884791607968509197e-04
5.884770653210580349e-04
5.884748534299433231e-04
5.884725251235067844e-04
5.884703714400529861e-04
5.884682177565991879e-04
5.884659476578235626e-04
5.884638521820306778e-04
5.884616402909159660e-04
5.884594866074621677e-04
5.884572165086865425e-04
5.884551210328936577e-04
5.884529091417789459e-04
5.884506972506642342e-04
5.884485435672104359e-04
5.884463316760957241e-04
5.884441197849810123e-04
5.884419661015272141e-04
5.884397542104125023e-04
5.884375423192977905e-04
5.884353886358439922e-04
5.884331185370683670e-04
5.884309648536145687e-04
5.884288111701607704e-04
5.884266574867069721e-04
5.884244455955922604e-04
5.884222337044775486e-04
5.884200800210237503e-04
5.884179263375699520e-04
5.884157144464552402e-04
5.884135025553405285e-04
5.884114070795476437e-04
5.884091369807720184e-04
5.884070997126400471e-04
5.884048296138644218e-04
5.884025013074278831e-04
5.884004058316349983e-04
5.883981939405202866e-04
5.883960984647274017e-04
5.883938865736126900e-04
5.883916746824979782e-04
5.883895209990441799e-04
5.883873091079294682e-04
5.883850972168147564e-04
5.883828853257000446e-04
5.883807898499071598e-04
5.883785779587924480e-04
5.883763660676777363e-04
5.883742123842239380e-04
5.883720587007701397e-04
5.883698468096554279e-04
5.883676931262016296e-04
5.883654812350869179e-04
5.883633275516331196e-04
5.883611738681793213e-04
5.883589037694036961e-04
5.883568082936108112e-04
5.883545964024960995e-04
5.883524427190423012e-04
5.883502890355885029e-04
5.883480771444737911e-04
5.883458652533590794e-04
5.883436533622443676e-04
5.883414996787905693e-04
5.883393459953367710e-04
5.883371341042220592e-04
5.883349804207682610e-04
5.883327685296535492e-04
5.883306148461997509e-04
5.883284029550850391e-04
5.883261910639703274e-04
5.883239791728556156e-04
5.883217672817409039e-04
5.883196718059480190e-04
5.883174599148333073e-04
5.883153644390404224e-04
5.883130943402647972e-04
5.883109988644719124e-04
5.883087869733572006e-04
5.883066332899034023e-04
5.883044213987886906e-04
5.883022095076739788e-04
5.883000558242201805e-04
5.882979021407663822e-04
5.882955738343298435e-04
5.882935947738587856e-04
5.882913246750831604e-04
5.882891709916293621e-04
5.882870755158364773e-04
5.882848054170608521e-04
5.882826517336070538e-04
5.882804980501532555e-04
5.882782861590385437e-04
5.882760742679238319e-04
5.882738623768091202e-04
5.882717669010162354e-04
5.882694968022406101e-04
5.882673431187868118e-04
5.882652476429939270e-04
5.882630939595401287e-04
5.882608238607645035e-04
5.882586701773107052e-04
5.882565747015178204e-04
5.882543046027421951e-04
5.882521509192883968e-04
5.882499972358345985e-04
5.882477853447198868e-04
5.882455734536051750e-04
5.882433615624904633e-04
5.882412660866975784e-04
5.882390541955828667e-04
5.882369005121290684e-04
5.882346304133534431e-04
5.882325349375605583e-04
5.882304394617676735e-04
5.882281111553311348e-04
5.882259574718773365e-04
5.882238619960844517e-04
5.882217083126306534e-04
5.882193800061941147e-04
5.882172845304012299e-04
5.882151890546083450e-04
5.882129771634936333e-04
5.882108234800398350e-04
5.882085533812642097e-04
5.882064579054713249e-04
5.882043042220175266e-04
5.882020923309028149e-04
5.881999968551099300e-04
5.881977267563343048e-04
5.881955148652195930e-04
5.881933611817657948e-04
5.881911492906510830e-04
5.881889373995363712e-04
5.881869001314043999e-04
5.881846882402896881e-04
5.881825345568358898e-04
5.881803226657211781e-04
5.881782271899282932e-04
5.881760735064744949e-04
5.881738034076988697e-04
5.881716497242450714e-04
5.881694960407912731e-04
5.881674005649983883e-04
5.881650722585618496e-04
5.881629185751080513e-04
5.881608230993151665e-04
5.881586112082004547e-04
5.881564575247466564e-04
5.881542456336319447e-04
5.881520919501781464e-04
5.881499964743852615e-04
5.881477263756096363e-04
5.881456308998167515e-04
5.881434190087020397e-04
5.881413235329091549e-04
5.881391116417944431e-04
5.881369579583406448e-04
5.881347460672259331e-04
5.881324759684503078e-04
5.881304387003183365e-04
5.881282268092036247e-04
5.881260149180889130e-04
5.881239194422960281e-04
5.881217657588422298e-04
5.881195538677275181e-04
5.881173419766128063e-04
5.881153047084808350e-04
5.881130928173661232e-04
5.881109973415732384e-04
5.881087272427976131e-04
5.881065735593438148e-04
5.881043616682291031e-04
5.881021497771143913e-04
5.881001125089824200e-04
5.880979006178677082e-04
5.880956887267529964e-04
5.880934768356382847e-04
5.880913813598453999e-04
5.880892858840525150e-04
5.880870157852768898e-04
5.880848621018230915e-04
5.880827084183692932e-04
5.880806711502373219e-04
5.880784010514616966e-04
5.880761891603469849e-04
5.880740354768931866e-04
5.880718817934393883e-04
5.880696116946637630e-04
5.880674580112099648e-04
5.880652461200952530e-04
5.880632088519632816e-04
5.880609969608485699e-04
5.880588432773947716e-04
5.880566313862800598e-04
5.880544777028262615e-04
5.880523240193724632e-04
5.880501703359186649e-04
5.880479584448039532e-04
5.880458047613501549e-04
5.880435928702354431e-04
5.880414973944425583e-04
5.880392855033278465e-04
5.880371900275349617e-04
5.880350363440811634e-04
5.880328244529664516e-04
5.880306707695126534e-04
5.880285752937197685e-04
5.880263051949441433e-04
5.880241515114903450e-04
5.880219978280365467e-04
5.880199605599045753e-04
5.880177486687898636e-04
5.880155367776751518e-04
5.880132666788995266e-04
5.880112294107675552e-04
5.880089593119919300e-04
5.880068638361990452e-04
5.880046519450843334e-04
5.880026728846132755e-04
5.880004027858376503e-04
5.879980744794011116e-04
5.879959790036082268e-04
5.879938835278153419e-04
5.879917298443615437e-04
5.879895179532468319e-04
5.879874224774539471e-04
5.879852105863392353e-04
5.879830569028854370e-04
5.879809614270925522e-04
5.879787495359778404e-04
5.879765958525240421e-04
5.879743839614093304e-04
5.879722884856164455e-04
5.879701348021626472e-04
5.879679811187088490e-04
5.879658274352550507e-04
5.879636155441403389e-04
5.879614036530256271e-04
5.879593081772327423e-04
5.879572127014398575e-04
5.879549426026642323e-04
5.879527307115495205e-04
5.879506352357566357e-04
5.879485979676246643e-04
5.879463860765099525e-04
5.879442323930561543e-04
5.879420787096023560e-04
5.879398668184876442e-04
5.879377131350338459e-04
5.879355012439191341e-04
5.879333475604653358e-04
5.879312520846724510e-04
5.879290401935577393e-04
5.879269447177648544e-04
5.879247328266501427e-04
5.879225791431963444e-04
5.879203672520816326e-04
5.879182135686278343e-04
5.879161180928349495e-04
5.879139644093811512e-04
5.879118107259273529e-04
5.879096570424735546e-04
5.879075033590197563e-04
5.879052914679050446e-04
5.879031377844512463e-04
5.879010423086583614e-04
5.878987722098827362e-04
5.878966185264289379e-04
5.878944648429751396e-04
5.878923693671822548e-04
5.878901574760675430e-04
5.878880037926137447e-04
5.878858501091599464e-04
5.878836382180452347e-04
5.878815427422523499e-04
5.878793890587985516e-04
5.878772935830056667e-04
5.878751398995518684e-04
5.878729862160980701e-04
5.878708325326442719e-04
5.878686206415295601e-04
5.878664087504148483e-04
5.878641968593001366e-04
5.878621595911681652e-04
5.878598894923925400e-04
5.878577940165996552e-04
5.878556403331458569e-04
5.878535448573529720e-04
5.878512747585773468e-04
5.878491792827844620e-04
5.878469673916697502e-04
5.878448719158768654e-04
5.878426600247621536e-04
5.878405645489692688e-04
5.878384690731763840e-04
5.878361989744007587e-04
5.878340452909469604e-04
5.878319498151540756e-04
5.878298543393611908e-04
5.878275842405855656e-04
5.878254305571317673e-04
5.878234514966607094e-04
5.878211231902241707e-04
5.878190277144312859e-04
5.878168158233165741e-04
5.878148367628455162e-04
5.878125666640698910e-04
5.878104129806160927e-04
5.878082592971622944e-04
5.878061056137084961e-04
5.878038355149328709e-04
5.878016236238181591e-04
5.877996445633471012e-04
5.877974326722323895e-04
5.877953371964395046e-04
5.877931835129857063e-04
5.877909716218709946e-04
5.877888761460781097e-04
5.877866642549633980e-04
5.877846269868314266e-04
5.877823568880558014e-04
5.877802032046020031e-04
5.877781077288091183e-04
5.877758958376944065e-04
5.877736839465796947e-04
5.877716466784477234e-04
5.877694347873330116e-04
5.877673393115401268e-04
5.877651274204254150e-04
5.877630901522934437e-04
5.877608782611787319e-04
5.877586081624031067e-04
5.877565126866102219e-04
5.877544172108173370e-04
5.877522635273635387e-04
5.877500516362488270e-04
5.877479561604559422e-04
5.877457442693412304e-04
5.877436487935483456e-04
5.877414951100945473e-04
5.877393996343016624e-04
5.877372459508478642e-04
5.877349758520722389e-04
5.877329967916011810e-04
5.877306684851646423e-04
5.877285730093717575e-04
5.877264775335788727e-04
5.877242656424641609e-04
5.877221119590103626e-04
5.877199582755565643e-04
5.877178045921027660e-04
5.877157091163098812e-04
5.877135554328560829e-04
5.877114017494022846e-04
5.877092480659484863e-04
5.877071525901556015e-04
5.877048242837190628e-04
5.877027288079261780e-04
5.877006333321332932e-04
5.876984796486794949e-04
5.876963841728866100e-04
5.876942304894328117e-04
5.876920768059790134e-04
5.876899813301861286e-04
5.876877694390714169e-04
5.876856739632785320e-04
5.876834620721638203e-04
5.876813083887100220e-04
5.876792129129171371e-04
5.876770592294633389e-04
5.876749055460095406e-04
5.876727518625557423e-04
5.876705399714410305e-04
5.876684444956481457e-04
5.876663490198552608e-04
5.876641953364014626e-04
5.876620416529476643e-04
5.876599461771547794e-04
5.876577342860400677e-04
5.876555223949253559e-04
5.876534269191324711e-04
5.876512732356786728e-04
5.876491777598857880e-04
5.876469658687710762e-04
5.876448703929781914e-04
5.876426002942025661e-04
5.876405048184096813e-04
5.876384093426167965e-04
5.876362556591629982e-04
5.876341019757091999e-04
