5.780017236247658730e-04
5.779998609796166420e-04
5.779979983344674110e-04
5.779961938969790936e-04
5.779943312518298626e-04
5.779923521913588047e-04
5.779906059615314007e-04
5.779886851087212563e-04
5.779868806712329388e-04
5.779850180260837078e-04
5.779830389656126499e-04
5.779811763204634190e-04
5.779793136753141880e-04
5.779775092378258705e-04
5.779756465926766396e-04
5.779737257398664951e-04
5.779718048870563507e-04
5.779699422419071198e-04
5.779680795967578888e-04
5.779662169516086578e-04
5.779644125141203403e-04
5.779624916613101959e-04
5.779605708085000515e-04
5.779587663710117340e-04
5.779569037258625031e-04
5.779549828730523586e-04
5.779531202279031277e-04
5.779513739980757236e-04
5.779494531452655792e-04
5.779475905001163483e-04
5.779457278549671173e-04
5.779438070021569729e-04
5.779419443570077419e-04
5.779400817118585110e-04
5.779382772743701935e-04
5.779363564215600491e-04
5.779344355687499046e-04
5.779326311312615871e-04
5.779307102784514427e-04
5.779289058409631252e-04
5.779269849881529808e-04
5.779251805506646633e-04
5.779232014901936054e-04
5.779213970527052879e-04
5.779196508228778839e-04
5.779176717624068260e-04
5.779159255325794220e-04
5.779139464721083641e-04
5.779120256192982197e-04
5.779102211818099022e-04
5.779084167443215847e-04
5.779064958915114403e-04
5.779046332463622093e-04
5.779027706012129784e-04
5.779009079560637474e-04
5.778990453109145164e-04
5.778971826657652855e-04
5.778952618129551411e-04
5.778934573754668236e-04
5.778916529379785061e-04
5.778896156698465347e-04
5.778878112323582172e-04
5.778859485872089863e-04
5.778841441497206688e-04
5.778822815045714378e-04
5.778803606517612934e-04
5.778786144219338894e-04
5.778767517767846584e-04
5.778748309239745140e-04
5.778729682788252831e-04
5.778710474260151386e-04
5.778691847808659077e-04
5.778673221357166767e-04
5.778655176982283592e-04
5.778636550530791283e-04
5.778616759926080704e-04
5.778598715551197529e-04
5.778580089099705219e-04
5.778561462648212910e-04
5.778542254120111465e-04
5.778524209745228291e-04
5.778505583293735981e-04
5.778486956842243671e-04
5.778468330390751362e-04
5.778450286015868187e-04
5.778429913334548473e-04
5.778412451036274433e-04
5.778393824584782124e-04
5.778375780209898949e-04
5.778356571681797504e-04
5.778336781077086926e-04
5.778318154625594616e-04
5.778300692327320576e-04
5.778281483799219131e-04
5.778262857347726822e-04
5.778244812972843647e-04
5.778226186521351337e-04
5.778207560069859028e-04
5.778189515694975853e-04
5.778170307166874409e-04
5.778152262791991234e-04
5.778131890110671520e-04
5.778113845735788345e-04
5.778095219284296036e-04
5.778077756986021996e-04
5.778058548457920551e-04
5.778041086159646511e-04
5.778021295554935932e-04
5.778003251180052757e-04
5.777983460575342178e-04
5.777964834123849869e-04
5.777946789748966694e-04
5.777928163297474384e-04
5.777909536845982075e-04
5.777890910394489765e-04
5.777872866019606590e-04
5.777853657491505146e-04
5.777835031040012836e-04
5.777816404588520527e-04
5.777797778137028217e-04
5.777779733762145042e-04
5.777762271463871002e-04
5.777743062935769558e-04
5.777724436484277248e-04
5.777705810032784939e-04
5.777687765657901764e-04
5.777669139206409454e-04
5.777649930678308010e-04
5.777630722150206566e-04
5.777612095698714256e-04
5.777593469247221947e-04
5.777575424872338772e-04
5.777556216344237328e-04
5.777538171969354153e-04
5.777518963441252708e-04
5.777500919066369534e-04
5.777482292614877224e-04
5.777463666163384914e-04
5.777445039711892605e-04
5.777426413260400295e-04
5.777407786808907986e-04
5.777388578280806541e-04
5.777371115982532501e-04
5.777352489531040192e-04
5.777334445156157017e-04
5.777315236628055573e-04
5.777296028099954128e-04
5.777277983725070953e-04
5.777258193120360374e-04
5.777239566668868065e-04
5.777220940217375755e-04
5.777202895842492580e-04
5.777185433544218540e-04
5.777166807092726231e-04
5.777147016488015652e-04
5.777128972113132477e-04
5.777110927738249302e-04
5.777091719210147858e-04
5.777073092758655548e-04
5.777055048383772373e-04
5.777036421932280064e-04
5.777017213404178619e-04
5.776999169029295444e-04
5.776981124654412270e-04
5.776961916126310825e-04
5.776943289674818516e-04
5.776925245299935341e-04
5.776906618848443031e-04
5.776888574473559856e-04
5.776869365945458412e-04
5.776850157417356968e-04
5.776832695119082928e-04
5.776813486590981483e-04
5.776794860139489174e-04
5.776776233687996864e-04
5.776757607236504555e-04
5.776738980785012245e-04
5.776720936410129070e-04
5.776702892035245895e-04
5.776683683507144451e-04
5.776664474979043007e-04
5.776646430604159832e-04
5.776628968305885792e-04
5.776609177701175213e-04
5.776590551249682903e-04
5.776571924798190594e-04
5.776553880423307419e-04
5.776535253971815109e-04
5.776516627520322800e-04
5.776498583145439625e-04
5.776479956693947315e-04
5.776460748165845871e-04
5.776442703790962696e-04
5.776423495262861252e-04
5.776404868811368942e-04
5.776386824436485767e-04
5.776368197984993458e-04
5.776350153610110283e-04
5.776330945082008839e-04
5.776313482783734798e-04
5.776294274255633354e-04
5.776275065727531910e-04
5.776257603429257870e-04
5.776238394901156425e-04
5.776220350526273251e-04
5.776201724074780941e-04
5.776183679699897766e-04
5.776165053248405457e-04
5.776146426796913147e-04
5.776127800345420837e-04
5.776108591817319393e-04
5.776089965365827084e-04
5.776071920990943909e-04
5.776053294539451599e-04
5.776034668087959290e-04
5.776016041636466980e-04
5.775997997261583805e-04
5.775978788733482361e-04
5.775960744358599186e-04
5.775942117907106876e-04
5.775923491455614567e-04
5.775905447080731392e-04
5.775886820629239082e-04
5.775868194177746773e-04
5.775848985649645329e-04
5.775830941274762154e-04
5.775812896899878979e-04
5.775794270448386669e-04
5.775776226073503494e-04
5.775755853392183781e-04
5.775738973170518875e-04
5.775719764642417431e-04
5.775701720267534256e-04
5.775683675892651081e-04
5.775664467364549637e-04
5.775646422989666462e-04
5.775628378614783287e-04
5.775609752163290977e-04
5.775591125711798668e-04
5.775572499260306358e-04
5.775553290732204914e-04
5.775534664280712605e-04
5.775516619905829430e-04
5.775497411377727985e-04
5.775478784926235676e-04
5.775461322627961636e-04
5.775443278253078461e-04
5.775425233878195286e-04
5.775406025350093842e-04
5.775387398898601532e-04
5.775367608293890953e-04
5.775350728072226048e-04
5.775331519544124603e-04
5.775313475169241428e-04
5.775293684564530849e-04
5.775276222266256809e-04
5.775258177891373634e-04
5.775238969363272190e-04
5.775220924988389015e-04
5.775201716460287571e-04
5.775183672085404396e-04
5.775165045633912086e-04
5.775147583335638046e-04
5.775128956884145737e-04
5.775109748356044292e-04
5.775092286057770252e-04
5.775073659606277943e-04
5.775054451078176498e-04
5.775035824626684189e-04
5.775017780251801014e-04
5.774999153800308704e-04
5.774980527348816395e-04
5.774962482973933220e-04
5.774942692369222641e-04
5.774925230070948601e-04
5.774906021542847157e-04
5.774888559244573116e-04
5.774869932793080807e-04
5.774851306341588497e-04
5.774832097813487053e-04
5.774814053438603878e-04
5.774796009063720703e-04
5.774776800535619259e-04
5.774759338237345219e-04
5.774740711785852909e-04
5.774722667410969734e-04
5.774703458882868290e-04
5.774685414507985115e-04
5.774666788056492805e-04
5.774648161605000496e-04
5.774629535153508186e-04
5.774611490778625011e-04
5.774593446403741837e-04
5.774574237875640392e-04
5.774555029347538948e-04
5.774536984972655773e-04
5.774520104750990868e-04
5.774500896222889423e-04
5.774482269771397114e-04
5.774464225396513939e-04
5.774446181021630764e-04
5.774427554570138454e-04
5.774408346042037010e-04
5.774390301667153835e-04
5.774371093139052391e-04
5.774353048764169216e-04
5.774334422312676907e-04
5.774315795861184597e-04
5.774297751486301422e-04
5.774279125034809113e-04
5.774260498583316803e-04
5.774243036285042763e-04
5.774223827756941319e-04
5.774205201305449009e-04
5.774186574853956699e-04
5.774168530479073524e-04
5.774149904027581215e-04
5.774132441729307175e-04
5.774113233201205730e-04
5.774095188826322556e-04
5.774076562374830246e-04
5.774057353846728802e-04
5.774039309471845627e-04
5.774021265096962452e-04
5.774003220722079277e-04
5.773984012193977833e-04
5.773965967819094658e-04
5.773947341367602348e-04
5.773928714916110039e-04
5.773910088464617729e-04
5.773892626166343689e-04
5.773873999714851379e-04
5.773855373263359070e-04
5.773837328888475895e-04
5.773818702436983585e-04
5.773800658062100410e-04
5.773781449533998966e-04
5.773763405159115791e-04
5.773744778707623482e-04
5.773726734332740307e-04
5.773708107881247997e-04
5.773690063506364822e-04
5.773670854978263378e-04
5.773652810603380203e-04
5.773634766228497028e-04
5.773616721853613853e-04
5.773598095402121544e-04
5.773579468950629234e-04
5.773560842499136925e-04
5.773542216047644615e-04
5.773524171672761440e-04
5.773504963144659996e-04
5.773486918769776821e-04
5.773468874394893646e-04
5.773449665866792202e-04
5.773432203568518162e-04
5.773414741270244122e-04
5.773394950665533543e-04
5.773376906290650368e-04
5.773358279839158058e-04
5.773339071311056614e-04
5.773321609012782574e-04
5.773303564637899399e-04
5.773284938186407089e-04
5.773266893811523914e-04
5.773247685283422470e-04
5.773230805061757565e-04
5.773211014457046986e-04
5.773192970082163811e-04
5.773174343630671501e-04
5.773156299255788326e-04
5.773138254880905151e-04
5.773120210506021976e-04
5.773100419901311398e-04
5.773082957603037357e-04
5.773064331151545048e-04
5.773046286776661873e-04
5.773028242401778698e-04
5.773009033873677254e-04
5.772990989498794079e-04
5.772972363047301769e-04
5.772954900749027729e-04
5.772935110144317150e-04
5.772917065769433975e-04
5.772899021394550800e-04
5.772879812866449356e-04
5.772862932644784451e-04
5.772844306193292141e-04
5.772824515588581562e-04
5.772806471213698387e-04
5.772788426838815212e-04
5.772770382463932037e-04
5.772752338089048862e-04
5.772732547484338284e-04
5.772714503109455109e-04
5.772697040811181068e-04
5.772678414359688759e-04
5.772660369984805584e-04
5.772641743533313274e-04
5.772623117081820965e-04
5.772605072706937790e-04
5.772586446255445480e-04
5.772568983957171440e-04
5.772549775429069996e-04
5.772532313130795956e-04
5.772513104602694511e-04
5.772495060227811337e-04
5.772476433776319027e-04
5.772457807324826717e-04
5.772440345026552677e-04
5.772421136498451233e-04
5.772402510046958923e-04
5.772385629825294018e-04
5.772366421297192574e-04
5.772347212769091129e-04
5.772330332547426224e-04
5.772312288172543049e-04
5.772293661721050739e-04
5.772274453192949295e-04
5.772256990894675255e-04
5.772238364443182945e-04
5.772219737991690636e-04
5.772200529463589191e-04
5.772182485088706017e-04
5.772164440713822842e-04
5.772146978415548801e-04
5.772128351964056492e-04
5.772109725512564182e-04
5.772091099061071873e-04
5.772072472609579563e-04
5.772054428234696388e-04
5.772036383859813213e-04
5.772017757408320904e-04
5.771999130956828594e-04
5.771981086581945419e-04
5.771963042207062244e-04
5.771944415755569935e-04
5.771925789304077625e-04
5.771908909082412720e-04
5.771890282630920410e-04
5.771871656179428101e-04
5.771853029727935791e-04
5.771835567429661751e-04
5.771816940978169441e-04
5.771798314526677132e-04
5.771779688075184822e-04
5.771761643700301647e-04
5.771743017248809338e-04
5.771724390797317028e-04
5.771706346422433853e-04
5.771689466200768948e-04
5.771670257672667503e-04
5.771651049144566059e-04
5.771634168922901154e-04
5.771616124548017979e-04
5.771596916019916534e-04
5.771578871645033360e-04
5.771560827270150185e-04
5.771541618742048740e-04
5.771522992290556431e-04
5.771505529992282391e-04
5.771486903540790081e-04
5.771468859165906906e-04
5.771450814791023731e-04
5.771432770416140556e-04
5.771413561888039112e-04
5.771395517513155937e-04
5.771377473138272762e-04
5.771359428763389587e-04
5.771340220235288143e-04
5.771322175860404968e-04
5.771303549408912659e-04
5.771286087110638618e-04
5.771266878582537174e-04
5.771249416284263134e-04
5.771231371909379959e-04
5.771212163381278515e-04
5.771194119006395340e-04
5.771175492554903030e-04
5.771158030256628990e-04
5.771139403805136681e-04
5.771120777353644371e-04
5.771102732978761196e-04
5.771084106527268887e-04
5.771065480075776577e-04
5.771048599854111671e-04
5.771029391326010227e-04
5.771010182797908783e-04
5.770993302576243877e-04
5.770975840277969837e-04
5.770956631749868393e-04
5.770938005298376083e-04
5.770920543000102043e-04
5.770901916548609734e-04
5.770883290097117424e-04
5.770865245722234249e-04
5.770847201347351074e-04
5.770827992819249630e-04
5.770811112597584724e-04
5.770791321992874146e-04
