5.735317245125770569e-04
5.735299200750887394e-04
5.735281156376004219e-04
5.735262529924511909e-04
5.735243903473019600e-04
5.735225859098136425e-04
5.735207814723253250e-04
5.735189188271760941e-04
5.735170561820268631e-04
5.735153099521994591e-04
5.735134473070502281e-04
5.735115264542400837e-04
5.735097802244126797e-04
5.735079175792634487e-04
5.735061131417751312e-04
5.735042504966259003e-04
5.735024460591375828e-04
5.735005834139883518e-04
5.734987789765000343e-04
5.734970327466726303e-04
5.734951118938624859e-04
5.734931910410523415e-04
5.734915030188858509e-04
5.734896403737366199e-04
5.734877777285873890e-04
5.734860314987599850e-04
5.734841688536107540e-04
5.734823062084615231e-04
5.734806181862950325e-04
5.734786391258239746e-04
5.734768346883356571e-04
5.734750302508473396e-04
5.734731676056981087e-04
5.734713631682097912e-04
5.734695005230605602e-04
5.734676960855722427e-04
5.734658334404230118e-04
5.734640872105956078e-04
5.734622245654463768e-04
5.734603619202971458e-04
5.734585574828088284e-04
5.734567530453205109e-04
5.734549486078321934e-04
5.734531441703438759e-04
5.734512815251946449e-04
5.734494770877063274e-04
5.734477308578789234e-04
5.734456935897469521e-04
5.734440055675804615e-04
5.734421429224312305e-04
5.734402220696210861e-04
5.734385340474545956e-04
5.734366131946444511e-04
5.734347505494952202e-04
5.734330625273287296e-04
5.734311416745185852e-04
5.734292790293693542e-04
5.734275910072028637e-04
5.734256119467318058e-04
5.734238075092434883e-04
5.734220612794160843e-04
5.734201986342668533e-04
5.734183941967785358e-04
5.734165315516293049e-04
5.734147271141409874e-04
5.734129226766526699e-04
5.734110600315034389e-04
5.734092555940151215e-04
5.734074511565268040e-04
5.734057631343603134e-04
5.734037840738892555e-04
5.734020378440618515e-04
5.734002334065735340e-04
5.733983125537633896e-04
5.733965081162750721e-04
5.733946454711258411e-04
5.733928410336375237e-04
5.733909783884882927e-04
5.733891739509999752e-04
5.733873113058507442e-04
5.733854486607015133e-04
5.733837024308741093e-04
5.733818397857248783e-04
5.733800353482365608e-04
5.733782891184091568e-04
5.733764846809208393e-04
5.733745056204497814e-04
5.733727593906223774e-04
5.733709549531340599e-04
5.733690923079848289e-04
5.733672878704965115e-04
5.733655416406691074e-04
5.733635625801980495e-04
5.733617581427097321e-04
5.733600119128823280e-04
5.733582074753940105e-04
5.733563448302447796e-04
5.733545403927564621e-04
5.733527941629290581e-04
5.733509315177798271e-04
5.733490688726305962e-04
5.733472062274813652e-04
5.733453435823321342e-04
5.733435391448438168e-04
5.733417347073554993e-04
5.733398720622062683e-04
5.733382422477006912e-04
5.733363213948905468e-04
5.733345169574022293e-04
5.733327125199139118e-04
5.733308498747646809e-04
5.733289872296154499e-04
5.733271827921271324e-04
5.733253201469779015e-04
5.733235739171504974e-04
5.733217694796621799e-04
5.733199068345129490e-04
5.733180441893637180e-04
5.733162979595363140e-04
5.733144353143870831e-04
5.733126890845596790e-04
5.733108264394104481e-04
5.733089637942612171e-04
5.733071593567728996e-04
5.733055295422673225e-04
5.733035504817962646e-04
5.733016878366470337e-04
5.732999416068196297e-04
5.732981953769922256e-04
5.732963327318429947e-04
5.732943536713719368e-04
5.732926656492054462e-04
5.732908030040562153e-04
5.732889985665678978e-04
5.732871941290795803e-04
5.732852732762694359e-04
5.732835270464420319e-04
5.732816644012928009e-04
5.732798599638044834e-04
5.732781137339770794e-04
5.732761928811669350e-04
5.732744466513395309e-04
5.732727004215121269e-04
5.732707795687019825e-04
5.732689751312136650e-04
5.732671706937253475e-04
5.732654244638979435e-04
5.732636200264096260e-04
5.732616991735994816e-04
5.732599529437720776e-04
5.732580902986228466e-04
5.732561694458127022e-04
5.732544814236462116e-04
5.732526187784969807e-04
5.732508725486695766e-04
5.732490099035203457e-04
5.732471472583711147e-04
5.732454010285437107e-04
5.732435965910553932e-04
5.732417339459061623e-04
5.732399877160787582e-04
5.732380668632686138e-04
5.732363206334412098e-04
5.732345161959528923e-04
5.732327117584645748e-04
5.732308491133153439e-04
5.732289864681661129e-04
5.732271820306777954e-04
5.732253775931894779e-04
5.732235731557011604e-04
5.732217687182128429e-04
5.732199060730636120e-04
5.732180434279143810e-04
5.732164136134088039e-04
5.732145509682595730e-04
5.732126883231103420e-04
5.732108838856220245e-04
5.732090212404727936e-04
5.732072168029844761e-04
5.732053541578352451e-04
5.732035497203469276e-04
5.732016870751976967e-04
5.731998826377093792e-04
5.731981946155428886e-04
5.731963319703936577e-04
5.731944693252444267e-04
5.731927813030779362e-04
5.731908604502677917e-04
5.731889978051185608e-04
5.731871933676302433e-04
5.731855053454637527e-04
5.731836427003145218e-04
5.731818964704871178e-04
5.731800920329988003e-04
5.731781711801886559e-04
5.731763085350394249e-04
5.731746205128729343e-04
5.731726414524018764e-04
5.731708952225744724e-04
5.731691489927470684e-04
5.731671699322760105e-04
5.731653654947876930e-04
5.731636774726212025e-04
5.731618730351328850e-04
5.731600685976445675e-04
5.731582641601562500e-04
5.731564597226679325e-04
5.731545970775187016e-04
5.731527344323694706e-04
5.731509882025420666e-04
5.731491837650537491e-04
5.731473211199045181e-04
5.731455166824162006e-04
5.731437122449278831e-04
5.731419660151004791e-04
5.731401033699512482e-04
5.731382407248020172e-04
5.731364944949746132e-04
5.731346318498253822e-04
5.731328856199979782e-04
5.731310811825096607e-04
5.731292185373604298e-04
5.731275305151939392e-04
5.731256678700447083e-04
5.731238052248954773e-04
5.731220007874071598e-04
5.731201963499188423e-04
5.731183337047696114e-04
5.731164710596203804e-04
5.731148412451148033e-04
5.731129785999655724e-04
5.731110577471554279e-04
5.731093697249889374e-04
5.731075070798397064e-04
5.731057026423513889e-04
5.731038399972021580e-04
5.731020937673747540e-04
5.731003475375473499e-04
5.730984266847372055e-04
5.730966804549098015e-04
5.730948178097605705e-04
5.730930133722722530e-04
5.730912089347839355e-04
5.730894627049565315e-04
5.730876000598073006e-04
5.730856792069971561e-04
5.730839329771697521e-04
5.730821867473423481e-04
5.730803823098540306e-04
5.730785778723657131e-04
5.730767152272164822e-04
5.730748525820672512e-04
5.730731063522398472e-04
5.730713019147515297e-04
5.730694974772632122e-04
5.730676930397748947e-04
5.730658303946256638e-04
5.730640259571373463e-04
5.730622797273099422e-04
5.730604752898216248e-04
5.730585544370114803e-04
5.730568082071840763e-04
5.730550037696957588e-04
5.730531411245465279e-04
5.730513948947191238e-04
5.730496486648917198e-04
5.730477278120815754e-04
5.730460397899150848e-04
5.730441189371049404e-04
5.730423727072775364e-04
5.730405682697892189e-04
5.730388220399618149e-04
5.730370758101344109e-04
5.730352131649851799e-04
5.730334087274968624e-04
5.730315460823476315e-04
5.730296834371984005e-04
5.730278789997100830e-04
5.730261327698826790e-04
5.730243283323943615e-04
5.730225238949060440e-04
5.730207194574177265e-04
5.730189150199294090e-04
5.730170523747801781e-04
5.730153061449527740e-04
5.730134434998035431e-04
5.730115808546543121e-04
5.730098928324878216e-04
5.730080883949995041e-04
5.730062839575111866e-04
5.730043631047010422e-04
5.730026750825345516e-04
5.730008706450462341e-04
5.729991244152188301e-04
5.729972035624086857e-04
5.729953991249203682e-04
5.729936528950929642e-04
5.729917902499437332e-04
5.729899858124554157e-04
5.729882977902889252e-04
5.729864351451396942e-04
5.729845724999904633e-04
5.729827680625021458e-04
5.729809636250138283e-04
5.729791591875255108e-04
5.729774129576981068e-04
5.729756085202097893e-04
5.729738040827214718e-04
5.729719414375722408e-04
5.729701952077448368e-04
5.729683325625956059e-04
5.729665863327682018e-04
5.729647818952798843e-04
5.729629192501306534e-04
5.729612312279641628e-04
5.729594267904758453e-04
5.729575641453266144e-04
5.729557015001773834e-04
5.729538970626890659e-04
5.729521508328616619e-04
5.729502881877124310e-04
5.729485419578850269e-04
5.729468539357185364e-04
5.729450494982302189e-04
5.729431868530809879e-04
5.729413824155926704e-04
5.729395779781043530e-04
5.729377153329551220e-04
5.729360273107886314e-04
5.729342228733003139e-04
5.729323020204901695e-04
5.729305557906627655e-04
5.729288095608353615e-04
5.729270051233470440e-04
5.729250842705368996e-04
5.729233962483704090e-04
5.729215918108820915e-04
5.729197291657328606e-04
5.729179829359054565e-04
5.729161784984171391e-04
5.729143158532679081e-04
5.729125696234405041e-04
5.729107069782912731e-04
5.729089025408029556e-04
5.729070981033146381e-04
5.729053518734872341e-04
5.729035474359989166e-04
5.729017429985105991e-04
5.728999385610222816e-04
5.728980759158730507e-04
5.728963296860456467e-04
5.728945252485573292e-04
5.728927790187299252e-04
5.728909745812416077e-04
5.728891119360923767e-04
5.728873657062649727e-04
5.728855612687766552e-04
5.728837568312883377e-04
5.728819523938000202e-04
5.728802643716335297e-04
5.728782853111624718e-04
5.728764808736741543e-04
5.728747928515076637e-04
5.728729884140193462e-04
5.728711839765310287e-04
5.728693213313817978e-04
5.728675168938934803e-04
5.728657706640660763e-04
5.728639662265777588e-04
5.728621617890894413e-04
5.728602991439402103e-04
5.728585529141128063e-04
5.728567484766244888e-04
5.728549440391361713e-04
5.728531396016478539e-04
5.728513933718204498e-04
5.728495307266712189e-04
5.728477262891829014e-04
5.728460382670164108e-04
5.728441756218671799e-04
5.728423711843788624e-04
5.728406249545514584e-04
5.728387623094022274e-04
5.728368996642529964e-04
5.728352116420865059e-04
5.728332907892763615e-04
5.728316027671098709e-04
5.728298565372824669e-04
5.728279938921332359e-04
5.728262476623058319e-04
5.728244432248175144e-04
5.728226387873291969e-04
5.728208343498408794e-04
5.728189717046916485e-04
5.728171090595424175e-04
5.728154210373759270e-04
5.728136748075485229e-04
5.728118121623992920e-04
5.728100077249109745e-04
5.728081450797617435e-04
5.728063988499343395e-04
5.728045944124460220e-04
5.728029063902795315e-04
5.728010437451303005e-04
5.727992393076419830e-04
5.727974930778145790e-04
5.727955722250044346e-04
5.727938842028379440e-04
5.727920797653496265e-04
5.727902171202003956e-04
5.727884126827120781e-04
5.727867246605455875e-04
5.727849202230572701e-04
5.727831157855689526e-04
5.727813695557415485e-04
5.727795069105923176e-04
5.727777606807649136e-04
5.727759562432765961e-04
5.727741518057882786e-04
5.727722891606390476e-04
5.727704847231507301e-04
5.727687384933233261e-04
5.727668758481740952e-04
5.727652460336685181e-04
5.727634415961802006e-04
5.727615207433700562e-04
5.727598327212035656e-04
5.727580282837152481e-04
5.727562238462269306e-04
5.727543612010776997e-04
5.727526731789112091e-04
5.727508105337619781e-04
5.727490643039345741e-04
5.727472016587853432e-04
5.727454554289579391e-04
5.727437091991305351e-04
5.727419047616422176e-04
5.727401003241539001e-04
5.727382958866655827e-04
5.727364332415163517e-04
5.727345705963671207e-04
5.727328825742006302e-04
5.727311363443732262e-04
5.727292736992239952e-04
5.727275274693965912e-04
5.727256648242473602e-04
5.727239185944199562e-04
5.727221723645925522e-04
5.727203097194433212e-04
5.727185634896159172e-04
5.727168172597885132e-04
5.727150128223001957e-04
5.727131501771509647e-04
5.727115203626453876e-04
5.727095995098352432e-04
5.727078532800078392e-04
5.727061070501804352e-04
5.727042444050312042e-04
5.727024981752038002e-04
5.727005773223936558e-04
5.726988893002271652e-04
5.726970848627388477e-04
5.726953968405723572e-04
5.726934759877622128e-04
5.726917297579348087e-04
5.726899835281074047e-04
5.726881790906190872e-04
5.726863746531307697e-04
5.726846284233033657e-04
5.726828239858150482e-04
5.726810195483267307e-04
5.726792151108384132e-04
5.726773524656891823e-04
5.726756062358617783e-04
5.726738600060343742e-04
5.726719391532242298e-04
5.726702511310577393e-04
5.726683884859085083e-04
5.726665840484201908e-04
5.726648378185927868e-04
5.726630915887653828e-04
5.726612871512770653e-04
5.726594827137887478e-04
5.726576782763004303e-04
5.726558738388121128e-04
5.726540694013237953e-04
5.726523813791573048e-04
5.726505769416689873e-04
5.726487725041806698e-04
5.726470262743532658e-04
5.726451636292040348e-04
5.726434173993766308e-04
5.726416129618883133e-04
5.726398667320609093e-04
5.726380622945725918e-04
5.726361996494233608e-04
5.726344534195959568e-04
5.726326489821076393e-04
5.726309027522802353e-04
5.726290983147919178e-04
