9.284346597269177437e-04
9.283193503506481647e-04
9.282040409743785858e-04
9.280886733904480934e-04
9.279732475988566875e-04
9.278579964302480221e-04
9.277423960156738758e-04
9.276269120164215565e-04
9.275114280171692371e-04
9.273957111872732639e-04
9.272802271880209446e-04
9.271644521504640579e-04
9.270487935282289982e-04
9.269329020753502846e-04
9.268170106224715710e-04
9.267012355849146843e-04
9.265852859243750572e-04
9.264693362638354301e-04
9.263532701879739761e-04
9.262373205274343491e-04
9.261210216209292412e-04
9.260048973374068737e-04
9.258886566385626793e-04
9.257723577320575714e-04
9.256561170332133770e-04
9.255397017113864422e-04
9.254233445972204208e-04
9.253066964447498322e-04
9.251901647076010704e-04
9.250736329704523087e-04
9.249568684026598930e-04
9.248401620425283909e-04
9.247234556823968887e-04
9.246065164916217327e-04
9.244896937161684036e-04
9.243727545253932476e-04
9.242557571269571781e-04
9.241385268978774548e-04
9.240215294994413853e-04
9.239042410627007484e-04
9.237870108336210251e-04
9.236696059815585613e-04
9.235521429218351841e-04
9.234347380697727203e-04
9.233171585947275162e-04
9.231996373273432255e-04
9.230819414369761944e-04
9.229641873389482498e-04
9.228463168255984783e-04
9.227284463122487068e-04
9.226106922142207623e-04
9.224925306625664234e-04
9.223744273185729980e-04
9.222562075592577457e-04
9.221379295922815800e-04
9.220195934176445007e-04
9.219011990353465080e-04
9.217828046530485153e-04
9.216641192324459553e-04
9.215454920195043087e-04
9.214268648065626621e-04
9.213080629706382751e-04
9.211890283040702343e-04
9.210701100528240204e-04
9.209510753862559795e-04
9.208320407196879387e-04
9.207126568071544170e-04
9.205934475176036358e-04
9.204740636050701141e-04
9.203545632772147655e-04
9.202349465340375900e-04
9.201152133755385876e-04
9.199954802170395851e-04
9.198756306432187557e-04
9.197556646540760994e-04
9.196356986649334431e-04
9.195154998451471329e-04
9.193951846100389957e-04
9.192749275825917721e-04
9.191544377245008945e-04
9.190338896587491035e-04
9.189133415929973125e-04
9.187926189042627811e-04
9.186716051772236824e-04
9.185507660731673241e-04
9.184296359308063984e-04
9.183085639961063862e-04
9.181872592307627201e-04
9.180658380500972271e-04
9.179443586617708206e-04
9.178226464428007603e-04
9.177009342238306999e-04
9.175792802125215530e-04
9.174571023322641850e-04
9.173350408673286438e-04
9.172128629870712757e-04
9.170903940685093403e-04
9.169681579805910587e-04
9.168456308543682098e-04
9.167228708975017071e-04
9.166000527329742908e-04
9.164771763607859612e-04
9.163541835732758045e-04
9.162309579551219940e-04
9.161075577139854431e-04
9.159841574728488922e-04
9.158605826087296009e-04
9.157367749139666557e-04
9.156130836345255375e-04
9.154889849014580250e-04
9.153647697530686855e-04
9.152404963970184326e-04
9.151160484179854393e-04
9.149915422312915325e-04
9.148668032139539719e-04
9.147420059889554977e-04
9.146169759333133698e-04
9.144917712546885014e-04
9.143663337454199791e-04
9.142410126514732838e-04
9.141152258962392807e-04
9.139894391410052776e-04
9.138635359704494476e-04
9.137373999692499638e-04
9.136110311374068260e-04
9.134845458902418613e-04
9.133581188507378101e-04
9.132312843576073647e-04
9.131043334491550922e-04
9.129771497100591660e-04
9.128499077633023262e-04
9.127223747782409191e-04
9.125947835855185986e-04
9.124667849391698837e-04
9.123388445004820824e-04
9.122105548158288002e-04
9.120822069235146046e-04
9.119536262005567551e-04
9.118246962316334248e-04
9.116959408856928349e-04
9.115667198784649372e-04
9.114374406635761261e-04
9.113078122027218342e-04
9.111780091188848019e-04
9.110480314120650291e-04
9.109178790822625160e-04
9.107873192988336086e-04
9.106567595154047012e-04
9.105259669013321400e-04
9.103949414566159248e-04
9.102636249735951424e-04
9.101321920752525330e-04
9.100005263462662697e-04
9.098685113713145256e-04
9.097363217733800411e-04
9.096039575524628162e-04
9.094713022932410240e-04
9.093384724110364914e-04
9.092052350752055645e-04
9.090719977393746376e-04
9.089382947422564030e-04
9.088045917451381683e-04
9.086704230867326260e-04
9.085361380130052567e-04
9.084015036933124065e-04
9.082667529582977295e-04
9.081315947696566582e-04
9.079962037503719330e-04
9.078605799004435539e-04
9.077245485968887806e-04
9.075882844626903534e-04
9.074518457055091858e-04
9.073150577023625374e-04
9.071780368685722351e-04
9.070406667888164520e-04
9.069030056707561016e-04
9.067650535143911839e-04
9.066268685273826122e-04
9.064883342944085598e-04
9.063494508154690266e-04
9.062104509212076664e-04
9.060709271579980850e-04
9.059311123564839363e-04
9.057910065166652203e-04
9.056506096385419369e-04
9.055098635144531727e-04
9.053687099367380142e-04
9.052274981513619423e-04
9.050856460817158222e-04
9.049435611814260483e-04
9.048010688275098801e-04
9.046582272276282310e-04
9.045150945894420147e-04
9.043715544976294041e-04
9.042277233675122261e-04
9.040833683684468269e-04
9.039387805387377739e-04
9.037937852554023266e-04
9.036485571414232254e-04
9.035026305355131626e-04
9.033566457219421864e-04
9.032100788317620754e-04
9.030629880726337433e-04
9.029157808981835842e-04
9.027679334394633770e-04
9.026197367347776890e-04
9.024712489917874336e-04
9.023221791721880436e-04
9.021727601066231728e-04
9.020229335874319077e-04
9.018725249916315079e-04
9.017217671498656273e-04
9.015706018544733524e-04
9.014189708977937698e-04
9.012667578645050526e-04
9.011142537929117680e-04
9.009612258523702621e-04
9.008076740428805351e-04
9.006536565721035004e-04
9.004990570247173309e-04
9.003441082313656807e-04
9.001884609460830688e-04
9.000325226224958897e-04
8.998761186376214027e-04
8.997190743684768677e-04
8.995613898150622845e-04
8.994033560156822205e-04
8.992446819320321083e-04
8.990855421870946884e-04
8.989257621578872204e-04
8.987654582597315311e-04
8.986045722849667072e-04
8.984432206489145756e-04
8.982812869362533092e-04
8.981187129393219948e-04
8.979556150734424591e-04
8.977918769232928753e-04
8.976274402812123299e-04
8.974624797701835632e-04
8.972968789748847485e-04
8.971306961029767990e-04
8.969638729467988014e-04
8.967962348833680153e-04
8.966280729509890079e-04
8.964593871496617794e-04
8.962899446487426758e-04
8.961198036558926105e-04
8.959489641711115837e-04
8.957773097790777683e-04
8.956051897257566452e-04
8.954323711805045605e-04
8.952587377279996872e-04
8.950844639912247658e-04
8.949093753471970558e-04
8.947335300035774708e-04
8.945569861680269241e-04
8.943796856328845024e-04
8.942016866058111191e-04
8.940228726714849472e-04
8.938430692069232464e-04
8.936627418734133244e-04
8.934815414249897003e-04
8.932994678616523743e-04
8.931166375987231731e-04
8.929331088438630104e-04
8.927486487664282322e-04
8.925632573664188385e-04
8.923769928514957428e-04
8.921899716369807720e-04
8.920020190998911858e-04
8.918131934478878975e-04
8.916234946809709072e-04
8.914329810068011284e-04
8.912414778023958206e-04
8.910489268600940704e-04
8.908556774258613586e-04
8.906612638384103775e-04
8.904659189283847809e-04
8.902697591111063957e-04
8.900725515559315681e-04
8.898743544705212116e-04
8.896751678548753262e-04
8.894749917089939117e-04
8.892736514098942280e-04
8.890714379958808422e-04
8.888680604286491871e-04
8.886637515388429165e-04
8.884584531188011169e-04
8.882518741302192211e-04
8.880443638190627098e-04
8.878358057700097561e-04
8.876260835677385330e-04
8.874151972122490406e-04
8.872032049112021923e-04
8.869901648722589016e-04
8.867760770954191685e-04
8.865605341270565987e-04
8.863439434207975864e-04
8.861263049766421318e-04
8.859072695486247540e-04
8.856871863827109337e-04
8.854658226482570171e-04
8.852432947605848312e-04
8.850194863043725491e-04
8.847945136949419975e-04
8.845682023093104362e-04
8.843406685627996922e-04
8.841119706630706787e-04
8.838819339871406555e-04
8.836506167426705360e-04
8.834177860990166664e-04
8.831839659251272678e-04
8.829486905597150326e-04
8.827121928334236145e-04
8.824741235002875328e-04
8.822348318062722683e-04
8.819942595437169075e-04
8.817522320896387100e-04
8.815088076516985893e-04
8.812642190605401993e-04
8.810179424472153187e-04
8.807705016806721687e-04
8.805216057226061821e-04
8.802712545730173588e-04
8.800195646472275257e-04
8.797662449069321156e-04
8.795118192210793495e-04
8.792556473053991795e-04
8.789981948211789131e-04
8.787393453530967236e-04
8.784789824858307838e-04
8.782172226347029209e-04
8.779538329690694809e-04
8.776891627348959446e-04
8.774229791015386581e-04
8.771552820689976215e-04
8.768861880525946617e-04
8.766155224293470383e-04
8.763433434069156647e-04
8.760698256082832813e-04
8.757949108257889748e-04
8.755183080211281776e-04
8.752404246479272842e-04
8.749609114602208138e-04
8.746799430809915066e-04
8.743974613025784492e-04
8.741136407479643822e-04
8.738283067941665649e-04
8.735415176488459110e-04
8.732532733120024204e-04
8.729636319912970066e-04
8.726723608560860157e-04
8.723798673599958420e-04
8.720858604647219181e-04
8.717903401702642441e-04
8.714935393072664738e-04
8.711952250450849533e-04
8.708956884220242500e-04
8.705945219844579697e-04
8.702920749783515930e-04
8.699883474037051201e-04
8.696831646375358105e-04
8.693768759258091450e-04
8.690688991919159889e-04
8.687597000971436501e-04
8.684495114721357822e-04
8.681378094479441643e-04
8.678249432705342770e-04
8.675106219016015530e-04
8.671953110024333000e-04
8.668787195347249508e-04
8.665609639137983322e-04
8.662420441396534443e-04
8.659219602122902870e-04
8.656006539240479469e-04
8.652783581055700779e-04
8.649549563415348530e-04
8.646306232549250126e-04
8.643050095997750759e-04
8.639786974526941776e-04
8.636511629447340965e-04
8.633228135295212269e-04
8.629934163764119148e-04
8.626632625237107277e-04
8.623321773484349251e-04
8.620001608505845070e-04
8.616674458608031273e-04
8.613340323790907860e-04
8.609995711594820023e-04
8.606646442785859108e-04
8.603289606980979443e-04
8.599925204180181026e-04
8.596555562689900398e-04
8.593179518356919289e-04
8.589798235334455967e-04
8.586410549469292164e-04
8.583019371144473553e-04
8.579622372053563595e-04
8.576220716349780560e-04
8.572813821956515312e-04
8.569405763410031796e-04
8.565992466174066067e-04
8.562577422708272934e-04
8.559158304706215858e-04
8.555737440474331379e-04
8.552314830012619495e-04
8.548888145014643669e-04
8.545461460016667843e-04
8.542035357095301151e-04
8.538606925867497921e-04
8.535177330486476421e-04
8.531747735105454922e-04
8.528319303877651691e-04
8.524890872649848461e-04
8.521462441422045231e-04
8.518035756424069405e-04
8.514609071426093578e-04
8.511186460964381695e-04
8.507765014655888081e-04
8.504347060807049274e-04
8.500927942804992199e-04
8.497515809722244740e-04
8.494103676639497280e-04
8.490696782246232033e-04
8.487293380312621593e-04
8.483893470838665962e-04
8.480497635900974274e-04
8.477107039652764797e-04
8.473720517940819263e-04
8.470339816994965076e-04
8.466964936815202236e-04
8.463593549095094204e-04
8.460229728370904922e-04
8.456871728412806988e-04
8.453519549220800400e-04
8.450173190794885159e-04
8.446835563518106937e-04
8.443503174930810928e-04
8.440177771262824535e-04
8.436861098743975163e-04
8.433550829067826271e-04
8.430249290540814400e-04
8.426955319009721279e-04
8.423667750321328640e-04
8.420391241088509560e-04
8.417121716775000095e-04
8.413861505687236786e-04
8.410610025748610497e-04
8.407366694882512093e-04
8.404132095165550709e-04
8.400908554904162884e-04
8.397692581638693810e-04
8.394488249905407429e-04
8.391292649321258068e-04
8.388106361962854862e-04
8.384931716136634350e-04
8.381765219382941723e-04
8.378609782084822655e-04
8.375463658012449741e-04
8.372329757548868656e-04
8.369204588234424591e-04
8.366092806681990623e-04
8.362988592125475407e-04
8.359895437024533749e-04
8.356815087608993053e-04
8.353744633495807648e-04
8.350685238838195801e-04
8.347636903636157513e-04
8.344600792042911053e-04
8.341574575752019882e-04
8.338560000993311405e-04
8.335557649843394756e-04
8.332565193995833397e-04
8.329584961757063866e-04
8.326616371050477028e-04
8.323660586029291153e-04
8.320714696310460567e-04
8.317781612277030945e-04
8.314858423545956612e-04
8.311948622576892376e-04
8.309050463140010834e-04
8.306163945235311985e-04
8.303287322632968426e-04
8.300423505716025829e-04
8.297573076561093330e-04
8.294731960631906986e-04
8.291904232464730740e-04
8.289088145829737186e-04
8.286284282803535461e-04
8.283492061309516430e-04
8.280710317194461823e-04
8.277940796688199043e-04
8.275183499790728092e-04
8.272439008578658104e-04
8.269705576822161674e-04
8.266983204521238804e-04
8.264272473752498627e-04
8.261573966592550278e-04
8.258888265118002892e-04
8.256212458945810795e-04
