-1.183392643928527832e+00
-1.367835879325866699e+00
-1.607972383499145508e+00
-1.742186427116394043e+00
-1.225839138031005859e+00
-1.264879226684570312e+00
-1.384272933006286621e+00
-1.881972908973693848e+00
-6.476281881332397461e-01
-2.195955663919448853e-01
-1.009487748146057129e+00
-7.302188873291015625e-02
-1.641685128211975098e+00
-8.010373711585998535e-01
-4.149340093135833740e-01
-7.933535575866699219e-01
-1.271265298128128052e-01
-5.082837343215942383e-01
-1.570611715316772461e+00
-1.478683233261108398e+00
-9.229404926300048828e-01
-4.165998101234436035e-01
-6.628242731094360352e-01
-1.279387593269348145e+00
-1.585554361343383789e+00
-6.148720979690551758e-01
-1.138380765914916992e+00
-1.292049765586853027e+00
-1.022132277488708496e+00
-1.073561787605285645e+00
-1.573984503746032715e+00
-1.710188031196594238e+00
-1.132667779922485352e+00
-6.267675757408142090e-01
-6.523329019546508789e-01
-5.220062732696533203e-01
-1.447622060775756836e+00
-1.067933797836303711e+00
-1.826840400695800781e+00
-9.675332307815551758e-01
-1.375892519950866699e+00
-1.338509559631347656e+00
-1.493891119956970215e+00
-5.368776917457580566e-01
-1.141804814338684082e+00
-1.480822324752807617e+00
-1.371203184127807617e+00
-1.890543699264526367e+00
-1.560852169990539551e+00
-1.313702613115310669e-01
-1.599970102310180664e+00
-1.342825055122375488e+00
-1.267713904380798340e+00
7.428897917270660400e-02
-1.030374646186828613e+00
-1.719090104103088379e+00
-5.979667901992797852e-01
-1.370585799217224121e+00
-1.231940507888793945e+00
-7.894317507743835449e-01
-1.930325150489807129e+00
-2.207549095153808594e+00
-1.276570081710815430e+00
-4.781325161457061768e-01
-7.509005069732666016e-01
-1.510928392410278320e+00
-1.264214038848876953e+00
-1.717923760414123535e+00
-8.887332677841186523e-01
-7.608570456504821777e-01
-5.717114806175231934e-01
-6.755892038345336914e-01
-1.470375537872314453e+00
-1.771639585494995117e+00
-1.243038535118103027e+00
-2.310475111007690430e+00
-1.204523563385009766e+00
-1.430147528648376465e+00
-1.691280245780944824e+00
-1.625159621238708496e+00
-9.235234558582305908e-02
-7.061312198638916016e-01
-1.567191600799560547e+00
-1.472944498062133789e+00
-1.581842660903930664e+00
-1.487811684608459473e+00
-1.224103927612304688e+00
-1.332942724227905273e+00
-4.818949401378631592e-01
-1.323594689369201660e+00
-3.930137455463409424e-01
-1.571902751922607422e+00
-7.048671841621398926e-01
-9.983427524566650391e-01
-6.758416295051574707e-01
-5.126644372940063477e-01
-1.171638965606689453e+00
-9.390524625778198242e-01
-2.193772554397583008e+00
-1.121579051017761230e+00
