-9.940814375877380371e-01
-6.250799298286437988e-01
-9.296445250511169434e-01
-1.208273172378540039e+00
-4.659029841423034668e-01
-1.352477431297302246e+00
-8.285164237022399902e-01
-1.011645078659057617e+00
-1.145263314247131348e+00
-8.401675224304199219e-01
-1.606259465217590332e+00
-1.110658288002014160e+00
-1.225739240646362305e+00
-3.954472839832305908e-01
-1.407684922218322754e+00
-1.030256271362304688e+00
-6.962161660194396973e-01
-1.171100497245788574e+00
-7.091561555862426758e-01
-9.108796119689941406e-01
-8.533407449722290039e-01
-6.098653674125671387e-01
-9.008939564228057861e-02
-5.473744869232177734e-01
-9.785022735595703125e-01
-8.046985864639282227e-01
-5.909731388092041016e-01
-1.276744365692138672e+00
-1.588580250740051270e+00
-3.193656206130981445e-01
-9.813120961189270020e-01
-9.521749019622802734e-01
-7.832645773887634277e-01
-8.468937873840332031e-01
-1.034999251365661621e+00
-9.086083769798278809e-01
-2.995663285255432129e-01
-1.224130630493164062e+00
-4.332459270954132080e-01
-1.123938918113708496e+00
-4.884395897388458252e-01
-8.926721811294555664e-01
-6.712483167648315430e-01
-9.151749014854431152e-01
-1.213302850723266602e+00
-1.671542763710021973e+00
-1.280507206916809082e+00
-1.500166893005371094e+00
-9.487667679786682129e-01
-1.571950912475585938e+00
-1.196515798568725586e+00
-1.183234095573425293e+00
-6.587387919425964355e-01
-1.077716946601867676e+00
-4.201355576515197754e-01
-1.763360857963562012e+00
-7.894195914268493652e-01
-5.181723833084106445e-01
-7.926106452941894531e-01
-5.096049308776855469e-01
-1.167792558670043945e+00
-6.490622460842132568e-02
-3.508778512477874756e-01
-8.228397369384765625e-01
-8.873889446258544922e-01
-1.040267109870910645e+00
-6.614989638328552246e-01
-9.145546555519104004e-01
-5.608941912651062012e-01
-9.890758991241455078e-01
-1.048621177673339844e+00
-1.401299238204956055e+00
-1.014949917793273926e+00
-4.611538350582122803e-01
-2.808253467082977295e-01
-7.091489434242248535e-01
-8.996556401252746582e-01
-1.215948581695556641e+00
-1.306555628776550293e+00
-6.032108068466186523e-01
-1.193396449089050293e+00
-1.218140602111816406e+00
-7.518212795257568359e-01
-1.439556360244750977e+00
-1.025936365127563477e+00
-3.890438079833984375e-01
-6.496337652206420898e-01
-6.263252496719360352e-01
-6.362850069999694824e-01
-1.659950971603393555e+00
-1.107460618019104004e+00
-1.062551259994506836e+00
-1.114694595336914062e+00
-7.933345437049865723e-01
-1.181535124778747559e+00
-1.037196278572082520e+00
-9.922310113906860352e-01
-1.170385241508483887e+00
-4.178681969642639160e-01
-8.630308508872985840e-01
