-1.604487299919128418e+00
-1.729623317718505859e+00
-2.248379588127136230e-02
-1.443514466285705566e+00
-4.499763548374176025e-01
-1.928859353065490723e+00
-1.946757197380065918e+00
-1.451356559991836548e-01
-1.079409003257751465e+00
-2.015138864517211914e+00
-8.537207245826721191e-01
-1.470819830894470215e+00
-1.294125080108642578e+00
-1.386335730552673340e+00
-4.861210882663726807e-01
-9.826351404190063477e-01
-1.315560221672058105e+00
-1.521411299705505371e+00
-1.581391215324401855e+00
-1.763680100440979004e+00
-1.774532198905944824e+00
-1.352218389511108398e+00
-1.172978401184082031e+00
-1.154050946235656738e+00
-2.916952073574066162e-01
-1.341263055801391602e+00
-1.451881289482116699e+00
-1.147741794586181641e+00
5.833862721920013428e-02
-1.072601318359375000e+00
-8.577906489372253418e-01
-1.810256838798522949e+00
-8.900377154350280762e-01
-9.504747986793518066e-01
-2.007030963897705078e+00
-8.169357776641845703e-01
-4.854777455329895020e-01
-9.949170351028442383e-01
-5.096193552017211914e-01
-8.326646089553833008e-01
-6.602941751480102539e-01
-9.420288205146789551e-01
-8.790858983993530273e-01
-1.349812746047973633e+00
-1.797555088996887207e+00
-1.578094005584716797e+00
-8.199613690376281738e-01
-9.343093633651733398e-01
-9.654675126075744629e-01
-1.061037898063659668e+00
-1.289857983589172363e+00
-3.732476234436035156e-01
-5.314017534255981445e-01
-7.493302822113037109e-01
-6.402303576469421387e-01
-1.394431829452514648e+00
-1.423163414001464844e+00
-8.185498714447021484e-01
-1.801993846893310547e+00
-4.644997119903564453e-01
-2.571292877197265625e+00
-3.363367915153503418e-01
-9.553093314170837402e-01
-2.242020703852176666e-02
-1.521352171897888184e+00
-1.372284889221191406e+00
-8.275499343872070312e-01
-7.828646898269653320e-01
-7.440804243087768555e-01
-1.537816047668457031e+00
-6.737357974052429199e-01
-1.233897924423217773e+00
-1.546482443809509277e+00
-5.140302181243896484e-01
-1.460723280906677246e+00
-9.725296497344970703e-01
-1.518287420272827148e+00
-8.662018179893493652e-01
-1.319407582283020020e+00
-4.263879954814910889e-01
-1.128301620483398438e+00
-9.526684880256652832e-01
-1.408058047294616699e+00
-1.340962052345275879e+00
-9.492765069007873535e-01
-1.236663818359375000e+00
-2.509985685348510742e+00
-1.546792387962341309e+00
-1.059574723243713379e+00
-1.031406044960021973e+00
-1.264354825019836426e+00
-4.796089231967926025e-01
-8.557461500167846680e-01
-2.055245876312255859e+00
-1.583883881568908691e+00
-7.665410637855529785e-01
-1.325010061264038086e+00
-5.076471567153930664e-01
-5.852637290954589844e-01
-7.092329263687133789e-01
