-1.974978685379028320e+00
-1.327571511268615723e+00
-2.417520046234130859e+00
-1.535728573799133301e+00
-5.002539157867431641e-01
-1.225316524505615234e+00
-1.125968575477600098e+00
-1.280166268348693848e+00
-1.703188180923461914e+00
-1.535440325736999512e+00
-1.201170682907104492e+00
-1.782442569732666016e+00
-8.694498538970947266e-01
-1.041197896003723145e+00
-1.101559638977050781e+00
-7.504035234451293945e-01
-9.662755727767944336e-01
-6.446603536605834961e-01
-1.466934561729431152e+00
-2.038970947265625000e+00
-2.142481565475463867e+00
-9.992812275886535645e-01
-1.573729634284973145e+00
-3.994018733501434326e-01
-2.706964731216430664e+00
-2.543431997299194336e+00
-2.017628431320190430e+00
-2.296578407287597656e+00
-1.910745501518249512e+00
-1.196555018424987793e+00
1.603749841451644897e-01
-2.679366767406463623e-01
-2.360916852951049805e+00
-1.473678112030029297e+00
-1.052326440811157227e+00
-1.447675824165344238e+00
-1.713374614715576172e+00
-7.716786861419677734e-01
-2.975083827972412109e+00
-1.675256490707397461e+00
-2.058312892913818359e+00
-2.182555437088012695e+00
-1.624280065298080444e-01
-1.299740076065063477e+00
-2.369876861572265625e+00
-9.836544990539550781e-01
-7.113614678382873535e-01
-1.547775506973266602e+00
-6.357771158218383789e-01
-1.482338070869445801e+00
4.844218492507934570e-01
5.483165979385375977e-01
-1.471549272537231445e+00
-1.079463005065917969e+00
-3.394857406616210938e+00
-8.675606250762939453e-01
-2.817965269088745117e+00
-2.396399259567260742e+00
-1.069067120552062988e+00
-2.187363862991333008e+00
-6.625654697418212891e-01
-1.030481219291687012e+00
-1.707408547401428223e+00
-1.390171289443969727e+00
-1.679912686347961426e+00
-3.895541131496429443e-01
-1.659113168716430664e+00
-1.462043404579162598e+00
-1.865603923797607422e+00
-1.319926977157592773e+00
-1.377392530441284180e+00
-1.141797900199890137e+00
-2.393870830535888672e+00
-2.442106246948242188e+00
-1.372582554817199707e+00
-1.947676777839660645e+00
-1.386674523353576660e+00
-9.996505379676818848e-01
-1.699480652809143066e+00
2.282626479864120483e-01
-1.204552650451660156e+00
-2.848992347717285156e+00
-1.887123107910156250e+00
-1.309934496879577637e+00
-1.604315161705017090e+00
-1.964872241020202637e+00
-1.030794620513916016e+00
-2.194138288497924805e+00
-2.843516588211059570e+00
-1.685280203819274902e+00
-1.255964756011962891e+00
-1.801369667053222656e+00
-1.781242847442626953e+00
-2.206495285034179688e+00
-1.678523540496826172e+00
-7.836050391197204590e-01
-1.003269076347351074e+00
4.299521446228027344e-01
-1.842877268791198730e+00
-1.321183919906616211e+00
