-2.282716751098632812e+00
-1.119948387145996094e+00
9.439356327056884766e-01
-2.743393898010253906e+00
-4.149872958660125732e-01
-2.762329339981079102e+00
-2.341550111770629883e+00
-3.532202243804931641e+00
-2.296046495437622070e+00
-3.541578292846679688e+00
-1.219055414199829102e+00
-2.052817583084106445e+00
1.134078979492187500e+00
-1.168582439422607422e+00
-1.800638794898986816e+00
-8.213568329811096191e-01
-3.045851230621337891e+00
-2.285251855850219727e+00
-3.936641216278076172e+00
-3.294432163238525391e+00
-3.481886863708496094e+00
-4.137084484100341797e+00
-1.797108530998229980e+00
-3.058755397796630859e+00
-3.805610179901123047e+00
-2.154449701309204102e+00
-2.931369543075561523e+00
-8.972171545028686523e-01
-1.451352953910827637e+00
-3.198965787887573242e+00
-2.069638967514038086e+00
-1.997681379318237305e+00
-1.160377740859985352e+00
-3.534978866577148438e+00
-2.740496695041656494e-01
-2.724137783050537109e+00
-2.285846471786499023e+00
-1.254014134407043457e+00
-1.011416554450988770e+00
-6.954004764556884766e-01
3.335350751876831055e-01
-2.594227075576782227e+00
-9.959459304809570312e-01
-6.529906392097473145e-01
-2.407280683517456055e+00
-4.240243434906005859e+00
-1.965647935867309570e+00
-2.635795354843139648e+00
1.377689242362976074e-01
-3.123983144760131836e+00
-1.417380332946777344e+00
-2.676568269729614258e+00
-2.899041414260864258e+00
-4.029328227043151855e-01
-2.923925876617431641e+00
-1.820110797882080078e+00
-3.329115808010101318e-01
-2.856925725936889648e+00
-4.390030384063720703e+00
-1.636551022529602051e+00
-2.773317575454711914e+00
-1.386588692665100098e+00
-3.137418985366821289e+00
-4.462172985076904297e-01
-4.904260635375976562e-01
-6.021387577056884766e-01
-2.072160720825195312e+00
-1.465363144874572754e+00
-1.221898198127746582e+00
-3.045995950698852539e+00
-1.533168911933898926e+00
-2.590547084808349609e+00
-2.446215391159057617e+00
-1.643432378768920898e+00
-2.341941595077514648e+00
-2.499058961868286133e+00
-4.694643497467041016e+00
-1.288794994354248047e+00
-1.340462803840637207e+00
-2.687844038009643555e+00
-1.656557679176330566e+00
-1.445600509643554688e+00
-1.840400695800781250e+00
-2.063271522521972656e+00
-2.377077817916870117e+00
-1.422895550727844238e+00
-2.645810842514038086e+00
-2.074302911758422852e+00
-1.371452093124389648e+00
-2.524023532867431641e+00
-1.854117274284362793e+00
-2.924447059631347656e+00
-2.056238651275634766e+00
-1.024856686592102051e+00
-1.298068523406982422e+00
-2.072580575942993164e+00
-1.512008547782897949e+00
-6.662275791168212891e-01
-6.104103326797485352e-01
-2.568284988403320312e+00
