-6.089530587196350098e-01
-6.354727745056152344e-01
-7.655688524246215820e-01
3.946379199624061584e-02
-1.713233113288879395e+00
-1.001907706260681152e+00
-1.138172507286071777e+00
-7.270126342773437500e-01
-1.506020307540893555e+00
-4.860151708126068115e-01
-1.074146151542663574e+00
-1.859949350357055664e+00
-1.808972001075744629e+00
-1.530866742134094238e+00
-1.653492212295532227e+00
-1.277311444282531738e+00
-1.071454763412475586e+00
-7.812591195106506348e-01
-9.083081483840942383e-01
-3.724327385425567627e-01
-1.311103105545043945e+00
-1.112857103347778320e+00
-5.478790998458862305e-01
3.898545801639556885e-01
-1.025820255279541016e+00
-1.580062031745910645e+00
-2.089792728424072266e+00
3.792018629610538483e-03
-9.719025492668151855e-01
-2.107311725616455078e+00
-4.437628090381622314e-01
-1.230701923370361328e+00
-1.799270272254943848e+00
-1.100233912467956543e+00
-1.096116602420806885e-01
-8.344808220863342285e-01
-1.611197948455810547e+00
-1.227420687675476074e+00
-1.098242163658142090e+00
-1.287540316581726074e+00
-1.342126250267028809e+00
-1.335857272148132324e+00
-2.040309906005859375e+00
-1.540437698364257812e+00
-2.338317871093750000e+00
-2.398627758026123047e+00
-1.033287167549133301e+00
-1.351384401321411133e+00
-2.035632610321044922e+00
-1.931901097297668457e+00
-1.925777912139892578e+00
-1.178671836853027344e+00
-1.109613418579101562e+00
-1.955237269401550293e+00
6.440147012472152710e-02
-1.455760002136230469e+00
-9.096147418022155762e-01
-1.810931921005249023e+00
-1.711398720741271973e+00
-1.700648307800292969e+00
-1.604386568069458008e+00
-1.024388670921325684e+00
-2.489901065826416016e+00
-2.072557926177978516e+00
-2.662443161010742188e+00
-7.409103512763977051e-01
-2.559759616851806641e+00
-2.316921949386596680e+00
-8.759348392486572266e-01
-3.951906859874725342e-01
-8.984689712524414062e-01
-1.010431647300720215e+00
-7.890033125877380371e-01
-1.932557225227355957e+00
-1.723358750343322754e+00
-1.342777013778686523e+00
-2.238351106643676758e+00
-1.927620053291320801e+00
-7.828161120414733887e-01
-2.023097038269042969e+00
-1.817560553550720215e+00
-1.397652745246887207e+00
-6.901377439498901367e-01
6.818395853042602539e-02
-1.714270591735839844e+00
-1.388987302780151367e+00
-1.450391530990600586e+00
-1.523853302001953125e+00
-1.644538521766662598e+00
-5.836611390113830566e-01
5.111506581306457520e-02
-2.376809358596801758e+00
-6.961611509323120117e-01
-1.187804579734802246e+00
-1.325776338577270508e+00
-1.038125395774841309e+00
-2.189428329467773438e+00
-1.746240377426147461e+00
-1.510178923606872559e+00
-1.153033137321472168e+00
