-1.470274448394775391e+00
1.412674970924854279e-02
-4.767023622989654541e-01
-1.986945867538452148e+00
-1.609569668769836426e+00
-7.686216235160827637e-01
-1.656919717788696289e+00
-6.910587549209594727e-01
-1.913584232330322266e+00
-1.888857722282409668e+00
-1.273929953575134277e+00
-2.457394838333129883e+00
-1.244540512561798096e-01
-1.267239689826965332e+00
-8.222007155418395996e-01
-1.575941920280456543e+00
-1.538660526275634766e+00
-1.266068220138549805e+00
-7.605013251304626465e-01
-2.467838525772094727e+00
-9.018039703369140625e-01
-1.849835991859436035e+00
-1.082727551460266113e+00
-6.567985415458679199e-01
-1.194307684898376465e+00
-1.196068763732910156e+00
-2.857270002365112305e+00
-2.290646314620971680e+00
-9.764830470085144043e-01
-2.016338586807250977e+00
-5.162394046783447266e-01
-4.454891979694366455e-01
-6.485461592674255371e-01
-1.085725903511047363e+00
-5.805701017379760742e-01
-1.699668020009994507e-01
-1.182017564773559570e+00
-3.661713600158691406e-01
-1.277098417282104492e+00
-3.458144187927246094e+00
-2.991716861724853516e+00
-2.515031814575195312e+00
-1.203974962234497070e+00
-7.687568068504333496e-01
-1.551863551139831543e+00
-1.104093670845031738e+00
-1.465376019477844238e+00
-2.406364679336547852e+00
-1.635360836982727051e+00
-2.056825876235961914e+00
-8.139891028404235840e-01
-1.948344349861145020e+00
-4.943429529666900635e-01
-1.975381225347518921e-01
-1.522226095199584961e+00
-1.634068250656127930e+00
-1.479068756103515625e+00
-1.932399272918701172e+00
-8.401216268539428711e-01
-1.660493373870849609e+00
-2.110340833663940430e+00
-6.481307744979858398e-01
-2.968934774398803711e-01
-1.751568168401718140e-02
-1.045644044876098633e+00
-1.010568499565124512e+00
-9.161427021026611328e-01
-2.255089282989501953e+00
-7.792777419090270996e-01
7.443084120750427246e-01
-1.441807985305786133e+00
-2.059197425842285156e+00
-6.887585520744323730e-01
-1.969833016395568848e+00
-5.443229675292968750e-01
-1.501041293144226074e+00
-1.476892232894897461e+00
-1.483225584030151367e+00
-1.640286684036254883e+00
-4.475206136703491211e-01
-2.237193822860717773e+00
-1.669465899467468262e+00
-1.699104905128479004e+00
-2.183730363845825195e+00
-2.680222511291503906e+00
-2.105036973953247070e+00
-9.637433886528015137e-01
-8.715962767601013184e-01
-1.932452917098999023e+00
-2.877215862274169922e+00
-7.706801891326904297e-01
-2.987347364425659180e+00
-1.801687598228454590e+00
-7.285645604133605957e-01
-9.648613929748535156e-01
-3.306069612503051758e+00
-5.344780087471008301e-01
-1.645344138145446777e+00
-1.153006792068481445e+00
-1.804835915565490723e+00
