-1.884750366210937500e+00
-1.719130754470825195e+00
-1.755140066146850586e+00
-1.390380024909973145e+00
-1.575491309165954590e+00
-1.318658351898193359e+00
-2.871912240982055664e+00
-1.119341492652893066e+00
-4.507357180118560791e-01
-9.752865433692932129e-01
-1.479906201362609863e+00
-4.372256994247436523e-01
-1.830604910850524902e+00
-4.707458913326263428e-01
-1.156703233718872070e-01
-1.244356632232666016e+00
-9.633911848068237305e-01
-1.808101773262023926e+00
-1.455223441123962402e+00
-1.137482523918151855e+00
-1.704064726829528809e+00
-2.455417156219482422e+00
-1.191519856452941895e+00
-8.709547519683837891e-01
-1.052796006202697754e+00
-1.158007979393005371e+00
-6.205694079399108887e-01
-2.395019292831420898e+00
-1.679978251457214355e+00
-7.611217498779296875e-01
-1.371271610260009766e+00
-1.593694090843200684e+00
-5.863436460494995117e-01
-1.274293303489685059e+00
-8.140898942947387695e-01
-1.015851974487304688e+00
-1.683641672134399414e+00
-6.045551896095275879e-01
-1.027010321617126465e+00
-1.194879174232482910e+00
-1.153643846511840820e+00
-1.821450591087341309e+00
-1.452489018440246582e+00
-4.290056526660919189e-01
-9.478463530540466309e-01
-1.165313482284545898e+00
-1.467359781265258789e+00
-1.227183222770690918e+00
-6.098496913909912109e-01
-4.970569610595703125e-01
-8.756803870201110840e-01
-1.445816636085510254e+00
-1.427084684371948242e+00
-6.827417016029357910e-01
-1.110387921333312988e+00
-9.847219586372375488e-01
-6.245690584182739258e-01
-5.364834070205688477e-01
-2.137179851531982422e+00
-5.195397138595581055e-01
-1.730783820152282715e+00
-8.739507198333740234e-01
-2.287496328353881836e+00
-1.644547224044799805e+00
-9.758913516998291016e-01
-7.092919945716857910e-01
-1.099950432777404785e+00
-1.536265969276428223e+00
-6.609686017036437988e-01
-1.418685913085937500e+00
-8.977910280227661133e-01
-1.045936703681945801e+00
-1.508289575576782227e+00
-1.937382102012634277e+00
-7.197028398513793945e-01
-1.377787947654724121e+00
-2.126153945922851562e+00
-1.921358942985534668e+00
-1.122355341911315918e+00
-1.693361401557922363e+00
-1.199099540710449219e+00
-1.259272992610931396e-01
-1.425168871879577637e+00
-1.344074487686157227e+00
-1.483635187149047852e+00
-8.046772480010986328e-01
-1.756330490112304688e+00
-7.512895464897155762e-01
1.573988646268844604e-01
-1.461899518966674805e+00
-1.672308325767517090e+00
-2.049329280853271484e+00
-1.798029780387878418e+00
-7.343360781669616699e-01
-2.452594041824340820e+00
-9.199831485748291016e-01
-8.141968250274658203e-01
-1.549841523170471191e+00
-1.028816699981689453e+00
-2.564996480941772461e+00
