-1.586480140686035156e+00
-5.726673603057861328e-01
-1.806213498115539551e+00
-1.260445237159729004e+00
-1.434775114059448242e+00
1.047512516379356384e-01
-1.143069624900817871e+00
-1.052899003028869629e+00
1.079907536506652832e+00
-8.036850690841674805e-01
-1.635708928108215332e+00
-2.337130308151245117e+00
-1.239716172218322754e+00
-9.813058376312255859e-01
-8.877736330032348633e-01
-1.318168640136718750e+00
-3.880190849304199219e-01
-2.890775203704833984e-01
-3.056273460388183594e-01
-2.001319646835327148e+00
-2.334687948226928711e+00
-3.584015369415283203e-01
-1.140242934226989746e+00
-1.641820669174194336e+00
-2.377920150756835938e+00
-1.233790159225463867e+00
-2.365884780883789062e+00
-7.383647561073303223e-01
-1.523584961891174316e+00
-2.043333292007446289e+00
-2.462348937988281250e+00
-1.995268583297729492e+00
-1.350179791450500488e+00
-2.311721563339233398e+00
-1.939201712608337402e+00
-2.777845859527587891e+00
-2.208643674850463867e+00
-1.091574430465698242e+00
-1.066697835922241211e+00
-1.668905019760131836e+00
-1.302467703819274902e+00
-1.323566555976867676e+00
-1.851638436317443848e+00
-1.107091188430786133e+00
-1.192416429519653320e+00
-1.809336066246032715e+00
-1.865402936935424805e+00
-1.361220002174377441e+00
-9.904174804687500000e-01
-1.533427238464355469e+00
-6.120727658271789551e-01
-2.644426345825195312e+00
-1.614462494850158691e+00
-1.110599786043167114e-01
-2.042336225509643555e+00
-1.026288747787475586e+00
-1.766381978988647461e+00
-4.817651212215423584e-01
-2.581228494644165039e+00
-8.639410734176635742e-01
-4.097166955471038818e-01
-8.942713737487792969e-01
-2.340311527252197266e+00
-1.975906372070312500e+00
-2.250205039978027344e+00
-2.177957296371459961e+00
-2.104850530624389648e+00
-1.168089151382446289e+00
-2.293019056320190430e+00
-1.802841067314147949e+00
-7.749897241592407227e-01
-1.036565780639648438e+00
-1.563482999801635742e+00
-1.933691501617431641e+00
-1.298420786857604980e+00
-2.055589914321899414e+00
-2.030660867691040039e+00
-1.979085803031921387e+00
-2.184460401535034180e+00
-2.132703304290771484e+00
-1.027338027954101562e+00
-2.578153848648071289e+00
-9.076967835426330566e-01
6.716179251670837402e-01
-1.355509519577026367e+00
9.386278688907623291e-03
-2.609791994094848633e+00
-4.688737988471984863e-01
-1.489246368408203125e+00
-1.017792582511901855e+00
-1.498813033103942871e+00
-1.383100509643554688e+00
-3.811247825622558594e+00
-4.427136778831481934e-01
-1.698177576065063477e+00
1.899977475404739380e-01
-2.239169359207153320e+00
-1.699988722801208496e+00
-8.094653487205505371e-01
-2.395942926406860352e+00
