-2.243950366973876953e+00
-2.236539602279663086e+00
-1.576735734939575195e+00
4.594469368457794189e-01
-1.712331891059875488e+00
-1.595406651496887207e+00
-2.080497264862060547e+00
-2.269705295562744141e+00
-2.839097499847412109e+00
-3.808075487613677979e-01
-6.667819619178771973e-01
-2.793871164321899414e+00
-3.001538276672363281e+00
-2.669435977935791016e+00
-8.769873380661010742e-01
-2.558378696441650391e+00
-2.454111099243164062e+00
-5.360385179519653320e-01
-1.707512736320495605e+00
-1.593311786651611328e+00
-2.565151929855346680e+00
-8.844521045684814453e-01
-1.413525700569152832e+00
-1.671902537345886230e+00
-1.856650114059448242e+00
-2.913574218750000000e+00
-1.981479525566101074e+00
-9.423996806144714355e-01
-3.287305593490600586e+00
-1.274247288703918457e+00
-1.856979489326477051e+00
-1.453301191329956055e+00
-1.712762594223022461e+00
-2.508096456527709961e+00
-2.962653636932373047e+00
-1.443507552146911621e+00
-2.827773332595825195e+00
-3.049695730209350586e+00
-1.721083641052246094e+00
-1.326655864715576172e+00
-8.742642998695373535e-01
-1.463989734649658203e+00
-3.902328968048095703e+00
-2.165491580963134766e+00
-2.272206068038940430e+00
-3.567454576492309570e+00
-1.059041097760200500e-01
-1.363070726394653320e+00
-1.197254061698913574e+00
-1.292308330535888672e+00
-1.104131340980529785e+00
-6.548928022384643555e-01
-1.105018019676208496e+00
-5.791832804679870605e-01
-2.269787788391113281e+00
-2.053396940231323242e+00
-1.837262988090515137e+00
-1.902164340019226074e+00
-3.047647953033447266e+00
-1.366023778915405273e+00
-3.633856177330017090e-01
-1.246926546096801758e+00
-2.040706872940063477e+00
2.698104977607727051e-01
-2.188460111618041992e+00
-1.287009716033935547e+00
-1.544297933578491211e+00
-2.860057353973388672e+00
-9.343589544296264648e-01
-3.636456966400146484e+00
-2.334483385086059570e+00
-2.425842761993408203e+00
-1.601263999938964844e+00
-1.191622853279113770e+00
-1.377853870391845703e+00
-2.510953187942504883e+00
-1.200327515602111816e+00
-2.989817142486572266e+00
-2.384393692016601562e+00
-1.419817805290222168e+00
-7.166411876678466797e-01
-1.816235184669494629e+00
-1.220746278762817383e+00
-2.675216436386108398e+00
-1.687825679779052734e+00
-1.579659104347229004e+00
-1.011201024055480957e+00
-2.409147024154663086e+00
-1.651053190231323242e+00
-1.795808196067810059e+00
-2.228707075119018555e+00
-1.933910131454467773e+00
-2.569167137145996094e+00
-4.256587028503417969e+00
-2.835130929946899414e+00
-3.241867780685424805e+00
-1.398864507675170898e+00
-2.724524497985839844e+00
-1.983664989471435547e+00
-9.848504662513732910e-01
