-1.415489435195922852e+00
-2.455224752426147461e+00
-7.689808011054992676e-01
-1.107581734657287598e+00
-1.095080256462097168e+00
-5.950889587402343750e-01
-7.755185365676879883e-01
-3.991766273975372314e-01
-2.333925247192382812e+00
-1.622809529304504395e+00
-1.172270894050598145e+00
-2.366977185010910034e-01
-1.288120746612548828e+00
-1.265179395675659180e+00
-1.691272854804992676e+00
-6.996607780456542969e-01
-1.577862143516540527e+00
-1.433082580566406250e+00
-2.650126516819000244e-01
-6.892261505126953125e-01
-1.173496961593627930e+00
-5.660563111305236816e-01
-2.243799448013305664e+00
6.300759911537170410e-01
-3.798957467079162598e-01
-1.304358363151550293e+00
-7.819539904594421387e-01
-2.109838247299194336e+00
-1.266466498374938965e+00
-2.247977495193481445e+00
-2.098627805709838867e+00
-1.857338398694992065e-01
-1.136708021163940430e+00
-1.244902729988098145e+00
-2.456572949886322021e-01
-1.206035733222961426e+00
-1.019131898880004883e+00
-2.210044145584106445e+00
-1.352771282196044922e+00
-1.552996516227722168e+00
-1.293309688568115234e+00
-1.332772731781005859e+00
-1.655299782752990723e+00
-1.893159747123718262e+00
-1.139433503150939941e+00
-1.317565798759460449e+00
-1.356080770492553711e+00
-1.728182435035705566e+00
-2.161036491394042969e+00
-2.091833353042602539e+00
-1.972055673599243164e+00
-1.926277995109558105e+00
-1.493512511253356934e+00
-1.414413213729858398e+00
-2.118328571319580078e+00
-1.921356081962585449e+00
-1.549544692039489746e+00
-1.398570895195007324e+00
-8.625813722610473633e-01
-1.347692966461181641e+00
-1.504783511161804199e+00
-1.226619482040405273e+00
-1.483472466468811035e+00
-1.811735391616821289e+00
-2.405974149703979492e+00
-6.773498654365539551e-01
7.751142233610153198e-02
-1.764423012733459473e+00
3.249551951885223389e-01
-5.311783552169799805e-01
-4.609414935111999512e-01
-2.676103115081787109e+00
-1.761554479598999023e+00
-5.836046934127807617e-01
-1.561770439147949219e+00
-1.147928953170776367e+00
-5.748580694198608398e-01
-2.003233194351196289e+00
-2.158628702163696289e+00
8.775313943624496460e-02
-1.988635182380676270e+00
-1.166443347930908203e+00
-1.419701576232910156e+00
-1.742757439613342285e+00
-3.875525593757629395e-01
-1.400291323661804199e+00
-1.806847572326660156e+00
-2.275588989257812500e+00
-1.387193560600280762e+00
-1.367041230201721191e+00
-1.498248457908630371e+00
-1.902464866638183594e+00
-7.340436577796936035e-01
-1.834205627441406250e+00
-1.088631987571716309e+00
-1.202881932258605957e+00
-6.573531627655029297e-01
-1.164996743202209473e+00
-1.876601338386535645e+00
-1.125958204269409180e+00
