-2.045614004135131836e+00
-1.250425934791564941e+00
-7.879236340522766113e-01
-1.190024733543395996e+00
-3.059890747070312500e+00
-1.645801901817321777e+00
-8.689932227134704590e-01
-1.207542896270751953e+00
-6.913587450981140137e-01
-1.635514259338378906e+00
-1.756757259368896484e+00
-5.277544856071472168e-01
-1.569198966026306152e+00
-1.300564289093017578e+00
-5.127711892127990723e-01
-1.963917613029479980e+00
-2.091948986053466797e+00
-1.483952879905700684e+00
-2.517166614532470703e+00
-1.599642634391784668e+00
-4.275589063763618469e-02
-1.064264535903930664e+00
-1.051433324813842773e+00
-2.331210851669311523e+00
-1.144645571708679199e+00
-1.234114527702331543e+00
-1.775984287261962891e+00
-9.471340179443359375e-01
-7.664681673049926758e-01
-2.369020462036132812e+00
-1.662835955619812012e+00
-1.629027724266052246e+00
-1.024016857147216797e+00
-2.239147186279296875e+00
-6.930315494537353516e-01
-2.129269123077392578e+00
-1.231130719184875488e+00
-2.665999531745910645e-01
-1.588903307914733887e+00
-1.839769244194030762e+00
-8.134689927101135254e-01
-9.294730424880981445e-01
-1.679359078407287598e+00
-8.461928963661193848e-01
-1.684975147247314453e+00
-1.478878140449523926e+00
-1.504785776138305664e+00
-1.609878659248352051e+00
-2.149473905563354492e+00
-1.928562045097351074e+00
-2.273167133331298828e+00
-2.264895200729370117e+00
-1.202869415283203125e+00
-3.605360984802246094e-01
-1.215545058250427246e+00
-1.868086338043212891e+00
-2.345883548259735107e-01
-2.450085878372192383e+00
-2.901092529296875000e+00
-3.668193101882934570e+00
-1.840775966644287109e+00
-1.800921201705932617e+00
-4.945644438266754150e-01
-1.969128370285034180e+00
-1.382115364074707031e+00
-2.123725652694702148e+00
-9.282700419425964355e-01
-1.831514477729797363e+00
-1.892244935035705566e+00
-2.230509042739868164e+00
-1.176675081253051758e+00
-1.551541328430175781e+00
-7.602266669273376465e-01
-1.292788863182067871e+00
-2.092845201492309570e+00
-1.111234545707702637e+00
-3.406866788864135742e-01
-2.760211467742919922e+00
-9.543083906173706055e-01
-5.467991232872009277e-01
-1.314628481864929199e+00
-1.386811614036560059e+00
-9.060117602348327637e-01
-1.528746485710144043e+00
-1.424173116683959961e+00
-1.176099061965942383e+00
-1.222967505455017090e+00
-1.258749008178710938e+00
-1.817663073539733887e+00
-1.403231263160705566e+00
-4.192973971366882324e-01
-2.549109160900115967e-01
-1.628351211547851562e+00
-2.050209999084472656e+00
-8.119043111801147461e-01
-6.556181311607360840e-01
-7.096515893936157227e-01
-1.019939899444580078e+00
-8.112623691558837891e-01
-2.058936834335327148e+00
