-3.574705362319946289e+00
-2.506402015686035156e+00
-2.180642366409301758e+00
-1.913997650146484375e+00
-3.557350873947143555e+00
-3.147865295410156250e+00
-7.842195034027099609e-01
-2.799482107162475586e+00
3.063568174839019775e-01
-1.948973774909973145e+00
-2.780030965805053711e+00
-1.873912930488586426e+00
-3.732933282852172852e+00
-3.504339218139648438e+00
-4.042778909206390381e-01
-3.031099796295166016e+00
-1.930371522903442383e+00
-1.076285839080810547e+00
-2.582065105438232422e+00
-1.164353609085083008e+00
-2.069356918334960938e+00
-5.615420341491699219e+00
-2.623328447341918945e+00
-6.938226222991943359e-01
-3.341302633285522461e+00
-1.187170624732971191e+00
-1.601312518119812012e+00
-2.216924905776977539e+00
-3.277345657348632812e+00
-1.987301826477050781e+00
-3.052832603454589844e+00
1.499537676572799683e-01
-2.058894157409667969e+00
-5.255970001220703125e+00
9.384907782077789307e-02
-4.455927371978759766e+00
-3.284877300262451172e+00
-2.349564313888549805e+00
2.132815271615982056e-01
-2.992068529129028320e+00
-2.548511266708374023e+00
-2.513854742050170898e+00
-2.964496135711669922e+00
-1.983273029327392578e+00
-2.103879451751708984e+00
5.406556129455566406e-01
-1.554906964302062988e+00
-2.416694879531860352e+00
-1.426380872726440430e+00
-6.299777030944824219e-01
-9.466901421546936035e-01
7.014406919479370117e-01
-4.163618564605712891e+00
-2.604730129241943359e+00
-1.760197639465332031e+00
-9.132593870162963867e-01
-5.157032012939453125e-01
-5.221808433532714844e+00
-3.039211273193359375e+00
-1.504249572753906250e+00
-1.630418896675109863e+00
-1.720142126083374023e+00
-1.586531251668930054e-01
-2.174073696136474609e+00
-2.412059068679809570e+00
-1.829176187515258789e+00
-3.311055421829223633e+00
-2.289097070693969727e+00
-1.874837636947631836e+00
-1.756011366844177246e+00
-2.089066743850708008e+00
-4.026304483413696289e-01
-2.449386119842529297e+00
6.671106219291687012e-01
-2.963122129440307617e+00
-4.883794188499450684e-01
-1.769420742988586426e+00
-2.332251548767089844e+00
-3.986111164093017578e+00
-1.392068982124328613e+00
-2.333975076675415039e+00
-4.001262187957763672e+00
-2.690944433212280273e+00
-9.750717282295227051e-01
-1.165396347641944885e-01
1.575649380683898926e-01
-2.388602018356323242e+00
-6.159436702728271484e-01
-3.430327653884887695e+00
-1.391556262969970703e+00
-2.041437625885009766e+00
-3.842232465744018555e+00
-3.307206869125366211e+00
-1.125741675496101379e-01
-2.397377252578735352e+00
-4.199616238474845886e-02
-3.083655595779418945e+00
-2.037470340728759766e+00
-1.688020944595336914e+00
-2.460372686386108398e+00
