-2.375141859054565430e+00
-2.798248767852783203e+00
-3.060503721237182617e+00
-3.087262868881225586e+00
-2.444530963897705078e+00
1.623580455780029297e-01
-6.557022333145141602e-01
-2.487683534622192383e+00
-2.498122930526733398e+00
-1.930346131324768066e+00
-4.564116299152374268e-01
-2.108903169631958008e+00
-2.345572710037231445e+00
-2.357961654663085938e+00
-3.699464499950408936e-01
-1.080312848091125488e+00
-6.499366760253906250e-01
-3.293531179428100586e+00
-1.151093125343322754e+00
-1.921476602554321289e+00
-2.663037300109863281e+00
-2.862240791320800781e+00
-2.549481153488159180e+00
-4.059495925903320312e+00
-2.810520410537719727e+00
1.239888906478881836e+00
-2.091420650482177734e+00
-2.546904563903808594e+00
-1.898468732833862305e+00
-2.010403156280517578e+00
-2.265687704086303711e+00
-3.710065484046936035e-01
-3.467715501785278320e+00
-2.300351619720458984e+00
-1.397300839424133301e+00
-1.592752099037170410e+00
-3.119274854660034180e+00
-1.563788533210754395e+00
-2.668766021728515625e+00
-2.856475114822387695e+00
-1.419630050659179688e+00
-1.841223597526550293e+00
1.138039976358413696e-01
-1.414746046066284180e+00
-3.035980939865112305e+00
-2.308779716491699219e+00
-1.195836514234542847e-01
-1.405416131019592285e+00
-1.990750432014465332e+00
-1.008445620536804199e+00
-3.906461000442504883e+00
-3.046754598617553711e+00
2.210876196622848511e-01
-1.742201447486877441e+00
-3.180891871452331543e-01
-2.526022195816040039e+00
-1.880333065986633301e+00
-1.010381817817687988e+00
-2.759514451026916504e-01
-2.752608299255371094e+00
-2.305099248886108398e+00
-1.620080590248107910e+00
-4.021270275115966797e+00
-1.456434726715087891e+00
-1.758169174194335938e+00
-2.256752490997314453e+00
-8.594001531600952148e-01
-1.260551333427429199e+00
-9.715325236320495605e-01
-2.859646081924438477e-01
-2.216089725494384766e+00
-2.613053560256958008e+00
-2.060504436492919922e+00
-2.309671640396118164e+00
-1.236019849777221680e+00
-2.349882602691650391e+00
1.707473695278167725e-01
-4.724164485931396484e+00
4.902132749557495117e-01
-1.500829577445983887e+00
-3.081496477127075195e+00
3.819378316402435303e-01
-1.092216849327087402e+00
-3.020918607711791992e+00
-3.320838928222656250e+00
-1.962021350860595703e+00
-3.271984338760375977e+00
-1.623162746429443359e+00
-1.502567172050476074e+00
-1.846135616302490234e+00
-1.657966375350952148e+00
-2.848297834396362305e+00
-3.966644704341888428e-01
-2.056426763534545898e+00
-1.427750468254089355e+00
-3.259526729583740234e+00
-1.051528573036193848e+00
-2.769835233688354492e+00
-2.138239622116088867e+00
-2.154786586761474609e+00
