-1.573763132095336914e+00
-2.011980295181274414e+00
-4.898799955844879150e-01
-3.265104293823242188e-01
-1.162433385848999023e+00
-2.609196186065673828e+00
-5.260692909359931946e-02
-1.883745908737182617e+00
-1.318724155426025391e+00
-1.797426939010620117e+00
-5.837486386299133301e-01
-4.314619898796081543e-01
-1.705497026443481445e+00
-5.505942106246948242e-01
-7.198967337608337402e-01
-1.464213728904724121e+00
-2.086496591567993164e+00
-5.415136218070983887e-01
3.462642431259155273e-02
-1.477004885673522949e+00
-1.277384638786315918e+00
-1.151047825813293457e+00
-1.165361642837524414e+00
-1.516990900039672852e+00
-1.244721412658691406e+00
-1.134194016456604004e+00
-1.288530707359313965e+00
-1.090858697891235352e+00
-8.373508453369140625e-01
-1.298394083976745605e+00
-8.812797665596008301e-01
-1.243724703788757324e+00
-9.563769102096557617e-01
-1.325873970985412598e+00
-1.054169416427612305e+00
-1.625265598297119141e+00
-9.752110838890075684e-01
-1.111027479171752930e+00
-7.963196039199829102e-01
-1.298739433288574219e+00
-2.002305746078491211e+00
-1.496092438697814941e+00
-7.978938817977905273e-01
-1.317206621170043945e+00
-2.353949546813964844e+00
-1.171675086021423340e+00
-4.471617937088012695e-01
-6.873624920845031738e-01
-1.522522687911987305e+00
-1.189622759819030762e+00
-1.630809783935546875e+00
-8.268859386444091797e-01
-1.206979870796203613e+00
-1.274105668067932129e+00
-1.717040657997131348e+00
6.535334587097167969e-01
-1.668044447898864746e+00
-2.222977876663208008e+00
-7.088908553123474121e-01
-6.603969335556030273e-01
-1.150956273078918457e+00
-1.187184572219848633e+00
-2.028809070587158203e+00
-1.249232769012451172e+00
-1.461611986160278320e+00
-2.765513181686401367e+00
-2.393198907375335693e-01
-1.489470005035400391e+00
-9.674689173698425293e-01
-1.518494009971618652e+00
-1.189250111579895020e+00
-1.901592969894409180e+00
-1.750163674354553223e+00
-7.999315261840820312e-01
-2.197194099426269531e+00
-1.687715053558349609e+00
4.695168733596801758e-01
-1.942707180976867676e+00
-7.847568392753601074e-01
-1.265408277511596680e+00
-1.130228996276855469e+00
-5.762454271316528320e-01
-1.309085845947265625e+00
-2.563695669174194336e+00
-2.029639720916748047e+00
-1.739514350891113281e+00
-1.042246937751770020e+00
-8.490519523620605469e-01
-7.179863452911376953e-01
-2.424065351486206055e+00
-8.098875284194946289e-01
-2.117383003234863281e+00
-6.781713366508483887e-01
-8.432660102844238281e-01
-1.251372456550598145e+00
-1.261026382446289062e+00
-1.037543296813964844e+00
-1.016034960746765137e+00
-9.781290888786315918e-01
-1.901123404502868652e+00
