-1.273193955421447754e+00
-3.242660164833068848e-01
-7.353332638740539551e-01
-2.101243138313293457e-01
-7.478473186492919922e-01
-7.146165966987609863e-01
-1.859829068183898926e+00
-1.673156380653381348e+00
-1.149129748344421387e+00
-1.493880152702331543e+00
-2.283525764942169189e-01
-1.236132383346557617e+00
-9.838330745697021484e-01
-1.110473394393920898e+00
-8.193546533584594727e-01
-3.671350181102752686e-01
-5.451924204826354980e-01
-4.636472761631011963e-01
-1.098871350288391113e+00
-1.165147185325622559e+00
-1.107788920402526855e+00
-7.969698905944824219e-01
-8.984079360961914062e-01
-9.412581324577331543e-01
-9.981541633605957031e-01
-1.037747144699096680e+00
-1.116166949272155762e+00
-1.266250133514404297e+00
-1.067949533462524414e+00
-9.544251561164855957e-01
-1.699482440948486328e+00
-9.232715368270874023e-01
-1.605782628059387207e+00
-1.416921734809875488e+00
-1.313695073127746582e+00
-5.478561520576477051e-01
-1.436639189720153809e+00
-1.042046546936035156e+00
-5.746827125549316406e-01
-9.251676201820373535e-01
-1.616874694824218750e+00
-1.252166152000427246e+00
-1.724936813116073608e-01
-9.172602295875549316e-01
-1.518529534339904785e+00
-1.076580405235290527e+00
-9.481393694877624512e-01
-2.099022388458251953e+00
-1.342361569404602051e+00
-6.925188899040222168e-01
-1.156197667121887207e+00
-1.039001464843750000e+00
-1.049829006195068359e+00
-1.380153536796569824e+00
-1.810771942138671875e+00
-3.932628929615020752e-01
-1.445060849189758301e+00
-1.048868775367736816e+00
-1.608121752738952637e+00
-9.943773150444030762e-01
-7.128124237060546875e-01
-1.534583568572998047e+00
-9.117709994316101074e-01
-6.060030460357666016e-01
-9.257265329360961914e-01
-1.582625150680541992e+00
-6.650718450546264648e-01
-1.050438761711120605e+00
-1.102012753486633301e+00
-1.665557742118835449e+00
-1.333735585212707520e+00
-9.283623695373535156e-01
-5.483211278915405273e-01
-9.202476739883422852e-01
-5.626769661903381348e-01
-1.024335384368896484e+00
-9.169982075691223145e-01
-1.532631874084472656e+00
-1.354241847991943359e+00
-1.099639415740966797e+00
-1.093429923057556152e+00
-8.884381651878356934e-01
-9.171518087387084961e-01
-1.740303874015808105e+00
-1.416169404983520508e+00
-1.281386017799377441e+00
-6.353995203971862793e-01
-1.449738860130310059e+00
-1.312366247177124023e+00
-7.437250614166259766e-01
-1.262379407882690430e+00
-5.647218227386474609e-01
-1.206450819969177246e+00
-1.525269031524658203e+00
-1.093700289726257324e+00
-9.272988438606262207e-01
-1.213740348815917969e+00
-1.599737405776977539e+00
-5.697214603424072266e-01
-8.198159933090209961e-01
