-1.047355294227600098e+00
-3.505304157733917236e-01
-1.745802283287048340e+00
-1.682914614677429199e+00
-9.041824936866760254e-01
-1.838921785354614258e+00
-2.346892833709716797e+00
-1.852468609809875488e+00
-2.359842777252197266e+00
-1.377575159072875977e+00
-2.083094596862792969e+00
-9.635275006294250488e-01
-1.084055900573730469e+00
-1.587695121765136719e+00
-2.494917154312133789e+00
-4.407849788665771484e+00
-5.862492322921752930e-01
-1.488830804824829102e+00
-1.754915833473205566e+00
-1.130443453788757324e+00
-2.615612030029296875e+00
-1.305351257324218750e+00
-1.543356299400329590e+00
-1.812529802322387695e+00
-1.806364059448242188e+00
-1.919008493423461914e+00
-2.071250915527343750e+00
-2.530203759670257568e-01
-6.650713682174682617e-01
-2.422717332839965820e+00
-4.159813404083251953e+00
-8.208455443382263184e-01
-3.528324127197265625e+00
-2.432062864303588867e+00
-1.508100748062133789e+00
-1.062110424041748047e+00
-1.404470086097717285e+00
-2.555687904357910156e+00
-2.581809043884277344e+00
-9.584994316101074219e-01
-1.527556657791137695e+00
-2.619918584823608398e+00
4.566401615738868713e-02
-2.041661500930786133e+00
-6.486726999282836914e-01
-1.213301777839660645e+00
-2.085450172424316406e+00
-2.445808172225952148e+00
-9.245141148567199707e-01
4.031170904636383057e-01
-1.469420075416564941e+00
-1.817541837692260742e+00
-1.157515883445739746e+00
-3.322277545928955078e+00
-1.809663653373718262e+00
-7.748054862022399902e-01
-1.125211954116821289e+00
-2.335293889045715332e-01
-2.764344215393066406e+00
-1.067500352859497070e+00
-2.235438108444213867e+00
-4.142345786094665527e-01
-2.094322204589843750e+00
-1.820531964302062988e+00
-1.511424064636230469e+00
-6.924505829811096191e-01
3.786821365356445312e-01
-3.085701465606689453e+00
-5.554149746894836426e-01
-7.629895210266113281e-01
-1.545742630958557129e+00
-2.627552747726440430e+00
-1.503432273864746094e+00
-1.673002004623413086e+00
-7.382016181945800781e-01
-1.436543166637420654e-01
-2.054396152496337891e+00
-1.536436676979064941e+00
-1.491081595420837402e+00
-3.884242773056030273e+00
-2.285769701004028320e+00
-9.392074346542358398e-01
-2.269169807434082031e+00
-1.988025903701782227e+00
-1.733425736427307129e+00
-3.244347095489501953e+00
-1.494380950927734375e+00
-2.635090351104736328e+00
-1.811932921409606934e+00
-3.377067327499389648e+00
-2.113136768341064453e+00
-2.561674594879150391e+00
-1.343773722648620605e+00
-3.237300157546997070e+00
-2.139990806579589844e+00
-3.384520292282104492e+00
-5.471560359001159668e-01
-1.009907126426696777e+00
-6.001339554786682129e-01
-2.105924367904663086e+00
