-1.677900075912475586e+00
-7.852111458778381348e-01
-1.892710089683532715e+00
-3.941694498062133789e-01
-1.080211281776428223e+00
-1.198008537292480469e+00
-1.855126976966857910e+00
-6.481932997703552246e-01
-9.572968482971191406e-01
-1.457511782646179199e+00
-1.208045482635498047e+00
-1.194416046142578125e+00
-1.530976295471191406e+00
-1.496749877929687500e+00
-1.056439638137817383e+00
-1.400508046150207520e+00
-1.238805174827575684e+00
-1.305711627006530762e+00
-1.254836678504943848e+00
-1.739275932312011719e+00
-9.386500120162963867e-01
-6.547597050666809082e-01
-1.446107149124145508e+00
-7.477850914001464844e-01
-1.925869345664978027e+00
-3.826940655708312988e-01
-1.032892465591430664e+00
-1.336777806282043457e+00
-1.523856759071350098e+00
-1.732780575752258301e+00
-1.720531344413757324e+00
-2.246261835098266602e+00
-1.476750850677490234e+00
-9.497378468513488770e-01
-5.106061100959777832e-01
-1.147062659263610840e+00
-1.340878009796142578e+00
-1.435232758522033691e+00
-1.757159233093261719e+00
-1.145666956901550293e+00
-1.040084838867187500e+00
-1.134390234947204590e+00
-7.525883316993713379e-01
-1.371806979179382324e+00
-8.339726924896240234e-01
-9.016162157058715820e-01
-2.269989252090454102e-01
-7.750744819641113281e-01
-1.636579632759094238e+00
-6.442286968231201172e-01
-9.929263591766357422e-01
-6.525661945343017578e-01
-1.257647037506103516e+00
-1.127396821975708008e+00
-1.038826704025268555e+00
-5.472680330276489258e-01
3.140894174575805664e-01
-5.492900013923645020e-01
-7.545299530029296875e-01
-1.172884106636047363e+00
-2.101935148239135742e+00
-1.017923831939697266e+00
-2.053791522979736328e+00
-1.231121420860290527e+00
-1.889912843704223633e+00
-8.752507567405700684e-01
-1.244675397872924805e+00
-1.454456329345703125e+00
-8.823755979537963867e-01
-6.630522012710571289e-01
-1.408657431602478027e+00
-1.080200195312500000e+00
-5.959588289260864258e-01
-7.707123160362243652e-01
-1.153057932853698730e+00
-1.010891079902648926e+00
-2.218553781509399414e+00
-6.284620165824890137e-01
-1.438560843467712402e+00
-1.282465815544128418e+00
-9.668639302253723145e-01
-9.230254292488098145e-01
-6.118366718292236328e-01
-9.975008964538574219e-01
-1.480652928352355957e+00
-1.088106751441955566e+00
-8.558322787284851074e-01
-1.101765751838684082e+00
-8.129228949546813965e-01
-2.151483058929443359e+00
-2.918502986431121826e-01
-1.463755726814270020e+00
-1.694944262504577637e+00
-7.864022254943847656e-01
-6.301084160804748535e-01
-1.029281854629516602e+00
-8.259546756744384766e-01
-9.094992876052856445e-01
-6.748877763748168945e-01
-1.241737961769104004e+00
