2.904206514358520508e-01
-3.973744809627532959e-01
-1.033230066299438477e+00
-1.373252868652343750e+00
-8.610119819641113281e-01
-6.569331288337707520e-01
-1.029750227928161621e+00
-7.571846842765808105e-01
-3.890136480331420898e-01
-1.623760461807250977e+00
-1.018718481063842773e+00
-6.462085843086242676e-01
-4.824674725532531738e-01
-6.244014501571655273e-01
-4.215818047523498535e-01
-7.553494572639465332e-01
-1.260338306427001953e+00
-5.964301228523254395e-01
-1.734758496284484863e+00
-1.128402948379516602e+00
-5.623221993446350098e-01
-1.255779743194580078e+00
-1.636577367782592773e+00
-9.855237007141113281e-01
-9.349740743637084961e-01
-1.142089009284973145e+00
-1.586068749427795410e+00
-5.409464240074157715e-01
-8.357166051864624023e-01
-1.161281824111938477e+00
-9.483351707458496094e-01
-3.815824389457702637e-01
-5.349660515785217285e-01
-1.263716340065002441e+00
-1.288835048675537109e+00
-2.750310599803924561e-01
-1.393066406250000000e+00
-7.381787300109863281e-01
-1.158054709434509277e+00
-1.257027029991149902e+00
-1.054501056671142578e+00
-1.537480354309082031e+00
-7.414701581001281738e-01
-5.218721032142639160e-01
-1.543402820825576782e-01
-9.482825398445129395e-01
-9.824923276901245117e-01
-7.304617166519165039e-01
-8.965061902999877930e-01
1.752188205718994141e-01
-8.153131008148193359e-01
-1.060461640357971191e+00
-9.569408893585205078e-01
2.688504569232463837e-02
-9.086867570877075195e-01
-1.752176642417907715e+00
-6.726079583168029785e-01
-1.042255997657775879e+00
-1.703187704086303711e+00
-9.872769117355346680e-01
-8.474475741386413574e-01
-1.221591949462890625e+00
-1.078665971755981445e+00
-7.571616172790527344e-01
-3.096969723701477051e-01
-1.004595875740051270e+00
-9.324143528938293457e-01
-1.081038236618041992e+00
-7.790036797523498535e-01
-4.123889207839965820e-01
-9.000480175018310547e-01
-7.398470640182495117e-01
-1.386635899543762207e+00
-1.096103787422180176e+00
-4.630872905254364014e-01
-1.914314985275268555e+00
-7.350797057151794434e-01
-1.322206735610961914e+00
-1.076883673667907715e+00
-1.496629953384399414e+00
-6.790490746498107910e-01
-1.291767835617065430e+00
-7.040688991546630859e-01
-1.132928490638732910e+00
-1.131275534629821777e+00
-9.551247358322143555e-01
-1.010174751281738281e+00
-1.624742865562438965e+00
-1.492261052131652832e+00
-1.776310324668884277e+00
-4.365406334400177002e-01
-1.638345718383789062e+00
-1.461677312850952148e+00
-1.560175776481628418e+00
-1.508243799209594727e+00
-1.634014844894409180e+00
-4.903784692287445068e-01
-1.740852713584899902e+00
-1.495300531387329102e+00
-9.713142514228820801e-01
