-1.284555912017822266e+00
-1.202972650527954102e+00
-9.857929348945617676e-01
-2.049137353897094727e+00
-7.646039724349975586e-01
-4.027459621429443359e-01
-4.025275707244873047e-01
-5.163891315460205078e-01
-7.866122126579284668e-01
-1.235836267471313477e+00
-1.331547260284423828e+00
-1.355669856071472168e+00
-6.661056280136108398e-01
-9.205076098442077637e-01
-1.737248778343200684e+00
-1.094108819961547852e+00
-1.040644049644470215e+00
-1.848698019981384277e+00
-3.047811090946197510e-01
-7.365324497222900391e-01
-5.319555401802062988e-01
-1.144390106201171875e+00
-2.112672090530395508e+00
-1.778433769941329956e-01
-1.740962743759155273e+00
-9.484761953353881836e-01
-4.475743174552917480e-01
-1.746427416801452637e+00
-9.837543368339538574e-01
-2.222544431686401367e+00
-1.095717906951904297e+00
-1.338378041982650757e-01
-1.391970753669738770e+00
-5.140500068664550781e-01
-6.636038422584533691e-01
-3.924238383769989014e-01
-2.212108373641967773e+00
-1.420924305915832520e+00
-1.980249285697937012e+00
-6.381398439407348633e-01
-1.688778281211853027e+00
-1.211185216903686523e+00
-1.192048430442810059e+00
-1.134735822677612305e+00
-1.235617041587829590e+00
-1.342233300209045410e+00
-5.917219519615173340e-01
-1.112143635749816895e+00
-1.252820134162902832e+00
-1.063840866088867188e+00
-8.951417803764343262e-01
-6.143531799316406250e-01
-1.187099218368530273e+00
-6.833350658416748047e-01
-1.519486427307128906e+00
-8.411904573440551758e-01
-7.055154442787170410e-01
-6.466552019119262695e-01
-5.388004779815673828e-01
-1.162952542304992676e+00
-8.441495299339294434e-01
-7.040657997131347656e-01
-1.743897676467895508e+00
-8.664132356643676758e-01
-5.255127549171447754e-01
-8.554670214653015137e-01
-8.891671299934387207e-01
-1.064500331878662109e+00
-1.194308996200561523e+00
-8.943023681640625000e-01
-1.003451347351074219e+00
-1.311757445335388184e+00
-8.931079506874084473e-01
-5.164076685905456543e-01
-9.338781237602233887e-01
-1.381478905677795410e+00
-5.356274843215942383e-01
-1.147208929061889648e+00
-9.797402620315551758e-01
-1.229664087295532227e+00
-1.430772781372070312e+00
-1.544792890548706055e+00
-2.561364173889160156e-01
-9.238263964653015137e-01
-1.095942735671997070e+00
-1.159760951995849609e+00
-9.835740327835083008e-01
-1.097916603088378906e+00
-1.227498531341552734e+00
-5.106892585754394531e-01
-8.331143856048583984e-01
-1.102743864059448242e+00
-3.280053734779357910e-01
-1.327901721000671387e+00
-6.817191243171691895e-01
-1.143713951110839844e+00
-7.750454545021057129e-01
-1.505239725112915039e+00
-1.277062535285949707e+00
-1.335522413253784180e+00
