-7.274088263511657715e-01
-1.989471077919006348e+00
-7.632310390472412109e-01
-2.350180625915527344e+00
-7.298066616058349609e-01
-2.652376651763916016e+00
-1.861344933509826660e+00
-1.569980382919311523e+00
-1.274452805519104004e+00
-8.939880132675170898e-01
-1.232110023498535156e+00
-6.329584717750549316e-01
-1.898558139801025391e+00
-1.291371464729309082e+00
-1.567173123359680176e+00
-5.057537555694580078e-01
-1.377842426300048828e+00
-1.411667108535766602e+00
-2.577136754989624023e+00
-2.397640228271484375e+00
-1.211829662322998047e+00
-1.469796776771545410e+00
-1.618958234786987305e+00
-2.087811708450317383e+00
-1.039224267005920410e+00
-2.326940059661865234e+00
-1.542251825332641602e+00
-1.039882898330688477e+00
-1.356394648551940918e+00
-2.089124679565429688e+00
-6.743722558021545410e-01
-1.729457497596740723e+00
-1.398694276809692383e+00
-1.822661042213439941e+00
-8.343395590782165527e-01
-2.303380727767944336e+00
-1.042178869247436523e+00
-1.356318354606628418e+00
-1.960023403167724609e+00
-2.294251203536987305e+00
-1.716241717338562012e+00
-3.782790899276733398e-01
-1.271549820899963379e+00
-6.453731656074523926e-01
-8.028339147567749023e-01
-2.100679397583007812e+00
-1.740374088287353516e+00
-3.209865808486938477e+00
-1.707111835479736328e+00
-2.181116580963134766e+00
-1.895843148231506348e+00
-1.294390916824340820e+00
-1.774019002914428711e+00
-1.680254220962524414e+00
-1.239863872528076172e+00
-8.093461394309997559e-01
-2.711865663528442383e+00
-2.343354701995849609e+00
-3.039034843444824219e+00
-1.249743461608886719e+00
-2.539000272750854492e+00
-3.723456561565399170e-01
-5.509991049766540527e-01
-2.001539468765258789e+00
-4.788380563259124756e-01
1.415078490972518921e-01
-1.257341623306274414e+00
-1.964359641075134277e+00
-1.347629785537719727e+00
-2.478787899017333984e+00
-7.526131272315979004e-01
-1.336047291755676270e+00
-2.759272813796997070e+00
3.682037591934204102e-01
-2.725942611694335938e+00
-1.437518000602722168e+00
-7.402955293655395508e-01
-1.396491289138793945e+00
-1.072182893753051758e+00
-9.450693130493164062e-01
-2.298359394073486328e+00
-1.142003893852233887e+00
-1.808773517608642578e+00
-4.265617951750755310e-02
-1.174094915390014648e+00
-2.612758159637451172e+00
-1.320148587226867676e+00
-2.523036479949951172e+00
-1.903663873672485352e+00
-2.654117822647094727e+00
-5.362397432327270508e-01
-1.419544577598571777e+00
-2.344667196273803711e+00
-2.706967353820800781e+00
-1.569467425346374512e+00
-2.052701473236083984e+00
-9.971377849578857422e-01
-3.218688011169433594e+00
-5.972051024436950684e-01
-1.363048791885375977e+00
