-5.982969403266906738e-01
-1.773709535598754883e+00
-1.785096287727355957e+00
-1.206281423568725586e+00
-5.480145812034606934e-01
-2.687453508377075195e+00
-1.480765938758850098e+00
2.899580895900726318e-01
-1.168124556541442871e+00
-9.920372366905212402e-01
-2.070008993148803711e+00
-2.470990896224975586e+00
-1.505442619323730469e+00
-1.720699667930603027e+00
-9.681393504142761230e-01
-2.591237545013427734e+00
-1.509262919425964355e+00
-1.438728690147399902e+00
-8.969922065734863281e-01
-1.147276163101196289e+00
-1.696492314338684082e+00
-1.869666576385498047e+00
-1.602074146270751953e+00
-1.533032655715942383e+00
-8.074249625205993652e-01
-1.746358990669250488e+00
-1.136527776718139648e+00
-6.798297762870788574e-01
-1.420314788818359375e+00
-1.389955401420593262e+00
-1.520831108093261719e+00
-1.057808279991149902e+00
-1.072777509689331055e+00
-1.149682164192199707e+00
-9.655560255050659180e-01
-1.178765773773193359e+00
-1.152089238166809082e+00
-1.142147064208984375e+00
-1.402860283851623535e+00
-9.264572858810424805e-01
-7.478963732719421387e-01
-2.322753667831420898e+00
-1.355476737022399902e+00
2.902466654777526855e-01
-2.602095007896423340e-01
-2.040930032730102539e+00
-4.523250460624694824e-01
-1.799663424491882324e+00
-6.969513297080993652e-01
3.656446039676666260e-01
-1.266789793968200684e+00
-7.907306551933288574e-01
-8.403156399726867676e-01
-3.190353810787200928e-01
-9.399382472038269043e-01
-2.294948101043701172e+00
-8.558225631713867188e-01
-1.901511430740356445e+00
-5.034031271934509277e-01
5.101275071501731873e-02
-1.210867643356323242e+00
-1.517176985740661621e+00
-1.437395572662353516e+00
-4.907450377941131592e-01
-5.741065740585327148e-01
-1.082581877708435059e+00
-6.120080351829528809e-01
-2.072525739669799805e+00
-1.593222916126251221e-01
-1.929161548614501953e+00
-1.270029544830322266e+00
-5.590822696685791016e-01
-1.614151239395141602e+00
-1.919959425926208496e+00
-2.069548845291137695e+00
-1.832246065139770508e+00
-5.315644666552543640e-02
-1.530419707298278809e+00
-2.401524543762207031e+00
-1.760908365249633789e+00
-3.655621707439422607e-01
-1.281328678131103516e+00
2.366683259606361389e-02
-1.671431303024291992e+00
-2.094633340835571289e+00
-1.272527217864990234e+00
-1.452274918556213379e+00
-2.659717798233032227e+00
-1.677802085876464844e+00
-2.198896169662475586e+00
-5.584183335304260254e-01
-1.188982605934143066e+00
-2.022627592086791992e+00
-1.716210484504699707e+00
-1.016702175140380859e+00
-1.632777571678161621e+00
-1.029430389404296875e+00
-2.563600063323974609e+00
-2.213170051574707031e+00
-9.481691122055053711e-01
