-6.600874066352844238e-01
-8.518862724304199219e-01
-5.551295876502990723e-01
-1.171458482742309570e+00
-1.122509002685546875e+00
-9.627895951271057129e-01
-1.302818298339843750e+00
-1.548640847206115723e+00
-7.643426656723022461e-01
-1.297200679779052734e+00
-7.483583092689514160e-01
-6.430767178535461426e-01
-1.123202800750732422e+00
-1.485601544380187988e+00
-3.820226192474365234e-01
-7.922022938728332520e-01
-4.176119863986968994e-01
-9.529733657836914062e-01
-1.270546197891235352e+00
-8.143242001533508301e-01
-1.477209329605102539e+00
-5.891018509864807129e-01
-8.282058835029602051e-01
-1.052898839116096497e-01
-1.164897561073303223e+00
-1.354572415351867676e+00
-1.095770597457885742e+00
6.007173657417297363e-02
-1.199051022529602051e+00
-1.300145506858825684e+00
-6.058191657066345215e-01
-1.117157101631164551e+00
-1.182394266128540039e+00
-1.397050023078918457e+00
-7.082424163818359375e-01
-6.350527405738830566e-01
-8.235208392143249512e-01
-5.582545995712280273e-01
-5.389357805252075195e-01
-1.471926808357238770e+00
-8.516833782196044922e-01
-4.781491160392761230e-01
-1.204341411590576172e+00
-5.220936536788940430e-01
-4.033477306365966797e-01
-5.457789897918701172e-01
-8.876330852508544922e-01
-1.522473692893981934e+00
-8.752636313438415527e-01
-8.320663571357727051e-01
-9.817718863487243652e-01
-8.611558675765991211e-01
-9.838234186172485352e-01
-1.087645530700683594e+00
-1.039067864418029785e+00
-6.375162005424499512e-01
-1.025540471076965332e+00
-1.306391477584838867e+00
-1.120545744895935059e+00
-5.089287757873535156e-01
-9.300737380981445312e-01
-1.331187248229980469e+00
-8.703632950782775879e-01
-9.251789450645446777e-01
-3.331258893013000488e-01
-9.171538352966308594e-01
-5.936974287033081055e-01
-9.119800925254821777e-01
-1.175400614738464355e+00
-9.325500726699829102e-01
-1.274735212326049805e+00
-9.192914962768554688e-01
-5.807906389236450195e-01
-9.904010295867919922e-01
-1.191976904869079590e+00
-1.735113710165023804e-01
-1.277454376220703125e+00
-1.230579614639282227e+00
-5.821069478988647461e-01
-1.050460219383239746e+00
-1.436037421226501465e+00
-8.923677802085876465e-01
-1.511948347091674805e+00
-9.676762819290161133e-01
-1.118644833564758301e+00
-9.699551463127136230e-01
-9.161027073860168457e-01
-5.303825139999389648e-01
-1.133010387420654297e+00
-1.001326441764831543e+00
-4.458992481231689453e-01
-1.243220806121826172e+00
-1.193072080612182617e+00
-1.456768274307250977e+00
-8.112944364547729492e-01
-4.449743628501892090e-01
-7.232150435447692871e-01
-1.147222399711608887e+00
-4.297042787075042725e-01
-8.265494108200073242e-01
