-1.784333139657974243e-01
-8.269020318984985352e-01
-1.103362798690795898e+00
-1.094890952110290527e+00
-1.228281378746032715e+00
-6.612918972969055176e-01
-4.269996285438537598e-01
-4.304894804954528809e-01
-3.247512578964233398e-01
-1.267414927482604980e+00
-1.677939534187316895e+00
-1.314498186111450195e+00
-1.102305173873901367e+00
-2.959628105163574219e-01
-1.349159717559814453e+00
-1.364418983459472656e+00
-9.007778167724609375e-01
-8.426811099052429199e-01
-2.538285851478576660e-01
-1.209788799285888672e+00
-1.899498581886291504e+00
-1.561550617218017578e+00
-7.808657288551330566e-01
-1.527915477752685547e+00
-1.077779412269592285e+00
-9.803335666656494141e-01
-1.286915421485900879e+00
-1.601457595825195312e+00
-1.382924437522888184e+00
-1.383529186248779297e+00
-1.145796179771423340e+00
-1.289648175239562988e+00
-1.295554995536804199e+00
-1.775867462158203125e+00
-1.126768112182617188e+00
-8.240088224411010742e-01
-1.329390883445739746e+00
-5.799671411514282227e-01
-1.149795651435852051e+00
-1.349998712539672852e+00
-1.215226292610168457e+00
-8.229673504829406738e-01
-1.346075296401977539e+00
-3.657569885253906250e-01
-9.355931878089904785e-01
-8.610032200813293457e-01
-4.082997739315032959e-01
-7.734521031379699707e-01
-9.242232441902160645e-01
-7.956205010414123535e-01
2.109081149101257324e-01
-5.231829285621643066e-01
-4.503513574600219727e-01
-8.211989998817443848e-01
-6.106392741203308105e-01
-7.558358907699584961e-01
-8.466227054595947266e-01
-1.297434806823730469e+00
-7.437201142311096191e-01
-6.967390775680541992e-01
-8.808119297027587891e-01
-6.516898274421691895e-01
-1.074552416801452637e+00
-1.147310733795166016e+00
-9.227910637855529785e-01
-9.747539758682250977e-01
-9.017246365547180176e-01
-4.427784085273742676e-01
-2.937400043010711670e-01
-9.487937092781066895e-01
-8.355541825294494629e-01
-6.474380493164062500e-01
-5.628542900085449219e-01
-2.779526114463806152e-01
-9.783135056495666504e-01
-8.793836236000061035e-01
-1.212016344070434570e+00
-4.641031622886657715e-01
-1.245125651359558105e+00
-3.620320856571197510e-01
-1.007504582405090332e+00
-7.106326818466186523e-01
-6.990041732788085938e-01
-2.459593415260314941e-01
-1.266372919082641602e+00
-8.563355207443237305e-01
-9.861923456192016602e-01
-6.457049250602722168e-01
-1.081977486610412598e+00
-7.792137861251831055e-01
-7.560066580772399902e-01
-6.266708374023437500e-01
-1.053196072578430176e+00
-1.310796499252319336e+00
-8.029226064682006836e-01
-7.116942405700683594e-01
-8.504417538642883301e-01
-8.417608737945556641e-01
-6.329093575477600098e-01
-8.612884879112243652e-01
