-5.027751326560974121e-01
-9.088270068168640137e-01
2.262866944074630737e-01
-1.419608354568481445e+00
-2.415266036987304688e+00
-1.608862876892089844e+00
-7.600976228713989258e-01
-1.379306554794311523e+00
-8.850244879722595215e-01
-2.244938373565673828e+00
-2.235788583755493164e+00
-2.646497249603271484e+00
-1.458786249160766602e+00
-1.413128733634948730e+00
-1.512176275253295898e+00
-1.156836986541748047e+00
-1.192656040191650391e+00
-1.893872022628784180e+00
-2.152974128723144531e+00
-3.315568685531616211e+00
-8.965216279029846191e-01
-3.285768270492553711e+00
-2.947639524936676025e-01
-1.622414708137512207e+00
-1.350476026535034180e+00
3.562951385974884033e-01
-1.116551160812377930e+00
-5.649936199188232422e-01
-2.441168069839477539e+00
-1.816542744636535645e+00
-2.741796731948852539e+00
-9.086385965347290039e-01
-1.737704396247863770e+00
-1.041475892066955566e+00
-1.759962439537048340e+00
-9.362900257110595703e-01
-3.745045661926269531e+00
-2.557394981384277344e+00
-2.903339862823486328e+00
-1.479159712791442871e+00
-1.457383394241333008e+00
-1.729249119758605957e+00
-8.462916016578674316e-01
-1.461723566055297852e+00
-4.143218398094177246e-01
-8.621551394462585449e-01
-1.676286458969116211e+00
-1.998265624046325684e+00
-1.394806385040283203e+00
-9.088749289512634277e-01
-1.412294149398803711e+00
-1.162886977195739746e+00
-1.450520753860473633e+00
-4.727658033370971680e-01
-2.234642982482910156e+00
-4.485487639904022217e-01
-2.031731307506561279e-01
-1.825161099433898926e+00
-3.097434520721435547e+00
-9.399042725563049316e-01
-1.239722728729248047e+00
-1.060847043991088867e+00
-1.316568851470947266e+00
-1.567984580993652344e+00
-2.188091993331909180e+00
-1.350236415863037109e+00
-1.995361804962158203e+00
-2.757087469100952148e+00
-1.755672216415405273e+00
-1.778201103210449219e+00
-1.214890122413635254e+00
7.983333468437194824e-01
-1.932878375053405762e+00
-2.207628726959228516e+00
-3.070744991302490234e+00
-2.099758863449096680e+00
-7.632361650466918945e-01
-1.618394374847412109e+00
-2.168047189712524414e+00
-1.147348165512084961e+00
-2.217020988464355469e+00
1.048346310853958130e-01
2.344829887151718140e-01
-1.424953341484069824e+00
-2.728482723236083984e+00
-1.379007101058959961e+00
-1.984507799148559570e+00
-1.833319425582885742e+00
2.961888909339904785e-01
-2.302303791046142578e+00
-2.481798410415649414e+00
-2.054504603147506714e-01
-2.352553606033325195e+00
-1.328908801078796387e+00
-1.548895716667175293e+00
-1.780209541320800781e+00
-2.662412166595458984e+00
-1.054513812065124512e+00
-2.832213401794433594e+00
-4.609909057617187500e-01
