-1.568738937377929688e+00
-2.213562011718750000e+00
-1.446568012237548828e+00
-1.753302812576293945e+00
-2.262667417526245117e+00
-2.010109663009643555e+00
-1.609880208969116211e+00
-1.978824973106384277e+00
-1.486648440361022949e+00
-1.890947937965393066e+00
-1.597151875495910645e+00
-1.673755764961242676e+00
-1.115505456924438477e+00
-8.854542970657348633e-01
-2.841808080673217773e+00
-2.867732524871826172e+00
-3.827083826065063477e+00
-2.185077190399169922e+00
-2.360078811645507812e+00
-2.262148380279541016e+00
-2.159331083297729492e+00
-1.438639760017395020e+00
-1.001957058906555176e+00
-1.984668254852294922e+00
-1.268904209136962891e+00
-4.436748027801513672e+00
-3.358648717403411865e-02
-2.999629020690917969e+00
-3.361948013305664062e+00
-2.801212072372436523e+00
-1.502041935920715332e+00
-2.286873161792755127e-01
-1.175575613975524902e+00
-1.041053056716918945e+00
-2.690419197082519531e+00
-1.349203467369079590e+00
-2.650683164596557617e+00
-8.803027272224426270e-01
-3.340559959411621094e+00
-3.280855417251586914e+00
-2.100652456283569336e+00
-4.523173332214355469e+00
-3.345221757888793945e+00
-2.527900695800781250e+00
-1.592893600463867188e+00
-3.098163366317749023e+00
3.604899644851684570e-01
-1.424047827720642090e+00
-1.118279695510864258e+00
-8.953866958618164062e-01
-2.062188148498535156e+00
-1.557929158210754395e+00
-1.057949811220169067e-01
-4.143119752407073975e-01
-2.396846294403076172e+00
-5.722830891609191895e-01
-6.903441548347473145e-01
-1.283724188804626465e+00
-8.912267088890075684e-01
-9.267508387565612793e-01
-6.931827068328857422e-01
-3.301073074340820312e+00
-2.233033657073974609e+00
-1.881270408630371094e+00
-5.793889164924621582e-01
-3.603484869003295898e+00
-1.844178736209869385e-01
-1.384379148483276367e+00
-2.981001853942871094e+00
-2.949264526367187500e+00
-4.637062251567840576e-01
-1.897931098937988281e+00
-1.930421113967895508e+00
-2.441210150718688965e-01
-1.021415472030639648e+00
7.352914810180664062e-01
-2.112513065338134766e+00
-3.194380521774291992e+00
-2.561270475387573242e+00
-1.177543699741363525e-01
-2.947183370590209961e+00
-1.783052325248718262e+00
-7.285095453262329102e-01
-5.427460670471191406e+00
-1.635592460632324219e+00
-2.276143789291381836e+00
-2.070810079574584961e+00
-1.047847032546997070e+00
-1.349146723747253418e+00
-3.039545536041259766e+00
-3.655007123947143555e+00
3.659425377845764160e-01
1.301123499870300293e-01
-9.160336852073669434e-01
-2.522134065628051758e+00
-2.372741937637329102e+00
-3.985069513320922852e+00
-1.163905382156372070e+00
-1.206160783767700195e+00
-2.960092544555664062e+00
