-9.878273010253906250e-01
-1.387581825256347656e+00
-1.439174890518188477e+00
-1.558830857276916504e+00
-1.339227914810180664e+00
-1.236833810806274414e+00
-4.942086935043334961e-01
-1.051303625106811523e+00
-7.445874810218811035e-01
-1.841994047164916992e+00
-1.741837501525878906e+00
-8.018204569816589355e-01
-1.366550803184509277e+00
-1.572283148765563965e+00
-1.110780119895935059e+00
-1.620509266853332520e+00
-1.014648675918579102e+00
-2.348850369453430176e-01
-1.321422338485717773e+00
-1.381898403167724609e+00
-1.072901844978332520e+00
-1.368587255477905273e+00
-7.427675724029541016e-01
-6.439921259880065918e-01
-9.018447995185852051e-01
-1.541221499443054199e+00
-1.074194669723510742e+00
-1.172282099723815918e+00
-9.391272068023681641e-01
-1.721695899963378906e+00
-1.282595634460449219e+00
-1.290382623672485352e+00
-6.620978116989135742e-01
-1.710830330848693848e+00
-4.399196207523345947e-01
-3.025137484073638916e-01
-6.604326963424682617e-01
-1.467872262001037598e+00
-9.672293066978454590e-01
-1.175261855125427246e+00
-8.841547966003417969e-01
-6.171486377716064453e-01
-6.009616255760192871e-01
-1.050538539886474609e+00
-1.118052840232849121e+00
-1.712686300277709961e+00
-8.358500003814697266e-01
-7.782301306724548340e-01
-6.527072191238403320e-01
-3.699356019496917725e-01
-3.026435673236846924e-01
-9.527962803840637207e-01
-1.148256182670593262e+00
-4.742157161235809326e-01
-9.338894486427307129e-01
-1.432425826787948608e-01
-1.459455251693725586e+00
-1.693349719047546387e+00
-7.799867391586303711e-01
-1.898446321487426758e+00
-1.873036146163940430e+00
-1.009530544281005859e+00
-7.603027224540710449e-01
-4.875064492225646973e-01
-7.508391141891479492e-01
-1.190442442893981934e+00
-8.797331452369689941e-01
-1.636443614959716797e+00
-6.181117892265319824e-01
-1.004686832427978516e+00
-4.827745854854583740e-01
-9.811607003211975098e-01
-8.556351065635681152e-01
-2.652077972888946533e-01
-1.882500767707824707e+00
-5.426040887832641602e-01
-1.902775287628173828e+00
-8.618173599243164062e-01
-1.041052818298339844e+00
-1.266689181327819824e+00
-1.003060221672058105e+00
-1.049935936927795410e+00
-1.914315938949584961e+00
-1.175186514854431152e+00
-1.350562930107116699e+00
-8.065835237503051758e-01
-1.141793131828308105e+00
-1.892457962036132812e+00
-1.032362341880798340e+00
-8.953457474708557129e-01
-1.168425083160400391e+00
-1.860652208328247070e+00
-7.349406480789184570e-01
-1.377034187316894531e+00
-5.127699971199035645e-01
-9.457675814628601074e-01
-2.610884666442871094e+00
-5.873140692710876465e-01
-1.396580100059509277e+00
-1.043099164962768555e+00
