-2.191416740417480469e+00
-1.905687212944030762e+00
-3.650657460093498230e-02
-1.550583124160766602e+00
-1.483333349227905273e+00
-2.016719102859497070e+00
-1.535946607589721680e+00
-1.527165174484252930e+00
-1.832273602485656738e+00
-1.085795521736145020e+00
-1.623863935470581055e+00
-3.407348632812500000e+00
-2.296346426010131836e+00
-2.291069269180297852e+00
-1.516139864921569824e+00
-6.159110069274902344e-01
-4.584390521049499512e-01
-1.036553382873535156e+00
-2.746080875396728516e+00
-1.529758453369140625e+00
-1.484012484550476074e+00
-1.713581681251525879e+00
-2.102149009704589844e+00
-1.683272719383239746e+00
-1.722339987754821777e+00
-2.209790229797363281e+00
-2.387244403362274170e-01
-2.261740684509277344e+00
-2.536130666732788086e+00
-7.302799224853515625e-01
-1.870063394308090210e-01
-9.548026919364929199e-01
-3.581511676311492920e-01
-1.228962302207946777e+00
-2.151295185089111328e+00
-2.063883304595947266e+00
-1.988182425498962402e+00
-1.519525766372680664e+00
-1.990806341171264648e+00
-1.764415740966796875e+00
-1.756473779678344727e+00
-5.085400938987731934e-01
-2.131324052810668945e+00
-1.769873499870300293e+00
-2.312972307205200195e+00
-9.835646152496337891e-01
-1.384193658828735352e+00
-1.021082997322082520e+00
-7.689289450645446777e-01
-2.315159320831298828e+00
-1.109474062919616699e+00
-2.218520641326904297e+00
-1.654371500015258789e+00
-8.723447918891906738e-01
-8.588939309120178223e-01
-2.172421455383300781e+00
-1.267754197120666504e+00
-3.354584932327270508e+00
-1.411532521247863770e+00
-1.316500544548034668e+00
-1.868382215499877930e+00
-2.277476787567138672e+00
-5.086750388145446777e-01
-1.809734582901000977e+00
-1.715237021446228027e+00
-1.394196748733520508e+00
-1.387315392494201660e+00
-1.308503389358520508e+00
-1.581921100616455078e+00
-1.327039480209350586e+00
-1.624301314353942871e+00
-5.126552581787109375e-01
-1.509665846824645996e+00
-1.598164916038513184e+00
-1.299305438995361328e+00
-1.715242624282836914e+00
-8.010571002960205078e-01
-2.338878631591796875e+00
-3.619705140590667725e-01
-1.307247042655944824e+00
-1.046122193336486816e+00
-8.258123993873596191e-01
-8.786192536354064941e-01
6.824183464050292969e-01
-2.268132925033569336e+00
-1.387673735618591309e+00
-1.521165370941162109e+00
-1.747094392776489258e+00
-8.216530680656433105e-01
-1.733827352523803711e+00
-3.166445255279541016e+00
-2.072473287582397461e+00
-1.499043345451354980e+00
-2.468791007995605469e+00
-2.269138336181640625e+00
-1.021920204162597656e+00
-1.644664645195007324e+00
-1.608868122100830078e+00
-1.514206051826477051e+00
-1.313997745513916016e+00
