-7.328927516937255859e-01
-7.937975525856018066e-01
-5.539681762456893921e-02
-1.045411825180053711e+00
-1.117127180099487305e+00
-1.563047289848327637e+00
-1.432142138481140137e+00
-9.341719746589660645e-01
-1.246848702430725098e+00
-1.596254825592041016e+00
-7.669653296470642090e-01
-8.053063750267028809e-01
-8.129569292068481445e-01
-2.241682261228561401e-01
-6.276967525482177734e-01
-3.424592018127441406e-01
-6.236957311630249023e-01
-8.141459226608276367e-01
-1.874878764152526855e+00
-1.484048724174499512e+00
-1.794378757476806641e+00
-1.114265203475952148e+00
-7.881396412849426270e-01
-8.883299827575683594e-01
-4.397380352020263672e-01
-1.240809679031372070e+00
-1.275094985961914062e+00
-9.753163456916809082e-01
-1.725568294525146484e+00
-7.878160476684570312e-01
-1.361598372459411621e+00
-1.007988095283508301e+00
-1.563891172409057617e+00
-1.527751445770263672e+00
-1.656363129615783691e+00
-1.620946168899536133e+00
-9.325219392776489258e-01
-6.781678199768066406e-01
1.729440875351428986e-02
-7.530605196952819824e-01
-4.879356920719146729e-01
-9.949759244918823242e-01
-5.202695727348327637e-01
-6.268053054809570312e-01
-1.070027947425842285e+00
-1.373384594917297363e+00
-8.246803879737854004e-01
-5.251963138580322266e-01
-5.449828505516052246e-01
-1.131474256515502930e+00
-1.118645071983337402e+00
-1.086258172988891602e+00
-6.815958023071289062e-01
-1.174289464950561523e+00
-9.420027136802673340e-01
-4.099343419075012207e-01
-1.081587672233581543e+00
-1.004630208015441895e+00
-8.393511176109313965e-01
-7.909417748451232910e-01
-6.707379817962646484e-01
-1.365710496902465820e+00
-1.291860342025756836e+00
-6.507791876792907715e-01
-3.587423861026763916e-01
-7.467793822288513184e-01
-3.444300293922424316e-01
-7.546870112419128418e-01
-6.448596119880676270e-01
-1.336339473724365234e+00
-1.404729962348937988e+00
-4.782545566558837891e-01
-3.729310631752014160e-01
-1.692285895347595215e+00
-1.705731987953186035e+00
-1.510311603546142578e+00
-1.751876831054687500e+00
-1.195419073104858398e+00
-4.252839088439941406e-01
-6.278071403503417969e-01
-4.095945954322814941e-01
-8.415476679801940918e-01
-1.026623249053955078e+00
-9.931775331497192383e-01
-1.096796035766601562e+00
-9.697737097740173340e-01
-1.089757323265075684e+00
-1.869297742843627930e+00
-1.547321915626525879e+00
-1.234916567802429199e+00
-6.569740772247314453e-01
-1.574486851692199707e+00
-1.225604653358459473e+00
-4.265417754650115967e-01
-1.043174505233764648e+00
-3.384045958518981934e-01
-1.256890177726745605e+00
-7.871695160865783691e-01
-3.668673932552337646e-01
-1.259446859359741211e+00
