-1.000477313995361328e+00
-1.234980583190917969e+00
-7.289512157440185547e-01
-1.015220761299133301e+00
-9.114838838577270508e-01
-1.468201637268066406e+00
-1.296380758285522461e+00
-1.038938403129577637e+00
-1.364579677581787109e+00
-1.224030494689941406e+00
-1.556905746459960938e+00
-1.081336140632629395e+00
-1.198037624359130859e+00
-9.961893558502197266e-01
-1.245401859283447266e+00
-8.617436289787292480e-01
-1.483215212821960449e+00
-1.683196902275085449e+00
-1.350638985633850098e+00
-1.255810618400573730e+00
-8.492041230201721191e-01
-7.317187786102294922e-01
-5.673872232437133789e-01
-5.192449688911437988e-01
2.160625904798507690e-01
-2.727330923080444336e-01
-7.608820199966430664e-01
-9.221138954162597656e-01
-7.789985537528991699e-01
-8.112993240356445312e-01
-6.841372847557067871e-01
-1.380885124206542969e+00
-9.793065190315246582e-01
-6.850718259811401367e-01
-1.086237668991088867e+00
-4.189177751541137695e-01
-6.812800168991088867e-01
-4.547542035579681396e-01
-7.339558005332946777e-01
-5.619958639144897461e-01
-1.120426297187805176e+00
-3.615345954895019531e-01
-1.087473630905151367e+00
-3.074419796466827393e-01
-8.299598097801208496e-01
-4.177656173706054688e-01
-1.163468837738037109e+00
-1.338615298271179199e+00
-1.156038999557495117e+00
-1.412020444869995117e+00
-1.250966787338256836e+00
-1.073831796646118164e+00
-1.359428167343139648e+00
-4.605150818824768066e-01
-1.297362565994262695e+00
-9.454182386398315430e-01
-7.082868218421936035e-01
-1.886541008949279785e+00
-1.058774352073669434e+00
-1.725482821464538574e+00
-1.581740736961364746e+00
-6.999749541282653809e-01
-1.600951194763183594e+00
-2.166763991117477417e-01
-3.921863436698913574e-01
-1.212393164634704590e+00
-1.156813859939575195e+00
-1.131148457527160645e+00
-2.541200816631317139e-01
-7.616263628005981445e-01
-5.957156419754028320e-01
-2.187767505645751953e+00
-1.467140555381774902e+00
-1.058002233505249023e+00
-9.689419865608215332e-01
-1.150076746940612793e+00
-1.482845425605773926e+00
-2.694987058639526367e-01
-1.509623646736145020e+00
-7.090417742729187012e-01
-1.863777279853820801e+00
-1.793879419565200806e-01
-2.762544155120849609e-01
-7.398473620414733887e-01
-1.505224943161010742e+00
-1.325476288795471191e+00
-1.609964251518249512e+00
-1.948470115661621094e+00
-5.263698697090148926e-01
-1.133007884025573730e+00
-1.385960459709167480e+00
-1.370016574859619141e+00
-8.973749876022338867e-01
-9.400710463523864746e-01
-9.055428504943847656e-01
-2.379907369613647461e+00
-2.869688570499420166e-01
-1.078390479087829590e+00
-2.780630886554718018e-01
-8.967548012733459473e-01
