-1.472256898880004883e+00
-9.338258504867553711e-01
-1.373615145683288574e+00
-4.531847834587097168e-01
-6.735658049583435059e-01
-6.026765108108520508e-01
-1.245530247688293457e+00
-8.124146461486816406e-01
-1.617133259773254395e+00
-1.754150152206420898e+00
-3.601304888725280762e-01
-1.247807145118713379e+00
-4.448149204254150391e-01
-1.381756901741027832e+00
-1.207991719245910645e+00
-9.096599817276000977e-01
-6.856448203325271606e-02
-1.142638444900512695e+00
-1.074502825736999512e+00
-3.785385936498641968e-02
-1.888050079345703125e+00
-1.087344050407409668e+00
-1.171916723251342773e+00
-9.990935921669006348e-01
-8.298621177673339844e-01
-1.281824350357055664e+00
-1.461510419845581055e+00
-9.634643197059631348e-01
-1.632145762443542480e+00
-1.221098184585571289e+00
-9.174831509590148926e-01
-5.477644205093383789e-01
-1.547359704971313477e+00
-1.813083052635192871e+00
-1.527608990669250488e+00
-1.311557292938232422e+00
-1.717918276786804199e+00
-2.053154230117797852e+00
-1.434565186500549316e+00
-4.802333712577819824e-01
-7.100977897644042969e-01
-1.112287044525146484e+00
-1.884846448898315430e+00
-1.136144995689392090e+00
-1.891224145889282227e+00
-1.027679681777954102e+00
-1.882098078727722168e+00
-4.123139977455139160e-01
-1.002973556518554688e+00
-1.659734368324279785e+00
-1.665013909339904785e+00
-2.306255340576171875e+00
-5.076141357421875000e-01
-3.603493273258209229e-01
-1.279834508895874023e+00
-6.971218585968017578e-01
-1.553866505622863770e+00
-1.843575716018676758e+00
-1.091405391693115234e+00
-1.162700772285461426e+00
-7.556685805320739746e-01
-7.509454488754272461e-01
-1.814655423164367676e+00
-1.600422620773315430e+00
-1.872730016708374023e+00
-1.629107952117919922e+00
-7.646571397781372070e-01
-2.285596728324890137e-01
-7.084223031997680664e-01
-1.660425066947937012e+00
-1.339608907699584961e+00
-9.972604513168334961e-01
-1.852399706840515137e+00
-1.222148180007934570e+00
-8.171748518943786621e-01
-1.355491757392883301e+00
-2.287157475948333740e-01
-1.885208368301391602e+00
-1.649557828903198242e+00
-1.278126358985900879e+00
-2.405920505523681641e+00
-4.255012869834899902e-01
-1.484380006790161133e+00
-1.401980996131896973e+00
-1.172775149345397949e+00
-1.859730482101440430e+00
-1.199766993522644043e+00
-2.215476989746093750e+00
-3.826443254947662354e-01
-1.673571228981018066e+00
-2.571738064289093018e-01
-2.348911762237548828e+00
3.540195152163505554e-02
-3.336977958679199219e-01
-7.290169596672058105e-01
1.229049339890480042e-01
-8.359565734863281250e-01
-1.547298192977905273e+00
-1.626540899276733398e+00
-1.498725056648254395e+00
