3.037462243810296059e-03
3.037012182176113129e-03
3.036562353372573853e-03
3.036112757399678230e-03
3.035663161426782608e-03
3.035213565453886986e-03
3.034764202311635017e-03
3.034315072000026703e-03
3.033865941688418388e-03
3.033417044207453728e-03
3.032968146726489067e-03
3.032519249245524406e-03
3.032070817425847054e-03
3.031622385606169701e-03
3.031173953786492348e-03
3.030725754797458649e-03
3.030277555808424950e-03
3.029829589650034904e-03
3.029381856322288513e-03
3.028933890163898468e-03
3.028486389666795731e-03
3.028038889169692993e-03
3.027591388672590256e-03
3.027144353836774826e-03
3.026697086170315742e-03
3.026250051334500313e-03
3.025803249329328537e-03
3.025356214493513107e-03
3.024909645318984985e-03
3.024463076144456863e-03
3.024016739800572395e-03
3.023570403456687927e-03
3.023124067112803459e-03
3.022678196430206299e-03
3.022232325747609138e-03
3.021786455065011978e-03
3.021340817213058472e-03
3.020895179361104965e-03
3.020449774339795113e-03
3.020004369318485260e-03
3.019559197127819061e-03
3.019114024937152863e-03
3.018668852746486664e-03
3.018224146217107773e-03
3.017779439687728882e-03
3.017334733158349991e-03
3.016890259459614754e-03
3.016446018591523170e-03
3.016001777723431587e-03
3.015557769685983658e-03
3.015113761648535728e-03
3.014669753611087799e-03
3.014225978404283524e-03
3.013782203197479248e-03
3.013338660821318626e-03
3.012895351275801659e-03
3.012452041730284691e-03
3.012008732184767723e-03
3.011565655469894409e-03
3.011122811585664749e-03
3.010679967701435089e-03
3.010237356647849083e-03
3.009794745594263077e-03
3.009352367371320724e-03
3.008909989148378372e-03
3.008467843756079674e-03
3.008025698363780975e-03
3.007584018632769585e-03
3.007141873240470886e-03
3.006700193509459496e-03
3.006258513778448105e-03
3.005817066878080368e-03
3.005375619977712631e-03
3.004934405907988548e-03
3.004493424668908119e-03
3.004052210599184036e-03
3.003611229360103607e-03
3.003170480951666832e-03
3.002729965373873711e-03
3.002289449796080589e-03
3.001849167048931122e-03
3.001408884301781654e-03
3.000968601554632187e-03
3.000528551638126373e-03
3.000088734552264214e-03
2.999648917466402054e-03
2.999209100380539894e-03
2.998769516125321388e-03
2.998329931870102882e-03
2.997890580445528030e-03
2.997451461851596832e-03
2.997012343257665634e-03
2.996573457494378090e-03
2.996134571731090546e-03
2.995695685967803001e-03
2.995257033035159111e-03
2.994818612933158875e-03
2.994380192831158638e-03
2.993942005559802055e-03
2.993503818288445473e-03
2.993065863847732544e-03
2.992627909407019615e-03
2.992190187796950340e-03
2.991752466186881065e-03
2.991314977407455444e-03
2.990877488628029823e-03
2.990440232679247856e-03
2.990002976730465889e-03
2.989565953612327576e-03
2.989128930494189262e-03
2.988692140206694603e-03
2.988255349919199944e-03
2.987818792462348938e-03
2.987382467836141586e-03
2.986945910379290581e-03
2.986509818583726883e-03
2.986073726788163185e-03
2.985637634992599487e-03
2.985201776027679443e-03
2.984766149893403053e-03
2.984330290928483009e-03
2.983894897624850273e-03
2.983459271490573883e-03
2.983024111017584801e-03
2.982588950544595718e-03
2.982154022902250290e-03
2.981718862429261208e-03
2.981284167617559433e-03
2.980849472805857658e-03
2.980414777994155884e-03
2.979980548843741417e-03
2.979546086862683296e-03
2.979111857712268829e-03
2.978677628561854362e-03
2.978243865072727203e-03
2.977809868752956390e-03
2.977376105263829231e-03
2.976942574605345726e-03
2.976509043946862221e-03
2.976075746119022369e-03
2.975642448291182518e-03
2.975209150463342667e-03
2.974776318296790123e-03
2.974343253299593925e-03
2.973910421133041382e-03
2.973477821797132492e-03
2.973045222461223602e-03
2.972612623125314713e-03
2.972180489450693130e-03
2.971748355776071548e-03
2.971316222101449966e-03
2.970884321257472038e-03
2.970452420413494110e-03
2.970020519569516182e-03
2.969589084386825562e-03
2.969157416373491287e-03
2.968725981190800667e-03
2.968294778838753700e-03
2.967863576486706734e-03
2.967432606965303421e-03
2.967001637443900108e-03
2.966570900753140450e-03
2.966140164062380791e-03
2.965709660202264786e-03
2.965279156342148781e-03
2.964848885312676430e-03
2.964418614283204079e-03
2.963988576084375381e-03
2.963558770716190338e-03
2.963128732517361641e-03
2.962699159979820251e-03
2.962269354611635208e-03
2.961840014904737473e-03
2.961410442367196083e-03
2.960981335490942001e-03
2.960552228614687920e-03
2.960123121738433838e-03
2.959694247692823410e-03
2.959265606477856636e-03
2.958836732432246208e-03
2.958408091217279434e-03
2.957979682832956314e-03
2.957551274448633194e-03
2.957123098894953728e-03
2.956694923341274261e-03
2.956267213448882103e-03
2.955839270725846291e-03
2.955411328002810478e-03
2.954983850941061974e-03
2.954556373879313469e-03
2.954128896817564964e-03
2.953701652586460114e-03
2.953274641185998917e-03
2.952847629785537720e-03
2.952420618385076523e-03
2.951993839815258980e-03
2.951567061245441437e-03
2.951140515506267548e-03
2.950714202597737312e-03
2.950287656858563423e-03
2.949861576780676842e-03
2.949435496702790260e-03
2.949009416624903679e-03
2.948583569377660751e-03
2.948157722130417824e-03
2.947732107713818550e-03
2.947306726127862930e-03
2.946881111711263657e-03
2.946455962955951691e-03
2.946030814200639725e-03
2.945605665445327759e-03
2.945180749520659447e-03
2.944756066426634789e-03
2.944331383332610130e-03
2.943906700238585472e-03
2.943482249975204468e-03
2.943057799711823463e-03
2.942633582279086113e-03
2.942209597676992416e-03
2.941785613074898720e-03
2.941361628472805023e-03
2.940937643870711327e-03
2.940514124929904938e-03
2.940090838819742203e-03
2.939667319878935814e-03
2.939243800938129425e-03
2.938820747658610344e-03
2.938397694379091263e-03
2.937974641099572182e-03
2.937551820650696754e-03
2.937129233032464981e-03
2.936706412583589554e-03
2.936284057796001434e-03
2.935861703008413315e-03
2.935439348220825195e-03
2.935017226263880730e-03
2.934595104306936264e-03
2.934173215180635452e-03
2.933751326054334641e-03
2.933329669758677483e-03
2.932908246293663979e-03
2.932486589998006821e-03
2.932065399363636971e-03
2.931644208729267120e-03
2.931223018094897270e-03
2.930801827460527420e-03
2.930381102487444878e-03
2.929960377514362335e-03
2.929539652541279793e-03
2.929119160398840904e-03
2.928698901087045670e-03
2.928278408944606781e-03
2.927858149632811546e-03
2.927438123151659966e-03
2.927018329501152039e-03
2.926598535850644112e-03
2.926178742200136185e-03
2.925759181380271912e-03
2.925339620560407639e-03
2.924920292571187019e-03
2.924500964581966400e-03
2.924081636592745781e-03
2.923662774264812469e-03
2.923243679106235504e-03
2.922825049608945847e-03
2.922406187281012535e-03
2.921987790614366531e-03
2.921569161117076874e-03
2.921150764450430870e-03
2.920732600614428520e-03
2.920314669609069824e-03
2.919896505773067474e-03
2.919478574767708778e-03
2.919060876592993736e-03
2.918643178418278694e-03
2.918225713074207306e-03
2.917808247730135918e-03
2.917390782386064529e-03
2.916973549872636795e-03
2.916556550189852715e-03
2.916139550507068634e-03
2.915722550824284554e-03
2.915305783972144127e-03
2.914889482781291008e-03
2.914472715929150581e-03
2.914056414738297462e-03
2.913640113547444344e-03
2.913223812356591225e-03
2.912807743996381760e-03
2.912391908466815948e-03
2.911976072937250137e-03
2.911560237407684326e-03
2.911144634708762169e-03
2.910729264840483665e-03
2.910313894972205162e-03
2.909898525103926659e-03
2.909483388066291809e-03
2.909068483859300613e-03
2.908653346821665764e-03
2.908238675445318222e-03
2.907823771238327026e-03
2.907409332692623138e-03
2.906994894146919250e-03
2.906580688431859016e-03
2.906166249886155128e-03
2.905752277001738548e-03
2.905338071286678314e-03
2.904924331232905388e-03
2.904510358348488808e-03
2.904096618294715881e-03
2.903683111071586609e-03
2.903269603848457336e-03
2.902856329455971718e-03
2.902443287894129753e-03
2.902030013501644135e-03
2.901616971939802170e-03
2.901204163208603859e-03
2.900791354477405548e-03
2.900378778576850891e-03
2.899966202676296234e-03
2.899553859606385231e-03
2.899141516536474228e-03
2.898729173466563225e-03
2.898317296057939529e-03
2.897905185818672180e-03
2.897493308410048485e-03
2.897081663832068443e-03
2.896669786423444748e-03
2.896258374676108360e-03
2.895846962928771973e-03
2.895435551181435585e-03
2.895024372264742851e-03
2.894613193348050117e-03
2.894202480092644691e-03
2.893791534006595612e-03
2.893380820751190186e-03
2.892970107495784760e-03
2.892559627071022987e-03
2.892149379476904869e-03
2.891738899052143097e-03
2.891328884288668633e-03
2.890918636694550514e-03
2.890508621931076050e-03
2.890098839998245239e-03
2.889689290896058083e-03
2.889279508963227272e-03
2.888869959861040115e-03
2.888460643589496613e-03
2.888051327317953110e-03
2.887642243877053261e-03
2.887233160436153412e-03
2.886824076995253563e-03
2.886415459215641022e-03
2.886006608605384827e-03
2.885597990825772285e-03
2.885189605876803398e-03
2.884781220927834511e-03
2.884372835978865623e-03
2.883964683860540390e-03
2.883556764572858810e-03
2.883148845285177231e-03
2.882740925997495651e-03
2.882333239540457726e-03
2.881925553083419800e-03
2.881517866626381874e-03
2.881110645830631256e-03
2.880703425034880638e-03
2.880296204239130020e-03
2.879889216274023056e-03
2.879482228308916092e-03
2.879075473174452782e-03
2.878668718039989471e-03
2.878262195736169815e-03
2.877855673432350159e-03
2.877449151128530502e-03
2.877042861655354500e-03
2.876636805012822151e-03
2.876230748370289803e-03
2.875824924558401108e-03
2.875419100746512413e-03
2.875013276934623718e-03
2.874607918784022331e-03
2.874202094972133636e-03
2.873796969652175903e-03
2.873391611501574516e-03
2.872986486181616783e-03
2.872581360861659050e-03
2.872176468372344971e-03
2.871771808713674545e-03
2.871366916224360466e-03
2.870962256565690041e-03
2.870557829737663269e-03
2.870153402909636497e-03
2.869749208912253380e-03
2.869345014914870262e-03
2.868941053748130798e-03
2.868537092581391335e-03
2.868133131414651871e-03
2.867729403078556061e-03
2.867325907573103905e-03
2.866922412067651749e-03
2.866518916562199593e-03
2.866115653887391090e-03
2.865712391212582588e-03
2.865309361368417740e-03
2.864906331524252892e-03
2.864503534510731697e-03
2.864100970327854156e-03
2.863698406144976616e-03
2.863295841962099075e-03
2.862893277779221535e-03
2.862491179257631302e-03
2.862089080736041069e-03
2.861686749383807182e-03
2.861284883692860603e-03
2.860883018001914024e-03
2.860481385141611099e-03
2.860079752281308174e-03
2.859678119421005249e-03
2.859276719391345978e-03
2.858875552192330360e-03
2.858474384993314743e-03
2.858073217794299126e-03
2.857672050595283508e-03
2.857271349057555199e-03
2.856870647519826889e-03
2.856469945982098579e-03
2.856069244444370270e-03
2.855669008567929268e-03
2.855268539860844612e-03
2.854868303984403610e-03
2.854468300938606262e-03
2.854068297892808914e-03
2.853668527677655220e-03
2.853268524631857872e-03
2.852868987247347832e-03
2.852469449862837791e-03
2.852069912478327751e-03
2.851670607924461365e-03
2.851271303370594978e-03
2.850872231647372246e-03
2.850473159924149513e-03
2.850074321031570435e-03
2.849675482138991356e-03
2.849276876077055931e-03
2.848878270015120506e-03
2.848479663953185081e-03
2.848081290721893311e-03
2.847683150321245193e-03
2.847285009920597076e-03
2.846886869519948959e-03
2.846489194780588150e-03
2.846091287210583687e-03
2.845693612471222878e-03
2.845295937731862068e-03
2.844898495823144913e-03
2.844501053914427757e-03
2.844103844836354256e-03
2.843706635758280754e-03
2.843309659510850906e-03
2.842912683263421059e-03
2.842515939846634865e-03
2.842119196429848671e-03
2.841722453013062477e-03
2.841325942426919937e-03
2.840929664671421051e-03
2.840533154085278511e-03
2.840137109160423279e-03
2.839740831404924393e-03
2.839345019310712814e-03
2.838948974385857582e-03
2.838553162291646004e-03
2.838157583028078079e-03
2.837762003764510155e-03
2.837366657331585884e-03
2.836971310898661613e-03
2.836576197296380997e-03
2.836181083694100380e-03
2.835786202922463417e-03
2.835391089320182800e-03
2.834996208548545837e-03
2.834601560607552528e-03
2.834206912666559219e-03
2.833812497556209564e-03
2.833418315276503563e-03
2.833023900166153908e-03
2.832629950717091560e-03
2.832235768437385559e-03
2.831841818988323212e-03
2.831448102369904518e-03
2.831054152920842171e-03
2.830660669133067131e-03
2.830267185345292091e-03
2.829873701557517052e-03
2.829480217769742012e-03
2.829087199643254280e-03
2.828693948686122894e-03
2.828300930559635162e-03
2.827908378094434738e-03
2.827515359967947006e-03
