3.421282395720481873e-03
3.421008586883544922e-03
3.420735010877251625e-03
3.420461202040314674e-03
3.420187626034021378e-03
3.419913817197084427e-03
3.419640241190791130e-03
3.419366898015141487e-03
3.419093554839491844e-03
3.418820211663842201e-03
3.418546635657548904e-03
3.418273292481899261e-03
3.418000182136893272e-03
3.417726838961243629e-03
3.417453728616237640e-03
3.417180618271231651e-03
3.416907740756869316e-03
3.416634630411863327e-03
3.416361520066857338e-03
3.416088642552495003e-03
3.415815765038132668e-03
3.415543120354413986e-03
3.415270242840051651e-03
3.414997598156332970e-03
3.414724953472614288e-03
3.414452308788895607e-03
3.414179896935820580e-03
3.413907252252101898e-03
3.413634840399026871e-03
3.413362428545951843e-03
3.413090249523520470e-03
3.412817837670445442e-03
3.412545658648014069e-03
3.412273479625582695e-03
3.412001300603151321e-03
3.411729121580719948e-03
3.411457175388932228e-03
3.411184996366500854e-03
3.410913050174713135e-03
3.410641103982925415e-03
3.410369390621781349e-03
3.410097677260637283e-03
3.409825731068849564e-03
3.409554017707705498e-03
3.409282537177205086e-03
3.409010823816061020e-03
3.408739110454916954e-03
3.408467629924416542e-03
3.408196149393916130e-03
3.407924668863415718e-03
3.407653421163558960e-03
3.407382173463702202e-03
3.407110925763845444e-03
3.406839678063988686e-03
3.406568663194775581e-03
3.406297415494918823e-03
3.406026167795062065e-03
3.405755152925848961e-03
3.405484370887279510e-03
3.405213356018066406e-03
3.404942573979496956e-03
3.404671791940927505e-03
3.404401009902358055e-03
3.404130460694432259e-03
3.403859678655862808e-03
3.403589129447937012e-03
3.403318347409367561e-03
3.403048031032085419e-03
3.402777481824159622e-03
3.402507165446877480e-03
3.402236849069595337e-03
3.401966299861669540e-03
3.401696216315031052e-03
3.401425899937748909e-03
3.401155816391110420e-03
3.400885500013828278e-03
3.400615416467189789e-03
3.400345565751194954e-03
3.400075482204556465e-03
3.399805631488561630e-03
3.399535780772566795e-03
3.399265697225928307e-03
3.398996079340577126e-03
3.398726228624582291e-03
3.398456610739231110e-03
3.398186992853879929e-03
3.397917374968528748e-03
3.397647757083177567e-03
3.397378139197826385e-03
3.397108754143118858e-03
3.396839369088411331e-03
3.396569984033703804e-03
3.396300831809639931e-03
3.396031446754932404e-03
3.395762527361512184e-03
3.395493142306804657e-03
3.395223990082740784e-03
3.394955070689320564e-03
3.394686151295900345e-03
3.394416999071836472e-03
3.394148312509059906e-03
3.393879393115639687e-03
3.393610473722219467e-03
3.393341787159442902e-03
3.393073100596666336e-03
3.392804414033889771e-03
3.392535960301756859e-03
3.392267273738980293e-03
3.391998820006847382e-03
3.391730366274714470e-03
3.391461912542581558e-03
3.391193691641092300e-03
3.390925470739603043e-03
3.390657017007470131e-03
3.390388796105980873e-03
3.390120808035135269e-03
3.389852587133646011e-03
3.389584599062800407e-03
3.389316378161311150e-03
3.389048622921109200e-03
3.388780634850263596e-03
3.388512646779417992e-03
3.388244891539216042e-03
3.387977136299014091e-03
3.387709381058812141e-03
3.387441625818610191e-03
3.387174103409051895e-03
3.386906348168849945e-03
3.386638825759291649e-03
3.386371303349733353e-03
3.386104013770818710e-03
3.385836491361260414e-03
3.385569201782345772e-03
3.385301912203431129e-03
3.385034622624516487e-03
3.384767333045601845e-03
3.384500276297330856e-03
3.384233219549059868e-03
3.383966162800788879e-03
3.383699106052517891e-03
3.383432282134890556e-03
3.383165225386619568e-03
3.382898401468992233e-03
3.382631577551364899e-03
3.382364753633737564e-03
3.382098162546753883e-03
3.381831571459770203e-03
3.381564980372786522e-03
3.381298389285802841e-03
3.381031798198819160e-03
3.380765207111835480e-03
3.380498848855495453e-03
3.380232490599155426e-03
3.379966132342815399e-03
3.379700006917119026e-03
3.379433648660778999e-03
3.379167523235082626e-03
3.378901397809386253e-03
3.378635272383689880e-03
3.378369379788637161e-03
3.378103254362940788e-03
3.377837361767888069e-03
3.377571469172835350e-03
3.377305809408426285e-03
3.377039916813373566e-03
3.376774024218320847e-03
3.376508364453911781e-03
3.376242471858859062e-03
3.375977044925093651e-03
3.375711617991328239e-03
3.375445958226919174e-03
3.375180531293153763e-03
3.374915104359388351e-03
3.374649677425622940e-03
3.374384483322501183e-03
3.374119056388735771e-03
3.373853862285614014e-03
3.373588668182492256e-03
3.373323474079370499e-03
3.373058512806892395e-03
3.372793551534414291e-03
3.372528357431292534e-03
3.372263628989458084e-03
3.371998667716979980e-03
3.371733706444501877e-03
3.371468978002667427e-03
3.371204249560832977e-03
3.370939521118998528e-03
3.370675025507807732e-03
3.370410529896616936e-03
3.370145801454782486e-03
3.369881305843591690e-03
3.369616810232400894e-03
3.369352547451853752e-03
3.369088284671306610e-03
3.368823789060115814e-03
3.368559526279568672e-03
3.368295263499021530e-03
3.368031233549118042e-03
3.367766970768570900e-03
3.367502940818667412e-03
3.367238910868763924e-03
3.366974880918860435e-03
3.366711083799600601e-03
3.366447053849697113e-03
3.366183256730437279e-03
3.365919459611177444e-03
3.365655662491917610e-03
3.365392098203301430e-03
3.365128533914685249e-03
3.364864736795425415e-03
3.364601172506809235e-03
3.364337841048836708e-03
3.364074276760220528e-03
3.363810945302248001e-03
3.363547613844275475e-03
3.363284282386302948e-03
3.363020950928330421e-03
3.362757852301001549e-03
3.362494520843029022e-03
3.362231655046343803e-03
3.361968323588371277e-03
3.361705224961042404e-03
3.361442359164357185e-03
3.361179260537028313e-03
3.360916627570986748e-03
3.360653761774301529e-03
3.360390895977616310e-03
3.360128030180931091e-03
3.359865397214889526e-03
3.359602764248847961e-03
3.359340131282806396e-03
3.359077731147408485e-03
3.358815098181366920e-03
3.358552698045969009e-03
3.358290297910571098e-03
3.358027897775173187e-03
3.357765730470418930e-03
3.357503330335021019e-03
3.357241163030266762e-03
3.356978995725512505e-03
3.356716828420758247e-03
3.356454661116003990e-03
3.356192726641893387e-03
3.355930792167782784e-03
3.355668624863028526e-03
3.355406923219561577e-03
3.355144988745450974e-03
3.354883054271340370e-03
3.354621352627873421e-03
3.354359650984406471e-03
3.354097949340939522e-03
3.353836480528116226e-03
3.353574778884649277e-03
3.353313542902469635e-03
3.353051841259002686e-03
3.352790372446179390e-03
3.352529136463999748e-03
3.352267667651176453e-03
3.352006664499640465e-03
3.351745195686817169e-03
3.351483959704637527e-03
3.351222956553101540e-03
3.350961720570921898e-03
3.350700717419385910e-03
3.350439714267849922e-03
3.350178711116313934e-03
3.349917940795421600e-03
3.349656937643885612e-03
3.349396167322993279e-03
3.349135629832744598e-03
3.348874859511852264e-03
3.348613856360316277e-03
3.348353318870067596e-03
3.348092781379818916e-03
3.347832243889570236e-03
3.347571939229965210e-03
3.347311401739716530e-03
3.347051097080111504e-03
3.346790792420506477e-03
3.346530254930257797e-03
3.346270183101296425e-03
3.346009878441691399e-03
3.345749806612730026e-03
3.345489734783768654e-03
3.345229662954807281e-03
3.344969591125845909e-03
3.344709752127528191e-03
3.344449913129210472e-03
3.344189841300249100e-03
3.343930002301931381e-03
3.343670163303613663e-03
3.343410557135939598e-03
3.343150718137621880e-03
3.342891111969947815e-03
3.342631505802273750e-03
3.342371899634599686e-03
3.342112293466925621e-03
3.341852920129895210e-03
3.341593546792864799e-03
3.341334173455834389e-03
3.341074800118803978e-03
3.340815426781773567e-03
3.340556286275386810e-03
3.340297145769000053e-03
3.340038005262613297e-03
3.339778864756226540e-03
3.339519957080483437e-03
3.339260816574096680e-03
3.339001908898353577e-03
3.338743001222610474e-03
3.338484326377511024e-03
3.338225418701767921e-03
3.337966511026024818e-03
3.337707836180925369e-03
3.337449394166469574e-03
3.337190486490726471e-03
3.336931811645627022e-03
3.336673369631171227e-03
3.336414927616715431e-03
3.336156485602259636e-03
3.335898043587803841e-03
3.335639834403991699e-03
3.335381392389535904e-03
3.335123183205723763e-03
3.334864974021911621e-03
3.334606764838099480e-03
3.334348788484930992e-03
3.334090579301118851e-03
3.333832602947950363e-03
3.333574626594781876e-03
3.333316650241613388e-03
3.333058673888444901e-03
3.332800930365920067e-03
3.332542954012751579e-03
3.332285443320870399e-03
3.332027699798345566e-03
3.331769956275820732e-03
3.331512445583939552e-03
3.331254934892058372e-03
3.330997191369533539e-03
3.330739913508296013e-03
3.330482402816414833e-03
3.330225124955177307e-03
3.329967614263296127e-03
3.329710336402058601e-03
3.329453058540821075e-03
3.329196013510227203e-03
3.328938735648989677e-03
3.328681690618395805e-03
3.328424645587801933e-03
3.328167600557208061e-03
3.327910555526614189e-03
3.327653743326663971e-03
3.327396931126713753e-03
3.327139886096119881e-03
3.326883306726813316e-03
3.326626494526863098e-03
3.326369449496269226e-03
3.326113102957606316e-03
3.325856523588299751e-03
3.325599944218993187e-03
3.325343364849686623e-03
3.325087018311023712e-03
3.324830438941717148e-03
3.324574092403054237e-03
3.324317978695034981e-03
3.324061632156372070e-03
3.323805285617709160e-03
3.323549171909689903e-03
3.323293058201670647e-03
3.323036944493651390e-03
3.322780830785632133e-03
3.322524717077612877e-03
3.322268836200237274e-03
3.322012955322861671e-03
3.321757074445486069e-03
3.321501193568110466e-03
3.321245545521378517e-03
3.320989664644002914e-03
3.320734016597270966e-03
3.320478368550539017e-03
3.320222720503807068e-03
3.319967305287718773e-03
3.319711657240986824e-03
3.319456242024898529e-03
3.319200826808810234e-03
3.318945411592721939e-03
3.318689996376633644e-03
3.318434813991189003e-03
3.318179398775100708e-03
3.317924216389656067e-03
3.317669034004211426e-03
3.317414084449410439e-03
3.317158902063965797e-03
3.316903952509164810e-03
3.316649002954363823e-03
3.316394053399562836e-03
3.316139103844761848e-03
3.315884154289960861e-03
3.315629437565803528e-03
3.315374953672289848e-03
3.315120004117488861e-03
3.314865520223975182e-03
3.314610803499817848e-03
3.314356319606304169e-03
3.314101835712790489e-03
3.313847351819276810e-03
3.313593100756406784e-03
3.313338616862893105e-03
3.313084365800023079e-03
3.312829881906509399e-03
3.312575630843639374e-03
3.312321612611413002e-03
3.312067361548542976e-03
3.311813343316316605e-03
3.311559325084090233e-03
3.311305306851863861e-03
3.311051288619637489e-03
3.310797270387411118e-03
3.310543484985828400e-03
3.310289699584245682e-03
3.310035914182662964e-03
3.309782128781080246e-03
3.309528343379497528e-03
3.309274790808558464e-03
3.309021238237619400e-03
3.308767452836036682e-03
3.308514133095741272e-03
3.308260580524802208e-03
3.308007027953863144e-03
3.307753708213567734e-03
3.307500388473272324e-03
3.307247068732976913e-03
3.306993748992681503e-03
3.306740662083029747e-03
3.306487342342734337e-03
3.306234255433082581e-03
3.305981168523430824e-03
3.305728081613779068e-03
3.305475227534770966e-03
3.305222140625119209e-03
3.304969286546111107e-03
3.304716432467103004e-03
3.304463811218738556e-03
3.304210724309086800e-03
3.303958103060722351e-03
3.303705481812357903e-03
3.303452860563993454e-03
3.303200239315629005e-03
3.302947618067264557e-03
3.302694996818900108e-03
3.302442841231822968e-03
3.302190219983458519e-03
3.301938064396381378e-03
3.301685675978660583e-03
3.301433287560939789e-03
3.301181131973862648e-03
3.300928976386785507e-03
3.300676820799708366e-03
3.300424898043274879e-03
3.300172742456197739e-03
3.299920586869120598e-03
3.299668896943330765e-03
3.299416974186897278e-03
3.299165051430463791e-03
3.298913128674030304e-03
3.298661438748240471e-03
3.298409748822450638e-03
3.298158058896660805e-03
3.297906601801514626e-03
3.297654679045081139e-03
3.297403221949934959e-03
3.297151764854788780e-03
3.296900307759642601e-03
3.296649083495140076e-03
3.296397393569350243e-03
3.296146169304847717e-03
3.295894945040345192e-03
3.295643487945199013e-03
3.295392496511340141e-03
3.295141272246837616e-03
3.294890280812978745e-03
3.294639056548476219e-03
3.294388065114617348e-03
3.294137073680758476e-03
3.293886082246899605e-03
3.293635323643684387e-03
3.293384332209825516e-03
3.293133573606610298e-03
3.292882815003395081e-03
3.292632056400179863e-03
3.292381297796964645e-03
3.292130772024393082e-03
3.291880246251821518e-03
3.291629720479249954e-03
3.291379194706678391e-03
3.291128668934106827e-03
3.290878143161535263e-03
3.290627850219607353e-03
