7.031746208667755127e-03
7.029419764876365662e-03
7.027094718068838120e-03
7.024771068245172501e-03
7.022448349744081497e-03
7.020126562565565109e-03
7.017806172370910645e-03
7.015486713498830795e-03
7.013168651610612869e-03
7.010851986706256866e-03
7.008536253124475479e-03
7.006221450865268707e-03
7.003907579928636551e-03
7.001595571637153625e-03
6.999284029006958008e-03
6.996974349021911621e-03
6.994665134698152542e-03
6.992357317358255386e-03
6.990050897002220154e-03
6.987745407968759537e-03
6.985440850257873535e-03
6.983137689530849457e-03
6.980835460126399994e-03
6.978534627705812454e-03
6.976234726607799530e-03
6.973936222493648529e-03
6.971638649702072144e-03
6.969342473894357681e-03
6.967047229409217834e-03
6.964753381907939911e-03
6.962460465729236603e-03
6.960168480873107910e-03
6.957877893000841141e-03
6.955588702112436295e-03
6.953299976885318756e-03
6.951012648642063141e-03
6.948726717382669449e-03
6.946441717445850372e-03
6.944158114492893219e-03
6.941874977201223373e-03
6.939593702554702759e-03
6.937313359230756760e-03
6.935033947229385376e-03
6.932755932211875916e-03
6.930478848516941071e-03
6.928203161805868149e-03
6.925928406417369843e-03
6.923655048012733459e-03
6.921382620930671692e-03
6.919111125171184540e-03
6.916841026395559311e-03
6.914571858942508698e-03
6.912304088473320007e-03
6.910037249326705933e-03
6.907771807163953781e-03
6.905506830662488937e-03
6.903243716806173325e-03
6.900981068611145020e-03
6.898720283061265945e-03
6.896459963172674179e-03
6.894201505929231644e-03
6.891943514347076416e-03
6.889686919748783112e-03
6.887431722134351730e-03
6.885176990181207657e-03
6.882923655211925507e-03
6.880671717226505280e-03
6.878420710563659668e-03
6.876171100884675980e-03
6.873922422528266907e-03
6.871674675494432449e-03
6.869427859783172607e-03
6.867182441055774689e-03
6.864938419312238693e-03
6.862695328891277313e-03
6.860453169792890549e-03
6.858212407678365707e-03
6.855972576886415482e-03
6.853734143078327179e-03
6.851496640592813492e-03
6.849260069429874420e-03
6.847024895250797272e-03
6.844790652394294739e-03
6.842557340860366821e-03
6.840325426310300827e-03
6.838094908744096756e-03
6.835864856839179993e-03
6.833636201918125153e-03
6.831408943980932236e-03
6.829182617366313934e-03
6.826957222074270248e-03
6.824733223766088486e-03
6.822510156780481339e-03
6.820288486778736115e-03
6.818067282438278198e-03
6.815847940742969513e-03
6.813629064708948135e-03
6.811412051320075989e-03
6.809195503592491150e-03
6.806980352848768234e-03
6.804766133427619934e-03
6.802553310990333557e-03
6.800340954214334488e-03
6.798130460083484650e-03
6.795920897275209427e-03
6.793712265789508820e-03
6.791505031287670135e-03
6.789298262447118759e-03
6.787093356251716614e-03
6.784888915717601776e-03
6.782685872167348862e-03
6.780483759939670563e-03
6.778283044695854187e-03
6.776083260774612427e-03
6.773884873837232590e-03
6.771686952561140060e-03
6.769490893930196762e-03
6.767295766621828079e-03
6.765101104974746704e-03
6.762907840311527252e-03
6.760715972632169724e-03
6.758525036275386810e-03
6.756335496902465820e-03
6.754146888852119446e-03
6.751959212124347687e-03
6.749772466719150543e-03
6.747587118297815323e-03
6.745402701199054718e-03
6.743219681084156036e-03
6.741037126630544662e-03
6.738856434822082520e-03
6.736676674336194992e-03
6.734497379511594772e-03
6.732319947332143784e-03
6.730142980813980103e-03
6.727967411279678345e-03
6.725793238729238510e-03
6.723619531840085983e-03
6.721447221934795380e-03
6.719276309013366699e-03
6.717106327414512634e-03
6.714936811476945877e-03
6.712769158184528351e-03
6.710602436214685440e-03
6.708436179906129837e-03
6.706271786242723465e-03
6.704108323901891708e-03
6.701945792883634567e-03
6.699784193187952042e-03
6.697623990476131439e-03
6.695464719086885452e-03
6.693306379020214081e-03
6.691149435937404633e-03
6.688993889838457108e-03
6.686838809400796890e-03
6.684685125946998596e-03
6.682531908154487610e-03
6.680380553007125854e-03
6.678229663521051407e-03
6.676080171018838882e-03
6.673932075500488281e-03
6.671784445643424988e-03
6.669638212770223618e-03
6.667493376880884171e-03
6.665349006652832031e-03
6.663206033408641815e-03
6.661063991487026215e-03
6.658923346549272537e-03
6.656783632934093475e-03
6.654644850641489029e-03
6.652506999671459198e-03
6.650370545685291290e-03
6.648235023021697998e-03
6.646100431680679321e-03
6.643967237323522568e-03
6.641834974288940430e-03
6.639703642576932907e-03
6.637573707848787308e-03
6.635444238781929016e-03
6.633316632360219955e-03
6.631189491599798203e-03
6.629063747823238373e-03
6.626938935369253159e-03
6.624815054237842560e-03
6.622692570090293884e-03
6.620571017265319824e-03
6.618450395762920380e-03
6.616331171244382858e-03
6.614212412387132645e-03
6.612095516175031662e-03
6.609979085624217987e-03
6.607864052057266235e-03
6.605749484151601791e-03
6.603636778891086578e-03
6.601525004953145981e-03
6.599413696676492691e-03
6.597303785383701324e-03
6.595195271074771881e-03
6.593087222427129745e-03
6.590980570763349533e-03
6.588874850422143936e-03
6.586770527064800262e-03
6.584667135030031204e-03
6.582564674317836761e-03
6.580463144928216934e-03
6.578362546861171722e-03
6.576263345777988434e-03
6.574165076017379761e-03
6.572068203240633011e-03
6.569971796125173569e-03
6.567876785993576050e-03
6.565782707184553146e-03
6.563690025359392166e-03
6.561597809195518494e-03
6.559506990015506744e-03
6.557417102158069611e-03
6.555328145623207092e-03
6.553240586072206497e-03
6.551153957843780518e-03
6.549068260937929153e-03
6.546983961015939713e-03
6.544900126755237579e-03
6.542817689478397369e-03
6.540736183524131775e-03
6.538655608892440796e-03
6.536576431244611740e-03
6.534498184919357300e-03
6.532421335577964783e-03
6.530344951897859573e-03
6.528269499540328979e-03
6.526195444166660309e-03
6.524122320115566254e-03
6.522050593048334122e-03
6.519979331642389297e-03
6.517909467220306396e-03
6.515840534120798111e-03
6.513772532343864441e-03
6.511705927550792694e-03
6.509640254080295563e-03
6.507575511932373047e-03
6.505511701107025146e-03
6.503448821604251862e-03
6.501387339085340500e-03
6.499326787889003754e-03
6.497267168015241623e-03
6.495208479464054108e-03
6.493151187896728516e-03
6.491094361990690231e-03
6.489038933068513870e-03
6.486984435468912125e-03
6.484931334853172302e-03
6.482879165560007095e-03
6.480827461928129196e-03
6.478777155280113220e-03
6.476728245615959167e-03
6.474679801613092422e-03
6.472632754594087601e-03
6.470586638897657394e-03
6.468541454523801804e-03
6.466497201472520828e-03
6.464453879743814468e-03
6.462411954998970032e-03
6.460370961576700211e-03
6.458330899477005005e-03
6.456291768699884415e-03
6.454254034906625748e-03
6.452216766774654388e-03
6.450180895626544952e-03
6.448145955801010132e-03
6.446111947298049927e-03
6.444079335778951645e-03
6.442047189921140671e-03
6.440016441047191620e-03
6.437986623495817184e-03
6.435957737267017365e-03
6.433930248022079468e-03
6.431903224438428879e-03
6.429877597838640213e-03
6.427852902561426163e-03
6.425829138606786728e-03
6.423806305974721909e-03
6.421784870326519012e-03
6.419764366000890732e-03
6.417744327336549759e-03
6.415725685656070709e-03
6.413707975298166275e-03
6.411691196262836456e-03
6.409675814211368561e-03
6.407660897821187973e-03
6.405647378414869308e-03
6.403634790331125259e-03
6.401623599231243134e-03
6.399612873792648315e-03
6.397603079676628113e-03
6.395594682544469833e-03
6.393587216734886169e-03
6.391580682247877121e-03
6.389574613422155380e-03
6.387570407241582870e-03
6.385567132383584976e-03
6.383564323186874390e-03
6.381562445312738419e-03
6.379561964422464371e-03
6.377562880516052246e-03
6.375564262270927429e-03
6.373566575348377228e-03
6.371569819748401642e-03
6.369574461132287979e-03
6.367580033838748932e-03
6.365586537867784500e-03
6.363593973219394684e-03
6.361602339893579483e-03
6.359611637890338898e-03
6.357622332870960236e-03
6.355633493512868881e-03
6.353646051138639450e-03
6.351659074425697327e-03
6.349673960357904434e-03
6.347689311951398849e-03
6.345705594867467880e-03
6.343723274767398834e-03
6.341741420328617096e-03
6.339760497212409973e-03
6.337780971080064774e-03
6.335802376270294189e-03
6.333824712783098221e-03
6.331847980618476868e-03
6.329872179776430130e-03
6.327897775918245316e-03
6.325923837721347809e-03
6.323951296508312225e-03
6.321979686617851257e-03
6.320009008049964905e-03
6.318038795143365860e-03
6.316069979220628738e-03
6.314102560281753540e-03
6.312135607004165649e-03
6.310169585049152374e-03
6.308204960078001022e-03
6.306240800768136978e-03
6.304278038442134857e-03
6.302316207438707352e-03
6.300355307757854462e-03
6.298394873738288879e-03
6.296436302363872528e-03
6.294478196650743484e-03
6.292521022260189056e-03
6.290564779192209244e-03
6.288609933108091354e-03
6.286656018346548080e-03
6.284703034907579422e-03
6.282750517129898071e-03
6.280799396336078644e-03
6.278849206864833832e-03
6.276899948716163635e-03
6.274951621890068054e-03
6.273004226386547089e-03
6.271058227866888046e-03
6.269112695008516312e-03
6.267168093472719193e-03
6.265224888920783997e-03
6.263282615691423416e-03
6.261340808123350143e-03
6.259400397539138794e-03
6.257460918277502060e-03
6.255522370338439941e-03
6.253584753721952438e-03
6.251648068428039551e-03
6.249712314456701279e-03
6.247777491807937622e-03
6.245843600481748581e-03
6.243910640478134155e-03
6.241979077458381653e-03
6.240047980099916458e-03
6.238118279725313187e-03
6.236189045011997223e-03
6.234261207282543182e-03
6.232334300875663757e-03
6.230407860130071640e-03
6.228482816368341446e-03
6.226558703929185867e-03
6.224635522812604904e-03
6.222713273018598557e-03
6.220791954547166824e-03
6.218871567398309708e-03
6.216952111572027206e-03
6.215033587068319321e-03
6.213115993887186050e-03
6.211199797689914703e-03
6.209284067153930664e-03
6.207369267940521240e-03
6.205455865710973740e-03
6.203542929142713547e-03
6.201631389558315277e-03
6.199720315635204315e-03
6.197810638695955276e-03
6.195901427417993546e-03
6.193993613123893738e-03
6.192086730152368546e-03
6.190180312842130661e-03
6.188275292515754700e-03
6.186371203511953354e-03
6.184467580169439316e-03
6.182565353810787201e-03
6.180664058774709702e-03
6.178763695061206818e-03
6.176864262670278549e-03
6.174965761601924896e-03
6.173068191856145859e-03
6.171171553432941437e-03
6.169275846332311630e-03
6.167380604892969131e-03
6.165487226098775864e-03
6.163594312965869904e-03
6.161701865494251251e-03
6.159811280667781830e-03
6.157921161502599716e-03
6.156031973659992218e-03
6.154143251478672028e-03
6.152256391942501068e-03
6.150369998067617416e-03
6.148484535515308380e-03
6.146600004285573959e-03
6.144716404378414154e-03
6.142833735793828964e-03
6.140951998531818390e-03
6.139071658253669739e-03
6.137191783636808395e-03
6.135312840342521667e-03
6.133434828370809555e-03
6.131557747721672058e-03
6.129681598395109177e-03
6.127806380391120911e-03
6.125932093709707260e-03
6.124058738350868225e-03
6.122186314314603806e-03
6.120314821600914001e-03
6.118444260209798813e-03
6.116574630141258240e-03
6.114705931395292282e-03
6.112838163971900940e-03
6.110971327871084213e-03
6.109105423092842102e-03
6.107240449637174606e-03
6.105376407504081726e-03
6.103513296693563461e-03
6.101651117205619812e-03
6.099789403378963470e-03
6.097929086536169052e-03
6.096069701015949249e-03
6.094211246818304062e-03
6.092353258281946182e-03
6.090496666729450226e-03
6.088641006499528885e-03
6.086785811930894852e-03
6.084932014346122742e-03
6.083078682422637939e-03
6.081226747483015060e-03
6.079375278204679489e-03
6.077524740248918533e-03
6.075675599277019501e-03
6.073826923966407776e-03
6.071979645639657974e-03
6.070133298635482788e-03
6.068286951631307602e-03
6.066442467272281647e-03
6.064598448574542999e-03
6.062755361199378967e-03
6.060912739485502243e-03
6.059071980416774750e-03
6.057231687009334564e-03
6.055391859263181686e-03
6.053553428500890732e-03
6.051715929061174393e-03
6.049879360944032669e-03
6.048043258488178253e-03
6.046208553016185760e-03
6.044374778866767883e-03
6.042541470378637314e-03
6.040709558874368668e-03
6.038878113031387329e-03
6.037047598510980606e-03
6.035218015313148499e-03
6.033389363437891006e-03
6.031562108546495438e-03
6.029735319316387177e-03
6.027909461408853531e-03
6.026084534823894501e-03
6.024260073900222778e-03
6.022437009960412979e-03
6.020614877343177795e-03
6.018793210387229919e-03
6.016972940415143967e-03
6.015153136104345322e-03
6.013334263116121292e-03
6.011516787111759186e-03
6.009699776768684387e-03
6.007883697748184204e-03
6.006068550050258636e-03
6.004254333674907684e-03
