5.930290091782808304e-03
5.928643513470888138e-03
5.926997400820255280e-03
5.925351753830909729e-03
5.923707503825426102e-03
5.922063719481229782e-03
5.920420400798320770e-03
5.918778013437986374e-03
5.917136557400226593e-03
5.915495567023754120e-03
5.913855507969856262e-03
5.912216380238533020e-03
5.910577718168497086e-03
5.908939987421035767e-03
5.907302722334861755e-03
5.905666388571262360e-03
5.904030986130237579e-03
5.902396049350500107e-03
5.900762043893337250e-03
5.899128504097461700e-03
5.897495895624160767e-03
5.895864218473434448e-03
5.894233006983995438e-03
5.892602726817131042e-03
5.890972912311553955e-03
5.889344029128551483e-03
5.887716077268123627e-03
5.886088591068983078e-03
5.884462036192417145e-03
5.882835946977138519e-03
5.881211254745721817e-03
5.879586562514305115e-03
5.877962801605463028e-03
5.876339972019195557e-03
5.874718073755502701e-03
5.873096641153097153e-03
5.871475674211978912e-03
5.869855638593435287e-03
5.868236534297466278e-03
5.866617895662784576e-03
5.865000654011964798e-03
5.863383412361145020e-03
5.861767102032899857e-03
5.860151723027229309e-03
5.858536809682846069e-03
5.856922827661037445e-03
5.855309311300516129e-03
5.853697191923856735e-03
5.852085072547197342e-03
5.850474350154399872e-03
5.848863627761602402e-03
5.847253836691379547e-03
5.845644976943731308e-03
5.844037048518657684e-03
5.842429585754871368e-03
5.840823054313659668e-03
5.839216988533735275e-03
5.837611854076385498e-03
5.836007185280323029e-03
5.834403447806835175e-03
5.832800641655921936e-03
5.831198301166296005e-03
5.829596891999244690e-03
5.827995948493480682e-03
5.826395470649003983e-03
5.824796389788389206e-03
5.823197774589061737e-03
5.821599625051021576e-03
5.820002406835556030e-03
5.818406119942665100e-03
5.816810298711061478e-03
5.815215408802032471e-03
5.813621450215578079e-03
5.812027491629123688e-03
5.810434464365243912e-03
5.808842834085226059e-03
5.807251203805208206e-03
5.805660504847764969e-03
5.804070737212896347e-03
5.802481435239315033e-03
5.800893064588308334e-03
5.799305159598588943e-03
5.797718185931444168e-03
5.796132143586874008e-03
5.794546101242303848e-03
5.792961455881595612e-03
5.791377276182174683e-03
5.789794027805328369e-03
5.788211245089769363e-03
5.786628928035497665e-03
5.785048007965087891e-03
5.783467553555965424e-03
5.781887099146842957e-03
5.780308041721582413e-03
5.778729915618896484e-03
5.777152255177497864e-03
5.775575060397386551e-03
5.773999262601137161e-03
5.772423464804887772e-03
5.770848598331212997e-03
5.769274663180112839e-03
5.767701193690299988e-03
5.766128655523061752e-03
5.764556583017110825e-03
5.762985441833734512e-03
5.761414766311645508e-03
5.759845022112131119e-03
5.758275743573904037e-03
5.756707396358251572e-03
5.755139980465173721e-03
5.753573030233383179e-03
5.752006545662879944e-03
5.750440992414951324e-03
5.748876370489597321e-03
5.747312214225530624e-03
5.745748523622751236e-03
5.744185764342546463e-03
5.742623936384916306e-03
5.741062574088573456e-03
5.739502143114805222e-03
5.737942177802324295e-03
5.736383143812417984e-03
5.734824575483798981e-03
5.733266938477754593e-03
5.731709767132997513e-03
5.730153527110815048e-03
5.728597752749919891e-03
5.727043375372886658e-03
5.725488997995853424e-03
5.723935086280107498e-03
5.722382571548223495e-03
5.720830522477626801e-03
5.719278939068317413e-03
5.717728286981582642e-03
5.716178100556135178e-03
5.714628845453262329e-03
5.713080056011676788e-03
5.711532197892665863e-03
5.709985271096229553e-03
5.708438809961080551e-03
5.706892814487218857e-03
5.705347750335931778e-03
5.703803617507219315e-03
5.702259484678506851e-03
5.700716748833656311e-03
5.699174478650093079e-03
5.697632674127817154e-03
5.696091800928115845e-03
5.694551859050989151e-03
5.693012382835149765e-03
5.691473372280597687e-03
5.689935293048620224e-03
5.688397679477930069e-03
5.686860997229814529e-03
5.685325246304273605e-03
5.683789495378732681e-03
5.682255141437053680e-03
5.680721253156661987e-03
5.679187830537557602e-03
5.677655339241027832e-03
5.676123313605785370e-03
5.674592219293117523e-03
5.673061590641736984e-03
5.671531893312931061e-03
5.670002661645412445e-03
5.668474361300468445e-03
5.666946526616811752e-03
5.665419623255729675e-03
5.663893185555934906e-03
5.662367679178714752e-03
5.660842638462781906e-03
5.659318063408136368e-03
5.657794885337352753e-03
5.656271707266569138e-03
5.654749460518360138e-03
5.653228145092725754e-03
5.651707295328378677e-03
5.650186911225318909e-03
5.648667458444833755e-03
5.647148936986923218e-03
5.645630881190299988e-03
5.644113291054964066e-03
5.642596632242202759e-03
5.641079973429441452e-03
5.639565177261829376e-03
5.638050381094217300e-03
5.636536516249179840e-03
5.635022651404142380e-03
5.633510649204254150e-03
5.631998181343078613e-03
5.630487110465764999e-03
5.628976505249738693e-03
5.627466365694999695e-03
5.625957623124122620e-03
5.624448880553245544e-03
5.622940603643655777e-03
5.621433723717927933e-03
5.619927309453487396e-03
5.618421360850334167e-03
5.616916343569755554e-03
5.615411791950464249e-03
5.613907705992460251e-03
5.612404551357030869e-03
5.610902328044176102e-03
5.609400570392608643e-03
5.607899278402328491e-03
5.606398917734622955e-03
5.604899022728204727e-03
5.603400059044361115e-03
5.601901561021804810e-03
5.600403994321823120e-03
5.598906893283128738e-03
5.597410723567008972e-03
5.595914553850889206e-03
5.594419781118631363e-03
5.592925008386373520e-03
5.591431632637977600e-03
5.589938722550868988e-03
5.588446278125047684e-03
5.586954765021800995e-03
5.585463717579841614e-03
5.583973135799169540e-03
5.582483485341072083e-03
5.580994766205549240e-03
5.579506512731313705e-03
5.578018724918365479e-03
5.576531402766704559e-03
5.575045011937618256e-03
5.573559552431106567e-03
5.572074558585882187e-03
5.570590030401945114e-03
5.569106433540582657e-03
5.567623302340507507e-03
5.566141102463006973e-03
5.564659368246793747e-03
5.563178565353155136e-03
5.561698228120803833e-03
5.560218356549739838e-03
5.558739416301250458e-03
5.557260941714048386e-03
5.555783398449420929e-03
5.554306320846080780e-03
5.552830174565315247e-03
5.551354028284549713e-03
5.549879278987646103e-03
5.548404995352029800e-03
5.546931177377700806e-03
5.545458290725946426e-03
5.543985869735479355e-03
5.542513914406299591e-03
5.541042890399694443e-03
5.539572332054376602e-03
5.538102705031633377e-03
5.536633543670177460e-03
5.535165313631296158e-03
5.533697549253702164e-03
5.532230250537395477e-03
5.530763883143663406e-03
5.529297981411218643e-03
5.527832545340061188e-03
5.526368506252765656e-03
5.524904467165470123e-03
5.523441359400749207e-03
5.521978717297315598e-03
5.520517006516456604e-03
5.519055761396884918e-03
5.517594981938600540e-03
5.516135133802890778e-03
5.514675751328468323e-03
5.513217300176620483e-03
5.511759314686059952e-03
5.510301794856786728e-03
5.508845206350088120e-03
5.507389083504676819e-03
5.505933891981840134e-03
5.504479166120290756e-03
5.503024905920028687e-03
5.501571577042341232e-03
5.500118713825941086e-03
5.498666781932115555e-03
5.497215315699577332e-03
5.495764315128326416e-03
5.494314245879650116e-03
5.492864642292261124e-03
5.491415970027446747e-03
5.489967763423919678e-03
5.488520022481679916e-03
5.487073212862014771e-03
5.485626868903636932e-03
5.484180990606546402e-03
5.482736043632030487e-03
5.481291562318801880e-03
5.479848012328147888e-03
5.478404927998781204e-03
5.476962774991989136e-03
5.475521087646484375e-03
5.474079865962266922e-03
5.472639109939336777e-03
5.471199285238981247e-03
5.469759926199913025e-03
5.468321498483419418e-03
5.466883536428213120e-03
5.465446505695581436e-03
5.464009940624237061e-03
5.462573841214179993e-03
5.461138207465410233e-03
5.459703505039215088e-03
5.458269733935594559e-03
5.456836428493261337e-03
5.455403123050928116e-03
5.453971214592456818e-03
5.452539771795272827e-03
5.451108794659376144e-03
5.449678283184766769e-03
5.448248703032732010e-03
5.446820054203271866e-03
5.445391405373811722e-03
5.443963687866926193e-03
5.442536436021327972e-03
5.441110581159591675e-03
5.439684260636568069e-03
5.438259337097406387e-03
5.436834879219532013e-03
5.435410887002944946e-03
5.433987360447645187e-03
5.432564765214920044e-03
5.431142635643482208e-03
5.429721437394618988e-03
5.428300704807043076e-03
5.426880437880754471e-03
5.425461102277040482e-03
5.424042232334613800e-03
5.422623828053474426e-03
5.421206355094909668e-03
5.419789347797632217e-03
5.418372806161642075e-03
5.416957195848226547e-03
5.415542516857385635e-03
5.414127837866544724e-03
5.412714090198278427e-03
5.411300808191299438e-03
5.409888457506895065e-03
5.408476572483778000e-03
5.407065153121948242e-03
5.405654199421405792e-03
5.404244177043437958e-03
5.402835085988044739e-03
5.401425994932651520e-03
5.400017835199832916e-03
5.398610606789588928e-03
5.397203378379344940e-03
5.395797081291675568e-03
5.394391249865293503e-03
5.392986349761486053e-03
5.391581915318965912e-03
5.390177946537733078e-03
5.388774909079074860e-03
5.387372337281703949e-03
5.385970231145620346e-03
5.384569056332111359e-03
5.383168347179889679e-03
5.381768103688955307e-03
5.380368791520595551e-03
5.378969945013523102e-03
5.377571564167737961e-03
5.376174114644527435e-03
5.374777130782604218e-03
5.373380612581968307e-03
5.371985025703907013e-03
5.370589904487133026e-03
5.369195248931646347e-03
5.367801059037446976e-03
5.366407800465822220e-03
5.365015473216772079e-03
5.363623145967721939e-03
5.362231750041246414e-03
5.360841285437345505e-03
5.359450820833444595e-03
5.358061287552118301e-03
5.356672219932079315e-03
5.355283617973327637e-03
5.353896412998437881e-03
5.352509208023548126e-03
5.351122468709945679e-03
5.349736660718917847e-03
5.348351318389177322e-03
5.346966441720724106e-03
5.345582496374845505e-03
5.344199016690254211e-03
5.342816002666950226e-03
5.341433919966220856e-03
5.340052302926778793e-03
5.338671151548624039e-03
5.337290931493043900e-03
5.335911177098751068e-03
5.334531888365745544e-03
5.333153530955314636e-03
5.331775173544883728e-03
5.330397747457027435e-03
5.329021252691745758e-03
5.327645223587751389e-03
5.326269660145044327e-03
5.324894562363624573e-03
5.323520395904779434e-03
5.322146695107221603e-03
5.320773459970951080e-03
5.319400690495967865e-03
5.318028852343559265e-03
5.316657945513725281e-03
5.315287038683891296e-03
5.313917063176631927e-03
5.312547553330659866e-03
5.311178509145975113e-03
5.309810396283864975e-03
5.308442749083042145e-03
5.307075567543506622e-03
5.305708851665258408e-03
5.304343067109584808e-03
5.302977748215198517e-03
5.301613360643386841e-03
5.300248973071575165e-03
5.298885516822338104e-03
5.297522991895675659e-03
5.296160466969013214e-03
5.294798873364925385e-03
5.293437745422124863e-03
5.292077548801898956e-03
5.290717352181673050e-03
5.289358086884021759e-03
5.287999287247657776e-03
5.286641418933868408e-03
5.285284016281366348e-03
5.283927079290151596e-03
5.282570607960224152e-03
5.281215067952871323e-03
5.279859993606805801e-03
5.278505384922027588e-03
5.277151707559823990e-03
5.275798030197620392e-03
5.274445284157991409e-03
5.273093469440937042e-03
5.271741654723882675e-03
5.270390771329402924e-03
5.269040353596210480e-03
5.267690867185592651e-03
5.266341846436262131e-03
5.264992825686931610e-03
5.263645201921463013e-03
5.262297578155994415e-03
5.260950885713100433e-03
5.259604658931493759e-03
5.258258897811174393e-03
5.256914068013429642e-03
5.255569703876972198e-03
5.254225805401802063e-03
5.252882372587919235e-03
5.251539871096611023e-03
5.250197835266590118e-03
5.248856265097856522e-03
5.247515160590410233e-03
5.246174987405538559e-03
5.244835279881954193e-03
5.243496503680944443e-03
5.242157727479934692e-03
5.240819882601499557e-03
5.239482503384351730e-03
5.238145589828491211e-03
5.236809607595205307e-03
5.235473625361919403e-03
5.234138574451208115e-03
5.232804454863071442e-03
5.231470335274934769e-03
5.230137147009372711e-03
5.228804424405097961e-03
5.227472167462110519e-03
5.226140841841697693e-03
5.224809516221284866e-03
5.223479587584733963e-03
5.222149658948183060e-03
5.220820661634206772e-03
5.219492129981517792e-03
5.218164063990116119e-03
5.216836463660001755e-03
5.215509328991174698e-03
5.214183125644922256e-03
5.212857387959957123e-03
5.211532581597566605e-03
5.210207775235176086e-03
5.208883900195360184e-03
5.207560490816831589e-03
5.206237547099590302e-03
5.204915069043636322e-03
5.203593522310256958e-03
5.202272441238164902e-03
5.200951825827360153e-03
5.199632141739130020e-03
5.198312923312187195e-03
5.196994170546531677e-03
5.195675883442163467e-03
5.194358061999082565e-03
