7.348399143666028976e-03
7.345973514020442963e-03
7.343548815697431564e-03
7.341125514358282089e-03
7.338703144341707230e-03
7.336282171308994293e-03
7.333862595260143280e-03
7.331444416195154190e-03
7.329026702791452408e-03
7.326610386371612549e-03
7.324195932596921921e-03
7.321781944483518600e-03
7.319369819015264511e-03
7.316958624869585037e-03
7.314548362046480179e-03
7.312139030545949936e-03
7.309731561690568924e-03
7.307325024157762527e-03
7.304919883608818054e-03
7.302515674382448196e-03
7.300112862139940262e-03
7.297710981220006943e-03
7.295310497283935547e-03
7.292911410331726074e-03
7.290513254702091217e-03
7.288116030395030975e-03
7.285720203071832657e-03
7.283325772732496262e-03
7.280932739377021790e-03
7.278540637344121933e-03
7.276149466633796692e-03
7.273759692907333374e-03
7.271371316164731979e-03
7.268983405083417892e-03
7.266597356647253036e-03
7.264212239533662796e-03
7.261828519403934479e-03
7.259445730596780777e-03
7.257064338773488998e-03
7.254683878272771835e-03
7.252305280417203903e-03
7.249927148222923279e-03
7.247550413012504578e-03
7.245175074785947800e-03
7.242800667881965637e-03
7.240427192300558090e-03
7.238055579364299774e-03
7.235684432089328766e-03
7.233314681798219681e-03
7.230946328490972519e-03
7.228578906506299973e-03
7.226212881505489349e-03
7.223848253488540649e-03
7.221484556794166565e-03
7.219122257083654404e-03
7.216760423034429550e-03
7.214400451630353928e-03
7.212040945887565613e-03
7.209683768451213837e-03
7.207327056676149368e-03
7.204971276223659515e-03
7.202616892755031586e-03
7.200263906270265579e-03
7.197911851108074188e-03
7.195561192929744720e-03
7.193211466073989868e-03
7.190863136202096939e-03
7.188515737652778625e-03
7.186169736087322235e-03
7.183824665844440460e-03
7.181480992585420609e-03
7.179138250648975372e-03
7.176796905696392059e-03
7.174456492066383362e-03
7.172117475420236588e-03
7.169779390096664429e-03
7.167442701756954193e-03
7.165106944739818573e-03
7.162772584706544876e-03
7.160439155995845795e-03
7.158107124269008636e-03
7.155776023864746094e-03
7.153446320444345474e-03
7.151117548346519470e-03
7.148790173232555389e-03
7.146463729441165924e-03
7.144138682633638382e-03
7.141814567148685455e-03
7.139491848647594452e-03
7.137170061469078064e-03
7.134849205613136292e-03
7.132529746741056442e-03
7.130211684852838516e-03
7.127894554287195206e-03
7.125578820705413818e-03
7.123264018446207047e-03
7.120950147509574890e-03
7.118637673556804657e-03
7.116326596587896347e-03
7.114015985280275345e-03
7.111707236617803574e-03
7.109399419277906418e-03
7.107092533260583878e-03
7.104786578565835953e-03
7.102482486516237259e-03
7.100178860127925873e-03
7.097877096384763718e-03
7.095575798302888870e-03
7.093275897204875946e-03
7.090977393090724945e-03
7.088679820299148560e-03
7.086383178830146790e-03
7.084087934345006943e-03
7.081793621182441711e-03
7.079500705003738403e-03
7.077208720147609711e-03
7.074918132275342941e-03
7.072628475725650787e-03
7.070339750498533249e-03
7.068052887916564941e-03
7.065766490995883942e-03
7.063481491059064865e-03
7.061197422444820404e-03
7.058914750814437866e-03
7.056633476167917252e-03
7.054352667182683945e-03
7.052073255181312561e-03
7.049795240163803101e-03
7.047517690807580948e-03
7.045242004096508026e-03
7.042966783046722412e-03
7.040693424642086029e-03
7.038420997560024261e-03
7.036149036139249802e-03
7.033878937363624573e-03
7.031609769910573959e-03
7.029341533780097961e-03
7.027074694633483887e-03
7.024808786809444427e-03
7.022544275969266891e-03
7.020280696451663971e-03
7.018018048256635666e-03
7.015756797045469284e-03
7.013496477156877518e-03
7.011237554252147675e-03
7.008979562669992447e-03
7.006722968071699142e-03
7.004467304795980453e-03
7.002212572842836380e-03
6.999959237873554230e-03
6.997706834226846695e-03
6.995455361902713776e-03
6.993205286562442780e-03
6.990956142544746399e-03
6.988708395510911942e-03
6.986461579799652100e-03
6.984215695410966873e-03
6.981971208006143570e-03
6.979727651923894882e-03
6.977485492825508118e-03
6.975244265049695969e-03
6.973003968596458435e-03
6.970765069127082825e-03
6.968527566641569138e-03
6.966290529817342758e-03
6.964054889976978302e-03
6.961820181459188461e-03
6.959586869925260544e-03
6.957354489713907242e-03
6.955123040825128555e-03
6.952892988920211792e-03
6.950664333999156952e-03
6.948436144739389420e-03
6.946209352463483810e-03
6.943983491510152817e-03
6.941759027540683746e-03
6.939535494893789291e-03
6.937313359230756760e-03
6.935091689229011536e-03
6.932871881872415543e-03
6.930652540177106857e-03
6.928434595465660095e-03
6.926217582076787949e-03
6.924001965671777725e-03
6.921787280589342117e-03
6.919573526829481125e-03
6.917361170053482056e-03
6.915149744600057602e-03
6.912939250469207764e-03
6.910729687660932541e-03
6.908521987497806549e-03
6.906314752995967865e-03
6.904108915477991104e-03
6.901904474943876266e-03
6.899700034409761429e-03
6.897497456520795822e-03
6.895295809954404831e-03
6.893095560371875763e-03
6.890896242111921310e-03
6.888697855174541473e-03
6.886500399559736252e-03
6.884304340928792953e-03
6.882109213620424271e-03
6.879915483295917511e-03
6.877722684293985367e-03
6.875530816614627838e-03
6.873339880257844925e-03
6.871150340884923935e-03
6.868961732834577560e-03
6.866774056106805801e-03
6.864587776362895966e-03
6.862402427941560745e-03
6.860218476504087448e-03
6.858034990727901459e-03
6.855852901935577393e-03
6.853672210127115250e-03
6.851492449641227722e-03
6.849313154816627502e-03
6.847135722637176514e-03
6.844958756119012833e-03
6.842783186584711075e-03
6.840608548372983932e-03
6.838435307145118713e-03
6.836262997239828110e-03
6.834091618657112122e-03
6.831921171396970749e-03
6.829752121120691299e-03
6.827584002166986465e-03
6.825416814535856247e-03
6.823251023888587952e-03
6.821086164563894272e-03
6.818922236561775208e-03
6.816759705543518066e-03
6.814598105847835541e-03
6.812437437474727631e-03
6.810277700424194336e-03
6.808119360357522964e-03
6.805961951613426208e-03
6.803805474191904068e-03
6.801649928092956543e-03
6.799495778977870941e-03
6.797343026846647263e-03
6.795190740376710892e-03
6.793039385229349136e-03
6.790889892727136612e-03
6.788740865886211395e-03
6.786592770367860794e-03
6.784446071833372116e-03
6.782300304621458054e-03
6.780155468732118607e-03
6.778012029826641083e-03
6.775869522243738174e-03
6.773727945983409882e-03
6.771587301045656204e-03
6.769448053091764450e-03
6.767309736460447311e-03
6.765172351151704788e-03
6.763035897165536880e-03
6.760900840163230896e-03
6.758766714483499527e-03
6.756633520126342773e-03
6.754501722753047943e-03
6.752370856702327728e-03
6.750240456312894821e-03
6.748111918568611145e-03
6.745983846485614777e-03
6.743857171386480331e-03
6.741731427609920502e-03
6.739606615155935287e-03
6.737482734024524689e-03
6.735360249876976013e-03
6.733239162713289261e-03
6.731118541210889816e-03
6.728998851031064987e-03
6.726880092173814774e-03
6.724763195961713791e-03
6.722646765410900116e-03
6.720531266182661057e-03
6.718417163938283920e-03
6.716303527355194092e-03
6.714191753417253494e-03
6.712080445140600204e-03
6.709970533847808838e-03
6.707861088216304779e-03
6.705753039568662643e-03
6.703645922243595123e-03
6.701540201902389526e-03
6.699435412883758545e-03
6.697331555187702179e-03
6.695228163152933121e-03
6.693126633763313293e-03
6.691026035696268082e-03
6.688925903290510178e-03
6.686827633529901505e-03
6.684729363769292831e-03
6.682632956653833389e-03
6.680537480860948563e-03
6.678442470729351044e-03
6.676348857581615448e-03
6.674256641417741776e-03
6.672164890915155411e-03
6.670074537396430969e-03
6.667985115200281143e-03
6.665896624326705933e-03
6.663809064775705338e-03
6.661722436547279358e-03
6.659637205302715302e-03
6.657552905380725861e-03
6.655469536781311035e-03
6.653387099504470825e-03
6.651306059211492538e-03
6.649225950241088867e-03
6.647146306931972504e-03
6.645068060606718063e-03
6.642990745604038239e-03
6.640914827585220337e-03
6.638839375227689743e-03
6.636765319854021072e-03
6.634692195802927017e-03
6.632620003074407578e-03
6.630549207329750061e-03
6.628478877246379852e-03
6.626409944146871567e-03
6.624341942369937897e-03
6.622274871915578842e-03
6.620208732783794403e-03
6.618143524974584579e-03
6.616079714149236679e-03
6.614016368985176086e-03
6.611954420804977417e-03
6.609893869608640671e-03
6.607833784073591232e-03
6.605774629861116409e-03
6.603716872632503510e-03
6.601660046726465225e-03
6.599604152143001556e-03
6.597548723220825195e-03
6.595495156943798065e-03
6.593442056328058243e-03
6.591390352696180344e-03
6.589339114725589752e-03
6.587289739400148392e-03
6.585240364074707031e-03
6.583192385733127594e-03
6.581145804375410080e-03
6.579099688678979874e-03
6.577054969966411591e-03
6.575011182576417923e-03
6.572967860847711563e-03
6.570925936102867126e-03
6.568885408341884613e-03
6.566845346242189407e-03
6.564806681126356125e-03
6.562768481671810150e-03
6.560731679201126099e-03
6.558695808053016663e-03
6.556660868227481842e-03
6.554626859724521637e-03
6.552593782544136047e-03
6.550562102347612381e-03
6.548531353473663330e-03
6.546501070261001587e-03
6.544472184032201767e-03
6.542444229125976562e-03
6.540417671203613281e-03
6.538391113281250000e-03
6.536366418004035950e-03
6.534342188388109207e-03
6.532319355756044388e-03
6.530297454446554184e-03
6.528276484459638596e-03
6.526256445795297623e-03
6.524236872792243958e-03
6.522219162434339523e-03
6.520201917737722397e-03
6.518186070024967194e-03
6.516171153634786606e-03
6.514156702905893326e-03
6.512143649160861969e-03
6.510131526738405228e-03
6.508119869977235794e-03
6.506110075861215591e-03
6.504100747406482697e-03
6.502092350274324417e-03
6.500084884464740753e-03
6.498078815639019012e-03
6.496073678135871887e-03
6.494069471955299377e-03
6.492065731436014175e-03
6.490063387900590897e-03
6.488061975687742233e-03
6.486061960458755493e-03
6.484062410891056061e-03
6.482063792645931244e-03
6.480066571384668350e-03
6.478069815784692764e-03
6.476074457168579102e-03
6.474080029875040054e-03
6.472086068242788315e-03
6.470093503594398499e-03
6.468101870268583298e-03
6.466111168265342712e-03
6.464121397584676743e-03
6.462132558226585388e-03
6.460145115852355957e-03
6.458158139139413834e-03
6.456172093749046326e-03
6.454187445342540741e-03
6.452203728258609772e-03
6.450220476835966110e-03
6.448238622397184372e-03
6.446257699280977249e-03
6.444277707487344742e-03
6.442298647016286850e-03
6.440320517867803574e-03
6.438343320041894913e-03
6.436367053538560867e-03
6.434391718357801437e-03
6.432417780160903931e-03
6.430444307625293732e-03
6.428471766412258148e-03
6.426500622183084488e-03
6.424529943615198135e-03
6.422560662031173706e-03
6.420592311769723892e-03
6.418624892830848694e-03
6.416657939553260803e-03
6.414692383259534836e-03
6.412727758288383484e-03
6.410764064639806747e-03
6.408801302313804626e-03
6.406839471310377121e-03
6.404878571629524231e-03
6.402918603271245956e-03
6.400960031896829605e-03
6.399001926183700562e-03
6.397045217454433441e-03
6.395088974386453629e-03
6.393133662641048431e-03
6.391179282218217850e-03
6.389226298779249191e-03
6.387273781001567841e-03
6.385322660207748413e-03
6.383372470736503601e-03
6.381423212587833405e-03
6.379474420100450516e-03
6.377527024596929550e-03
6.375580560415983200e-03
6.373634561896324158e-03
6.371689960360527039e-03
6.369746290147304535e-03
6.367803551256656647e-03
6.365861743688583374e-03
6.363920867443084717e-03
6.361980456858873367e-03
6.360041908919811249e-03
6.358103826642036438e-03
6.356166675686836243e-03
6.354229990392923355e-03
6.352295167744159698e-03
6.350360810756683350e-03
6.348427385091781616e-03
6.346494890749454498e-03
6.344563327729701996e-03
6.342632696032524109e-03
6.340702995657920837e-03
6.338774226605892181e-03
6.336846854537725449e-03
6.334919948130846024e-03
6.332993973046541214e-03
6.331069394946098328e-03
6.329145282506942749e-03
6.327222101390361786e-03
6.325299851596355438e-03
6.323378998786211014e-03
6.321458145976066589e-03
6.319539155811071396e-03
6.317620631307363510e-03
6.315703503787517548e-03
6.313786841928958893e-03
6.311871111392974854e-03
6.309956312179565430e-03
6.308042444288730621e-03
6.306129973381757736e-03
6.304217968136072159e-03
6.302306894212961197e-03
6.300396751612424850e-03
6.298487540334463120e-03
6.296579726040363312e-03
6.294672377407550812e-03
6.292765960097312927e-03
6.290860474109649658e-03
6.288956385105848312e-03
6.287052296102046967e-03
6.285150069743394852e-03
6.283247843384742737e-03
6.281347479671239853e-03
6.279447581619024277e-03
6.277548149228096008e-03
6.275650113821029663e-03
