6.597177125513553619e-03
6.594834849238395691e-03
6.592494435608386993e-03
6.590154953300952911e-03
6.587816867977380753e-03
6.585479713976383209e-03
6.583144422620534897e-03
6.580810062587261200e-03
6.578476633876562119e-03
6.576145067811012268e-03
6.573814433068037033e-03
6.571485195308923721e-03
6.569157354533672333e-03
6.566830445080995560e-03
6.564504932612180710e-03
6.562180817127227783e-03
6.559857632964849472e-03
6.557536311447620392e-03
6.555215455591678619e-03
6.552896462380886078e-03
6.550578400492668152e-03
6.548261735588312149e-03
6.545946467667818069e-03
6.543632131069898605e-03
6.541319191455841064e-03
6.539007648825645447e-03
6.536697037518024445e-03
6.534387823194265366e-03
6.532080005854368210e-03
6.529773585498332977e-03
6.527468096464872360e-03
6.525164004415273666e-03
6.522860843688249588e-03
6.520559079945087433e-03
6.518258713185787201e-03
6.515959277749061584e-03
6.513661239296197891e-03
6.511365063488483429e-03
6.509069353342056274e-03
6.506775040179491043e-03
6.504482124000787735e-03
6.502190139144659042e-03
6.499900016933679581e-03
6.497610360383987427e-03
6.495322566479444504e-03
6.493035703897476196e-03
6.490750238299369812e-03
6.488465704023838043e-03
6.486182566732168198e-03
6.483900826424360275e-03
6.481620017439126968e-03
6.479340605437755585e-03
6.477062590420246124e-03
6.474785506725311279e-03
6.472509820014238358e-03
6.470235530287027359e-03
6.467962171882390976e-03
6.465690210461616516e-03
6.463419646024703979e-03
6.461150012910366058e-03
6.458881311118602753e-03
6.456614471971988678e-03
6.454348564147949219e-03
6.452084053307771683e-03
6.449820008128881454e-03
6.447558291256427765e-03
6.445297040045261383e-03
6.443037185817956924e-03
6.440778728574514389e-03
6.438521202653646469e-03
6.436265073716640472e-03
6.434010341763496399e-03
6.431756541132926941e-03
6.429504137486219406e-03
6.427252665162086487e-03
6.425002589821815491e-03
6.422753445804119110e-03
6.420506164431571960e-03
6.418259348720312119e-03
6.416013929992914200e-03
6.413770373910665512e-03
6.411527283489704132e-03
6.409286055713891983e-03
6.407045293599367142e-03
6.404805928468704224e-03
6.402567960321903229e-03
6.400331389158964157e-03
6.398095749318599701e-03
6.395861506462097168e-03
6.393628194928169250e-03
6.391395814716815948e-03
6.389165297150611877e-03
6.386935710906982422e-03
6.384707055985927582e-03
6.382479798048734665e-03
6.380253937095403671e-03
6.378029473125934601e-03
6.375805940479040146e-03
6.373583339154720306e-03
6.371362134814262390e-03
6.369141861796379089e-03
6.366922985762357712e-03
6.364705506712198257e-03
6.362488958984613419e-03
6.360273808240890503e-03
6.358059588819742203e-03
6.355846766382455826e-03
6.353635340929031372e-03
6.351424846798181534e-03
6.349215283989906311e-03
6.347007118165493011e-03
6.344800349324941635e-03
6.342594511806964874e-03
6.340389605611562729e-03
6.338186562061309814e-03
6.335984449833631516e-03
6.333783268928527832e-03
6.331583019345998764e-03
6.329384632408618927e-03
6.327187176793813705e-03
6.324991118162870407e-03
6.322795525193214417e-03
6.320601794868707657e-03
6.318408995866775513e-03
6.316217128187417984e-03
6.314027123153209686e-03
6.311837583780288696e-03
6.309649441391229630e-03
6.307462230324745178e-03
6.305276881903409958e-03
6.303091999143362045e-03
6.300908513367176056e-03
6.298726424574851990e-03
6.296545267105102539e-03
6.294365506619215012e-03
6.292186677455902100e-03
6.290009245276451111e-03
6.287832744419574738e-03
6.285657174885272980e-03
6.283483002334833145e-03
6.281310226768255234e-03
6.279138382524251938e-03
6.276967935264110565e-03
6.274798419326543808e-03
6.272630300372838974e-03
6.270463112741708755e-03
6.268296856433153152e-03
6.266131997108459473e-03
6.263968534767627716e-03
6.261806003749370575e-03
6.259644869714975357e-03
6.257484667003154755e-03
6.255325395613908768e-03
6.253167521208524704e-03
6.251010578125715256e-03
6.248855497688055038e-03
6.246700882911682129e-03
6.244547199457883835e-03
6.242395378649234772e-03
6.240244023501873016e-03
6.238094530999660492e-03
6.235945504158735275e-03
6.233797874301671982e-03
6.231651641428470612e-03
6.229506339877843857e-03
6.227362435311079025e-03
6.225218996405601501e-03
6.223077420145273209e-03
6.220936775207519531e-03
6.218797061592340469e-03
6.216658744961023331e-03
6.214521359652280807e-03
6.212385371327400208e-03
6.210250314325094223e-03
6.208116654306650162e-03
6.205983459949493408e-03
6.203851662576198578e-03
6.201721262186765671e-03
6.199592258781194687e-03
6.197464186698198318e-03
6.195336580276489258e-03
6.193210836499929428e-03
6.191086024045944214e-03
6.188962608575820923e-03
6.186839658766984940e-03
6.184718105942010880e-03
6.182597950100898743e-03
6.180478725582361221e-03
6.178360898047685623e-03
6.176244001835584641e-03
6.174128036946058273e-03
6.172013469040393829e-03
6.169899832457304001e-03
6.167787127196788788e-03
6.165675818920135498e-03
6.163565441966056824e-03
6.161456927657127380e-03
6.159348879009485245e-03
6.157241761684417725e-03
6.155136041343212128e-03
6.153031252324581146e-03
6.150927860289812088e-03
6.148825865238904953e-03
6.146724335849285126e-03
6.144624203443527222e-03
6.142525002360343933e-03
6.140427198261022568e-03
6.138330325484275818e-03
6.136234384030103683e-03
6.134140305221080780e-03
6.132046692073345184e-03
6.129954010248184204e-03
6.127862725406885147e-03
6.125772371888160706e-03
6.123683415353298187e-03
6.121595390141010284e-03
6.119508761912584305e-03
6.117423065006732941e-03
6.115338765084743500e-03
6.113254930824041367e-03
6.111172493547201157e-03
6.109090987592935562e-03
6.107010878622531891e-03
6.104931700974702835e-03
6.102853920310735703e-03
6.100776605308055878e-03
6.098701152950525284e-03
6.096626166254281998e-03
6.094552576541900635e-03
6.092479918152093887e-03
6.090408656746149063e-03
6.088337861001491547e-03
6.086268927901983261e-03
6.084200460463762283e-03
6.082133390009403229e-03
6.080067716538906097e-03
6.078002508729696274e-03
6.075938697904348373e-03
6.073875818401575089e-03
6.071814335882663727e-03
6.069753784686326981e-03
6.067694164812564850e-03
6.065635941922664642e-03
6.063578650355339050e-03
6.061522290110588074e-03
6.059466861188411713e-03
6.057413294911384583e-03
6.055360194295644760e-03
6.053308025002479553e-03
6.051257252693176270e-03
6.049207411706447601e-03
6.047158967703580856e-03
6.045111455023288727e-03
6.043064873665571213e-03
6.041019223630428314e-03
6.038974970579147339e-03
6.036931648850440979e-03
6.034889724105596542e-03
6.032848265022039413e-03
6.030808202922344208e-03
6.028769072145223618e-03
6.026731338351964951e-03
6.024694535881280899e-03
6.022658664733171463e-03
6.020624190568923950e-03
6.018590647727251053e-03
6.016558036208152771e-03
6.014526356011629105e-03
6.012496072798967361e-03
6.010466720908880234e-03
6.008438300341367722e-03
6.006410811096429825e-03
6.004384718835353851e-03
6.002359557896852493e-03
6.000335793942213058e-03
5.998312495648860931e-03
5.996290594339370728e-03
5.994269624352455139e-03
5.992250051349401474e-03
5.990230944007635117e-03
5.988213699311017990e-03
5.986196920275688171e-03
5.984181538224220276e-03
5.982167087495326996e-03
5.980153568089008331e-03
5.978140980005264282e-03
5.976129788905382156e-03
5.974119063466787338e-03
5.972110200673341751e-03
5.970101803541183472e-03
5.968094803392887115e-03
5.966088734567165375e-03
5.964083597064018250e-03
5.962079390883445740e-03
5.960076581686735153e-03
5.958074703812599182e-03
5.956073757261037827e-03
5.954073742032051086e-03
5.952075123786926270e-03
5.950077436864376068e-03
5.948080681264400482e-03
5.946085322648286819e-03
5.944090429693460464e-03
5.942096933722496033e-03
5.940104369074106216e-03
5.938112735748291016e-03
5.936122499406337738e-03
5.934133194386959076e-03
5.932144820690155029e-03
5.930157378315925598e-03
5.928170867264270782e-03
5.926185753196477890e-03
5.924201570451259613e-03
5.922218319028615952e-03
5.920236464589834213e-03
5.918255075812339783e-03
5.916275084018707275e-03
5.914296023547649384e-03
5.912317894399166107e-03
5.910341162234544754e-03
5.908365361392498016e-03
5.906390026211738586e-03
5.904416088014841080e-03
5.902443546801805496e-03
5.900471471250057220e-03
5.898500327020883560e-03
5.896531045436859131e-03
5.894562229514122009e-03
5.892594344913959503e-03
5.890627391636371613e-03
5.888661835342645645e-03
5.886697210371494293e-03
5.884733516722917557e-03
5.882771220058202744e-03
5.880809389054775238e-03
5.878848955035209656e-03
5.876888986676931381e-03
5.874930415302515030e-03
5.872972775250673294e-03
5.871016532182693481e-03
5.869060754776000977e-03
5.867106374353170395e-03
5.865152925252914429e-03
5.863200407475233078e-03
5.861248821020126343e-03
5.859298631548881531e-03
5.857349373400211334e-03
5.855401046574115753e-03
5.853453185409307480e-03
5.851507186889648438e-03
5.849561654031276703e-03
5.847617052495479584e-03
5.845673847943544388e-03
5.843731574714183807e-03
5.841790232807397842e-03
5.839849822223186493e-03
5.837910342961549759e-03
5.835972260683774948e-03
5.834034644067287445e-03
5.832098424434661865e-03
5.830163136124610901e-03
5.828228779137134552e-03
5.826295819133520126e-03
5.824363324791193008e-03
5.822431761771440506e-03
5.820501595735549927e-03
5.818572361022233963e-03
5.816644057631492615e-03
5.814716685563325882e-03
5.812790244817733765e-03
5.810864735394716263e-03
5.808940622955560684e-03
5.807017441838979721e-03
5.805094726383686066e-03
5.803173407912254333e-03
5.801253020763397217e-03
5.799333564937114716e-03
5.797415506094694138e-03
5.795497912913560867e-03
5.793581716716289520e-03
5.791666451841592789e-03
5.789751652628183365e-03
5.787838250398635864e-03
5.785926245152950287e-03
5.784014705568552017e-03
5.782104097306728363e-03
5.780194420367479324e-03
5.778286140412092209e-03
5.776378326117992401e-03
5.774471908807754517e-03
5.772566422820091248e-03
5.770661868155002594e-03
5.768758244812488556e-03
5.766855552792549133e-03
5.764954257756471634e-03
5.763053428381681442e-03
5.761153530329465866e-03
5.759255029261112213e-03
5.757356993854045868e-03
5.755460355430841446e-03
5.753564648330211639e-03
5.751669872552156448e-03
5.749776028096675873e-03
5.747883114963769913e-03
5.745991598814725876e-03
5.744100548326969147e-03
5.742210429161787033e-03
5.740321706980466843e-03
5.738433916121721268e-03
5.736546590924263000e-03
5.734660662710666656e-03
5.732775665819644928e-03
5.730891600251197815e-03
5.729008466005325317e-03
5.727126263082027435e-03
5.725244991481304169e-03
5.723364651203155518e-03
5.721485707908868790e-03
5.719607230275869370e-03
5.717730149626731873e-03
5.715853534638881683e-03
5.713978316634893417e-03
5.712104029953479767e-03
5.710230674594640732e-03
5.708357784897089005e-03
5.706486292183399200e-03
5.704615730792284012e-03
5.702746100723743439e-03
5.700877401977777481e-03
5.699009634554386139e-03
5.697142798453569412e-03
5.695277359336614609e-03
5.693412385880947113e-03
5.691548343747854233e-03
5.689685232937335968e-03
5.687823519110679626e-03
5.685962270945310593e-03
5.684102419763803482e-03
5.682243034243583679e-03
5.680385045707225800e-03
5.678527988493442535e-03
5.676671396940946579e-03
5.674816202372312546e-03
5.672961939126253128e-03
5.671108607202768326e-03
5.669256206601858139e-03
5.667404737323522568e-03
5.665554199367761612e-03
5.663704592734575272e-03
5.661855917423963547e-03
5.660007707774639130e-03
5.658160895109176636e-03
5.656315479427576065e-03
5.654470529407262802e-03
5.652626510709524155e-03
5.650783423334360123e-03
5.648941267281770706e-03
5.647100508213043213e-03
5.645259749144315720e-03
5.643420852720737457e-03
5.641582421958446503e-03
5.639744922518730164e-03
5.637908820062875748e-03
5.636073183268308640e-03
5.634238477796316147e-03
5.632404703646898270e-03
5.630572326481342316e-03
5.628740414977073669e-03
5.626909900456666946e-03
5.625079851597547531e-03
5.623250734061002731e-03
5.621423013508319855e-03
5.619595292955636978e-03
5.617769435048103333e-03
5.615944042801856995e-03
5.614120047539472580e-03
5.612296517938375473e-03
5.610474385321140289e-03
5.608652718365192413e-03
5.606831982731819153e-03
5.605012644082307816e-03
5.603193771094083786e-03
5.601375829428434372e-03
5.599558819085359573e-03
5.597743205726146698e-03
5.595928058028221130e-03
5.594113841652870178e-03
5.592300556600093842e-03
5.590488668531179428e-03
5.588677246123552322e-03
5.586866755038499832e-03
5.585057195276021957e-03
5.583248566836118698e-03
5.581440869718790054e-03
5.579634103924036026e-03
5.577828269451856613e-03
5.576023366302251816e-03
5.574219394475221634e-03
5.572416353970766068e-03
5.570614244788885117e-03
