2.449491294100880623e-03
2.449173945933580399e-03
2.448856597766280174e-03
2.448539249598979950e-03
2.448221668601036072e-03
2.447903854772448540e-03
2.447586040943861008e-03
2.447268227115273476e-03
2.446950180456042290e-03
2.446632133796811104e-03
2.446313854306936264e-03
2.445995574817061424e-03
2.445677062496542931e-03
2.445358783006668091e-03
2.445040037855505943e-03
2.444721292704343796e-03
2.444402547553181648e-03
2.444083569571375847e-03
2.443764591589570045e-03
2.443445613607764244e-03
2.443126169964671135e-03
2.442806959152221680e-03
2.442487515509128571e-03
2.442168071866035461e-03
2.441848395392298698e-03
2.441528486087918282e-03
2.441208809614181519e-03
2.440888900309801102e-03
2.440568758174777031e-03
2.440248616039752960e-03
2.439928473904728889e-03
2.439608098939061165e-03
2.439287491142749786e-03
2.438967116177082062e-03
2.438646275550127029e-03
2.438325667753815651e-03
2.438004827126860619e-03
2.437683753669261932e-03
2.437362680211663246e-03
2.437041373923420906e-03
2.436720067635178566e-03
2.436398761346936226e-03
2.436077222228050232e-03
2.435755683109164238e-03
2.435434143990278244e-03
2.435112372040748596e-03
2.434790367260575294e-03
2.434468362480401993e-03
2.434146124869585037e-03
2.433824120089411736e-03
2.433501882478594780e-03
2.433179412037134171e-03
2.432856941595673561e-03
2.432534471154212952e-03
2.432211767882108688e-03
2.431889064610004425e-03
2.431566128507256508e-03
2.431243192404508591e-03
2.430920023471117020e-03
2.430597087368369102e-03
2.430273685604333878e-03
2.429950516670942307e-03
2.429626882076263428e-03
2.429303480312228203e-03
2.428979845717549324e-03
2.428656211122870445e-03
2.428332343697547913e-03
2.428008476272225380e-03
2.427684376016259193e-03
2.427360508590936661e-03
2.427036175504326820e-03
2.426711842417716980e-03
2.426387509331107140e-03
2.426063176244497299e-03
2.425738610327243805e-03
2.425414044409990311e-03
2.425089245662093163e-03
2.424764446914196014e-03
2.424439648166298866e-03
2.424114616587758064e-03
2.423789585009217262e-03
2.423464553430676460e-03
2.423139289021492004e-03
2.422814024612307549e-03
2.422488760203123093e-03
2.422163262963294983e-03
2.421837532892823219e-03
2.421512035652995110e-03
2.421186305582523346e-03
2.420860575512051582e-03
2.420534612610936165e-03
2.420208882540464401e-03
2.419882919639348984e-03
2.419556723907589912e-03
2.419230528175830841e-03
2.418904332444071770e-03
2.418577903881669044e-03
2.418251475319266319e-03
2.417925046756863594e-03
2.417598618194460869e-03
2.417271956801414490e-03
2.416945295408368111e-03
2.416618634015321732e-03
2.416291972622275352e-03
2.415965078398585320e-03
2.415638184174895287e-03
2.415311057120561600e-03
2.414984162896871567e-03
2.414656803011894226e-03
2.414329675957560539e-03
2.414002548903226852e-03
2.413675189018249512e-03
2.413347829133272171e-03
2.413020469248294830e-03
2.412693109363317490e-03
2.412365283817052841e-03
2.412037691101431847e-03
2.411710098385810852e-03
2.411382505670189857e-03
2.411054680123925209e-03
2.410726854577660561e-03
2.410399029031395912e-03
2.410070970654487610e-03
2.409742912277579308e-03
2.409415086731314659e-03
2.409087028354406357e-03
2.408758969977498055e-03
2.408430678769946098e-03
2.408102620393037796e-03
2.407774329185485840e-03
2.407446037977933884e-03
2.407117746770381927e-03
2.406789455562829971e-03
2.406461164355278015e-03
2.406132640317082405e-03
2.405804349109530449e-03
2.405475825071334839e-03
2.405147301033139229e-03
2.404818776994943619e-03
2.404490252956748009e-03
2.404161496087908745e-03
2.403832972049713135e-03
2.403504215180873871e-03
2.403175458312034607e-03
2.402846934273838997e-03
2.402518177404999733e-03
2.402189420536160469e-03
2.401860663667321205e-03
2.401531673967838287e-03
2.401202917098999023e-03
2.400874160230159760e-03
2.400545403361320496e-03
2.400216413661837578e-03
2.399887656792998314e-03
2.399558667093515396e-03
2.399229677394032478e-03
2.398900920525193214e-03
2.398571930825710297e-03
2.398242941126227379e-03
2.397914184257388115e-03
2.397585194557905197e-03
2.397256204858422279e-03
2.396927215158939362e-03
2.396598225459456444e-03
2.396269468590617180e-03
2.395940478891134262e-03
2.395611722022294998e-03
2.395282499492168427e-03
2.394953742623329163e-03
2.394624752923846245e-03
2.394295996055006981e-03
2.393967006355524063e-03
2.393638249486684799e-03
2.393309259787201881e-03
2.392980502918362617e-03
2.392651513218879700e-03
2.392322756350040436e-03
2.391993999481201172e-03
2.391665475443005562e-03
2.391336485743522644e-03
2.391007728874683380e-03
2.390679204836487770e-03
2.390350447967648506e-03
2.390021691098809242e-03
2.389693167060613632e-03
2.389364643022418022e-03
2.389036118984222412e-03
2.388707594946026802e-03
2.388379070907831192e-03
2.388050546869635582e-03
2.387722022831439972e-03
2.387393731623888016e-03
2.387065207585692406e-03
2.386736916378140450e-03
2.386408858001232147e-03
2.386080333963036537e-03
2.385752275586128235e-03
2.385423984378576279e-03
2.385095926001667976e-03
2.384767867624759674e-03
2.384439809247851372e-03
2.384111983701586723e-03
2.383784158155322075e-03
2.383456332609057426e-03
2.383128507062792778e-03
2.382800681516528130e-03
2.382473088800907135e-03
2.382145496085286140e-03
2.381817903369665146e-03
2.381490310654044151e-03
2.381162950769066811e-03
2.380835590884089470e-03
2.380508230999112129e-03
2.380180871114134789e-03
2.379853744059801102e-03
2.379526617005467415e-03
2.379199722781777382e-03
2.378872595727443695e-03
2.378545934334397316e-03
2.378218807280063629e-03
2.377892145887017250e-03
2.377565484493970871e-03
2.377239055931568146e-03
2.376912394538521767e-03
2.376585965976119041e-03
2.376259770244359970e-03
2.375933341681957245e-03
2.375607145950198174e-03
2.375281183049082756e-03
2.374955220147967339e-03
2.374629024416208267e-03
2.374303294345736504e-03
2.373977564275264740e-03
2.373652067035436630e-03
2.373326336964964867e-03
2.373000839725136757e-03
2.372675575315952301e-03
2.372350310906767845e-03
2.372025046497583389e-03
2.371700014919042587e-03
2.371374983340501785e-03
2.371049951761960983e-03
2.370725153014063835e-03
2.370400587096810341e-03
2.370075788348913193e-03
2.369751455262303352e-03
2.369426889345049858e-03
2.369102556258440018e-03
2.368778456002473831e-03
2.368454355746507645e-03
2.368130488321185112e-03
2.367806620895862579e-03
2.367482753470540047e-03
2.367159118875861168e-03
2.366835717111825943e-03
2.366512315347790718e-03
2.366188913583755493e-03
2.365865744650363922e-03
2.365542808547616005e-03
2.365219872444868088e-03
2.364897169172763824e-03
2.364574465900659561e-03
2.364251762628555298e-03
2.363929292187094688e-03
2.363607287406921387e-03
2.363285049796104431e-03
2.362962812185287476e-03
2.362640807405114174e-03
2.362319035455584526e-03
2.361997263506054878e-03
2.361675724387168884e-03
2.361354185268282890e-03
2.361032878980040550e-03
2.360711805522441864e-03
2.360390732064843178e-03
2.360069658607244492e-03
2.359749050810933113e-03
2.359428443014621735e-03
2.359107835218310356e-03
2.358787460252642632e-03
2.358467318117618561e-03
2.358147175982594490e-03
2.357827266678214073e-03
2.357507357373833656e-03
2.357187680900096893e-03
2.356868004426360130e-03
2.356548560783267021e-03
2.356229349970817566e-03
2.355910139158368111e-03
2.355591161176562309e-03
2.355272416025400162e-03
2.354953670874238014e-03
2.354635158553719521e-03
2.354316646233201027e-03
2.353998366743326187e-03
2.353680320084095001e-03
2.353362273424863815e-03
2.353044459596276283e-03
2.352726645767688751e-03
2.352409297600388527e-03
2.352091949433088303e-03
2.351774601265788078e-03
2.351457718759775162e-03
2.351140603423118591e-03
2.350823720917105675e-03
2.350507304072380066e-03
2.350190887227654457e-03
2.349874470382928848e-03
2.349558286368846893e-03
2.349242335185408592e-03
2.348926384001970291e-03
2.348610665649175644e-03
2.348295180127024651e-03
2.347979694604873657e-03
2.347664441913366318e-03
2.347349422052502632e-03
2.347034635022282600e-03
2.346719847992062569e-03
2.346405293792486191e-03
2.346090739592909813e-03
2.345776418223977089e-03
2.345462329685688019e-03
2.345148473978042603e-03
2.344834618270397186e-03
2.344520995393395424e-03
2.344207372516393661e-03
2.343894215300679207e-03
2.343581058084964752e-03
2.343268133699893951e-03
2.342955209314823151e-03
2.342642750591039658e-03
2.342330059036612511e-03
2.342017833143472672e-03
2.341705607250332832e-03
2.341393614187836647e-03
2.341081853955984116e-03
2.340770093724131584e-03
2.340458566322922707e-03
2.340147504583001137e-03
2.339836210012435913e-03
2.339525381103157997e-03
2.339214319363236427e-03
2.338903723284602165e-03
2.338593127205967903e-03
2.338282996788620949e-03
2.337972633540630341e-03
2.337662968784570694e-03
2.337353071197867393e-03
2.337043406441807747e-03
2.336733741685748100e-03
2.336424542590975761e-03
2.336115343496203423e-03
2.335806377232074738e-03
2.335497643798589706e-03
2.335188910365104675e-03
2.334880642592906952e-03
2.334572374820709229e-03
2.334264107048511505e-03
2.333956304937601089e-03
2.333648502826690674e-03
2.333340933546423912e-03
2.333033597096800804e-03
2.332726027816534042e-03
2.332419157028198242e-03
2.332112286239862442e-03
2.331805415451526642e-03
2.331498777493834496e-03
2.331192605197429657e-03
2.330886432901024818e-03
2.330580260604619980e-03
2.330274321138858795e-03
2.329968614503741264e-03
2.329663140699267387e-03
2.329357899725437164e-03
2.329052658751606941e-03
2.328747650608420372e-03
2.328442875295877457e-03
2.328138099983334541e-03
2.327833790332078934e-03
2.327529247850179672e-03
2.327225171029567719e-03
2.326921094208955765e-03
2.326617483049631119e-03
2.326313871890306473e-03
2.326010493561625481e-03
2.325707115232944489e-03
2.325404202565550804e-03
2.325101057067513466e-03
2.324798377230763435e-03
2.324495697394013405e-03
2.324193483218550682e-03
2.323891269043087959e-03
2.323589287698268890e-03
2.323287306353449821e-03
2.322985790669918060e-03
2.322684042155742645e-03
2.322382992133498192e-03
2.322081709280610085e-03
2.321780659258365631e-03
2.321479842066764832e-03
2.321179257705807686e-03
2.320878673344850540e-03
2.320578321814537048e-03
2.320278203114867210e-03
2.319978084415197372e-03
2.319678431376814842e-03
2.319378778338432312e-03
2.319079358130693436e-03
2.318779937922954559e-03
2.318480983376502991e-03
2.318182028830051422e-03
2.317883307114243507e-03
2.317584585398435593e-03
2.317286329343914986e-03
2.316988073289394379e-03
2.316690050065517426e-03
2.316392026841640472e-03
2.316094469279050827e-03
2.315796911716461182e-03
2.315499354153871536e-03
2.315202262252569199e-03
2.314905403181910515e-03
2.314608544111251831e-03
2.314311917871236801e-03
2.314015291631221771e-03
2.313719131052494049e-03
2.313422970473766327e-03
2.313126809895038605e-03
2.312831114977598190e-03
2.312535420060157776e-03
2.312239957973361015e-03
2.311944728717207909e-03
2.311649732291698456e-03
2.311354503035545349e-03
2.311059739440679550e-03
2.310764975845813751e-03
2.310470677912235260e-03
2.310176379978656769e-03
2.309882314875721931e-03
2.309588482603430748e-03
2.309294650331139565e-03
2.309001050889492035e-03
2.308707684278488159e-03
2.308414317667484283e-03
2.308121183887124062e-03
2.307828282937407494e-03
2.307535614818334579e-03
2.307242946699261665e-03
2.306950511410832405e-03
2.306658308953046799e-03
2.306366339325904846e-03
2.306074369698762894e-03
2.305782632902264595e-03
2.305490896105766296e-03
2.305199392139911652e-03
2.304908121004700661e-03
2.304617315530776978e-03
2.304326277226209641e-03
2.304035471752285957e-03
2.303744899109005928e-03
2.303454559296369553e-03
2.303164219483733177e-03
2.302874112501740456e-03
2.302584238350391388e-03
2.302294364199042320e-03
2.302004955708980560e-03
2.301715547218918800e-03
2.301426371559500694e-03
2.301137195900082588e-03
2.300848253071308136e-03
2.300559543073177338e-03
2.300270833075046539e-03
2.299982355907559395e-03
2.299694111570715904e-03
2.299406100064516068e-03
2.299118088558316231e-03
2.298830309882760048e-03
2.298542531207203865e-03
2.298255218192934990e-03
2.297967905178666115e-03
2.297680824995040894e-03
2.297393744811415672e-03
2.297106897458434105e-03
2.296820282936096191e-03
2.296533668413758278e-03
2.296247519552707672e-03
2.295961370691657066e-03
2.295675221830606461e-03
2.295389538630843163e-03
2.295103622600436211e-03
2.294818172231316566e-03
2.294532721862196922e-03
2.294247737154364586e-03
2.293962519615888596e-03
2.293677767738699913e-03
2.293393015861511230e-03
2.293108263984322548e-03
2.292823977768421173e-03
2.292539691552519798e-03
2.292255638167262077e-03
