5.227730143815279007e-03
5.226682405918836594e-03
5.225634202361106873e-03
5.224586464464664459e-03
5.223539192229509354e-03
5.222492385655641556e-03
5.221445579081773758e-03
5.220399703830480576e-03
5.219353828579187393e-03
5.218308418989181519e-03
5.217263009399175644e-03
5.216218065470457077e-03
5.215173587203025818e-03
5.214129574596881866e-03
5.213086027652025223e-03
5.212042480707168579e-03
5.210999399423599243e-03
5.209956783801317215e-03
5.208914633840322495e-03
5.207872483879327774e-03
5.206830799579620361e-03
5.205789580941200256e-03
5.204748362302780151e-03
5.203708074986934662e-03
5.202667787671089172e-03
5.201627966016530991e-03
5.200588144361972809e-03
5.199549254029989243e-03
5.198509898036718369e-03
5.197471473366022110e-03
5.196433514356613159e-03
5.195395555347204208e-03
5.194358061999082565e-03
5.193321034312248230e-03
5.192284472286701202e-03
5.191247910261154175e-03
5.190211813896894455e-03
5.189176183193922043e-03
5.188140552490949631e-03
5.187105853110551834e-03
5.186071153730154037e-03
5.185036454349756241e-03
5.184002686291933060e-03
5.182968918234109879e-03
5.181935615837574005e-03
5.180902779102325439e-03
5.179870408028364182e-03
5.178838036954402924e-03
5.177806131541728973e-03
5.176774691790342331e-03
5.175743252038955688e-03
5.174712277948856354e-03
5.173681769520044327e-03
5.172651726752519608e-03
5.171622149646282196e-03
5.170592106878757477e-03
5.169562995433807373e-03
5.168534349650144577e-03
5.167506169527769089e-03
5.166477989405393600e-03
5.165450274944305420e-03
5.164422560483217239e-03
5.163395777344703674e-03
5.162368528544902802e-03
5.161342676728963852e-03
5.160316359251737595e-03
5.159290973097085953e-03
5.158265586942434311e-03
5.157240200787782669e-03
5.156215745955705643e-03
5.155191291123628616e-03
5.154167301952838898e-03
5.153143778443336487e-03
5.152120254933834076e-03
5.151097662746906281e-03
5.150074604898691177e-03
5.149052478373050690e-03
5.148030817508697510e-03
5.147009156644344330e-03
5.145987961441278458e-03
5.144966766238212585e-03
5.143946502357721329e-03
5.142926238477230072e-03
5.141906440258026123e-03
5.140886642038822174e-03
5.139867775142192841e-03
5.138848442584276199e-03
5.137830507010221481e-03
5.136812105774879456e-03
5.135794635862112045e-03
5.134776700288057327e-03
5.133759696036577225e-03
5.132743157446384430e-03
5.131726618856191635e-03
5.130710545927286148e-03
5.129694472998380661e-03
5.128679331392049789e-03
5.127664189785718918e-03
5.126649513840675354e-03
5.125634837895631790e-03
5.124621093273162842e-03
5.123607348650693893e-03
5.122594069689512253e-03
5.121580790728330612e-03
5.120567977428436279e-03
5.119555629789829254e-03
5.118543747812509537e-03
5.117531865835189819e-03
5.116520915180444717e-03
5.115509498864412308e-03
5.114499013870954514e-03
5.113488528877496719e-03
5.112478509545326233e-03
5.111468955874443054e-03
5.110459867864847183e-03
5.109450779855251312e-03
5.108442157506942749e-03
5.107434000819921494e-03
5.106425844132900238e-03
5.105418618768453598e-03
5.104410927742719650e-03
5.103404168039560318e-03
5.102397408336400986e-03
5.101391114294528961e-03
5.100385285913944244e-03
5.099379457533359528e-03
5.098374560475349426e-03
5.097369663417339325e-03
5.096364766359329224e-03
5.095360800623893738e-03
5.094356834888458252e-03
5.093353334814310074e-03
5.092349834740161896e-03
5.091347265988588333e-03
5.090344231575727463e-03
5.089342128485441208e-03
5.088340025395154953e-03
5.087338853627443314e-03
5.086337681859731674e-03
5.085336510092020035e-03
5.084335803985595703e-03
5.083336029201745987e-03
5.082335788756608963e-03
5.081336479634046555e-03
5.080337170511484146e-03
5.079338327050209045e-03
5.078339949250221252e-03
5.077341571450233459e-03
5.076343659311532974e-03
5.075346212834119797e-03
5.074348766356706619e-03
5.073352251201868057e-03
5.072355736047029495e-03
5.071359220892190933e-03
5.070363637059926987e-03
5.069368053227663040e-03
5.068372935056686401e-03
5.067377816885709763e-03
5.066383630037307739e-03
5.065389443188905716e-03
5.064395256340503693e-03
5.063402000814676285e-03
5.062408745288848877e-03
5.061415955424308777e-03
5.060423631221055984e-03
5.059431307017803192e-03
5.058439448475837708e-03
5.057447589933872223e-03
5.056456662714481354e-03
5.055465735495090485e-03
5.054475273936986923e-03
5.053485278040170670e-03
5.052495282143354416e-03
5.051505286246538162e-03
5.050516221672296524e-03
5.049527622759342194e-03
5.048539023846387863e-03
5.047550890594720840e-03
5.046562757343053818e-03
5.045575555413961411e-03
5.044587887823581696e-03
5.043601151555776596e-03
5.042614415287971497e-03
5.041628610342741013e-03
5.040642339736223221e-03
5.039657000452280045e-03
5.038671661168336868e-03
5.037686787545681000e-03
5.036702379584312439e-03
5.035717971622943878e-03
5.034734029322862625e-03
5.033750087022781372e-03
5.032767076045274734e-03
5.031784065067768097e-03
5.030801519751548767e-03
5.029819440096616745e-03
5.028837360441684723e-03
5.027855746448040009e-03
5.026874598115682602e-03
5.025893449783325195e-03
5.024912767112255096e-03
5.023932550102472305e-03
5.022952798753976822e-03
5.021973047405481339e-03
5.020993761718273163e-03
5.020014941692352295e-03
5.019036121666431427e-03
5.018057767301797867e-03
5.017079878598451614e-03
5.016102455556392670e-03
5.015125032514333725e-03
5.014148075133562088e-03
5.013171117752790451e-03
5.012195091694593430e-03
5.011219065636396408e-03
5.010243039578199387e-03
5.009267944842576981e-03
5.008292850106954575e-03
5.007318221032619476e-03
5.006343591958284378e-03
5.005369428545236588e-03
5.004395730793476105e-03
5.003422498703002930e-03
5.002449266612529755e-03
5.001476500183343887e-03
5.000504199415445328e-03
4.999532364308834076e-03
4.998560063540935516e-03
4.997588694095611572e-03
4.996617790311574936e-03
4.995646886527538300e-03
4.994676448404788971e-03
4.993706010282039642e-03
4.992736503481864929e-03
4.991766996681690216e-03
4.990797955542802811e-03
4.989828914403915405e-03
4.988860338926315308e-03
4.987891763448715210e-03
4.986924119293689728e-03
4.985956475138664246e-03
4.984989296644926071e-03
4.984022583812475204e-03
4.983055870980024338e-03
4.982089623808860779e-03
4.981123842298984528e-03
4.980158060789108276e-03
4.979192744940519333e-03
4.978227894753217697e-03
4.977263044565916061e-03
4.976299125701189041e-03
4.975334741175174713e-03
4.974370822310447693e-03
4.973407834768295288e-03
4.972444381564855576e-03
4.971482325345277786e-03
4.970519803464412689e-03
4.969557281583547592e-03
4.968595691025257111e-03
4.967634100466966629e-03
4.966672975569963455e-03
4.965712316334247589e-03
4.964752122759819031e-03
4.963791929185390472e-03
4.962832201272249222e-03
4.961872473359107971e-03
4.960913211107254028e-03
4.959954414516687393e-03
4.958996083587408066e-03
4.958037752658128738e-03
4.957079887390136719e-03
4.956122487783432007e-03
4.955165088176727295e-03
4.954208154231309891e-03
4.953251685947179794e-03
4.952295217663049698e-03
4.951339215040206909e-03
4.950383678078651428e-03
4.949428141117095947e-03
4.948473069816827774e-03
4.947518464177846909e-03
4.946564324200153351e-03
4.945610184222459793e-03
4.944656509906053543e-03
4.943702835589647293e-03
4.942750092595815659e-03
4.941796883940696716e-03
4.940844606608152390e-03
4.939892329275608063e-03
4.938940517604351044e-03
4.937989171594381332e-03
4.937037825584411621e-03
4.936087410897016525e-03
4.935136530548334122e-03
4.934186115860939026e-03
4.933236166834831238e-03
4.932286683470010757e-03
4.931337665766477585e-03
4.930388648062944412e-03
4.929440096020698547e-03
4.928491543978452682e-03
4.927543457597494125e-03
4.926595836877822876e-03
4.925648681819438934e-03
4.924701526761054993e-03
4.923754837363958359e-03
4.922808147966861725e-03
4.921861924231052399e-03
4.920916166156530380e-03
4.919970873743295670e-03
4.919025581330060959e-03
4.918081220239400864e-03
4.917136393487453461e-03
4.916192032396793365e-03
4.915248136967420578e-03
4.914304707199335098e-03
4.913361277431249619e-03
4.912418313324451447e-03
4.911475814878940582e-03
4.910533316433429718e-03
4.909591283649206161e-03
4.908649716526269913e-03
4.907708149403333664e-03
4.906767513602972031e-03
4.905826412141323090e-03
4.904886242002248764e-03
4.903946071863174438e-03
4.903006367385387421e-03
4.902066662907600403e-03
4.901127424091100693e-03
4.900188650935888290e-03
4.899250343441963196e-03
4.898311570286750793e-03
4.897373728454113007e-03
4.896436352282762527e-03
4.895498976111412048e-03
4.894562065601348877e-03
4.893625155091285706e-03
4.892688710242509842e-03
4.891752731055021286e-03
4.890817217528820038e-03
4.889881704002618790e-03
4.888946656137704849e-03
4.888012073934078217e-03
4.887077491730451584e-03
4.886143375188112259e-03
4.885209258645772934e-03
4.884275607764720917e-03
4.883342422544956207e-03
4.882409702986478806e-03
4.881476983428001404e-03
4.880544729530811310e-03
4.879612475633621216e-03
4.878680687397718430e-03
4.877749364823102951e-03
4.876818507909774780e-03
4.875887650996446609e-03
4.874957259744405746e-03
4.874027334153652191e-03
4.873097408562898636e-03
4.872167948633432388e-03
4.871238488703966141e-03
4.870309960097074509e-03
4.869381431490182877e-03
4.868452902883291245e-03
4.867524839937686920e-03
4.866597242653369904e-03
4.865670111030340195e-03
4.864742979407310486e-03
4.863816313445568085e-03
4.862890113145112991e-03
4.861963447183370590e-03
4.861037712544202805e-03
4.860112443566322327e-03
4.859187174588441849e-03
4.858262371271848679e-03
4.857337567955255508e-03
4.856413695961236954e-03
4.855489358305931091e-03
4.854565951973199844e-03
4.853642545640468597e-03
4.852719604969024658e-03
4.851797129958868027e-03
4.850874654948711395e-03
4.849952645599842072e-03
4.849030636250972748e-03
4.848109092563390732e-03
4.847188014537096024e-03
4.846266936510801315e-03
4.845346324145793915e-03
4.844426177442073822e-03
4.843506496399641037e-03
4.842586815357208252e-03
4.841667599976062775e-03
4.840748384594917297e-03
4.839829634875059128e-03
4.838911350816488266e-03
4.837993066757917404e-03
4.837075248360633850e-03
4.836157895624637604e-03
4.835240542888641357e-03
4.834323655813932419e-03
4.833407234400510788e-03
4.832490812987089157e-03
4.831574857234954834e-03
4.830659367144107819e-03
4.829743877053260803e-03
4.828828852623701096e-03
4.827913828194141388e-03
4.826999735087156296e-03
4.826085641980171204e-03
4.825171548873186111e-03
4.824257921427488327e-03
4.823344759643077850e-03
4.822432063519954681e-03
4.821519367396831512e-03
4.820607136934995651e-03
4.819694906473159790e-03
4.818783141672611237e-03
4.817871842533349991e-03
4.816960543394088745e-03
4.816050175577402115e-03
4.815139342099428177e-03
4.814229439944028854e-03
4.813319072127342224e-03
4.812409635633230209e-03
4.811500664800405502e-03
4.810591693967580795e-03
4.809682723134756088e-03
4.808774683624505997e-03
4.807866644114255905e-03
4.806958604604005814e-03
4.806051030755043030e-03
4.805143922567367554e-03
4.804237280040979385e-03
4.803330637514591217e-03
4.802423994988203049e-03
4.801518283784389496e-03
4.800612572580575943e-03
4.799707327038049698e-03
4.798802081495523453e-03
4.797897301614284515e-03
4.796992987394332886e-03
4.796089138835668564e-03
4.795185290277004242e-03
4.794281441718339920e-03
4.793378058820962906e-03
4.792475141584873199e-03
4.791572690010070801e-03
4.790670238435268402e-03
4.789768252521753311e-03
4.788866266608238220e-03
4.787965212017297745e-03
4.787063691765069962e-03
4.786162637174129486e-03
4.785262048244476318e-03
4.784361924976110458e-03
4.783461801707744598e-03
4.782562144100666046e-03
4.781662952154874802e-03
4.780764225870370865e-03
4.779865033924579620e-03
4.778966773301362991e-03
4.778068512678146362e-03
4.777170717716217041e-03
4.776273388415575027e-03
4.775376059114933014e-03
4.774478729814291000e-03
4.773582331836223602e-03
4.772685933858156204e-03
4.771789535880088806e-03
4.770894069224596024e-03
4.769998602569103241e-03
4.769103135913610458e-03
4.768208600580692291e-03
4.767314065247774124e-03
4.766419529914855957e-03
4.765525460243225098e-03
4.764631856232881546e-03
4.763738252222537994e-03
4.762845113873481750e-03
4.761952441185712814e-03
4.761060234159231186e-03
4.760168027132749557e-03
4.759275820106267929e-03
4.758384078741073608e-03
4.757492803037166595e-03
4.756601992994546890e-03
4.755711182951927185e-03
4.754820838570594788e-03
4.753930494189262390e-03
4.753040615469217300e-03
4.752151202410459518e-03
4.751261789351701736e-03
4.750372841954231262e-03
4.749483894556760788e-03
4.748595878481864929e-03
4.747707862406969070e-03
4.746819846332073212e-03
4.745932295918464661e-03
