3.302981378510594368e-03
3.302696626633405685e-03
3.302411874756217003e-03
3.302127355709671974e-03
3.301842603832483292e-03
3.301558084785938263e-03
3.301273332908749580e-03
3.300989046692848206e-03
3.300704527646303177e-03
3.300420241430401802e-03
3.300135722383856773e-03
3.299851668998599052e-03
3.299567382782697678e-03
3.299283096566796303e-03
3.298999043181538582e-03
3.298714989796280861e-03
3.298430936411023140e-03
3.298147115856409073e-03
3.297863062471151352e-03
3.297579241916537285e-03
3.297295421361923218e-03
3.297011833637952805e-03
3.296728013083338737e-03
3.296444425359368324e-03
3.296160837635397911e-03
3.295877249911427498e-03
3.295593895018100739e-03
3.295310307294130325e-03
3.295026952400803566e-03
3.294743597507476807e-03
3.294460475444793701e-03
3.294177120551466942e-03
3.293893765658140182e-03
3.293610643595457077e-03
3.293327521532773972e-03
3.293044632300734520e-03
3.292761510238051414e-03
3.292478621006011963e-03
3.292195731773972511e-03
3.291912842541933060e-03
3.291630186140537262e-03
3.291347296908497810e-03
3.291064640507102013e-03
3.290781984105706215e-03
3.290499327704310417e-03
3.290216904133558273e-03
3.289934247732162476e-03
3.289651824161410332e-03
3.289369633421301842e-03
3.289087442681193352e-03
3.288805019110441208e-03
3.288522828370332718e-03
3.288240637630224228e-03
3.287958446890115738e-03
3.287676488980650902e-03
3.287394531071186066e-03
3.287112573161721230e-03
3.286830615252256393e-03
3.286548890173435211e-03
3.286266932263970375e-03
3.285985207185149193e-03
3.285703482106328011e-03
3.285421757027506828e-03
3.285140264779329300e-03
3.284858772531151772e-03
3.284577280282974243e-03
3.284295555204153061e-03
3.284014295786619186e-03
3.283733036369085312e-03
3.283451544120907784e-03
3.283170284703373909e-03
3.282889258116483688e-03
3.282607998698949814e-03
3.282326972112059593e-03
3.282045945525169373e-03
3.281764918938279152e-03
3.281483892351388931e-03
3.281203098595142365e-03
3.280922072008252144e-03
3.280641278252005577e-03
3.280360717326402664e-03
3.280079923570156097e-03
3.279799362644553185e-03
3.279518801718950272e-03
3.279238007962703705e-03
3.278957679867744446e-03
3.278677118942141533e-03
3.278396790847182274e-03
3.278116462752223015e-03
3.277836134657263756e-03
3.277555806562304497e-03
3.277275711297988892e-03
3.276995616033673286e-03
3.276715520769357681e-03
3.276435425505042076e-03
3.276155563071370125e-03
3.275875700637698174e-03
3.275595605373382568e-03
3.275315975770354271e-03
3.275036113336682320e-03
3.274756250903010368e-03
3.274476621299982071e-03
3.274196991696953773e-03
3.273917362093925476e-03
3.273637965321540833e-03
3.273358335718512535e-03
3.273078938946127892e-03
3.272799775004386902e-03
3.272520378232002258e-03
3.272240981459617615e-03
3.271961817517876625e-03
3.271682653576135635e-03
3.271403489634394646e-03
3.271124558523297310e-03
3.270845394581556320e-03
3.270566463470458984e-03
3.270287532359361649e-03
3.270008601248264313e-03
3.269729670137166977e-03
3.269450971856713295e-03
3.269172273576259613e-03
3.268893575295805931e-03
3.268614877015352249e-03
3.268336411565542221e-03
3.268057713285088539e-03
3.267779247835278511e-03
3.267500782385468483e-03
3.267222549766302109e-03
3.266944084316492081e-03
3.266666084527969360e-03
3.266387619078159332e-03
3.266109386458992958e-03
3.265831386670470238e-03
3.265553154051303864e-03
3.265275154262781143e-03
3.264997154474258423e-03
3.264719154685735703e-03
3.264441387727856636e-03
3.264163620769977570e-03
3.263885853812098503e-03
3.263608086854219437e-03
3.263330319896340370e-03
3.263052785769104958e-03
3.262775251641869545e-03
3.262497717514634132e-03
3.262220183387398720e-03
3.261942649260163307e-03
3.261665347963571548e-03
3.261388046666979790e-03
3.261110745370388031e-03
3.260833444073796272e-03
3.260556375607848167e-03
3.260279074311256409e-03
3.260002005845308304e-03
3.259724937379360199e-03
3.259447868913412094e-03
3.259171033278107643e-03
3.258894197642803192e-03
3.258617362007498741e-03
3.258340759202837944e-03
3.258063923567533493e-03
3.257787087932229042e-03
3.257510485127568245e-03
3.257234115153551102e-03
3.256957512348890305e-03
3.256680909544229507e-03
3.256404539570212364e-03
3.256128169596195221e-03
3.255851799622178078e-03
3.255575662478804588e-03
3.255299292504787445e-03
3.255023155361413956e-03
3.254747018218040466e-03
3.254470881074666977e-03
3.254194743931293488e-03
3.253918839618563652e-03
3.253642702475190163e-03
3.253366798162460327e-03
3.253091126680374146e-03
3.252815455198287964e-03
3.252539550885558128e-03
3.252263879403471947e-03
3.251988207921385765e-03
3.251712769269943237e-03
3.251437097787857056e-03
3.251161659136414528e-03
3.250886220484972000e-03
3.250610549002885818e-03
3.250335343182086945e-03
3.250060137361288071e-03
3.249784931540489197e-03
3.249509492889046669e-03
3.249234287068247795e-03
3.248959314078092575e-03
3.248684341087937355e-03
3.248409368097782135e-03
3.248134162276983261e-03
3.247859422117471695e-03
3.247584449127316475e-03
3.247309708967804909e-03
3.247034968808293343e-03
3.246760228648781776e-03
3.246485488489270210e-03
3.246210981160402298e-03
3.245936473831534386e-03
3.245661966502666473e-03
3.245387459173798561e-03
3.245112951844930649e-03
3.244838677346706390e-03
3.244564170017838478e-03
3.244290128350257874e-03
3.244015853852033615e-03
3.243741579353809357e-03
3.243467537686228752e-03
3.243193263188004494e-03
3.242919454351067543e-03
3.242645412683486938e-03
3.242371603846549988e-03
3.242097562178969383e-03
3.241823753342032433e-03
3.241549944505095482e-03
3.241276135668158531e-03
3.241002559661865234e-03
3.240728983655571938e-03
3.240455407649278641e-03
3.240181598812341690e-03
3.239908255636692047e-03
3.239634679630398750e-03
3.239361336454749107e-03
3.239087993279099464e-03
3.238814882934093475e-03
3.238541772589087486e-03
3.238268429413437843e-03
3.237995319068431854e-03
3.237721975892782211e-03
3.237449098378419876e-03
3.237175988033413887e-03
3.236903110519051552e-03
3.236630233004689217e-03
3.236357355490326881e-03
3.236084710806608200e-03
3.235811833292245865e-03
3.235538955777883530e-03
3.235266543924808502e-03
3.234993899241089821e-03
3.234721254557371140e-03
3.234448842704296112e-03
3.234176198020577431e-03
3.233904018998146057e-03
3.233631607145071030e-03
3.233359428122639656e-03
3.233087016269564629e-03
3.232814837247133255e-03
3.232542658224701881e-03
3.232270479202270508e-03
3.231998300179839134e-03
3.231726353988051414e-03
3.231454407796263695e-03
3.231182461604475975e-03
3.230910515412688255e-03
3.230638802051544189e-03
3.230366855859756470e-03
3.230095142498612404e-03
3.229823661968111992e-03
3.229551948606967926e-03
3.229280235245823860e-03
3.229008754715323448e-03
3.228737274184823036e-03
3.228465793654322624e-03
3.228194313123822212e-03
3.227923065423965454e-03
3.227651584893465042e-03
3.227380570024251938e-03
3.227109089493751526e-03
3.226838074624538422e-03
3.226567059755325317e-03
3.226295812055468559e-03
3.226024797186255455e-03
3.225753782317042351e-03
3.225483000278472900e-03
3.225211985409259796e-03
3.224941203370690346e-03
3.224670421332120895e-03
3.224399639293551445e-03
3.224129090085625648e-03
3.223858540877699852e-03
3.223587758839130402e-03
3.223317442461848259e-03
3.223046893253922462e-03
3.222776344045996666e-03
3.222505794838070869e-03
3.222235478460788727e-03
3.221965394914150238e-03
3.221695078536868095e-03
3.221424762159585953e-03
3.221154678612947464e-03
3.220884595066308975e-03
3.220614511519670486e-03
3.220344660803675652e-03
3.220074577257037163e-03
3.219804726541042328e-03
3.219534875825047493e-03
3.219265025109052658e-03
3.218995174393057823e-03
3.218725556507706642e-03
3.218455938622355461e-03
3.218186087906360626e-03
3.217916702851653099e-03
3.217647084966301918e-03
3.217377699911594391e-03
3.217108082026243210e-03
3.216838696971535683e-03
3.216569544747471809e-03
3.216300159692764282e-03
3.216030774638056755e-03
3.215761622413992882e-03
3.215492703020572662e-03
3.215223550796508789e-03
3.214954398572444916e-03
3.214685479179024696e-03
3.214416559785604477e-03
3.214147640392184258e-03
3.213878953829407692e-03
3.213609801605343819e-03
3.213341115042567253e-03
3.213072428479790688e-03
3.212803741917014122e-03
3.212535055354237556e-03
3.212266601622104645e-03
3.211997915059328079e-03
3.211729461327195168e-03
3.211461240425705910e-03
3.211192786693572998e-03
3.210924565792083740e-03
3.210656112059950829e-03
3.210387891158461571e-03
3.210119670256972313e-03
3.209851449355483055e-03
3.209583461284637451e-03
3.209315473213791847e-03
3.209047252312302589e-03
3.208779497072100639e-03
3.208511509001255035e-03
3.208243753761053085e-03
3.207975998520851135e-03
3.207708243280649185e-03
3.207440488040447235e-03
3.207172732800245285e-03
3.206905210390686989e-03
3.206637687981128693e-03
3.206369932740926743e-03
3.206102410331368446e-03
3.205835120752453804e-03
3.205567831173539162e-03
3.205300541594624519e-03
3.205033019185066223e-03
3.204765729606151581e-03
3.204498672857880592e-03
3.204231383278965950e-03
3.203964326530694962e-03
3.203697269782423973e-03
3.203430213034152985e-03
3.203163389116525650e-03
3.202896332368254662e-03
3.202629508450627327e-03
3.202362451702356339e-03
3.202095860615372658e-03
3.201829269528388977e-03
3.201562445610761642e-03
3.201295854523777962e-03
3.201029263436794281e-03
3.200762672349810600e-03
3.200496314093470573e-03
3.200229955837130547e-03
3.199963364750146866e-03
3.199697006493806839e-03
3.199430881068110466e-03
3.199164522811770439e-03
3.198898164555430412e-03
3.198632271960377693e-03
3.198366146534681320e-03
3.198100021108984947e-03
3.197833895683288574e-03
3.197568003088235855e-03
3.197301877662539482e-03
3.197035985067486763e-03
3.196770325303077698e-03
3.196504432708024979e-03
3.196238772943615913e-03
3.195972880348563194e-03
3.195707453414797783e-03
3.195441793650388718e-03
3.195176133885979652e-03
3.194910939782857895e-03
3.194645280018448830e-03
3.194379853084683418e-03
3.194114426150918007e-03
3.193849232047796249e-03
3.193583805114030838e-03
3.193318611010909081e-03
3.193053649738430977e-03
3.192788455635309219e-03
3.192523261532187462e-03
3.192258300259709358e-03
3.191993106156587601e-03
3.191728144884109497e-03
3.191463416442275047e-03
3.191198455169796944e-03
3.190933726727962494e-03
3.190668998286128044e-03
3.190404269844293594e-03
3.190139541402459145e-03
3.189875045791268349e-03
3.189610317349433899e-03
3.189345821738243103e-03
3.189081326127052307e-03
3.188817063346505165e-03
3.188552567735314369e-03
3.188288304954767227e-03
3.188023809343576431e-03
3.187759779393672943e-03
3.187495283782482147e-03
3.187231253832578659e-03
3.186966991052031517e-03
3.186702961102128029e-03
3.186439163982868195e-03
3.186175134032964706e-03
3.185911104083061218e-03
3.185647306963801384e-03
3.185383509844541550e-03
3.185119712725281715e-03
3.184855915606021881e-03
3.184592351317405701e-03
3.184328554198145866e-03
3.184064989909529686e-03
3.183801425620913506e-03
3.183537861332297325e-03
3.183274529874324799e-03
3.183011198416352272e-03
3.182747634127736092e-03
3.182484535500407219e-03
3.182220971211791039e-03
3.181957872584462166e-03
3.181694773957133293e-03
3.181431675329804420e-03
3.181168576702475548e-03
3.180905478075146675e-03
3.180642379447817802e-03
3.180379513651132584e-03
3.180116647854447365e-03
3.179853782057762146e-03
3.179590916261076927e-03
3.179328283295035362e-03
3.179065417498350143e-03
3.178802784532308578e-03
3.178540384396910667e-03
3.178277518600225449e-03
3.178015118464827538e-03
3.177752485498785973e-03
3.177490085363388062e-03
3.177227685227990150e-03
3.176965285092592239e-03
3.176702884957194328e-03
3.176440717652440071e-03
3.176178550347685814e-03
3.175916383042931557e-03
3.175654448568820953e-03
3.175392281264066696e-03
3.175130346789956093e-03
3.174868179485201836e-03
3.174606245011091232e-03
3.174344543367624283e-03
3.174082608893513680e-03
3.173820674419403076e-03
3.173558972775936127e-03
3.173297271132469177e-03
3.173035569489002228e-03
3.172774100676178932e-03
3.172512399032711983e-03
3.172250930219888687e-03
3.171989461407065392e-03
3.171727759763598442e-03
3.171466523781418800e-03
3.171205287799239159e-03
3.170944051817059517e-03
3.170682815834879875e-03
3.170421579852700233e-03
3.170160343870520592e-03
3.169899340718984604e-03
3.169638104736804962e-03
3.169377101585268974e-03
3.169116098433732986e-03
3.168855328112840652e-03
3.168594324961304665e-03
3.168333554640412331e-03
3.168072784319519997e-03
3.167812013998627663e-03
3.167551243677735329e-03
3.167290706187486649e-03
3.167029935866594315e-03
