5.933615844696760178e-03
5.931513849645853043e-03
5.929412785917520523e-03
5.927313584834337234e-03
5.925215315073728561e-03
5.923118442296981812e-03
5.921022500842809677e-03
5.918927956372499466e-03
5.916834808886051178e-03
5.914743058383464813e-03
5.912652239203453064e-03
5.910562351346015930e-03
5.908473860472440720e-03
5.906387232244014740e-03
5.904301069676876068e-03
5.902216769754886627e-03
5.900132935494184494e-03
5.898050963878631592e-03
5.895969923585653305e-03
5.893890280276536942e-03
5.891811568289995193e-03
5.889734253287315369e-03
5.887658335268497467e-03
5.885583348572254181e-03
5.883509758859872818e-03
5.881437566131353378e-03
5.879366304725408554e-03
5.877295974642038345e-03
5.875227507203817368e-03
5.873159971088171005e-03
5.871093831956386566e-03
5.869028624147176743e-03
5.866964813321828842e-03
5.864901933819055557e-03
5.862840451300144196e-03
5.860780365765094757e-03
5.858721211552619934e-03
5.856663454324007034e-03
5.854606628417968750e-03
5.852551665157079697e-03
5.850497167557477951e-03
5.848444066941738129e-03
5.846392363309860229e-03
5.844341591000556946e-03
5.842292215675115585e-03
5.840244237333536148e-03
5.838197190314531326e-03
5.836151074618101120e-03
5.834106821566820145e-03
5.832063034176826477e-03
5.830021109431982040e-03
5.827980116009712219e-03
5.825940519571304321e-03
5.823901854455471039e-03
5.821864120662212372e-03
5.819828249514102936e-03
5.817792844027280807e-03
5.815759301185607910e-03
5.813726689666509628e-03
5.811695009469985962e-03
5.809665191918611526e-03
5.807635840028524399e-03
5.805607885122299194e-03
5.803581327199935913e-03
5.801555700600147247e-03
5.799531470984220505e-03
5.797508172690868378e-03
5.795486737042665482e-03
5.793465767055749893e-03
5.791446194052696228e-03
5.789427552372217178e-03
5.787410307675600052e-03
5.785394459962844849e-03
5.783379543572664261e-03
5.781365558505058289e-03
5.779353436082601547e-03
5.777342244982719421e-03
5.775331985205411911e-03
5.773323122411966324e-03
5.771315190941095352e-03
5.769308656454086304e-03
5.767303053289651871e-03
5.765298847109079361e-03
5.763295572251081467e-03
5.761293694376945496e-03
5.759293213486671448e-03
5.757293198257684708e-03
5.755295045673847198e-03
5.753297824412584305e-03
5.751301534473896027e-03
5.749306641519069672e-03
5.747313145548105240e-03
5.745320115238428116e-03
5.743328947573900223e-03
5.741338711231946945e-03
5.739349406212568283e-03
5.737361498177051544e-03
5.735374987125396729e-03
5.733388941735029221e-03
5.731404293328523636e-03
5.729421041905879974e-03
5.727439187467098236e-03
5.725458264350891113e-03
5.723478272557258606e-03
5.721499677747488022e-03
5.719522014260292053e-03
5.717545747756958008e-03
5.715570412576198578e-03
5.713596474379301071e-03
5.711623467504978180e-03
5.709651391953229904e-03
5.707680713385343552e-03
5.705711431801319122e-03
5.703743081539869308e-03
5.701775662600994110e-03
5.699809640645980835e-03
5.697845015674829483e-03
5.695881322026252747e-03
5.693918559700250626e-03
5.691956728696823120e-03
5.689996760338544846e-03
5.688037257641553879e-03
5.686079617589712143e-03
5.684122443199157715e-03
5.682166665792465210e-03
5.680212285369634628e-03
5.678258836269378662e-03
5.676306318491697311e-03
5.674355197697877884e-03
5.672405008226633072e-03
5.670456215739250183e-03
5.668507888913154602e-03
5.666561424732208252e-03
5.664615426212549210e-03
5.662671290338039398e-03
5.660728085786104202e-03
5.658785812556743622e-03
5.656844936311244965e-03
5.654904991388320923e-03
5.652965977787971497e-03
5.651028361171483994e-03
5.649091675877571106e-03
5.647156387567520142e-03
5.645222030580043793e-03
5.643288604915142059e-03
5.641356576234102249e-03
5.639425478875637054e-03
5.637495778501033783e-03
5.635567009449005127e-03
5.633639637380838394e-03
5.631713196635246277e-03
5.629788152873516083e-03
5.627863574773073196e-03
5.625940393656492233e-03
5.624018143862485886e-03
5.622097291052341461e-03
5.620177835226058960e-03
5.618258845061063766e-03
5.616341251879930496e-03
5.614425055682659149e-03
5.612509790807962418e-03
5.610595457255840302e-03
5.608682520687580109e-03
5.606770049780607224e-03
5.604859441518783569e-03
5.602949764579534531e-03
5.601040553301572800e-03
5.599133204668760300e-03
5.597226787358522415e-03
5.595321301370859146e-03
5.593417212367057800e-03
5.591513589024543762e-03
5.589611828327178955e-03
5.587710533291101456e-03
5.585810635238885880e-03
5.583912134170532227e-03
5.582014098763465881e-03
5.580117460340261459e-03
5.578222218900918961e-03
5.576327908784151077e-03
5.574434529989957809e-03
5.572542082518339157e-03
5.570651032030582428e-03
5.568760912865400314e-03
5.566872190684080124e-03
5.564983934164047241e-03
5.563097540289163589e-03
5.561211612075567245e-03
5.559327080845832825e-03
5.557443480938673019e-03
5.555561278015375137e-03
5.553680006414651871e-03
5.551799200475215912e-03
5.549920257180929184e-03
5.548042245209217072e-03
5.546165164560079575e-03
5.544289480894804001e-03
5.542414262890815735e-03
5.540540441870689392e-03
5.538668017834424973e-03
5.536796525120735168e-03
5.534925963729619980e-03
5.533056333661079407e-03
5.531188100576400757e-03
5.529320798814296722e-03
5.527454894036054611e-03
5.525589454919099808e-03
5.523725412786006927e-03
5.521862301975488663e-03
5.520000122487545013e-03
5.518139339983463287e-03
5.516279488801956177e-03
5.514421034604310989e-03
5.512563511729240417e-03
5.510706920176744461e-03
5.508851259946823120e-03
5.506996531039476395e-03
5.505143199115991592e-03
5.503290798515081406e-03
5.501439794898033142e-03
5.499589256942272186e-03
5.497740581631660461e-03
5.495892371982336044e-03
5.494045093655586243e-03
5.492199212312698364e-03
5.490354262292385101e-03
5.488510709255933762e-03
5.486667621880769730e-03
5.484825931489467621e-03
5.482985638082027435e-03
5.481145810335874557e-03
5.479307379573583603e-03
5.477469880133867264e-03
5.475633312016725540e-03
5.473798140883445740e-03
5.471963901072740555e-03
5.470130592584609985e-03
5.468298215419054031e-03
5.466466769576072693e-03
5.464636720716953278e-03
5.462807603180408478e-03
5.460979416966438293e-03
5.459152627736330032e-03
5.457326769828796387e-03
5.455501843243837357e-03
5.453677847981452942e-03
5.451855249702930450e-03
5.450033117085695267e-03
5.448212381452322006e-03
5.446393042802810669e-03
5.444574169814586639e-03
5.442756693810224533e-03
5.440940149128437042e-03
5.439124535769224167e-03
5.437309853732585907e-03
5.435496568679809570e-03
5.433684214949607849e-03
5.431872792541980743e-03
5.430062301456928253e-03
5.428253207355737686e-03
5.426444578915834427e-03
5.424637347459793091e-03
5.422831047326326370e-03
5.421026144176721573e-03
5.419221706688404083e-03
5.417418666183948517e-03
5.415616557002067566e-03
5.413815379142761230e-03
5.412015598267316818e-03
5.410216283053159714e-03
5.408418364822864532e-03
5.406621377915143967e-03
5.404825322329998016e-03
5.403030663728713989e-03
5.401236470788717270e-03
5.399443674832582474e-03
5.397651810199022293e-03
5.395860876888036728e-03
5.394071340560913086e-03
5.392282269895076752e-03
5.390494596213102341e-03
5.388707853853702545e-03
5.386922042816877365e-03
5.385137163102626801e-03
5.383353680372238159e-03
5.381570663303136826e-03
5.379789043217897415e-03
5.378008820116519928e-03
5.376228597015142441e-03
5.374450236558914185e-03
5.372672807425260544e-03
5.370895843952894211e-03
5.369120277464389801e-03
5.367345642298460007e-03
5.365571938455104828e-03
5.363799631595611572e-03
5.362027790397405624e-03
5.360257346183061600e-03
5.358487833291292191e-03
5.356719251722097397e-03
5.354951601475477219e-03
5.353185348212718964e-03
5.351419560611248016e-03
5.349654704332351685e-03
5.347891245037317276e-03
5.346128717064857483e-03
5.344367120414972305e-03
5.342606920748949051e-03
5.340847186744213104e-03
5.339088384062051773e-03
5.337330978363752365e-03
5.335574503988027573e-03
5.333818960934877396e-03
5.332064349204301834e-03
5.330310668796300888e-03
5.328557919710874557e-03
5.326806567609310150e-03
5.325055681169033051e-03
5.323306191712617874e-03
5.321557633578777313e-03
5.319810006767511368e-03
5.318063311278820038e-03
5.316317547112703323e-03
5.314573179930448532e-03
5.312829278409481049e-03
5.311086773872375488e-03
5.309344734996557236e-03
5.307604093104600906e-03
5.305864382535219193e-03
5.304125603288412094e-03
5.302387755364179611e-03
5.300650838762521744e-03
5.298915319144725800e-03
5.297180265188217163e-03
5.295446608215570450e-03
5.293713416904211044e-03
5.291981622576713562e-03
5.290250759571790695e-03
5.288520827889442444e-03
5.286791827529668808e-03
5.285063758492469788e-03
5.283337086439132690e-03
5.281610880047082901e-03
5.279885604977607727e-03
5.278161726891994476e-03
5.276438314467668533e-03
5.274716299027204514e-03
5.272995214909315109e-03
5.271274596452713013e-03
5.269555840641260147e-03
5.267837084829807281e-03
5.266120191663503647e-03
5.264403764158487320e-03
5.262688267976045609e-03
5.260974168777465820e-03
5.259260535240173340e-03
5.257547833025455475e-03
5.255836527794599533e-03
5.254125688225030899e-03
5.252416245639324188e-03
5.250707734376192093e-03
5.249000154435634613e-03
5.247293505817651749e-03
5.245587788522243500e-03
5.243882536888122559e-03
5.242179147899150848e-03
5.240476224571466446e-03
5.238774232566356659e-03
5.237073171883821487e-03
5.235373042523860931e-03
5.233673844486474991e-03
5.231975577771663666e-03
5.230278708040714264e-03
5.228582303971052170e-03
5.226887296885251999e-03
5.225193221122026443e-03
5.223499611020088196e-03
5.221807397902011871e-03
5.220115650445222855e-03
5.218425299972295761e-03
5.216735880821943283e-03
5.215046927332878113e-03
5.213359370827674866e-03
5.211672745645046234e-03
5.209987051784992218e-03
5.208302289247512817e-03
5.206617992371320724e-03
5.204935092478990555e-03
5.203253123909235001e-03
5.201572086662054062e-03
5.199891980737447739e-03
5.198213271796703339e-03
5.196534562855958939e-03
5.194857250899076462e-03
5.193180870264768600e-03
5.191505420953035355e-03
5.189831368625164032e-03
5.188157781958580017e-03
5.186485126614570618e-03
5.184813402593135834e-03
5.183142609894275665e-03
5.181472748517990112e-03
5.179803818464279175e-03
5.178135819733142853e-03
5.176468752324581146e-03
5.174802616238594055e-03
5.173137411475181580e-03
5.171473138034343719e-03
5.169810261577367783e-03
5.168147850781679153e-03
5.166486371308565140e-03
5.164825823158025742e-03
5.163166206330060959e-03
5.161507520824670792e-03
5.159849766641855240e-03
5.158192943781614304e-03
5.156537052243947983e-03
5.154882092028856277e-03
5.153228063136339188e-03
5.151574965566396713e-03
5.149922799319028854e-03
5.148271564394235611e-03
5.146620795130729675e-03
5.144971422851085663e-03
5.143322981894016266e-03
5.141675006598234177e-03
5.140028428286314011e-03
5.138382781296968460e-03
5.136738065630197525e-03
5.135093815624713898e-03
5.133450962603092194e-03
5.131809040904045105e-03
5.130167584866285324e-03
5.128527525812387466e-03
5.126888398081064224e-03
5.125249736011028290e-03
5.123612005263566971e-03
5.121975205838680267e-03
5.120339803397655487e-03
5.118704866617918015e-03
5.117070861160755157e-03
5.115437787026166916e-03
5.113805644214153290e-03
5.112174432724714279e-03
5.110544152557849884e-03
5.108914803713560104e-03
5.107285920530557632e-03
5.105658434331417084e-03
5.104031879454851151e-03
5.102406255900859833e-03
5.100781098008155823e-03
5.099157337099313736e-03
5.097534041851758957e-03
5.095912143588066101e-03
5.094290710985660553e-03
5.092670209705829620e-03
5.091050639748573303e-03
5.089432001113891602e-03
5.087814293801784515e-03
5.086197517812252045e-03
5.084581673145294189e-03
5.082966294139623642e-03
5.081352312117815018e-03
5.079739261418581009e-03
5.078126676380634308e-03
5.076515488326549530e-03
5.074904765933752060e-03
5.073294974863529205e-03
5.071686115115880966e-03
5.070078652352094650e-03
5.068471189588308334e-03
5.066865589469671249e-03
5.065259989351034164e-03
5.063655786216259003e-03
5.062052048742771149e-03
5.060449708253145218e-03
5.058847833424806595e-03
5.057247355580329895e-03
5.055647343397140503e-03
5.054048262536525726e-03
5.052450112998485565e-03
5.050852894783020020e-03
5.049256607890129089e-03
5.047660786658525467e-03
5.046066362410783768e-03
5.044472403824329376e-03
5.042879376560449600e-03
5.041287280619144440e-03
5.039696116000413895e-03
5.038106348365545273e-03
5.036516580730676651e-03
5.034928210079669952e-03
5.033340305089950562e-03
5.031753797084093094e-03
5.030167754739522934e-03
5.028582643717527390e-03
5.026998464018106461e-03
5.025415215641260147e-03
5.023832898586988449e-03
5.022251512855291367e-03
