3.386965021491050720e-03
3.386679571121931076e-03
3.386393887922167778e-03
3.386108437553048134e-03
3.385822987183928490e-03
3.385537536814808846e-03
3.385252086445689201e-03
3.384966868907213211e-03
3.384681418538093567e-03
3.384396200999617577e-03
3.384111216291785240e-03
3.383825998753309250e-03
3.383540781214833260e-03
3.383256029337644577e-03
3.382970811799168587e-03
3.382686059921979904e-03
3.382401075214147568e-03
3.382116323336958885e-03
3.381831571459770203e-03
3.381546819582581520e-03
3.381262300536036491e-03
3.380977781489491463e-03
3.380693029612302780e-03
3.380408743396401405e-03
3.380124224349856377e-03
3.379839705303311348e-03
3.379555419087409973e-03
3.379271132871508598e-03
3.378986846655607224e-03
3.378702793270349503e-03
3.378418507054448128e-03
3.378134453669190407e-03
3.377850400283932686e-03
3.377566346898674965e-03
3.377282526344060898e-03
3.376998472958803177e-03
3.376714885234832764e-03
3.376431064680218697e-03
3.376147244125604630e-03
3.375863656401634216e-03
3.375580068677663803e-03
3.375296480953693390e-03
3.375012893229722977e-03
3.374729305505752563e-03
3.374445950612425804e-03
3.374162595719099045e-03
3.373879473656415939e-03
3.373596118763089180e-03
3.373312763869762421e-03
3.373029641807079315e-03
3.372746519744396210e-03
3.372463397681713104e-03
3.372180275619029999e-03
3.371897386386990547e-03
3.371614497154951096e-03
3.371331607922911644e-03
3.371048718690872192e-03
3.370766062289476395e-03
3.370483173057436943e-03
3.370200516656041145e-03
3.369918093085289001e-03
3.369635436683893204e-03
3.369352780282497406e-03
3.369070356711745262e-03
3.368787933140993118e-03
3.368505742400884628e-03
3.368223318830132484e-03
3.367941128090023994e-03
3.367658937349915504e-03
3.367376746609807014e-03
3.367094555869698524e-03
3.366812365129590034e-03
3.366530640050768852e-03
3.366248449310660362e-03
3.365966724231839180e-03
3.365684766322374344e-03
3.365402808412909508e-03
3.365121083334088326e-03
3.364839358255267143e-03
3.364557633176445961e-03
3.364276140928268433e-03
3.363994415849447250e-03
3.363712923601269722e-03
3.363431431353092194e-03
3.363150171935558319e-03
3.362868679687380791e-03
3.362587420269846916e-03
3.362306160852313042e-03
3.362024901434779167e-03
3.361743874847888947e-03
3.361462848260998726e-03
3.361181588843464851e-03
3.360900562256574631e-03
3.360619535669684410e-03
3.360338741913437843e-03
3.360057948157191277e-03
3.359777154400944710e-03
3.359496360644698143e-03
3.359215566888451576e-03
3.358935005962848663e-03
3.358654445037245750e-03
3.358373884111642838e-03
3.358093323186039925e-03
3.357812762260437012e-03
3.357532434165477753e-03
3.357252106070518494e-03
3.356971777975559235e-03
3.356691449880599976e-03
3.356411121785640717e-03
3.356131026521325111e-03
3.355850931257009506e-03
3.355570835992693901e-03
3.355290973559021950e-03
3.355010878294706345e-03
3.354730783030390739e-03
3.354450920596718788e-03
3.354171290993690491e-03
3.353891428560018539e-03
3.353611798956990242e-03
3.353332169353961945e-03
3.353052306920289993e-03
3.352772910147905350e-03
3.352493513375520706e-03
3.352214116603136063e-03
3.351934719830751419e-03
3.351655323058366776e-03
3.351375926285982132e-03
3.351096529513597488e-03
3.350817365571856499e-03
3.350538201630115509e-03
3.350259270519018173e-03
3.349980106577277184e-03
3.349701175466179848e-03
3.349422244355082512e-03
3.349143313243985176e-03
3.348864382132887840e-03
3.348585683852434158e-03
3.348306752741336823e-03
3.348028054460883141e-03
3.347749356180429459e-03
3.347470657899975777e-03
3.347192192450165749e-03
3.346913494169712067e-03
3.346635028719902039e-03
3.346356796100735664e-03
3.346078330650925636e-03
3.345800098031759262e-03
3.345521632581949234e-03
3.345243632793426514e-03
3.344965400174260139e-03
3.344687167555093765e-03
3.344408934935927391e-03
3.344131167978048325e-03
3.343853168189525604e-03
3.343575168401002884e-03
3.343297401443123817e-03
3.343019401654601097e-03
3.342741634696722031e-03
3.342464100569486618e-03
3.342186333611607552e-03
3.341908566653728485e-03
3.341631032526493073e-03
3.341353498399257660e-03
3.341075964272022247e-03
3.340798430144786835e-03
3.340521128848195076e-03
3.340243827551603317e-03
3.339966526255011559e-03
3.339689224958419800e-03
3.339411923661828041e-03
3.339134855195879936e-03
3.338857786729931831e-03
3.338580718263983727e-03
3.338303882628679276e-03
3.338026814162731171e-03
3.337749745696783066e-03
3.337473142892122269e-03
3.337196307256817818e-03
3.336919471621513367e-03
3.336642868816852570e-03
3.336366033181548119e-03
3.336089663207530975e-03
3.335813060402870178e-03
3.335536457598209381e-03
3.335260087624192238e-03
3.334983484819531441e-03
3.334707347676157951e-03
3.334430977702140808e-03
3.334154840558767319e-03
3.333878703415393829e-03
3.333602333441376686e-03
3.333326196298003197e-03
3.333050059154629707e-03
3.332774154841899872e-03
3.332498250529170036e-03
3.332222113385796547e-03
3.331946441903710365e-03
3.331670537590980530e-03
3.331394633278250694e-03
3.331118961796164513e-03
3.330843290314078331e-03
3.330567618831992149e-03
3.330292180180549622e-03
3.330016508698463440e-03
3.329741070047020912e-03
3.329465631395578384e-03
3.329190192744135857e-03
3.328914986923336983e-03
3.328639781102538109e-03
3.328364342451095581e-03
3.328089369460940361e-03
3.327814163640141487e-03
3.327538957819342613e-03
3.327263984829187393e-03
3.326989011839032173e-03
3.326714038848876953e-03
3.326439298689365387e-03
3.326164325699210167e-03
3.325889585539698601e-03
3.325614845380187035e-03
3.325340105220675468e-03
3.325065365061163902e-03
3.324790857732295990e-03
3.324516117572784424e-03
3.324241610243916512e-03
3.323967335745692253e-03
3.323692828416824341e-03
3.323418321087956429e-03
3.323144046589732170e-03
3.322869772091507912e-03
3.322595497593283653e-03
3.322321455925703049e-03
3.322047414258122444e-03
3.321773372590541840e-03
3.321499098092317581e-03
3.321225289255380630e-03
3.320951247587800026e-03
3.320677438750863075e-03
3.320403629913926125e-03
3.320129821076989174e-03
3.319856012240052223e-03
3.319582436233758926e-03
3.319308627396821976e-03
3.319035051390528679e-03
3.318761475384235382e-03
3.318488132208585739e-03
3.318214789032936096e-03
3.317941213026642799e-03
3.317667869850993156e-03
3.317394526675343513e-03
3.317121416330337524e-03
3.316847840324044228e-03
3.316574729979038239e-03
3.316301852464675903e-03
3.316028742119669914e-03
3.315755631774663925e-03
3.315482754260301590e-03
3.315209643915295601e-03
3.314936766400933266e-03
3.314664121717214584e-03
3.314391477033495903e-03
3.314118599519133568e-03
3.313845954835414886e-03
3.313573310151696205e-03
3.313300665467977524e-03
3.313028253614902496e-03
3.312755841761827469e-03
3.312483197078108788e-03
3.312210785225033760e-03
3.311938606202602386e-03
3.311666427180171013e-03
3.311394015327095985e-03
3.311121836304664612e-03
3.310849657282233238e-03
3.310577478259801865e-03
3.310305532068014145e-03
3.310033585876226425e-03
3.309761406853795052e-03
3.309489460662007332e-03
3.309217747300863266e-03
3.308945801109075546e-03
3.308674087747931480e-03
3.308402607217431068e-03
3.308130893856287003e-03
3.307859180495142937e-03
3.307587467133998871e-03
3.307315986603498459e-03
3.307044506072998047e-03
3.306773025542497635e-03
3.306501777842640877e-03
3.306230297312140465e-03
3.305959049612283707e-03
3.305687801912426949e-03
3.305416554212570190e-03
3.305145306512713432e-03
3.304874291643500328e-03
3.304603276774287224e-03
3.304332261905074120e-03
3.304061247035861015e-03
3.303790464997291565e-03
3.303519450128078461e-03
3.303248668089509010e-03
3.302977886050939560e-03
3.302707104012370110e-03
3.302436321973800659e-03
3.302165772765874863e-03
3.301895456388592720e-03
3.301624674350023270e-03
3.301354357972741127e-03
3.301083808764815331e-03
3.300813492387533188e-03
3.300542943179607391e-03
3.300272859632968903e-03
3.300002543255686760e-03
3.299732459709048271e-03
3.299462376162409782e-03
3.299192292615771294e-03
3.298921976238489151e-03
3.298652125522494316e-03
3.298382274806499481e-03
3.298112191259860992e-03
3.297842340543866158e-03
3.297572722658514977e-03
3.297302871942520142e-03
3.297033021226525307e-03
3.296763403341174126e-03
3.296493785455822945e-03
3.296224167570471764e-03
3.295954782515764236e-03
3.295685164630413055e-03
3.295415779575705528e-03
3.295146394520998001e-03
3.294877009466290474e-03
3.294607624411582947e-03
3.294338239356875420e-03
3.294069087132811546e-03
3.293799934908747673e-03
3.293530782684683800e-03
3.293261630460619926e-03
3.292992943897843361e-03
3.292723558843135834e-03
3.292454872280359268e-03
3.292185720056295395e-03
3.291917033493518829e-03
3.291648114100098610e-03
3.291379660367965698e-03
3.291110973805189133e-03
3.290842287242412567e-03
3.290573600679636002e-03
3.290304914116859436e-03
3.290036460384726524e-03
3.289768239483237267e-03
3.289499785751104355e-03
3.289231332018971443e-03
3.288963111117482185e-03
3.288694657385349274e-03
3.288426436483860016e-03
3.288158448413014412e-03
3.287890227511525154e-03
3.287622006610035896e-03
3.287354018539190292e-03
3.287086263298988342e-03
3.286818275228142738e-03
3.286550287157297134e-03
3.286282299086451530e-03
3.286014543846249580e-03
3.285746788606047630e-03
3.285479033365845680e-03
3.285211510956287384e-03
3.284943755716085434e-03
3.284676233306527138e-03
3.284408710896968842e-03
3.284141421318054199e-03
3.283873898908495903e-03
3.283606376498937607e-03
3.283339319750666618e-03
3.283071797341108322e-03
3.282804740592837334e-03
3.282537451013922691e-03
3.282270394265651703e-03
3.282003104686737061e-03
3.281736280769109726e-03
3.281469224020838737e-03
3.281202400103211403e-03
3.280935343354940414e-03
3.280668519437313080e-03
3.280401695519685745e-03
3.280134871602058411e-03
3.279868047684431076e-03
3.279601456597447395e-03
3.279334865510463715e-03
3.279068274423480034e-03
3.278801683336496353e-03
3.278535092249512672e-03
3.278268733993172646e-03
3.278002375736832619e-03
3.277736017480492592e-03
3.277469659224152565e-03
3.277203300967812538e-03
3.276937175542116165e-03
3.276671050116419792e-03
3.276404924690723419e-03
3.276138799265027046e-03
3.275872906669974327e-03
3.275606781244277954e-03
3.275340888649225235e-03
3.275074763223528862e-03
3.274809103459119797e-03
3.274543210864067078e-03
3.274277551099658012e-03
3.274011658504605293e-03
3.273746231570839882e-03
3.273480338975787163e-03
3.273214912042021751e-03
3.272949485108256340e-03
3.272683825343847275e-03
3.272418631240725517e-03
3.272153204306960106e-03
3.271887777373194695e-03
3.271622350439429283e-03
3.271357389166951180e-03
3.271092195063829422e-03
3.270826768130064011e-03
3.270561574026942253e-03
3.270296845585107803e-03
3.270031651481986046e-03
3.269766690209507942e-03
3.269501961767673492e-03
3.269236767664551735e-03
3.268972039222717285e-03
3.268707310780882835e-03
3.268442582339048386e-03
3.268177853897213936e-03
3.267913125455379486e-03
3.267648397013545036e-03
3.267383901402354240e-03
3.267119405791163445e-03
3.266854910179972649e-03
3.266590647399425507e-03
3.266326151788234711e-03
3.266061656177043915e-03
3.265797393396496773e-03
3.265533363446593285e-03
3.265269100666046143e-03
3.265005070716142654e-03
3.264740807935595512e-03
3.264476545155048370e-03
3.264212748035788536e-03
3.263948950916528702e-03
3.263684920966625214e-03
3.263421123847365379e-03
3.263157093897461891e-03
3.262893529608845711e-03
3.262629732489585876e-03
3.262365935370326042e-03
3.262102603912353516e-03
3.261838806793093681e-03
3.261575242504477501e-03
3.261311678215861320e-03
3.261048346757888794e-03
3.260785015299916267e-03
3.260521451011300087e-03
3.260258119553327560e-03
3.259995020925998688e-03
3.259731689468026161e-03
3.259468590840697289e-03
3.259205492213368416e-03
3.258942393586039543e-03
3.258679294958710670e-03
3.258416429162025452e-03
3.258153330534696579e-03
3.257890464738011360e-03
3.257627598941326141e-03
3.257364733144640923e-03
3.257102100178599358e-03
3.256839234381914139e-03
3.256576601415872574e-03
3.256313735619187355e-03
3.256051335483789444e-03
3.255788702517747879e-03
3.255526069551706314e-03
3.255263902246952057e-03
3.255001269280910492e-03
3.254738869145512581e-03
3.254476701840758324e-03
3.254214301705360413e-03
3.253952134400606155e-03
3.253689967095851898e-03
3.253427799791097641e-03
3.253165865316987038e-03
3.252903698012232780e-03
3.252641763538122177e-03
3.252379829064011574e-03
3.252117894589900970e-03
3.251855960115790367e-03
3.251594258472323418e-03
3.251332323998212814e-03
3.251070622354745865e-03
3.250808920711278915e-03
3.250547451898455620e-03
