6.121413782238960266e-03
6.119402591139078140e-03
6.117391865700483322e-03
6.115383002907037735e-03
6.113374605774879456e-03
6.111367605626583099e-03
6.109361536800861359e-03
6.107356864959001541e-03
6.105352658778429031e-03
6.103349849581718445e-03
6.101347971707582474e-03
6.099347490817308426e-03
6.097347941249608994e-03
6.095348857343196869e-03
6.093351636081933975e-03
6.091354880481958389e-03
6.089359521865844727e-03
6.087365094572305679e-03
6.085372064262628555e-03
6.083379499614238739e-03
6.081388331949710846e-03
6.079398561269044876e-03
6.077409256249666214e-03
6.075421348214149475e-03
6.073434371501207352e-03
6.071448326110839844e-03
6.069463677704334259e-03
6.067479494959115982e-03
6.065496709197759628e-03
6.063514854758977890e-03
6.061534397304058075e-03
6.059554871171712875e-03
6.057576276361942291e-03
6.055598612874746323e-03
6.053622346371412277e-03
6.051646545529365540e-03
6.049672607332468033e-03
6.047699134796857834e-03
6.045726593583822250e-03
6.043755449354648590e-03
6.041785236448049545e-03
6.039815954864025116e-03
6.037848070263862610e-03
6.035880651324987411e-03
6.033914629369974136e-03
6.031949538737535477e-03
6.029985845088958740e-03
6.028022617101669312e-03
6.026060786098241806e-03
6.024099886417388916e-03
6.022139918059110641e-03
6.020181346684694290e-03
6.018223706632852554e-03
6.016266997903585434e-03
6.014311220496892929e-03
6.012356374412775040e-03
6.010402925312519073e-03
6.008449941873550415e-03
6.006498355418443680e-03
6.004548165947198868e-03
6.002598442137241364e-03
6.000650115311145782e-03
5.998702254146337509e-03
5.996755789965391159e-03
5.994810722768306732e-03
5.992866121232509613e-03
5.990922916680574417e-03
5.988980643451213837e-03
5.987039301544427872e-03
5.985098890960216522e-03
5.983159877359867096e-03
5.981221329420804977e-03
5.979284644126892090e-03
5.977348424494266510e-03
5.975412670522928238e-03
5.973478779196739197e-03
5.971545819193124771e-03
5.969613324850797653e-03
5.967682227492332458e-03
5.965752061456441879e-03
5.963823292404413223e-03
5.961895454674959183e-03
5.959968082606792450e-03
5.958042107522487640e-03
5.956117063760757446e-03
5.954192951321601868e-03
5.952270235866308212e-03
5.950348451733589172e-03
5.948427133262157440e-03
5.946507211774587631e-03
5.944588687270879745e-03
5.942670628428459167e-03
5.940753500908613205e-03
5.938837770372629166e-03
5.936922971159219742e-03
5.935009103268384933e-03
5.933096166700124741e-03
5.931184161454439163e-03
5.929273087531328201e-03
5.927363410592079163e-03
5.925454664975404739e-03
5.923546850681304932e-03
5.921639502048492432e-03
5.919734016060829163e-03
5.917829461395740509e-03
5.915925372391939163e-03
5.914022214710712433e-03
5.912120454013347626e-03
5.910219624638557434e-03
5.908319726586341858e-03
5.906421225517988205e-03
5.904522724449634552e-03
5.902626551687717438e-03
5.900730378925800323e-03
5.898835603147745132e-03
5.896941758692264557e-03
5.895048845559358597e-03
5.893156863749027252e-03
5.891265813261270523e-03
5.889376159757375717e-03
5.887486971914768219e-03
5.885599181056022644e-03
5.883712321519851685e-03
5.881826393306255341e-03
5.879941396415233612e-03
5.878057330846786499e-03
5.876174662262201309e-03
5.874292459338903427e-03
5.872411653399467468e-03
5.870531313121318817e-03
5.868652369827032089e-03
5.866774357855319977e-03
5.864897277206182480e-03
5.863021127879619598e-03
5.861145909875631332e-03
5.859272088855504990e-03
5.857398733496665955e-03
5.855526775121688843e-03
5.853655282407999039e-03
5.851785186678171158e-03
5.849916022270917892e-03
5.848047789186239243e-03
5.846180487424135208e-03
5.844314116984605789e-03
5.842448677867650986e-03
5.840584635734558105e-03
5.838721059262752533e-03
5.836858879774808884e-03
5.834997165948152542e-03
5.833136849105358124e-03
5.831277463585138321e-03
5.829419009387493134e-03
5.827561020851135254e-03
5.825704894959926605e-03
5.823849234730005264e-03
5.821994505822658539e-03
5.820140708237886429e-03
5.818288307636976242e-03
5.816436372697353363e-03
5.814585834741592407e-03
5.812735762447118759e-03
5.810887087136507034e-03
5.809039343148469925e-03
5.807192530483007431e-03
5.805346649140119553e-03
5.803501699119806290e-03
5.801657214760780334e-03
5.799814593046903610e-03
5.797971971333026886e-03
5.796131212264299393e-03
5.794290918856859207e-03
5.792451556771993637e-03
5.790613591670989990e-03
5.788776557892560959e-03
5.786939989775419235e-03
5.785104352980852127e-03
5.783270113170146942e-03
5.781436804682016373e-03
5.779603961855173111e-03
5.777772516012191772e-03
5.775942001491785049e-03
5.774111952632665634e-03
5.772283300757408142e-03
5.770455580204725266e-03
5.768628790974617004e-03
5.766802933067083359e-03
5.764978006482124329e-03
5.763154011219739914e-03
5.761330947279930115e-03
5.759508814662694931e-03
5.757687613368034363e-03
5.755867809057235718e-03
5.754048470407724380e-03
5.752230063080787659e-03
5.750412587076425552e-03
5.748596508055925369e-03
5.746780894696712494e-03
5.744966212660074234e-03
5.743152927607297897e-03
5.741340108215808868e-03
5.739528220146894455e-03
5.737717729061841965e-03
5.735907703638076782e-03
5.734098609536886215e-03
5.732290912419557571e-03
5.730483680963516235e-03
5.728677846491336823e-03
5.726872477680444717e-03
5.725068505853414536e-03
5.723264999687671661e-03
5.721462424844503403e-03
5.719661246985197067e-03
5.717860534787178040e-03
5.716061219573020935e-03
5.714262835681438446e-03
5.712464917451143265e-03
5.710668396204710007e-03
5.708872340619564056e-03
5.707077682018280029e-03
5.705283489078283310e-03
5.703490227460861206e-03
5.701698362827301025e-03
5.699906963855028152e-03
5.698116496205329895e-03
5.696327425539493561e-03
5.694538820534944534e-03
5.692751612514257431e-03
5.690964870154857635e-03
5.689179059118032455e-03
5.687394645065069199e-03
5.685610696673393250e-03
5.683827679604291916e-03
5.682045593857765198e-03
5.680264439433813095e-03
5.678484216332435608e-03
5.676705390214920044e-03
5.674926564097404480e-03
5.673149134963750839e-03
5.671372637152671814e-03
5.669597536325454712e-03
5.667822435498237610e-03
5.666048731654882431e-03
5.664275959134101868e-03
5.662504117935895920e-03
5.660732742398977280e-03
5.658962763845920563e-03
5.657193716615438461e-03
5.655425600707530975e-03
5.653657950460910797e-03
5.651891231536865234e-03
5.650125909596681595e-03
5.648361518979072571e-03
5.646597594022750854e-03
5.644834600389003754e-03
5.643072538077831268e-03
5.641311407089233398e-03
5.639551207423210144e-03
5.637792404741048813e-03
5.636033602058887482e-03
5.634276196360588074e-03
5.632519721984863281e-03
5.630764178931713104e-03
5.629009567201137543e-03
5.627255886793136597e-03
5.625502672046422958e-03
5.623750388622283936e-03
5.621999502182006836e-03
5.620249081403017044e-03
5.618499591946601868e-03
5.616751499474048615e-03
5.615003872662782669e-03
5.613256711512804031e-03
5.611511413007974625e-03
5.609766114503145218e-03
5.608022212982177734e-03
5.606279242783784866e-03
5.604536738246679306e-03
5.602795630693435669e-03
5.601054988801479340e-03
5.599315278232097626e-03
5.597576964646577835e-03
5.595839116722345352e-03
5.594101734459400177e-03
5.592366214841604233e-03
5.590630695223808289e-03
5.588896572589874268e-03
5.587163381278514862e-03
5.585430655628442764e-03
5.583698861300945282e-03
5.581968463957309723e-03
5.580238532274961472e-03
5.578509531915187836e-03
5.576781462877988815e-03
5.575054325163364410e-03
5.573327653110027313e-03
5.571602378040552139e-03
5.569878034293651581e-03
5.568154156208038330e-03
5.566431209444999695e-03
5.564709194004535675e-03
5.562988109886646271e-03
5.561267957091331482e-03
5.559548735618591309e-03
5.557829979807138443e-03
5.556112620979547501e-03
5.554395727813243866e-03
5.552680231630802155e-03
5.550964735448360443e-03
5.549251101911067963e-03
5.547537468373775482e-03
5.545825231820344925e-03
5.544113926589488983e-03
5.542403087019920349e-03
5.540693178772926331e-03
5.538984201848506927e-03
5.537276156246662140e-03
5.535569041967391968e-03
5.533862859010696411e-03
5.532157141715288162e-03
5.530452821403741837e-03
5.528748966753482819e-03
5.527046043425798416e-03
5.525344051420688629e-03
5.523642990738153458e-03
5.521942395716905594e-03
5.520243197679519653e-03
5.518544465303421021e-03
5.516846664249897003e-03
5.515149794518947601e-03
5.513453856110572815e-03
5.511758383363485336e-03
5.510064307600259781e-03
5.508370697498321533e-03
5.506678018718957901e-03
5.504986271262168884e-03
5.503295455127954483e-03
5.501605570316314697e-03
5.499916151165962219e-03
5.498227663338184357e-03
5.496540106832981110e-03
5.494853481650352478e-03
5.493167787790298462e-03
5.491482559591531754e-03
5.489798728376626968e-03
5.488115362823009491e-03
5.486432928591966629e-03
5.484751425683498383e-03
5.483070854097604752e-03
5.481390748172998428e-03
5.479711573570966721e-03
5.478033330291509628e-03
5.476356018334627151e-03
5.474679172039031982e-03
5.473003722727298737e-03
5.471328739076852798e-03
5.469654686748981476e-03
5.467981565743684769e-03
5.466308910399675369e-03
5.464637652039527893e-03
5.462966859340667725e-03
5.461296997964382172e-03
5.459628067910671234e-03
5.457959603518247604e-03
5.456292536109685898e-03
5.454625934362411499e-03
5.452959798276424408e-03
5.451295059174299240e-03
5.449631251394748688e-03
5.447967909276485443e-03
5.446305498480796814e-03
5.444644019007682800e-03
5.442983470857143402e-03
5.441323388367891312e-03
5.439664237201213837e-03
5.438006017357110977e-03
5.436348728835582733e-03
5.434692371636629105e-03
5.433036480098962784e-03
5.431381519883871078e-03
5.429727490991353989e-03
5.428073927760124207e-03
5.426421295851469040e-03
5.424769595265388489e-03
5.423118826001882553e-03
5.421468988060951233e-03
5.419819615781307220e-03
5.418171174824237823e-03
5.416523665189743042e-03
5.414877086877822876e-03
5.413230974227190018e-03
5.411586258560419083e-03
5.409941542893648148e-03
5.408298224210739136e-03
5.406655371189117432e-03
5.405013449490070343e-03
5.403372459113597870e-03
5.401732400059700012e-03
5.400092806667089462e-03
5.398454144597053528e-03
5.396816413849592209e-03
5.395179614424705505e-03
5.393543280661106110e-03
5.391907878220081329e-03
5.390273407101631165e-03
5.388639401644468307e-03
5.387006327509880066e-03
5.385374184697866440e-03
5.383742973208427429e-03
5.382112227380275726e-03
5.380482412874698639e-03
5.378853995352983475e-03
5.377225577831268311e-03
5.375598091632127762e-03
5.373972002416849136e-03
5.372345913201570511e-03
5.370720755308866501e-03
5.369096994400024414e-03
5.367473699152469635e-03
5.365850869566202164e-03
5.364228971302509308e-03
5.362608004361391068e-03
5.360987968742847443e-03
5.359368864446878433e-03
5.357750225812196732e-03
5.356132518500089645e-03
5.354515276849269867e-03
5.352898966521024704e-03
5.351283587515354156e-03
5.349668674170970917e-03
5.348055157810449600e-03
5.346442107111215591e-03
5.344829987734556198e-03
5.343218799680471420e-03
5.341608077287673950e-03
5.339997820556163788e-03
5.338388960808515549e-03
5.336780566722154617e-03
5.335173103958368301e-03
5.333566106855869293e-03
5.331960041075944901e-03
5.330355372279882431e-03
5.328750703483819962e-03
5.327146966010332108e-03
5.325544159859418869e-03
5.323942285031080246e-03
5.322340875864028931e-03
5.320740398019552231e-03
5.319140851497650146e-03
5.317541770637035370e-03
5.315943621098995209e-03
5.314346402883529663e-03
5.312749650329351425e-03
5.311153829097747803e-03
5.309558939188718796e-03
5.307964514940977097e-03
5.306371022015810013e-03
5.304778460413217545e-03
5.303186364471912384e-03
5.301595199853181839e-03
5.300004500895738602e-03
5.298415198922157288e-03
5.296826362609863281e-03
5.295237991958856583e-03
5.293651018291711807e-03
5.292064044624567032e-03
5.290478467941284180e-03
5.288893356919288635e-03
5.287309177219867706e-03
5.285725463181734085e-03
5.284142680466175079e-03
5.282560829073190689e-03
5.280979443341493607e-03
5.279399454593658447e-03
5.277819465845823288e-03
5.276240874081850052e-03
5.274662282317876816e-03
5.273085087537765503e-03
5.271508824080228806e-03
5.269932560622692108e-03
5.268357694149017334e-03
5.266783293336629868e-03
5.265209358185529709e-03
5.263636354357004166e-03
5.262064747512340546e-03
5.260493140667676926e-03
5.258922930806875229e-03
5.257352720946073532e-03
5.255783908069133759e-03
5.254215560853481293e-03
5.252648144960403442e-03
5.251081194728612900e-03
5.249515175819396973e-03
5.247949622571468353e-03
5.246385000646114349e-03
5.244821310043334961e-03
5.243258550763130188e-03
5.241695791482925415e-03
5.240134429186582565e-03
5.238573532551527023e-03
5.237013567239046097e-03
