6.362857297062873840e-03
6.360441446304321289e-03
6.358026992529630661e-03
6.355613470077514648e-03
6.353202275931835175e-03
6.350792013108730316e-03
6.348383612930774689e-03
6.345976144075393677e-03
6.343570537865161896e-03
6.341166328638792038e-03
6.338763982057571411e-03
6.336362566798925400e-03
6.333962548524141312e-03
6.331564858555793762e-03
6.329168099910020828e-03
6.326772738248109818e-03
6.324378773570060730e-03
6.321986671537160873e-03
6.319595966488122940e-03
6.317206658422946930e-03
6.314818747341632843e-03
6.312432233244180679e-03
6.310047116130590439e-03
6.307663861662149429e-03
6.305282004177570343e-03
6.302901543676853180e-03
6.300522480159997940e-03
6.298144813627004623e-03
6.295768544077873230e-03
6.293394137173891068e-03
6.291021127253770828e-03
6.288649048656225204e-03
6.286278832703828812e-03
6.283910013735294342e-03
6.281543057411909103e-03
6.279177032411098480e-03
6.276812870055437088e-03
6.274449639022350311e-03
6.272088270634412766e-03
6.269728299230337143e-03
6.267369724810123444e-03
6.265012547373771667e-03
6.262656766921281815e-03
6.260302849113941193e-03
6.257949862629175186e-03
6.255598738789558411e-03
6.253249011933803558e-03
6.250900682061910629e-03
6.248553283512592316e-03
6.246207747608423233e-03
6.243864074349403381e-03
6.241521332412958145e-03
6.239179987460374832e-03
6.236840039491653442e-03
6.234501954168081284e-03
6.232165265828371048e-03
6.229829974472522736e-03
6.227496080100536346e-03
6.225163117051124573e-03
6.222832016646862030e-03
6.220502778887748718e-03
6.218174006789922714e-03
6.215847562998533249e-03
6.213522050529718399e-03
6.211198400706052780e-03
6.208875682204961777e-03
6.206554826349020004e-03
6.204234901815652847e-03
6.201916839927434921e-03
6.199600175023078918e-03
6.197284907102584839e-03
6.194971036165952682e-03
6.192658562213182449e-03
6.190347485244274139e-03
6.188037805259227753e-03
6.185729522258043289e-03
6.183422636240720749e-03
6.181117147207260132e-03
6.178813055157661438e-03
6.176510360091924667e-03
6.174209527671337128e-03
6.171909626573324203e-03
6.169611588120460510e-03
6.167314480990171432e-03
6.165019236505031586e-03
6.162724923342466354e-03
6.160432472825050354e-03
6.158140953630208969e-03
6.155851297080516815e-03
6.153563037514686584e-03
6.151275709271430969e-03
6.148990243673324585e-03
6.146705709397792816e-03
6.144423037767410278e-03
6.142141763120889664e-03
6.139861419796943665e-03
6.137582939118146896e-03
6.135305855423212051e-03
6.133029703050851822e-03
6.130755413323640823e-03
6.128482520580291748e-03
6.126210559159517288e-03
6.123940460383892059e-03
6.121671758592128754e-03
6.119404453784227371e-03
6.117138080298900604e-03
6.114873569458723068e-03
6.112610455602407455e-03
6.110348273068666458e-03
6.108087953180074692e-03
6.105829030275344849e-03
6.103571038693189621e-03
6.101314909756183624e-03
6.099059712141752243e-03
6.096805911511182785e-03
6.094553973525762558e-03
6.092302966862916946e-03
6.090053822845220566e-03
6.087805610150098801e-03
6.085559260100126266e-03
6.083313841372728348e-03
6.081069819629192352e-03
6.078827194869518280e-03
6.076585967093706131e-03
6.074346136301755905e-03
6.072107702493667603e-03
6.069870665669441223e-03
6.067635025829076767e-03
6.065400782972574234e-03
6.063167937099933624e-03
6.060936022549867630e-03
6.058705970644950867e-03
6.056477315723896027e-03
6.054249592125415802e-03
6.052023731172084808e-03
6.049798801541328430e-03
6.047575734555721283e-03
6.045353133231401443e-03
6.043132860213518143e-03
6.040913518518209457e-03
6.038695573806762695e-03
6.036478560417890549e-03
6.034263409674167633e-03
6.032049655914306641e-03
6.029837299138307571e-03
6.027625873684883118e-03
6.025416310876607895e-03
6.023207679390907288e-03
6.021000444889068604e-03
6.018795073032379150e-03
6.016590166836977005e-03
6.014387588948011398e-03
6.012185476720333099e-03
6.009985227137804031e-03
6.007786374539136887e-03
6.005588453263044357e-03
6.003391928970813751e-03
6.001196801662445068e-03
5.999003536999225616e-03
5.996811203658580780e-03
5.994619801640510559e-03
5.992430262267589569e-03
5.990242119878530502e-03
5.988054908812046051e-03
5.985869560390710831e-03
5.983685143291950226e-03
5.981502123177051544e-03
5.979320500046014786e-03
5.977140273898839951e-03
5.974960979074239731e-03
5.972783546894788742e-03
5.970607046037912369e-03
5.968431942164897919e-03
5.966258235275745392e-03
5.964085925370454788e-03
5.961915012449026108e-03
5.959745496511459351e-03
5.957576911896467209e-03
5.955409724265336990e-03
5.953244399279356003e-03
5.951079539954662323e-03
5.948917008936405182e-03
5.946754943579435349e-03
5.944594275206327438e-03
5.942435003817081451e-03
5.940277595072984695e-03
5.938121117651462555e-03
5.935965571552515030e-03
5.933811888098716736e-03
5.931659135967493057e-03
5.929507780820131302e-03
5.927358288317918777e-03
5.925209727138280869e-03
5.923062097281217575e-03
5.920915864408016205e-03
5.918771494179964066e-03
5.916627589613199234e-03
5.914485547691583633e-03
5.912344902753829956e-03
5.910205654799938202e-03
5.908066872507333755e-03
5.905930418521165848e-03
5.903794430196285248e-03
5.901660304516553879e-03
5.899527110159397125e-03
5.897395778447389603e-03
5.895264912396669388e-03
5.893135908991098404e-03
5.891008302569389343e-03
5.888881627470254898e-03
5.886756349354982376e-03
5.884632468223571777e-03
5.882509518414735794e-03
5.880388431251049042e-03
5.878268275409936905e-03
5.876149516552686691e-03
5.874031689018011093e-03
5.871915724128484726e-03
5.869800690561532974e-03
5.867687053978443146e-03
5.865574348717927933e-03
5.863463506102561951e-03
5.861353594809770584e-03
5.859245080500841141e-03
5.857137963175773621e-03
5.855031777173280716e-03
5.852926988154649734e-03
5.850823596119880676e-03
5.848721601068973541e-03
5.846620537340641022e-03
5.844520870596170425e-03
5.842422600835561752e-03
5.840325728058815002e-03
5.838229786604642868e-03
5.836135242134332657e-03
5.834042094647884369e-03
5.831949878484010696e-03
5.829859059303998947e-03
5.827769637107849121e-03
5.825681611895561218e-03
5.823594518005847931e-03
5.821509286761283875e-03
5.819424521178007126e-03
5.817341152578592300e-03
5.815259646624326706e-03
5.813178606331348419e-03
5.811099428683519363e-03
5.809021648019552231e-03
5.806944333016872406e-03
5.804868880659341812e-03
5.802794359624385834e-03
5.800721701234579086e-03
5.798649508506059647e-03
5.796579178422689438e-03
5.794509779661893845e-03
5.792441777884960175e-03
5.790374707430601120e-03
5.788309033960103989e-03
5.786244757473468781e-03
5.784181877970695496e-03
5.782119929790496826e-03
5.780059378594160080e-03
5.777999758720397949e-03
5.775941535830497742e-03
5.773885175585746765e-03
5.771829281002283096e-03
5.769774783402681351e-03
5.767721682786941528e-03
5.765669979155063629e-03
5.763619206845760345e-03
5.761569831520318985e-03
5.759521387517452240e-03
5.757474340498447418e-03
5.755428690463304520e-03
5.753384437412023544e-03
5.751341115683317184e-03
5.749299190938472748e-03
5.747258197516202927e-03
5.745218601077795029e-03
5.743180401623249054e-03
5.741143133491277695e-03
5.739107262343168259e-03
5.737072788178920746e-03
5.735039245337247849e-03
5.733007099479436874e-03
5.730975884944200516e-03
5.728946067392826080e-03
5.726917646825313568e-03
5.724890157580375671e-03
5.722864065319299698e-03
5.720839370042085648e-03
5.718815606087446213e-03
5.716793239116668701e-03
5.714771803468465805e-03
5.712751764804124832e-03
5.710733123123645782e-03
5.708715412765741348e-03
5.706699099391698837e-03
5.704683717340230942e-03
5.702669732272624969e-03
5.700657144188880920e-03
5.698645487427711487e-03
5.696635227650403976e-03
5.694626364856958389e-03
5.692618433386087418e-03
5.690611433237791061e-03
5.688605830073356628e-03
5.686601623892784119e-03
5.684598814696073532e-03
5.682596471160650253e-03
5.680595990270376205e-03
5.678596440702676773e-03
5.676598288118839264e-03
5.674601066857576370e-03
5.672605242580175400e-03
5.670610349625349045e-03
5.668616853654384613e-03
5.666624289005994797e-03
5.664633587002754211e-03
5.662643816322088242e-03
5.660654511302709579e-03
5.658667068928480148e-03
5.656681023538112640e-03
5.654695909470319748e-03
5.652711726725101471e-03
5.650728940963745117e-03
5.648747552186250687e-03
5.646767094731330872e-03
5.644787568598985672e-03
5.642809439450502396e-03
5.640832707285881042e-03
5.638856906443834305e-03
5.636882502585649490e-03
5.634909030050039291e-03
5.632936954498291016e-03
5.630966275930404663e-03
5.628996528685092926e-03
5.627027712762355804e-03
5.625060293823480606e-03
5.623093806207180023e-03
5.621128715574741364e-03
5.619165021926164627e-03
5.617202259600162506e-03
5.615240894258022308e-03
5.613279994577169418e-03
5.611320957541465759e-03
5.609362851828336716e-03
5.607406143099069595e-03
5.605450365692377090e-03
5.603495519608259201e-03
5.601542536169290543e-03
5.599590018391609192e-03
5.597639363259077072e-03
5.595689173787832260e-03
5.593740381300449371e-03
5.591792985796928406e-03
5.589846521615982056e-03
5.587901454418897629e-03
5.585957318544387817e-03
5.584014113992452621e-03
5.582072306424379349e-03
5.580131895840167999e-03
5.578192416578531265e-03
5.576253868639469147e-03
5.574317183345556259e-03
5.572380963712930679e-03
5.570446141064167023e-03
5.568512249737977982e-03
5.566579755395650864e-03
5.564648192375898361e-03
5.562718026340007782e-03
5.560789257287979126e-03
5.558860953897237778e-03
5.556934513151645660e-03
5.555008538067340851e-03
5.553083959966897964e-03
5.551160778850317001e-03
5.549238529056310654e-03
5.547317210584878922e-03
5.545397289097309113e-03
5.543478764593601227e-03
5.541561171412467957e-03
5.539644509553909302e-03
5.537729244679212570e-03
5.535814911127090454e-03
5.533901508897542953e-03
5.531989503651857376e-03
5.530078895390033722e-03
5.528169218450784683e-03
5.526260472834110260e-03
5.524353124201297760e-03
5.522446706891059875e-03
5.520541686564683914e-03
5.518637597560882568e-03
5.516734439879655838e-03
5.514832679182291031e-03
5.512931849807500839e-03
5.511032417416572571e-03
5.509133916348218918e-03
5.507236812263727188e-03
5.505340639501810074e-03
5.503445398062467575e-03
5.501551553606987000e-03
5.499658640474081039e-03
5.497767124325037003e-03
5.495876539498567581e-03
5.493986885994672775e-03
5.492098629474639893e-03
5.490211304277181625e-03
5.488325376063585281e-03
5.486440379172563553e-03
5.484556779265403748e-03
5.482673645019531250e-03
5.480791907757520676e-03
5.478911567479372025e-03
5.477032158523797989e-03
5.475153680890798569e-03
5.473276600241661072e-03
5.471400450915098190e-03
5.469525232911109924e-03
5.467651411890983582e-03
5.465778987854719162e-03
5.463907029479742050e-03
5.462036468088626862e-03
5.460167303681373596e-03
5.458298604935407639e-03
5.456431303173303604e-03
5.454565398395061493e-03
5.452700424939393997e-03
5.450836382806301117e-03
5.448973271995782852e-03
5.447112023830413818e-03
5.445250775665044785e-03
5.443391390144824982e-03
5.441532935947179794e-03
5.439675413072109222e-03
5.437819287180900574e-03
5.435964092612266541e-03
5.434110295027494431e-03
5.432256963104009628e-03
5.430405028164386749e-03
5.428554024547338486e-03
5.426704417914152145e-03
5.424855742603540421e-03
5.423008464276790619e-03
5.421161651611328125e-03
5.419316235929727554e-03
5.417472217231988907e-03
5.415628664195537567e-03
5.413786973804235458e-03
5.411945749074220657e-03
5.410105455666780472e-03
5.408266559243202209e-03
5.406429059803485870e-03
5.404592026025056839e-03
5.402756854891777039e-03
5.400922149419784546e-03
5.399088375270366669e-03
5.397255998104810715e-03
5.395424552261829376e-03
5.393594503402709961e-03
5.391765385866165161e-03
5.389936733990907669e-03
5.388109944760799408e-03
5.386284086853265762e-03
5.384459160268306732e-03
5.382635165005922318e-03
5.380812566727399826e-03
5.378990899771451950e-03
5.377170164138078690e-03
5.375350359827280045e-03
5.373531952500343323e-03
5.371714476495981216e-03
5.369898397475481033e-03
5.368082784116268158e-03
5.366268567740917206e-03
5.364455282688140869e-03
5.362643394619226456e-03
5.360831972211599350e-03
5.359022412449121475e-03
5.357213318347930908e-03
5.355405621230602264e-03
5.353598389774560928e-03
5.351792555302381516e-03
5.349988117814064026e-03
5.348184145987033844e-03
5.346381571143865585e-03
5.344579927623271942e-03
5.342779215425252914e-03
5.340979900211095810e-03
5.339181516319513321e-03
5.337384063750505447e-03
5.335588008165359497e-03
5.333792883902788162e-03
5.331998225301504135e-03
5.330205429345369339e-03
5.328413099050521851e-03
5.326622165739536285e-03
5.324832163751125336e-03
5.323043093085289001e-03
