4.928471986204385757e-03
4.927342757582664490e-03
4.926213994622230530e-03
4.925085697323083878e-03
4.923957865685224533e-03
4.922830499708652496e-03
4.921703599393367767e-03
4.920577164739370346e-03
4.919450730085372925e-03
4.918325226753950119e-03
4.917199723422527313e-03
4.916075151413679123e-03
4.914950579404830933e-03
4.913826938718557358e-03
4.912703298032283783e-03
4.911580123007297516e-03
4.910457413643598557e-03
4.909335169941186905e-03
4.908213391900062561e-03
4.907092079520225525e-03
4.905971232801675797e-03
4.904850851744413376e-03
4.903730936348438263e-03
4.902611486613750458e-03
4.901492036879062653e-03
4.900373518466949463e-03
4.899255000054836273e-03
4.898137412965297699e-03
4.897019825875759125e-03
4.895902704447507858e-03
4.894786048680543900e-03
4.893670324236154556e-03
4.892554134130477905e-03
4.891439341008663177e-03
4.890324082225561142e-03
4.889209754765033722e-03
4.888095892965793610e-03
4.886982031166553497e-03
4.885869100689888000e-03
4.884756635874509811e-03
4.883644171059131622e-03
4.882532171905040741e-03
4.881420638412237167e-03
4.880310036242008209e-03
4.879199434071779251e-03
4.878089297562837601e-03
4.876979626715183258e-03
4.875870421528816223e-03
4.874761682003736496e-03
4.873652942478656769e-03
4.872545134276151657e-03
4.871437791734933853e-03
4.870330449193716049e-03
4.869224037975072861e-03
4.868117626756429672e-03
4.867011681199073792e-03
4.865906666964292526e-03
4.864801187068223953e-03
4.863697104156017303e-03
4.862593021243810654e-03
4.861489403992891312e-03
4.860385786741971970e-03
4.859283100813627243e-03
4.858180414885282516e-03
4.857078660279512405e-03
4.855976905673742294e-03
4.854876082390546799e-03
4.853775259107351303e-03
4.852674901485443115e-03
4.851575475186109543e-03
4.850476048886775970e-03
4.849377088248729706e-03
4.848278593271970749e-03
4.847180098295211792e-03
4.846082534641027451e-03
4.844985436648130417e-03
4.843888338655233383e-03
4.842792171984910965e-03
4.841696005314588547e-03
4.840600769966840744e-03
4.839505534619092941e-03
4.838410764932632446e-03
4.837316460907459259e-03
4.836222622543573380e-03
4.835129249840974808e-03
4.834036342799663544e-03
4.832943435758352280e-03
4.831851460039615631e-03
4.830759484320878983e-03
4.829668439924716949e-03
4.828577395528554916e-03
4.827486816793680191e-03
4.826396703720092773e-03
4.825307056307792664e-03
4.824217874556779861e-03
4.823129158467054367e-03
4.822040908038616180e-03
4.820952657610177994e-03
4.819865338504314423e-03
4.818778485059738159e-03
4.817691631615161896e-03
4.816605243831872940e-03
4.815519787371158600e-03
4.814434330910444260e-03
4.813349340111017227e-03
4.812264814972877502e-03
4.811180755496025085e-03
4.810097161680459976e-03
4.809013567864894867e-03
4.807930439710617065e-03
4.806848242878913879e-03
4.805766511708498001e-03
4.804684780538082123e-03
4.803603515028953552e-03
4.802522715181112289e-03
4.801442380994558334e-03
4.800362512469291687e-03
4.799283109605312347e-03
4.798203706741333008e-03
4.797125235199928284e-03
4.796047229319810867e-03
4.794969223439693451e-03
4.793891683220863342e-03
4.792814608663320541e-03
4.791737999767065048e-03
4.790661856532096863e-03
4.789586178958415985e-03
4.788510967046022415e-03
4.787436220794916153e-03
4.786361474543809891e-03
4.785287659615278244e-03
4.784213844686746597e-03
4.783140961080789566e-03
4.782068077474832535e-03
4.780995659530162811e-03
4.779923707246780396e-03
4.778852220624685287e-03
4.777780734002590179e-03
4.776710178703069687e-03
4.775640089064836502e-03
4.774569999426603317e-03
4.773500841110944748e-03
4.772431682795286179e-03
4.771362990140914917e-03
4.770294763147830963e-03
4.769227001816034317e-03
4.768159240484237671e-03
4.767092410475015640e-03
4.766026046127080917e-03
4.764959681779146194e-03
4.763894248753786087e-03
4.762828815728425980e-03
4.761763848364353180e-03
4.760699346661567688e-03
4.759635310620069504e-03
4.758571740239858627e-03
4.757508635520935059e-03
4.756445530802011490e-03
4.755383357405662537e-03
4.754321184009313583e-03
4.753259941935539246e-03
4.752198699861764908e-03
4.751137923449277878e-03
4.750077612698078156e-03
4.749017767608165741e-03
4.747957922518253326e-03
4.746899008750915527e-03
4.745840094983577728e-03
4.744782112538814545e-03
4.743724130094051361e-03
4.742666613310575485e-03
4.741609562188386917e-03
4.740552976727485657e-03
4.739496856927871704e-03
4.738440737128257751e-03
4.737385548651218414e-03
4.736330825835466385e-03
4.735276103019714355e-03
4.734221845865249634e-03
4.733168054372072220e-03
4.732114728540182114e-03
4.731061402708292007e-03
4.730009008198976517e-03
4.728957079350948334e-03
4.727905616164207458e-03
4.726854152977466583e-03
4.725803155452013016e-03
4.724752623587846756e-03
4.723702557384967804e-03
4.722652956843376160e-03
4.721603821963071823e-03
4.720555152744054794e-03
4.719506483525037766e-03
4.718458745628595352e-03
4.717410542070865631e-03
4.716363735496997833e-03
4.715316463261842728e-03
4.714270122349262238e-03
4.713224247097969055e-03
4.712178837507963181e-03
4.711133427917957306e-03
4.710088483989238739e-03
4.709044471383094788e-03
4.708000458776950836e-03
4.706956911832094193e-03
4.705913364887237549e-03
4.704870749264955521e-03
4.703828599303960800e-03
4.702786449342966080e-03
4.701745230704545975e-03
4.700704012066125870e-03
4.699663259088993073e-03
4.698622971773147583e-03
4.697583150118589401e-03
4.696543328464031219e-03
4.695504438132047653e-03
4.694465547800064087e-03
4.693427123129367828e-03
4.692389164119958878e-03
4.691351670771837234e-03
4.690314643085002899e-03
4.689278081059455872e-03
4.688241519033908844e-03
4.687205888330936432e-03
4.686170257627964020e-03
4.685135092586278915e-03
4.684100393205881119e-03
4.683066159486770630e-03
4.682032391428947449e-03
4.680999089032411575e-03
4.679965786635875702e-03
4.678932949900627136e-03
4.677901044487953186e-03
4.676869139075279236e-03
4.675837233662605286e-03
4.674806259572505951e-03
4.673775751143693924e-03
4.672745242714881897e-03
4.671715665608644485e-03
4.670686088502407074e-03
4.669656977057456970e-03
4.668628331273794174e-03
4.667600151151418686e-03
4.666571971029043198e-03
4.665544722229242325e-03
4.664517473429441452e-03
4.663490690290927887e-03
4.662464372813701630e-03
4.661438520997762680e-03
4.660412669181823730e-03
4.659388214349746704e-03
4.658363293856382370e-03
4.657338839024305344e-03
4.656314849853515625e-03
4.655291326344013214e-03
4.654268268495798111e-03
4.653245676308870316e-03
4.652223084121942520e-03
4.651200957596302032e-03
4.650179762393236160e-03
4.649158567190170288e-03
4.648137837648391724e-03
4.647117573767900467e-03
4.646097309887409210e-03
4.645077511668205261e-03
4.644058644771575928e-03
4.643039777874946594e-03
4.642021376639604568e-03
4.641003441065549850e-03
4.639985971152782440e-03
4.638968966901302338e-03
4.637951496988534927e-03
4.636935424059629440e-03
4.635919351130723953e-03
4.634903278201818466e-03
4.633888136595487595e-03
4.632873460650444031e-03
4.631858784705400467e-03
4.630845040082931519e-03
4.629831295460462570e-03
4.628817550837993622e-03
4.627804737538099289e-03
4.626792389899492264e-03
4.625780042260885239e-03
4.624768625944852829e-03
4.623757209628820419e-03
4.622746258974075317e-03
4.621735773980617523e-03
4.620725754648447037e-03
4.619715735316276550e-03
4.618706181645393372e-03
4.617697093635797501e-03
4.616688471287488937e-03
4.615680314600467682e-03
4.614672157913446426e-03
4.613664932548999786e-03
4.612657707184553146e-03
4.611650947481393814e-03
4.610644653439521790e-03
4.609638825058937073e-03
4.608633462339639664e-03
4.607628099620342255e-03
4.606623668223619461e-03
4.605619236826896667e-03
4.604614805430173874e-03
4.603611305356025696e-03
4.602608270943164825e-03
4.601605236530303955e-03
4.600602667778730392e-03
4.599601030349731445e-03
4.598598927259445190e-03
4.597597755491733551e-03
4.596597049385309219e-03
4.595596343278884888e-03
4.594596102833747864e-03
4.593596328049898148e-03
4.592597018927335739e-03
4.591597709804773331e-03
4.590599332004785538e-03
4.589600954204797745e-03
4.588603042066097260e-03
4.587605595588684082e-03
4.586608614772558212e-03
4.585612099617719650e-03
4.584615584462881088e-03
4.583619534969329834e-03
4.582623951137065887e-03
4.581628832966089249e-03
4.580633714795112610e-03
4.579639527946710587e-03
4.578645341098308563e-03
4.577651619911193848e-03
4.576658364385366440e-03
4.575665574520826340e-03
4.574672784656286240e-03
4.573680926114320755e-03
4.572689067572355270e-03
4.571697674691677094e-03
4.570706281810998917e-03
4.569715820252895355e-03
4.568725824356079102e-03
4.567735362797975540e-03
4.566746298223733902e-03
4.565757233649492264e-03
4.564768169075250626e-03
4.563780035823583603e-03
4.562791902571916580e-03
4.561804234981536865e-03
4.560817033052444458e-03
4.559829831123352051e-03
4.558843560516834259e-03
4.557857289910316467e-03
4.556871484965085983e-03
4.555886145681142807e-03
4.554901272058486938e-03
4.553916864097118378e-03
4.552932456135749817e-03
4.551948513835668564e-03
4.550965037196874619e-03
4.549982026219367981e-03
4.548999015241861343e-03
4.548016469925642014e-03
4.547034855931997299e-03
4.546053241938352585e-03
4.545071627944707870e-03
4.544090479612350464e-03
4.543110262602567673e-03
4.542130045592784882e-03
4.541150294244289398e-03
4.540170542895793915e-03
4.539191722869873047e-03
4.538212902843952179e-03
4.537234548479318619e-03
4.536256659775972366e-03
4.535279236733913422e-03
4.534301813691854477e-03
4.533324856311082840e-03
4.532348364591598511e-03
4.531372338533401489e-03
4.530396778136491776e-03
4.529421217739582062e-03
4.528446588665246964e-03
4.527471493929624557e-03
4.526497330516576767e-03
4.525523632764816284e-03
4.524549935013055801e-03
4.523577168583869934e-03
4.522603936493396759e-03
4.521631635725498199e-03
4.520659334957599640e-03
4.519687965512275696e-03
4.518716596066951752e-03
4.517745692282915115e-03
4.516774788498878479e-03
4.515804816037416458e-03
4.514834843575954437e-03
4.513865336775779724e-03
4.512896295636892319e-03
4.511927254498004913e-03
4.510959144681692123e-03
4.509991034865379333e-03
4.509023390710353851e-03
4.508055746555328369e-03
4.507089033722877502e-03
4.506122320890426636e-03
4.505156073719263077e-03
4.504190292209386826e-03
4.503224510699510574e-03
4.502259660512208939e-03
4.501294810324907303e-03
4.500330425798892975e-03
4.499366506934165955e-03
4.498402588069438934e-03
4.497439134865999222e-03
4.496476147323846817e-03
4.495513625442981720e-03
4.494551103562116623e-03
4.493589047342538834e-03
4.492627922445535660e-03
4.491666331887245178e-03
4.490705672651529312e-03
4.489745479077100754e-03
4.488785285502672195e-03
4.487825091928243637e-03
4.486865829676389694e-03
4.485906567424535751e-03
4.484947770833969116e-03
4.483989905565977097e-03
4.483031574636697769e-03
4.482074175029993057e-03
4.481117241084575653e-03
4.480160307139158249e-03
4.479203373193740845e-03
4.478247370570898056e-03
4.477291367948055267e-03
4.476335830986499786e-03
4.475380759686231613e-03
4.474426154047250748e-03
4.473471548408269882e-03
4.472517408430576324e-03
4.471563734114170074e-03
4.470610525459051132e-03
4.469657316803932190e-03
4.468704573810100555e-03
4.467752296477556229e-03
4.466800484806299210e-03
4.465848673135042191e-03
4.464897792786359787e-03
4.463946912437677383e-03
4.462996032088994980e-03
4.462046083062887192e-03
4.461096134036779404e-03
4.460146650671958923e-03
4.459197632968425751e-03
4.458248615264892578e-03
4.457300063222646713e-03
4.456351976841688156e-03
4.455404356122016907e-03
4.454456735402345657e-03
4.453510046005249023e-03
4.452563356608152390e-03
4.451617132872343063e-03
4.450670909136533737e-03
4.449725151062011719e-03
4.448779858648777008e-03
4.447835031896829605e-03
4.446890205144882202e-03
4.445946309715509415e-03
4.445002414286136627e-03
4.444058518856763840e-03
4.443115089088678360e-03
4.442172590643167496e-03
4.441230092197656631e-03
4.440287593752145767e-03
4.439346026629209518e-03
4.438404459506273270e-03
4.437463358044624329e-03
4.436522722244262695e-03
4.435582086443901062e-03
4.434641916304826736e-03
4.433702211827039719e-03
4.432762507349252701e-03
4.431823734194040298e-03
4.430884961038827896e-03
4.429946653544902802e-03
4.429008346050977707e-03
4.428070504218339920e-03
4.427133128046989441e-03
4.426196217536926270e-03
4.425259772688150406e-03
4.424323327839374542e-03
4.423387348651885986e-03
4.422451835125684738e-03
4.421516321599483490e-03
4.420581273734569550e-03
4.419646691530942917e-03
4.418712109327316284e-03
4.417778458446264267e-03
4.416844807565212250e-03
4.415911156684160233e-03
