3.158428007736802101e-03
3.158151637762784958e-03
3.157875500619411469e-03
3.157599363476037979e-03
3.157323226332664490e-03
3.157047322019934654e-03
3.156771417707204819e-03
3.156495513394474983e-03
3.156219609081745148e-03
3.155943937599658966e-03
3.155668033286929131e-03
3.155392361804842949e-03
3.155116923153400421e-03
3.154841251671314240e-03
3.154565813019871712e-03
3.154290141537785530e-03
3.154014702886343002e-03
3.153739497065544128e-03
3.153464058414101601e-03
3.153188852593302727e-03
3.152913646772503853e-03
3.152638208121061325e-03
3.152363235130906105e-03
3.152088262140750885e-03
3.151813289150595665e-03
3.151538316160440445e-03
3.151263343170285225e-03
3.150988370180130005e-03
3.150713630020618439e-03
3.150438889861106873e-03
3.150164149701595306e-03
3.149889642372727394e-03
3.149615135043859482e-03
3.149340394884347916e-03
3.149065887555480003e-03
3.148791613057255745e-03
3.148517105728387833e-03
3.148242831230163574e-03
3.147968556731939316e-03
3.147694282233715057e-03
3.147420007735490799e-03
3.147145966067910194e-03
3.146871924400329590e-03
3.146597649902105331e-03
3.146323841065168381e-03
3.146049799397587776e-03
3.145775990560650826e-03
3.145502181723713875e-03
3.145228372886776924e-03
3.144954796880483627e-03
3.144680988043546677e-03
3.144407412037253380e-03
3.144133836030960083e-03
3.143860260024666786e-03
3.143586916849017143e-03
3.143313340842723846e-03
3.143039997667074203e-03
3.142766654491424561e-03
3.142493544146418571e-03
3.142220200970768929e-03
3.141947090625762939e-03
3.141673747450113297e-03
3.141400869935750961e-03
3.141127759590744972e-03
3.140854882076382637e-03
3.140582004562020302e-03
3.140309127047657967e-03
3.140036249533295631e-03
3.139763372018933296e-03
3.139490727335214615e-03
3.139218082651495934e-03
3.138945437967777252e-03
3.138673026114702225e-03
3.138400381430983543e-03
3.138127969577908516e-03
3.137855557724833488e-03
3.137583145871758461e-03
3.137310966849327087e-03
3.137038787826895714e-03
3.136766375973820686e-03
3.136494429782032967e-03
3.136222250759601593e-03
3.135950304567813873e-03
3.135678358376026154e-03
3.135406412184238434e-03
3.135134465992450714e-03
3.134862752631306648e-03
3.134590806439518929e-03
3.134319325909018517e-03
3.134047612547874451e-03
3.133775899186730385e-03
3.133504418656229973e-03
3.133232938125729561e-03
3.132961224764585495e-03
3.132689977064728737e-03
3.132418496534228325e-03
3.132147248834371567e-03
3.131875768303871155e-03
3.131604753434658051e-03
3.131333505734801292e-03
3.131062490865588188e-03
3.130791243165731430e-03
3.130520228296518326e-03
3.130249446257948875e-03
3.129978431388735771e-03
3.129707416519522667e-03
3.129436634480953217e-03
3.129165852442383766e-03
3.128895070403814316e-03
3.128624521195888519e-03
3.128353739157319069e-03
3.128083189949393272e-03
3.127812640741467476e-03
3.127542324364185333e-03
3.127271775156259537e-03
3.127001225948333740e-03
3.126730909571051598e-03
3.126460826024413109e-03
3.126190509647130966e-03
3.125920193269848824e-03
3.125650342553853989e-03
3.125380026176571846e-03
3.125110175460577011e-03
3.124840091913938522e-03
3.124570241197943687e-03
3.124300390481948853e-03
3.124030539765954018e-03
3.123760689049959183e-03
3.123491071164608002e-03
3.123221453279256821e-03
3.122951835393905640e-03
3.122682217508554459e-03
3.122412599623203278e-03
3.122143214568495750e-03
3.121873829513788223e-03
3.121604444459080696e-03
3.121335292235016823e-03
3.121065907180309296e-03
3.120796754956245422e-03
3.120527602732181549e-03
3.120258450508117676e-03
3.119989531114697456e-03
3.119720611721277237e-03
3.119451459497213364e-03
3.119182540103793144e-03
3.118913853541016579e-03
3.118644934147596359e-03
3.118376247584819794e-03
3.118107328191399574e-03
3.117838874459266663e-03
3.117570187896490097e-03
3.117301501333713531e-03
3.117033047601580620e-03
3.116764593869447708e-03
3.116496140137314796e-03
3.116227686405181885e-03
3.115959465503692627e-03
3.115691011771559715e-03
3.115422790870070457e-03
3.115154569968581200e-03
3.114886581897735596e-03
3.114618360996246338e-03
3.114350372925400734e-03
3.114082384854555130e-03
3.113814396783709526e-03
3.113546641543507576e-03
3.113278886303305626e-03
3.113011131063103676e-03
3.112743142992258072e-03
3.112475620582699776e-03
3.112207865342497826e-03
3.111940342932939529e-03
3.111672820523381233e-03
3.111405298113822937e-03
3.111137775704264641e-03
3.110870486125349998e-03
3.110603196546435356e-03
3.110335906967520714e-03
3.110068617388606071e-03
3.109801327809691429e-03
3.109534503892064095e-03
3.109267214313149452e-03
3.109000390395522118e-03
3.108733100816607475e-03
3.108466276898980141e-03
3.108199452981352806e-03
3.107932629063725471e-03
3.107665805146098137e-03
3.107398981228470802e-03
3.107132390141487122e-03
3.106865799054503441e-03
3.106598975136876106e-03
3.106332616880536079e-03
3.106066025793552399e-03
3.105799667537212372e-03
3.105533309280872345e-03
3.105266951024532318e-03
3.105000592768192291e-03
3.104734467342495918e-03
3.104468109086155891e-03
3.104201983660459518e-03
3.103935858234763145e-03
3.103669732809066772e-03
3.103403840214014053e-03
3.103137714788317680e-03
3.102872055023908615e-03
3.102606162428855896e-03
3.102340269833803177e-03
3.102074377238750458e-03
3.101808717474341393e-03
3.101543057709932327e-03
3.101277397945523262e-03
3.101011738181114197e-03
3.100746311247348785e-03
3.100480884313583374e-03
3.100215457379817963e-03
3.099950030446052551e-03
3.099684836342930794e-03
3.099419409409165382e-03
3.099154215306043625e-03
3.098889021202921867e-03
3.098624059930443764e-03
3.098358865827322006e-03
3.098093904554843903e-03
3.097828943282365799e-03
3.097563982009887695e-03
3.097299020737409592e-03
3.097034292295575142e-03
3.096769563853740692e-03
3.096504835411906242e-03
3.096240106970071793e-03
3.095975378528237343e-03
3.095710882917046547e-03
3.095446387305855751e-03
3.095181891694664955e-03
3.094917396083474159e-03
3.094653133302927017e-03
3.094388637691736221e-03
3.094124142080545425e-03
3.093860112130641937e-03
3.093595616519451141e-03
3.093331586569547653e-03
3.093067556619644165e-03
3.092803293839097023e-03
3.092539263889193535e-03
3.092275466769933701e-03
3.092011436820030212e-03
3.091747639700770378e-03
3.091483842581510544e-03
3.091220045462250710e-03
3.090956481173634529e-03
3.090692684054374695e-03
3.090429119765758514e-03
3.090165555477142334e-03
3.089901991188526154e-03
3.089638426899909973e-03
3.089375095441937447e-03
3.089111763983964920e-03
3.088848432525992393e-03
3.088584868237376213e-03
3.088321769610047340e-03
3.088058438152074814e-03
3.087795339524745941e-03
3.087532473728060722e-03
3.087269142270088196e-03
3.087006276473402977e-03
3.086743410676717758e-03
3.086480544880032539e-03
3.086217679083347321e-03
3.085954813286662102e-03
3.085692180320620537e-03
3.085429314523935318e-03
3.085166681557893753e-03
3.084904048591852188e-03
3.084641415625810623e-03
3.084379015490412712e-03
3.084116382524371147e-03
3.083853982388973236e-03
3.083591582253575325e-03
3.083329182118177414e-03
3.083067014813423157e-03
3.082804847508668900e-03
3.082542680203914642e-03
3.082280280068516731e-03
3.082018345594406128e-03
3.081756178289651871e-03
3.081494243815541267e-03
3.081232309341430664e-03
3.080970374867320061e-03
3.080708673223853111e-03
3.080446738749742508e-03
3.080185037106275558e-03
3.079923568293452263e-03
3.079661633819341660e-03
3.079399932175874710e-03
3.079138463363051414e-03
3.078876994550228119e-03
3.078615525737404823e-03
3.078354056924581528e-03
3.078092588111758232e-03
3.077831352129578590e-03
3.077570116147398949e-03
3.077308647334575653e-03
3.077047644183039665e-03
3.076786408200860023e-03
3.076525405049324036e-03
3.076264169067144394e-03
3.076003398746252060e-03
3.075742395594716072e-03
3.075481392443180084e-03
3.075220622122287750e-03
3.074959851801395416e-03
3.074699081480503082e-03
3.074438311159610748e-03
3.074177773669362068e-03
3.073917236179113388e-03
3.073656465858221054e-03
3.073395928367972374e-03
3.073135390877723694e-03
3.072875086218118668e-03
3.072614781558513641e-03
3.072354476898908615e-03
3.072094172239303589e-03
3.071833867579698563e-03
3.071573562920093536e-03
3.071313491091132164e-03
3.071053419262170792e-03
3.070793347433209419e-03
3.070533275604248047e-03
3.070273203775286674e-03
3.070013364776968956e-03
3.069753525778651237e-03
3.069493919610977173e-03
3.069234080612659454e-03
3.068974241614341736e-03
3.068714635446667671e-03
3.068455029278993607e-03
3.068195423111319542e-03
3.067935816943645477e-03
3.067676443606615067e-03
3.067416837438941002e-03
3.067157464101910591e-03
3.066898090764880180e-03
3.066638950258493423e-03
3.066379576921463013e-03
3.066120436415076256e-03
3.065861295908689499e-03
3.065602155402302742e-03
3.065343014895915985e-03
3.065084107220172882e-03
3.064825199544429779e-03
3.064566059038043022e-03
3.064307151362299919e-03
3.064048476517200470e-03
3.063789568841457367e-03
3.063530893996357918e-03
3.063272219151258469e-03
3.063013544306159019e-03
3.062754869461059570e-03
3.062496427446603775e-03
3.062237985432147980e-03
3.061979310587048531e-03
3.061720868572592735e-03
3.061462659388780594e-03
3.061204217374324799e-03
3.060946008190512657e-03
3.060687799006700516e-03
3.060429822653532028e-03
3.060171613469719887e-03
3.059913404285907745e-03
3.059655195102095604e-03
3.059397451579570770e-03
3.059139475226402283e-03
3.058881498873233795e-03
3.058623755350708961e-03
3.058365778997540474e-03
3.058108035475015640e-03
3.057850524783134460e-03
3.057592781260609627e-03
3.057335270568728447e-03
3.057077759876847267e-03
3.056820016354322433e-03
3.056562505662441254e-03
3.056305227801203728e-03
3.056047717109322548e-03
3.055790439248085022e-03
3.055533161386847496e-03
3.055275883525609970e-03
3.055018838495016098e-03
3.054761560633778572e-03
3.054504515603184700e-03
3.054247470572590828e-03
3.053990425541996956e-03
3.053733380511403084e-03
3.053476568311452866e-03
3.053219523280858994e-03
3.052962711080908775e-03
3.052706131711602211e-03
3.052449086681008339e-03
3.052192740142345428e-03
3.051935927942395210e-03
3.051679348573088646e-03
3.051422769203782082e-03
3.051166189834475517e-03
3.050909843295812607e-03
3.050653496757149696e-03
3.050396917387843132e-03
3.050140570849180222e-03
3.049884224310517311e-03
3.049628110602498055e-03
3.049371996894478798e-03
3.049115650355815887e-03
3.048859769478440285e-03
3.048603655770421028e-03
3.048347542062401772e-03
3.048091661185026169e-03
3.047835547477006912e-03
3.047579666599631310e-03
3.047324018552899361e-03
3.047068137675523758e-03
3.046812489628791809e-03
3.046556841582059860e-03
3.046301193535327911e-03
3.046045545488595963e-03
3.045789897441864014e-03
3.045534715056419373e-03
3.045279067009687424e-03
3.045023651793599129e-03
3.044768236577510834e-03
3.044513054192066193e-03
3.044257638975977898e-03
3.044002456590533257e-03
3.043747274205088615e-03
3.043492091819643974e-03
3.043237142264842987e-03
3.042981959879398346e-03
3.042727010324597359e-03
3.042472060769796371e-03
3.042217111214995384e-03
3.041962394490838051e-03
3.041707444936037064e-03
3.041452728211879730e-03
3.041197778657078743e-03
3.040943294763565063e-03
3.040688578039407730e-03
3.040434094145894051e-03
3.040179377421736717e-03
3.039925126358866692e-03
3.039670642465353012e-03
3.039416158571839333e-03
3.039161907508969307e-03
3.038907656446099281e-03
3.038653405383229256e-03
3.038399154320359230e-03
3.038144903257489204e-03
3.037890885025262833e-03
3.037636633962392807e-03
3.037382848560810089e-03
3.037128830328583717e-03
3.036874812096357346e-03
3.036620793864130974e-03
3.036367008462548256e-03
3.036113223060965538e-03
3.035859437659382820e-03
3.035605885088443756e-03
3.035352099686861038e-03
3.035098314285278320e-03
3.034844761714339256e-03
3.034591209143400192e-03
3.034337656572461128e-03
3.034084336832165718e-03
3.033830784261226654e-03
3.033577464520931244e-03
3.033324144780635834e-03
3.033070825040340424e-03
3.032817738130688667e-03
3.032564418390393257e-03
3.032311331480741501e-03
3.032058244571089745e-03
3.031805157661437988e-03
3.031552303582429886e-03
3.031299216672778130e-03
3.031046129763126373e-03
3.030793275684118271e-03
3.030540654435753822e-03
3.030287800356745720e-03
3.030035179108381271e-03
3.029782325029373169e-03
3.029529703781008720e-03
3.029277082532644272e-03
3.029024461284279823e-03
3.028772072866559029e-03
3.028519684448838234e-03
3.028267296031117439e-03
3.028014907613396645e-03
3.027762519195675850e-03
3.027510130777955055e-03
3.027257975190877914e-03
3.027005586773157120e-03
3.026753431186079979e-03
