4.444531165063381195e-03
4.443837329745292664e-03
4.443143494427204132e-03
4.442450124770402908e-03
4.441756755113601685e-03
4.441063851118087769e-03
4.440370947122573853e-03
4.439678508788347244e-03
4.438985604792833328e-03
4.438293166458606720e-03
4.437601193785667419e-03
4.436909221112728119e-03
4.436217714101076126e-03
4.435526207089424133e-03
4.434834700077772141e-03
4.434143658727407455e-03
4.433452617377042770e-03
4.432761576026678085e-03
4.432071465998888016e-03
4.431380890309810638e-03
4.430690780282020569e-03
4.430000670254230499e-03
4.429311025887727737e-03
4.428621381521224976e-03
4.427932202816009521e-03
4.427243024110794067e-03
4.426553845405578613e-03
4.425865132361650467e-03
4.425176419317722321e-03
4.424488171935081482e-03
4.423799458891153336e-03
4.423111677169799805e-03
4.422423429787158966e-03
4.421736113727092743e-03
4.421048797667026520e-03
4.420361015945672989e-03
4.419674165546894073e-03
4.418987315148115158e-03
4.418300464749336243e-03
4.417614080011844635e-03
4.416928160935640335e-03
4.416241776198148727e-03
4.415555857121944427e-03
4.414869938045740128e-03
4.414184484630823135e-03
4.413499496877193451e-03
4.412814043462276459e-03
4.412129055708646774e-03
4.411444533616304398e-03
4.410759545862674713e-03
4.410075023770332336e-03
4.409390967339277267e-03
4.408707376569509506e-03
4.408023320138454437e-03
4.407339729368686676e-03
4.406656138598918915e-03
4.405973013490438461e-03
4.405289888381958008e-03
4.404606763273477554e-03
4.403924569487571716e-03
4.403241910040378571e-03
4.402559716254472733e-03
4.401877522468566895e-03
4.401195794343948364e-03
4.400514066219329834e-03
4.399832338094711304e-03
4.399151075631380081e-03
4.398469813168048859e-03
4.397789016366004944e-03
4.397108219563961029e-03
4.396427422761917114e-03
4.395747091621160507e-03
4.395066760480403900e-03
4.394386895000934601e-03
4.393707029521465302e-03
4.393027164041996002e-03
4.392348229885101318e-03
4.391668830066919327e-03
4.390989895910024643e-03
4.390310496091842651e-03
4.389632027596235275e-03
4.388953559100627899e-03
4.388275556266307831e-03
4.387597087770700455e-03
4.386919550597667694e-03
4.386241547763347626e-03
4.385564010590314865e-03
4.384886473417282104e-03
4.384209401905536652e-03
4.383532330393791199e-03
4.382855724543333054e-03
4.382179118692874908e-03
4.381502978503704071e-03
4.380826372653245926e-03
4.380150698125362396e-03
4.379474557936191559e-03
4.378798883408308029e-03
4.378123208880424500e-03
4.377448000013828278e-03
4.376773256808519363e-03
4.376098047941923141e-03
4.375423304736614227e-03
4.374749027192592621e-03
4.374074749648571014e-03
4.373400472104549408e-03
4.372726660221815109e-03
4.372052848339080811e-03
4.371379036456346512e-03
4.370705690234899521e-03
4.370032344013452530e-03
4.369359463453292847e-03
4.368686582893133163e-03
4.368013702332973480e-03
4.367341287434101105e-03
4.366669338196516037e-03
4.365996923297643661e-03
4.365324974060058594e-03
4.364653490483760834e-03
4.363982006907463074e-03
4.363310523331165314e-03
4.362639505416154861e-03
4.361968487501144409e-03
4.361297469586133957e-03
4.360626917332410812e-03
4.359956830739974976e-03
4.359286278486251831e-03
4.358616191893815994e-03
4.357946570962667465e-03
4.357276950031518936e-03
4.356607329100370407e-03
4.355938173830509186e-03
4.355269018560647964e-03
4.354599863290786743e-03
4.353931173682212830e-03
4.353262484073638916e-03
4.352594260126352310e-03
4.351926036179065704e-03
4.351258277893066406e-03
4.350590053945779800e-03
4.349922761321067810e-03
4.349255003035068512e-03
4.348587710410356522e-03
4.347920883446931839e-03
4.347254056483507156e-03
4.346587229520082474e-03
4.345920868217945099e-03
4.345254506915807724e-03
4.344588145613670349e-03
4.343922249972820282e-03
4.343256354331970215e-03
4.342590924352407455e-03
4.341925494372844696e-03
4.341260064393281937e-03
4.340595100075006485e-03
4.339930135756731033e-03
4.339265637099742889e-03
4.338601138442754745e-03
4.337937105447053909e-03
4.337272606790065765e-03
4.336609039455652237e-03
4.335945006459951401e-03
4.335281439125537872e-03
4.334617871791124344e-03
4.333954770117998123e-03
4.333291668444871902e-03
4.332629032433032990e-03
4.331966396421194077e-03
4.331304226070642471e-03
4.330641590058803558e-03
4.329979419708251953e-03
4.329317715018987656e-03
4.328656010329723358e-03
4.327994305640459061e-03
4.327333066612482071e-03
4.326671827584505081e-03
4.326010588556528091e-03
4.325349815189838409e-03
4.324689507484436035e-03
4.324028734117746353e-03
4.323368426412343979e-03
4.322708584368228912e-03
4.322048742324113846e-03
4.321388900279998779e-03
4.320729058235883713e-03
4.320069681853055954e-03
4.319410771131515503e-03
4.318751860409975052e-03
4.318092949688434601e-03
4.317434504628181458e-03
4.316776059567928314e-03
4.316117614507675171e-03
4.315459635108709335e-03
4.314801655709743500e-03
4.314143676310777664e-03
4.313486162573099136e-03
4.312829114496707916e-03
4.312171600759029388e-03
4.311514552682638168e-03
4.310857970267534256e-03
4.310201387852430344e-03
4.309544805437326431e-03
4.308888688683509827e-03
4.308232571929693222e-03
4.307576455175876617e-03
4.306920804083347321e-03
4.306265152990818024e-03
4.305609967559576035e-03
4.304954782128334045e-03
4.304299596697092056e-03
4.303644876927137375e-03
4.302990157157182693e-03
4.302335903048515320e-03
4.301681648939847946e-03
4.301027394831180573e-03
4.300373606383800507e-03
4.299719817936420441e-03
4.299066495150327682e-03
4.298412706702947617e-03
4.297759849578142166e-03
4.297106526792049408e-03
4.296454135328531265e-03
4.295800812542438507e-03
4.295148421078920364e-03
4.294496029615402222e-03
4.293844103813171387e-03
4.293192178010940552e-03
4.292540252208709717e-03
4.291888792067766190e-03
4.291237331926822662e-03
4.290586337447166443e-03
4.289934877306222916e-03
4.289284348487854004e-03
4.288633819669485092e-03
4.287982825189828873e-03
4.287332762032747269e-03
4.286682698875665665e-03
4.286032635718584061e-03
4.285382572561502457e-03
4.284733440726995468e-03
4.284083843231201172e-03
4.283434245735406876e-03
4.282785579562187195e-03
4.282136447727680206e-03
4.281487781554460526e-03
4.280839115381240845e-03
4.280190914869308472e-03
4.279542714357376099e-03
4.278894513845443726e-03
4.278246778994798660e-03
4.277599044144153595e-03
4.276951774954795837e-03
4.276304505765438080e-03
4.275657236576080322e-03
4.275010433048009872e-03
4.274363629519939423e-03
4.273717291653156281e-03
4.273070488125085831e-03
4.272424150258302689e-03
4.271778278052806854e-03
4.271132405847311020e-03
4.270486999303102493e-03
4.269841127097606659e-03
4.269195720553398132e-03
4.268550779670476913e-03
4.267905838787555695e-03
4.267260897904634476e-03
4.266616422683000565e-03
4.265971947461366653e-03
4.265327472239732742e-03
4.264683462679386139e-03
4.264039453119039536e-03
4.263395909219980240e-03
4.262751899659633636e-03
4.262108355760574341e-03
4.261465277522802353e-03
4.260822199285030365e-03
4.260179586708545685e-03
4.259536508470773697e-03
4.258894361555576324e-03
4.258251748979091644e-03
4.257610067725181580e-03
4.256967920809984207e-03
4.256325773894786835e-03
4.255684092640876770e-03
4.255042877048254013e-03
4.254401661455631256e-03
4.253760445863008499e-03
4.253119695931673050e-03
4.252478480339050293e-03
4.251838196069002151e-03
4.251197446137666702e-03
4.250557627528905869e-03
4.249917343258857727e-03
4.249277524650096893e-03
4.248637706041336060e-03
4.247998353093862534e-03
4.247359000146389008e-03
4.246719647198915482e-03
4.246080759912729263e-03
4.245441872626543045e-03
4.244802985340356827e-03
4.244164563715457916e-03
4.243526142090559006e-03
4.242888186126947403e-03
4.242250230163335800e-03
4.241612274199724197e-03
4.240974783897399902e-03
4.240337293595075607e-03
4.239700268954038620e-03
4.239062778651714325e-03
4.238426219671964645e-03
4.237789195030927658e-03
4.237152636051177979e-03
4.236516077071428299e-03
4.235879983752965927e-03
4.235243890434503555e-03
4.234608262777328491e-03
4.233972635120153427e-03
4.233337007462978363e-03
4.232701379805803299e-03
4.232066683471202850e-03
4.231431521475315094e-03
4.230796359479427338e-03
4.230161663144826889e-03
4.229527432471513748e-03
4.228892736136913300e-03
4.228258971124887466e-03
4.227624740451574326e-03
4.226990975439548492e-03
4.226357210427522659e-03
4.225723911076784134e-03
4.225090611726045609e-03
4.224457312375307083e-03
4.223824478685855865e-03
4.223191644996404648e-03
4.222559276968240738e-03
4.221926908940076828e-03
4.221294540911912918e-03
4.220662172883749008e-03
4.220030270516872406e-03
4.219398833811283112e-03
4.218767397105693817e-03
4.218135960400104523e-03
4.217504523694515228e-03
4.216873552650213242e-03
4.216242581605911255e-03
4.215611610561609268e-03
4.214981570839881897e-03
4.214351065456867218e-03
4.213720560073852539e-03
4.213090986013412476e-03
4.212460946291685104e-03
4.211831372231245041e-03
4.211201798170804977e-03
4.210572224110364914e-03
4.209943115711212158e-03
4.209314472973346710e-03
4.208685364574193954e-03
4.208056721836328506e-03
4.207428544759750366e-03
4.206799902021884918e-03
4.206172190606594086e-03
4.205544013530015945e-03
4.204916302114725113e-03
4.204288590699434280e-03
4.203660879284143448e-03
4.203033633530139923e-03
4.202406387776136398e-03
4.201779607683420181e-03
4.201152827590703964e-03
4.200526513159275055e-03
4.199899733066558838e-03
4.199273418635129929e-03
4.198647569864988327e-03
4.198021721094846725e-03
4.197395872324705124e-03
4.196770023554563522e-03
4.196144640445709229e-03
4.195519257336854935e-03
4.194894339889287949e-03
4.194269422441720963e-03
4.193644970655441284e-03
4.193020518869161606e-03
4.192396067082881927e-03
4.191771615296602249e-03
4.191147629171609879e-03
4.190523643046617508e-03
4.189900122582912445e-03
4.189276602119207382e-03
4.188653081655502319e-03
4.188029561191797256e-03
4.187406972050666809e-03
4.186783917248249054e-03
4.186161328107118607e-03
4.185538738965988159e-03
4.184916149824857712e-03
4.184294026345014572e-03
4.183671902865171432e-03
4.183050245046615601e-03
4.182428587228059769e-03
4.181806929409503937e-03
4.181185737252235413e-03
4.180564545094966888e-03
4.179943352937698364e-03
4.179322626441717148e-03
4.178701899945735931e-03
4.178081639111042023e-03
4.177460912615060806e-03
4.176841117441654205e-03
4.176220856606960297e-03
4.175601061433553696e-03
4.174981266260147095e-03
4.174361936748027802e-03
4.173742607235908508e-03
4.173123277723789215e-03
4.172504413872957230e-03
4.171885550022125244e-03
4.171266686171293259e-03
4.170648287981748581e-03
4.170029889792203903e-03
4.169411491602659225e-03
4.168793559074401855e-03
4.168176092207431793e-03
4.167558159679174423e-03
4.166940692812204361e-03
4.166323225945234299e-03
4.165705759078264236e-03
4.165089223533868790e-03
4.164472222328186035e-03
4.163855221122503281e-03
4.163239151239395142e-03
4.162622615694999695e-03
4.162006545811891556e-03
4.161390475928783417e-03
4.160774871706962585e-03
4.160159267485141754e-03
4.159543663263320923e-03
4.158928059041500092e-03
4.158312920480966568e-03
4.157698247581720352e-03
4.157083109021186829e-03
4.156468436121940613e-03
4.155853763222694397e-03
4.155239555984735489e-03
4.154625348746776581e-03
4.154011141508817673e-03
4.153397399932146072e-03
4.152783658355474472e-03
4.152170382440090179e-03
4.151557106524705887e-03
4.150943830609321594e-03
4.150330554693937302e-03
4.149717744439840317e-03
4.149104934185743332e-03
4.148492589592933655e-03
4.147880245000123978e-03
4.147267900407314301e-03
4.146656021475791931e-03
4.146044142544269562e-03
4.145432729274034500e-03
4.144820850342512131e-03
4.144209902733564377e-03
4.143598489463329315e-03
4.142987076193094254e-03
4.142376128584146500e-03
4.141765646636486053e-03
4.141155164688825607e-03
4.140544682741165161e-03
4.139934200793504715e-03
4.139324184507131577e-03
4.138714633882045746e-03
4.138104617595672607e-03
4.137495066970586777e-03
4.136885982006788254e-03
4.136276431381702423e-03
4.135667346417903900e-03
4.135058261454105377e-03
4.134449642151594162e-03
4.133841488510370255e-03
4.133232869207859039e-03
4.132624715566635132e-03
4.132016561925411224e-03
4.131408408284187317e-03
4.130800720304250717e-03
4.130193032324314117e-03
4.129585810005664825e-03
4.128978122025728226e-03
4.128371365368366241e-03
4.127764143049716949e-03
4.127157386392354965e-03
4.126551095396280289e-03
4.125944338738918304e-03
4.125338047742843628e-03
4.124731756746768951e-03
4.124125931411981583e-03
4.123520106077194214e-03
4.122914746403694153e-03
4.122308921068906784e-03
4.121703561395406723e-03
4.121098667383193970e-03
