1.791477436199784279e-03
1.791321672499179840e-03
1.791166025213897228e-03
1.791010377928614616e-03
1.790854730643332005e-03
1.790699083358049393e-03
1.790543552488088608e-03
1.790388021618127823e-03
1.790232490748167038e-03
1.790077076293528080e-03
1.789921661838889122e-03
1.789766130968928337e-03
1.789610832929611206e-03
1.789455418474972248e-03
1.789300120435655117e-03
1.789144822396337986e-03
1.788989524357020855e-03
1.788834226317703724e-03
1.788679044693708420e-03
1.788523979485034943e-03
1.788368797861039639e-03
1.788213616237044334e-03
1.788058551028370857e-03
1.787903485819697380e-03
1.787748420611023903e-03
1.787593471817672253e-03
1.787438523024320602e-03
1.787283574230968952e-03
1.787128741852939129e-03
1.786973793059587479e-03
1.786818960681557655e-03
1.786664128303527832e-03
1.786509295925498009e-03
1.786354579962790012e-03
1.786199864000082016e-03
1.786045031622052193e-03
1.785890432074666023e-03
1.785735832527279854e-03
1.785581232979893684e-03
1.785426633432507515e-03
1.785272150300443172e-03
1.785117550753057003e-03
1.784963067620992661e-03
1.784808584488928318e-03
1.784654217772185802e-03
1.784499851055443287e-03
1.784345484338700771e-03
1.784191234037280083e-03
1.784036867320537567e-03
1.783882500603795052e-03
1.783728366717696190e-03
1.783574116416275501e-03
1.783419866114854813e-03
1.783265732228755951e-03
1.783111714757978916e-03
1.782957580871880054e-03
1.782803563401103020e-03
1.782649429515004158e-03
1.782495412044227123e-03
1.782341510988771915e-03
1.782187609933316708e-03
1.782033708877861500e-03
1.781879691407084465e-03
1.781725906766951084e-03
1.781572122126817703e-03
1.781418337486684322e-03
1.781264552846550941e-03
1.781110884621739388e-03
1.780957099981606007e-03
1.780803431756794453e-03
1.780649763531982899e-03
1.780496211722493172e-03
1.780342659913003445e-03
1.780189108103513718e-03
1.780035672709345818e-03
1.779882120899856091e-03
1.779728685505688190e-03
1.779575250111520290e-03
1.779421814717352390e-03
1.779268379323184490e-03
1.779115176759660244e-03
1.778961741365492344e-03
1.778808538801968098e-03
1.778655336238443851e-03
1.778502017259597778e-03
1.778348814696073532e-03
1.778195612132549286e-03
1.778042525984346867e-03
1.777889439836144447e-03
1.777736353687942028e-03
1.777583383955061436e-03
1.777430297806859016e-03
1.777277211658656597e-03
1.777124358341097832e-03
1.776971388608217239e-03
1.776818535290658474e-03
1.776665681973099709e-03
1.776512828655540943e-03
1.776360091753304005e-03
1.776207122020423412e-03
1.776054501533508301e-03
1.775901764631271362e-03
1.775749027729034424e-03
1.775596407242119312e-03
1.775443786755204201e-03
1.775291166268289089e-03
1.775138662196695805e-03
1.774986158125102520e-03
1.774833537638187408e-03
1.774681149981915951e-03
1.774528645910322666e-03
1.774376258254051208e-03
1.774223754182457924e-03
1.774071599356830120e-03
1.773919095285236835e-03
1.773766940459609032e-03
1.773614669218659401e-03
1.773462281562387943e-03
1.773310243152081966e-03
1.773157971911132336e-03
1.773005817085504532e-03
1.772853662259876728e-03
1.772701623849570751e-03
1.772549469023942947e-03
1.772397547028958797e-03
1.772245508618652821e-03
1.772093470208346844e-03
1.771941548213362694e-03
1.771789626218378544e-03
1.771637704223394394e-03
1.771485898643732071e-03
1.771334093064069748e-03
1.771182287484407425e-03
1.771030481904745102e-03
1.770878792740404606e-03
1.770726987160742283e-03
1.770575414411723614e-03
1.770423725247383118e-03
1.770272152498364449e-03
1.770120463334023952e-03
1.769968890585005283e-03
1.769817317835986614e-03
1.769665861502289772e-03
1.769514405168592930e-03
1.769362948834896088e-03
1.769211608916521072e-03
1.769060152582824230e-03
1.768908696249127388e-03
1.768757356330752373e-03
1.768606132827699184e-03
1.768454792909324169e-03
1.768303569406270981e-03
1.768152462318539619e-03
1.768001238815486431e-03
1.767850131727755070e-03
1.767698908224701881e-03
1.767547917552292347e-03
1.767396810464560986e-03
1.767245703376829624e-03
1.767094712704420090e-03
1.766943722032010555e-03
1.766792731359601021e-03
1.766641857102513313e-03
1.766490982845425606e-03
1.766340108588337898e-03
1.766189234331250191e-03
1.766038476489484310e-03
1.765887602232396603e-03
1.765736844390630722e-03
1.765586086548864841e-03
1.765435445122420788e-03
1.765284803695976734e-03
1.765134162269532681e-03
1.764983520843088627e-03
1.764832995831966400e-03
1.764682470820844173e-03
1.764531945809721947e-03
1.764381420798599720e-03
1.764231012202799320e-03
1.764080603606998920e-03
1.763930195011198521e-03
1.763779786415398121e-03
1.763629494234919548e-03
1.763479202054440975e-03
1.763328793458640575e-03
1.763178617693483829e-03
1.763028325513005257e-03
1.762878266163170338e-03
1.762727973982691765e-03
1.762577914632856846e-03
1.762427738867700100e-03
1.762277795933187008e-03
1.762127736583352089e-03
1.761977677233517170e-03
1.761827617883682251e-03
1.761677674949169159e-03
1.761527732014656067e-03
1.761377789080142975e-03
1.761227962560951710e-03
1.761078136041760445e-03
1.760928309522569180e-03
1.760778483003377914e-03
1.760628772899508476e-03
1.760478946380317211e-03
1.760329236276447773e-03
1.760179642587900162e-03
1.760029932484030724e-03
1.759880338795483112e-03
1.759730745106935501e-03
1.759581151418387890e-03
1.759431674145162106e-03
1.759282196871936321e-03
1.759132719598710537e-03
1.758983242325484753e-03
1.758833765052258968e-03
1.758684520609676838e-03
1.758535159751772881e-03
1.758385798893868923e-03
1.758236554451286793e-03
1.758087193593382835e-03
1.757937949150800705e-03
1.757788821123540401e-03
1.757639576680958271e-03
1.757490448653697968e-03
1.757341320626437664e-03
1.757192192599177361e-03
1.757043180987238884e-03
1.756894169375300407e-03
1.756745041348040104e-03
1.756596146151423454e-03
1.756447250954806805e-03
1.756298239342868328e-03
1.756149344146251678e-03
1.756000448949635029e-03
1.755851670168340206e-03
1.755702774971723557e-03
1.755553996190428734e-03
1.755405217409133911e-03
1.755256438627839088e-03
1.755107776261866093e-03
1.754959113895893097e-03
1.754810451529920101e-03
1.754661789163947105e-03
1.754513243213295937e-03
1.754364697262644768e-03
1.754216151311993599e-03
1.754067721776664257e-03
1.753919175826013088e-03
1.753770746290683746e-03
1.753622316755354404e-03
1.753473887220025063e-03
1.753325574100017548e-03
1.753177260980010033e-03
1.753028947860002518e-03
1.752880751155316830e-03
1.752732438035309315e-03
1.752584241330623627e-03
1.752436044625937939e-03
1.752287964336574078e-03
1.752139767631888390e-03
1.751991687342524529e-03
1.751843607053160667e-03
1.751695643179118633e-03
1.751547562889754772e-03
1.751399599015712738e-03
1.751251635141670704e-03
1.751103671267628670e-03
1.750955823808908463e-03
1.750807859934866428e-03
1.750660128891468048e-03
1.750512281432747841e-03
1.750364433974027634e-03
1.750216586515307426e-03
1.750068971887230873e-03
1.749921124428510666e-03
1.749773393385112286e-03
1.749625778757035732e-03
1.749478164128959179e-03
1.749330665916204453e-03
1.749183051288127899e-03
1.749035553075373173e-03
1.748888054862618446e-03
1.748740556649863720e-03
1.748593174852430820e-03
1.748445676639676094e-03
1.748298294842243195e-03
1.748150913044810295e-03
1.748003647662699223e-03
1.747856382280588150e-03
1.747709000483155251e-03
1.747561735101044178e-03
1.747414469718933105e-03
1.747267320752143860e-03
1.747120171785354614e-03
1.746973022818565369e-03
1.746825873851776123e-03
1.746678724884986877e-03
1.746531692333519459e-03
1.746384659782052040e-03
1.746237743645906448e-03
1.746090711094439030e-03
1.745943794958293438e-03
1.745796878822147846e-03
1.745649962686002254e-03
1.745503162965178490e-03
1.745356363244354725e-03
1.745209563523530960e-03
1.745062763802707195e-03
1.744915964081883430e-03
1.744769280776381493e-03
1.744622597470879555e-03
1.744475914165377617e-03
1.744329230859875679e-03
1.744182663969695568e-03
1.744036097079515457e-03
1.743889646604657173e-03
1.743743079714477062e-03
1.743596512824296951e-03
1.743450178764760494e-03
1.743303611874580383e-03
1.743157277815043926e-03
1.743010827340185642e-03
1.742864493280649185e-03
1.742718159221112728e-03
1.742571825161576271e-03
1.742425491102039814e-03
1.742279273457825184e-03
1.742133055813610554e-03
1.741986954584717751e-03
1.741840736940503120e-03
1.741694519296288490e-03
1.741548418067395687e-03
1.741402433253824711e-03
1.741256332024931908e-03
1.741110230796039104e-03
1.740964362397789955e-03
1.740818261168897152e-03
1.740672392770648003e-03
1.740526407957077026e-03
1.740380539558827877e-03
1.740234671160578728e-03
1.740088919177651405e-03
1.739943050779402256e-03
1.739797298796474934e-03
1.739651546813547611e-03
1.739505794830620289e-03
1.739360042847692966e-03
1.739214523695409298e-03
1.739068771712481976e-03
1.738923252560198307e-03
1.738777616992592812e-03
1.738632097840309143e-03
1.738486578688025475e-03
1.738341059535741806e-03
1.738195656798779964e-03
1.738050137646496296e-03
1.737904734909534454e-03
1.737759332172572613e-03
1.737614045850932598e-03
1.737468643113970757e-03
1.737323356792330742e-03
1.737178070470690727e-03
1.737032900564372540e-03
1.736887614242732525e-03
1.736742444336414337e-03
1.736597274430096149e-03
1.736452104523777962e-03
1.736307051032781601e-03
1.736161997541785240e-03
1.736016827635467052e-03
1.735871890559792519e-03
1.735726953484117985e-03
1.735581899993121624e-03
1.735436962917447090e-03
1.735292025841772556e-03
1.735147205181419849e-03
1.735002268105745316e-03
1.734857447445392609e-03
1.734712626785039902e-03
1.734567922540009022e-03
1.734423101879656315e-03
1.734278397634625435e-03
1.734133693389594555e-03
1.733989105559885502e-03
1.733844401314854622e-03
1.733699813485145569e-03
1.733555225655436516e-03
1.733410637825727463e-03
1.733266049996018410e-03
1.733121578581631184e-03
1.732977107167243958e-03
1.732832635752856731e-03
1.732688280753791332e-03
1.732543809339404106e-03
1.732399570755660534e-03
1.732255215756595135e-03
1.732110744342207909e-03
1.731966505758464336e-03
1.731822150759398937e-03
1.731677912175655365e-03
1.731533790007233620e-03
1.731389667838811874e-03
1.731245545670390129e-03
1.731101307086646557e-03
1.730957184918224812e-03
1.730813179165124893e-03
1.730669173412024975e-03
1.730525167658925056e-03
1.730381161905825138e-03
1.730237156152725220e-03
1.730093266814947128e-03
1.729949261061847210e-03
1.729805488139390945e-03
1.729661598801612854e-03
1.729517709463834763e-03
1.729373936541378498e-03
1.729230163618922234e-03
1.729086507111787796e-03
1.728942617774009705e-03
1.728798961266875267e-03
1.728655304759740829e-03
1.728511764667928219e-03
1.728368108160793781e-03
1.728224568068981171e-03
1.728080911561846733e-03
1.727937371470034122e-03
1.727794064208865166e-03
1.727650524117052555e-03
1.727507100440561771e-03
1.727363676764070988e-03
1.727220369502902031e-03
1.727076945826411247e-03
1.726933638565242290e-03
1.726790331304073334e-03
1.726647024042904377e-03
1.726503716781735420e-03
1.726360525935888290e-03
1.726217335090041161e-03
1.726074144244194031e-03
1.725931069813668728e-03
1.725787878967821598e-03
1.725644804537296295e-03
1.725501730106770992e-03
1.725358655676245689e-03
1.725215697661042213e-03
1.725072739645838737e-03
1.724929781630635262e-03
1.724786823615431786e-03
1.724643865600228310e-03
1.724501024000346661e-03
1.724358182400465012e-03
1.724215340800583363e-03
1.724072499200701714e-03
1.723929774016141891e-03
1.723786932416260242e-03
1.723644323647022247e-03
1.723501598462462425e-03
1.723358989693224430e-03
1.723216380923986435e-03
1.723073772154748440e-03
1.722931046970188618e-03
1.722788554616272449e-03
1.722646062262356281e-03
1.722503453493118286e-03
1.722361077554523945e-03
1.722218585200607777e-03
1.722076209262013435e-03
1.721933833323419094e-03
1.721791340969502926e-03
1.721649081446230412e-03
1.721506821922957897e-03
1.721364562399685383e-03
1.721222302876412868e-03
1.721080043353140354e-03
1.720937900245189667e-03
1.720795524306595325e-03
1.720653381198644638e-03
1.720511354506015778e-03
1.720369211398065090e-03
1.720227068290114403e-03
1.720085158012807369e-03
1.719943131320178509e-03
1.719801104627549648e-03
1.719659194350242615e-03
1.719517167657613754e-03
1.719375257380306721e-03
1.719233347102999687e-03
1.719091553241014481e-03
1.718949759379029274e-03
1.718807965517044067e-03
1.718666171655058861e-03
1.718524494208395481e-03
1.718382583931088448e-03
1.718240906484425068e-03
1.718099345453083515e-03
1.717957668006420135e-03
1.717815990559756756e-03
1.717674429528415203e-03
1.717532868497073650e-03
1.717391307465732098e-03
