3.037600545212626457e-03
3.037319751456379890e-03
3.037038957700133324e-03
3.036758163943886757e-03
3.036477370187640190e-03
3.036196576431393623e-03
3.035916015505790710e-03
3.035635454580187798e-03
3.035355126485228539e-03
3.035074565559625626e-03
3.034794237464666367e-03
3.034513676539063454e-03
3.034233581274747849e-03
3.033953253179788589e-03
3.033672925084829330e-03
3.033392829820513725e-03
3.033112734556198120e-03
3.032832639291882515e-03
3.032552776858210564e-03
3.032272681593894958e-03
3.031992819160223007e-03
3.031713189557194710e-03
3.031433094292879105e-03
3.031153464689850807e-03
3.030873835086822510e-03
3.030594205483794212e-03
3.030314575880765915e-03
3.030035179108381271e-03
3.029755549505352974e-03
3.029476152732968330e-03
3.029196755960583687e-03
3.028917359188199043e-03
3.028638195246458054e-03
3.028358798474073410e-03
3.028079867362976074e-03
3.027800703421235085e-03
3.027521539479494095e-03
3.027242375537753105e-03
3.026963677257299423e-03
3.026684746146202087e-03
3.026405815035104752e-03
3.026127116754651070e-03
3.025848185643553734e-03
3.025569487363100052e-03
3.025290789082646370e-03
3.025012323632836342e-03
3.024733625352382660e-03
3.024455159902572632e-03
3.024176694452762604e-03
3.023898229002952576e-03
3.023619996383786201e-03
3.023341763764619827e-03
3.023063531145453453e-03
3.022785298526287079e-03
3.022507065907120705e-03
3.022229066118597984e-03
3.021951066330075264e-03
3.021673066541552544e-03
3.021395066753029823e-03
3.021117299795150757e-03
3.020839300006628036e-03
3.020561533048748970e-03
3.020283766090869904e-03
3.020006231963634491e-03
3.019728697836399078e-03
3.019450930878520012e-03
3.019173396751284599e-03
3.018895862624049187e-03
3.018618328496813774e-03
3.018341027200222015e-03
3.018063725903630257e-03
3.017786424607038498e-03
3.017509123310446739e-03
3.017232054844498634e-03
3.016954753547906876e-03
3.016677685081958771e-03
3.016400849446654320e-03
3.016123780980706215e-03
3.015846945345401764e-03
3.015569876879453659e-03
3.015293041244149208e-03
3.015016438439488411e-03
3.014739602804183960e-03
3.014462767168879509e-03
3.014186164364218712e-03
3.013909794390201569e-03
3.013633191585540771e-03
3.013356588780879974e-03
3.013080451637506485e-03
3.012803848832845688e-03
3.012527711689472198e-03
3.012251341715455055e-03
3.011975204572081566e-03
3.011699067428708076e-03
3.011422930285334587e-03
3.011146793141961098e-03
3.010870888829231262e-03
3.010594984516501427e-03
3.010319080203771591e-03
3.010043175891041756e-03
3.009767271578311920e-03
3.009491600096225739e-03
3.009215928614139557e-03
3.008940257132053375e-03
3.008664585649967194e-03
3.008388914167881012e-03
3.008113475516438484e-03
3.007838036864995956e-03
3.007562598213553429e-03
3.007287159562110901e-03
3.007011720910668373e-03
3.006736747920513153e-03
3.006461542099714279e-03
3.006186103448271751e-03
3.005911130458116531e-03
3.005636157467961311e-03
3.005360951647162437e-03
3.005085978657007217e-03
3.004811005666851997e-03
3.004536265507340431e-03
3.004261525347828865e-03
3.003986785188317299e-03
3.003712045028805733e-03
3.003437304869294167e-03
3.003162797540426254e-03
3.002888290211558342e-03
3.002613782882690430e-03
3.002339275553822517e-03
3.002065001055598259e-03
3.001790493726730347e-03
3.001516219228506088e-03
3.001241944730281830e-03
3.000967903062701225e-03
3.000693628564476967e-03
3.000419586896896362e-03
3.000145312398672104e-03
2.999871503561735153e-03
2.999597461894154549e-03
2.999323420226573944e-03
2.999049844220280647e-03
2.998776035383343697e-03
2.998502226546406746e-03
2.998228650540113449e-03
2.997954841703176498e-03
2.997681265696883202e-03
2.997407689690589905e-03
2.997134113684296608e-03
2.996860770508646965e-03
2.996587194502353668e-03
2.996313851326704025e-03
2.996040508151054382e-03
2.995767397806048393e-03
2.995494054630398750e-03
2.995220944285392761e-03
2.994947833940386772e-03
2.994674723595380783e-03
2.994401846081018448e-03
2.994128735736012459e-03
2.993855858221650124e-03
2.993582980707287788e-03
2.993310103192925453e-03
2.993037458509206772e-03
2.992764580994844437e-03
2.992492169141769409e-03
2.992219524458050728e-03
2.991946879774332047e-03
2.991674467921257019e-03
2.991401823237538338e-03
2.991129411384463310e-03
2.990856999531388283e-03
2.990584820508956909e-03
2.990312408655881882e-03
2.990040462464094162e-03
2.989768050611019135e-03
2.989495871588587761e-03
2.989223925396800041e-03
2.988951746374368668e-03
2.988679800182580948e-03
2.988408086821436882e-03
2.988136140629649162e-03
2.987864194437861443e-03
2.987592481076717377e-03
2.987320767715573311e-03
2.987049287185072899e-03
2.986777573823928833e-03
2.986506093293428421e-03
2.986234612762928009e-03
2.985962899401783943e-03
2.985691651701927185e-03
2.985420171171426773e-03
2.985148923471570015e-03
2.984877675771713257e-03
2.984606428071856499e-03
2.984335180371999741e-03
2.984063932672142982e-03
2.983792917802929878e-03
2.983521902933716774e-03
2.983250888064503670e-03
2.982979873195290565e-03
2.982709091156721115e-03
2.982438309118151665e-03
2.982167527079582214e-03
2.981896745041012764e-03
2.981626195833086967e-03
2.981355180963873863e-03
2.981084864586591721e-03
2.980814315378665924e-03
2.980543766170740128e-03
2.980273216962814331e-03
2.980002900585532188e-03
2.979732584208250046e-03
2.979462267830967903e-03
2.979191951453685760e-03
2.978921867907047272e-03
2.978651784360408783e-03
2.978381700813770294e-03
2.978111384436488152e-03
2.977841533720493317e-03
2.977571450173854828e-03
2.977301832288503647e-03
2.977031748741865158e-03
2.976761898025870323e-03
2.976492280140519142e-03
2.976222662255167961e-03
2.975953044369816780e-03
2.975683193653821945e-03
2.975413808599114418e-03
2.975144190713763237e-03
2.974874805659055710e-03
2.974605420604348183e-03
2.974336035549640656e-03
2.974066650494933128e-03
2.973797498270869255e-03
2.973528113216161728e-03
2.973258960992097855e-03
2.972990041598677635e-03
2.972720889374613762e-03
2.972451737150549889e-03
2.972182817757129669e-03
2.971913898363709450e-03
2.971644978970289230e-03
2.971376292407512665e-03
2.971107605844736099e-03
2.970838686451315880e-03
2.970570232719182968e-03
2.970301313325762749e-03
2.970032859593629837e-03
2.969764173030853271e-03
2.969495719298720360e-03
2.969227265566587448e-03
2.968958811834454536e-03
2.968690590932965279e-03
2.968422137200832367e-03
2.968153916299343109e-03
2.967885695397853851e-03
2.967617707327008247e-03
2.967349486425518990e-03
2.967081498354673386e-03
2.966813277453184128e-03
2.966545522212982178e-03
2.966277534142136574e-03
2.966009778901934624e-03
2.965741790831089020e-03
2.965474035590887070e-03
2.965206513181328773e-03
2.964938757941126823e-03
2.964671235531568527e-03
2.964403480291366577e-03
2.964135957881808281e-03
2.963868668302893639e-03
2.963601145893335342e-03
2.963333856314420700e-03
2.963066333904862404e-03
2.962799277156591415e-03
2.962531987577676773e-03
2.962264697998762131e-03
2.961997641250491142e-03
2.961730351671576500e-03
2.961463527753949165e-03
2.961196471005678177e-03
2.960929414257407188e-03
2.960662823170423508e-03
2.960395766422152519e-03
2.960128942504525185e-03
2.959862351417541504e-03
2.959595527499914169e-03
2.959328936412930489e-03
2.959062345325946808e-03
2.958795754238963127e-03
2.958529395982623100e-03
2.958262804895639420e-03
2.957996446639299393e-03
2.957730088382959366e-03
2.957463730126619339e-03
2.957197604700922966e-03
2.956931246444582939e-03
2.956665121018886566e-03
2.956398995593190193e-03
2.956132870167493820e-03
2.955866977572441101e-03
2.955600852146744728e-03
2.955334959551692009e-03
2.955069066956639290e-03
2.954803174361586571e-03
2.954537514597177505e-03
2.954271622002124786e-03
2.954005962237715721e-03
2.953740302473306656e-03
2.953474875539541245e-03
2.953209215775132179e-03
2.952943788841366768e-03
2.952678361907601357e-03
2.952412702143192291e-03
2.952147508040070534e-03
2.951882081106305122e-03
2.951616887003183365e-03
2.951351692900061607e-03
2.951086498796939850e-03
2.950821304693818092e-03
2.950556343421339989e-03
2.950291149318218231e-03
2.950026420876383781e-03
2.949761459603905678e-03
2.949496498331427574e-03
2.949231769889593124e-03
2.948966808617115021e-03
2.948702080175280571e-03
2.948437584564089775e-03
2.948172856122255325e-03
2.947908127680420876e-03
2.947643632069230080e-03
2.947379136458039284e-03
2.947114640846848488e-03
2.946850378066301346e-03
2.946585882455110550e-03
2.946321619674563408e-03
2.946057356894016266e-03
2.945793094113469124e-03
2.945528831332921982e-03
2.945264801383018494e-03
2.945000771433115005e-03
2.944736741483211517e-03
2.944472711533308029e-03
2.944208681583404541e-03
2.943944884464144707e-03
2.943680854514241219e-03
2.943417290225625038e-03
2.943153493106365204e-03
2.942889695987105370e-03
2.942626131698489189e-03
2.942362567409873009e-03
2.942099003121256828e-03
2.941835438832640648e-03
2.941571874544024467e-03
2.941308775916695595e-03
2.941045211628079414e-03
2.940781880170106888e-03
2.940518781542778015e-03
2.940255450084805489e-03
2.939992584288120270e-03
2.939729252830147743e-03
2.939466154202818871e-03
2.939203288406133652e-03
2.938940189778804779e-03
2.938677323982119560e-03
2.938414225354790688e-03
2.938151592388749123e-03
2.937888726592063904e-03
2.937626093626022339e-03
2.937363227829337120e-03
2.937100827693939209e-03
2.936837961897253990e-03
2.936575561761856079e-03
2.936312928795814514e-03
2.936050528660416603e-03
2.935788128525018692e-03
2.935525728389620781e-03
2.935263328254222870e-03
2.935000928118824959e-03
2.934738760814070702e-03
2.934476593509316444e-03
2.934214426204562187e-03
2.933952258899807930e-03
2.933690324425697327e-03
2.933428389951586723e-03
2.933166222646832466e-03
2.932904521003365517e-03
2.932642586529254913e-03
2.932380884885787964e-03
2.932118950411677361e-03
2.931857481598854065e-03
2.931595779955387115e-03
2.931334078311920166e-03
2.931072609499096870e-03
2.930810907855629921e-03
2.930549671873450279e-03
2.930288203060626984e-03
2.930026734247803688e-03
2.929765498265624046e-03
2.929504029452800751e-03
2.929242793470621109e-03
2.928981557488441467e-03
2.928720321506261826e-03
2.928459318354725838e-03
2.928198315203189850e-03
2.927937312051653862e-03
2.927676308900117874e-03
2.927415305748581886e-03
2.927154535427689552e-03
2.926893532276153564e-03
2.926632761955261230e-03
2.926371991634368896e-03
2.926111454144120216e-03
2.925850683823227882e-03
2.925590146332979202e-03
2.925329608842730522e-03
2.925069071352481842e-03
2.924808533862233162e-03
2.924548229202628136e-03
2.924287924543023109e-03
2.924027619883418083e-03
2.923767315223813057e-03
2.923507010564208031e-03
2.923246938735246658e-03
2.922986866906285286e-03
2.922726795077323914e-03
2.922466723248362541e-03
2.922206884250044823e-03
2.921946812421083450e-03
2.921686973422765732e-03
2.921427134424448013e-03
2.921167295426130295e-03
2.920907689258456230e-03
2.920647850260138512e-03
2.920388244092464447e-03
2.920128637924790382e-03
2.919868798926472664e-03
2.919609425589442253e-03
2.919349819421768188e-03
2.919090446084737778e-03
2.918831072747707367e-03
2.918571699410676956e-03
2.918312558904290199e-03
2.918052952736616135e-03
2.917794045060873032e-03
2.917534904554486275e-03
2.917275764048099518e-03
2.917016623541712761e-03
2.916757715865969658e-03
2.916498575359582901e-03
2.916239900514483452e-03
2.915980992838740349e-03
2.915722085162997246e-03
2.915463177487254143e-03
2.915204502642154694e-03
2.914945827797055244e-03
2.914687152951955795e-03
2.914428710937500000e-03
2.914170036092400551e-03
2.913911594077944756e-03
2.913653152063488960e-03
2.913394710049033165e-03
2.913136268034577370e-03
2.912878058850765228e-03
2.912619616836309433e-03
2.912361640483140945e-03
2.912103431299328804e-03
2.911845222115516663e-03
2.911587012931704521e-03
2.911329036578536034e-03
2.911071060225367546e-03
2.910813083872199059e-03
2.910555107519030571e-03
2.910297363996505737e-03
2.910039620473980904e-03
2.909781644120812416e-03
2.909524133428931236e-03
2.909266389906406403e-03
2.909008646383881569e-03
2.908751135692000389e-03
2.908493625000119209e-03
2.908236114308238029e-03
2.907978603616356850e-03
2.907721325755119324e-03
2.907463815063238144e-03
2.907206537202000618e-03
2.906949259340763092e-03
2.906691981479525566e-03
2.906434936448931694e-03
2.906177658587694168e-03
2.905920613557100296e-03
2.905663568526506424e-03
2.905406523495912552e-03
2.905149711295962334e-03
2.904892666265368462e-03
2.904635854065418243e-03
2.904379041865468025e-03
2.904122229665517807e-03
2.903865650296211243e-03
2.903608838096261024e-03
