4.741027485579252243e-03
4.739847965538501740e-03
4.738668911159038544e-03
4.737489856779575348e-03
4.736311733722686768e-03
4.735134541988372803e-03
4.733957350254058838e-03
4.732780624181032181e-03
4.731604363769292831e-03
4.730429034680128098e-03
4.729253705590963364e-03
4.728078842163085938e-03
4.726905375719070435e-03
4.725731443613767624e-03
4.724558442831039429e-03
4.723385442048311234e-03
4.722213372588157654e-03
4.721041768789291382e-03
4.719870630651712418e-03
4.718699958175420761e-03
4.717529751360416412e-03
4.716360010206699371e-03
4.715191200375556946e-03
4.714022390544414520e-03
4.712854046374559402e-03
4.711686633527278900e-03
4.710519220679998398e-03
4.709352739155292511e-03
4.708186257630586624e-03
4.707020707428455353e-03
4.705855622887611389e-03
4.704691004008054733e-03
4.703526385128498077e-03
4.702362697571516037e-03
4.701199475675821304e-03
4.700037185102701187e-03
4.698874428868293762e-03
4.697712603956460953e-03
4.696551710367202759e-03
4.695390816777944565e-03
4.694230854511260986e-03
4.693070892244577408e-03
4.691911395639181137e-03
4.690752830356359482e-03
4.689594265073537827e-03
4.688436631113290787e-03
4.687279462814331055e-03
4.686122294515371323e-03
4.684966057538986206e-03
4.683810286223888397e-03
4.682654980570077896e-03
4.681500140577554703e-03
4.680345766246318817e-03
4.679191857576370239e-03
4.678038414567708969e-03
4.676885437220335007e-03
4.675733391195535660e-03
4.674581345170736313e-03
4.673429764807224274e-03
4.672279115766286850e-03
4.671128466725349426e-03
4.669978749006986618e-03
4.668829031288623810e-03
4.667680244892835617e-03
4.666531924158334732e-03
4.665383603423833847e-03
4.664236214011907578e-03
4.663089290261268616e-03
4.661942832171916962e-03
4.660796839743852615e-03
4.659651312977075577e-03
4.658506251871585846e-03
4.657361656427383423e-03
4.656217526644468307e-03
4.655073862522840500e-03
4.653931129723787308e-03
4.652788396924734116e-03
4.651646129786968231e-03
4.650504793971776962e-03
4.649363458156585693e-03
4.648223053663969040e-03
4.647082649171352386e-03
4.645943176001310349e-03
4.644804168492555618e-03
4.643665160983800888e-03
4.642527084797620773e-03
4.641389474272727966e-03
4.640252329409122467e-03
4.639115184545516968e-03
4.637978971004486084e-03
4.636843688786029816e-03
4.635708406567573547e-03
4.634573124349117279e-03
4.633439239114522934e-03
4.632305353879928589e-03
4.631171934306621552e-03
4.630038980394601822e-03
4.628906492143869400e-03
4.627774935215711594e-03
4.626643378287553787e-03
4.625512752681970596e-03
4.624382127076387405e-03
4.623252432793378830e-03
4.622122738510370255e-03
4.620993975549936295e-03
4.619865212589502335e-03
4.618737380951642990e-03
4.617610014975070953e-03
4.616482648998498917e-03
4.615356214344501495e-03
4.614230245351791382e-03
4.613104742020368576e-03
4.611979704350233078e-03
4.610855132341384888e-03
4.609731025993824005e-03
4.608607385307550430e-03
4.607484210282564163e-03
4.606361500918865204e-03
4.605239257216453552e-03
4.604117479175329208e-03
4.602996166795492172e-03
4.601875785738229752e-03
4.600755404680967331e-03
4.599635954946279526e-03
4.598516505211591721e-03
4.597397521138191223e-03
4.596279468387365341e-03
4.595161415636539459e-03
4.594044294208288193e-03
4.592927172780036926e-03
4.591810982674360275e-03
4.590694792568683624e-03
4.589579533785581589e-03
4.588464740663766861e-03
4.587349947541952133e-03
4.586236085742712021e-03
4.585122689604759216e-03
4.584009759128093719e-03
4.582896828651428223e-03
4.581784829497337341e-03
4.580673296004533768e-03
4.579562228173017502e-03
4.578451626002788544e-03
4.577341489493846893e-03
4.576231818646192551e-03
4.575122613459825516e-03
4.574013873934745789e-03
4.572905600070953369e-03
4.571798257529735565e-03
4.570690914988517761e-03
4.569584038108587265e-03
4.568477626889944077e-03
4.567371681332588196e-03
4.566266201436519623e-03
4.565161652863025665e-03
4.564057104289531708e-03
4.562953487038612366e-03
4.561849869787693024e-03
4.560746718198060989e-03
4.559644032269716263e-03
4.558542277663946152e-03
4.557440523058176041e-03
4.556339699774980545e-03
4.555238876491785049e-03
4.554138984531164169e-03
4.553039092570543289e-03
4.551940131932497025e-03
4.550841171294450760e-03
4.549743141978979111e-03
4.548645578324794769e-03
4.547548014670610428e-03
4.546451382339000702e-03
4.545354750007390976e-03
4.544259048998355865e-03
4.543163813650608063e-03
4.542069043964147568e-03
4.540974274277687073e-03
4.539880435913801193e-03
4.538787063211202621e-03
4.537694156169891357e-03
4.536601714789867401e-03
4.535509273409843445e-03
4.534417763352394104e-03
4.533326718956232071e-03
4.532236140221357346e-03
4.531146027147769928e-03
4.530056379735469818e-03
4.528967197984457016e-03
4.527878481894731522e-03
4.526789765805006027e-03
4.525702446699142456e-03
4.524615127593278885e-03
4.523528274148702621e-03
4.522441886365413666e-03
4.521355498582124710e-03
4.520270507782697678e-03
4.519185516983270645e-03
4.518100991845130920e-03
4.517016932368278503e-03
4.515933338552713394e-03
4.514850210398435593e-03
4.513767547905445099e-03
4.512685351073741913e-03
4.511603619903326035e-03
4.510522354394197464e-03
4.509441554546356201e-03
4.508361220359802246e-03
4.507281817495822906e-03
4.506201948970556259e-03
4.505123477429151535e-03
4.504045005887746811e-03
4.502967000007629395e-03
4.501889459788799286e-03
4.500812385231256485e-03
4.499735776335000992e-03
4.498659633100032806e-03
4.497584421187639236e-03
4.496509209275245667e-03
4.495434463024139404e-03
4.494360182434320450e-03
4.493286367505788803e-03
4.492213018238544464e-03
4.491140600293874741e-03
4.490068182349205017e-03
4.488996230065822601e-03
4.487924743443727493e-03
4.486853722482919693e-03
4.485783167183399200e-03
4.484713077545166016e-03
4.483643453568220139e-03
4.482574295252561569e-03
4.481505602598190308e-03
4.480437841266393661e-03
4.479370079934597015e-03
4.478302784264087677e-03
4.477235954254865646e-03
4.476169589906930923e-03
4.475103691220283508e-03
4.474038258194923401e-03
4.472973290830850601e-03
4.471908789128065109e-03
4.470844753086566925e-03
4.469781648367643356e-03
4.468718077987432480e-03
4.467655904591083527e-03
4.466593731194734573e-03
4.465532023459672928e-03
4.464470781385898590e-03
4.463410004973411560e-03
4.462349694222211838e-03
4.461289383471012115e-03
4.460230004042387009e-03
4.459171090275049210e-03
4.458112642168998718e-03
4.457054659724235535e-03
4.455997142940759659e-03
4.454940091818571091e-03
4.453883506357669830e-03
4.452826920896768570e-03
4.451771266758441925e-03
4.450716078281402588e-03
4.449661355465650558e-03
4.448607098311185837e-03
4.447552841156721115e-03
4.446499515324831009e-03
4.445446655154228210e-03
4.444394260644912720e-03
4.443341866135597229e-03
4.442290402948856354e-03
4.441238939762115479e-03
4.440188407897949219e-03
4.439138341695070267e-03
4.438088275492191315e-03
4.437039140611886978e-03
4.435990005731582642e-03
4.434941802173852921e-03
4.433893598616123199e-03
4.432846326380968094e-03
4.431799054145812988e-03
4.430752713233232498e-03
4.429706372320652008e-03
4.428660962730646133e-03
4.427615553140640259e-03
4.426570609211921692e-03
4.425526130944490433e-03
4.424482583999633789e-03
4.423439037054777145e-03
4.422395955771207809e-03
4.421353340148925781e-03
4.420311190187931061e-03
4.419269505888223648e-03
4.418228287249803543e-03
4.417187534272670746e-03
4.416147712618112564e-03
4.415107425302267075e-03
4.414068069308996201e-03
4.413029178977012634e-03
4.411990754306316376e-03
4.410952795296907425e-03
4.409915301948785782e-03
4.408878274261951447e-03
4.407841246575117111e-03
4.406805150210857391e-03
4.405769053846597672e-03
4.404733888804912567e-03
4.403699189424514771e-03
4.402664490044116974e-03
4.401630721986293793e-03
4.400596953928470612e-03
4.399564117193222046e-03
4.398531280457973480e-03
4.397498909384012222e-03
4.396467469632625580e-03
4.395436029881238937e-03
4.394405055791139603e-03
4.393374547362327576e-03
4.392344504594802856e-03
4.391314927488565445e-03
4.390286281704902649e-03
4.389257170259952545e-03
4.388229455798864365e-03
4.387201275676488876e-03
4.386174026876688004e-03
4.385147243738174438e-03
4.384120926260948181e-03
4.383094608783721924e-03
4.382069222629070282e-03
4.381044302135705948e-03
4.380019381642341614e-03
4.378995392471551895e-03
4.377971403300762177e-03
4.376948345452547073e-03
4.375925287604331970e-03
4.374902695417404175e-03
4.373881034553050995e-03
4.372859373688697815e-03
4.371838178485631943e-03
4.370817448943853378e-03
4.369797185063362122e-03
4.368777386844158173e-03
4.367758054286241531e-03
4.366739187389612198e-03
4.365720786154270172e-03
4.364702850580215454e-03
4.363684915006160736e-03
4.362667910754680634e-03
4.361651372164487839e-03
4.360634833574295044e-03
4.359619226306676865e-03
4.358603619039058685e-03
4.357588943094015121e-03
4.356574267148971558e-03
4.355560056865215302e-03
4.354546312242746353e-03
4.353533033281564713e-03
4.352520219981670380e-03
4.351508338004350662e-03
4.350495990365743637e-03
4.349484574049711227e-03
4.348473623394966125e-03
4.347463138401508331e-03
4.346453119069337845e-03
4.345443099737167358e-03
4.344434011727571487e-03
4.343424923717975616e-03
4.342416767030954361e-03
4.341408144682645798e-03
4.340400919318199158e-03
4.339393693953752518e-03
4.338387399911880493e-03
4.337381105870008469e-03
4.336375277489423752e-03
4.335369449108839035e-03
4.334364552050828934e-03
4.333360120654106140e-03
4.332356154918670654e-03
4.331352189183235168e-03
4.330349154770374298e-03
4.329346586018800735e-03
4.328344482928514481e-03
4.327342379838228226e-03
4.326340742409229279e-03
4.325339570641517639e-03
4.324338864535093307e-03
4.323338624089956284e-03
4.322338849306106567e-03
4.321339540183544159e-03
4.320340696722269058e-03
4.319342318922281265e-03
4.318343941122293472e-03
4.317346494644880295e-03
4.316349048167467117e-03
4.315352533012628555e-03
4.314356017857789993e-03
4.313359968364238739e-03
4.312364850193262100e-03
4.311369732022285461e-03
4.310375079512596130e-03
4.309380427002906799e-03
4.308386705815792084e-03
4.307393450289964676e-03
4.306400660425424576e-03
4.305407870560884476e-03
4.304416012018918991e-03
4.303424153476953506e-03
4.302432760596275330e-03
4.301442299038171768e-03
4.300451837480068207e-03
4.299461841583251953e-03
4.298472311347723007e-03
4.297483246773481369e-03
4.296494647860527039e-03
4.295506048947572708e-03
4.294518381357192993e-03
4.293531179428100586e-03
4.292543977499008179e-03
4.291557241231203079e-03
4.290570970624685287e-03
4.289585165679454803e-03
4.288599826395511627e-03
4.287615418434143066e-03
4.286630544811487198e-03
4.285646602511405945e-03
4.284663125872612000e-03
4.283680114895105362e-03
4.282697103917598724e-03
4.281714558601379395e-03
4.280732944607734680e-03
4.279751330614089966e-03
4.278770182281732559e-03
4.277789499610662460e-03
4.276809282600879669e-03
4.275829065591096878e-03
4.274849779903888702e-03
4.273870959877967834e-03
4.272892139852046967e-03
4.271914251148700714e-03
4.270936362445354462e-03
4.269958939403295517e-03
4.268981982022523880e-03
4.268005490303039551e-03
4.267029464244842529e-03
4.266053903847932816e-03
4.265078343451023102e-03
4.264103714376688004e-03
4.263129085302352905e-03
4.262154921889305115e-03
4.261181689798831940e-03
4.260207992047071457e-03
4.259235691279172897e-03
4.258262924849987030e-03
4.257291089743375778e-03
4.256319720298051834e-03
4.255348350852727890e-03
4.254377912729978561e-03
4.253407474607229233e-03
4.252437502145767212e-03
4.251467995345592499e-03
4.250498954206705093e-03
4.249530378729104996e-03
4.248562268912792206e-03
4.247594624757766724e-03
4.246626980602741241e-03
4.245659802109003067e-03
4.244693554937839508e-03
4.243727307766675949e-03
4.242761526256799698e-03
4.241796210408210754e-03
4.240831360220909119e-03
4.239866510033607483e-03
4.238902591168880463e-03
4.237938672304153442e-03
4.236975219100713730e-03
4.236012697219848633e-03
4.235050175338983536e-03
4.234088119119405746e-03
4.233126062899827957e-03
4.232165403664112091e-03
4.231204278767108917e-03
4.230243619531393051e-03
4.229283891618251801e-03
4.228324163705110550e-03
4.227364901453256607e-03
4.226406104862689972e-03
4.225447308272123337e-03
4.224489908665418625e-03
4.223532043397426605e-03
4.222574643790721893e-03
4.221617709845304489e-03
4.220661707222461700e-03
4.219705704599618912e-03
4.218750167638063431e-03
4.217794630676507950e-03
4.216840025037527084e-03
4.215885885059833527e-03
4.214931745082139969e-03
4.213978070765733719e-03
4.213024862110614777e-03
4.212072119116783142e-03
4.211119841784238815e-03
