2.630567410960793495e-03
2.630336675792932510e-03
2.630105940625071526e-03
2.629875438287854195e-03
2.629644703119993210e-03
2.629414200782775879e-03
2.629183698445558548e-03
2.628953196108341217e-03
2.628722693771123886e-03
2.628492191433906555e-03
2.628261921927332878e-03
2.628031652420759201e-03
2.627801382914185524e-03
2.627571113407611847e-03
2.627341076731681824e-03
2.627110807225108147e-03
2.626880770549178123e-03
2.626650733873248100e-03
2.626420697197318077e-03
2.626190660521388054e-03
2.625960856676101685e-03
2.625730820000171661e-03
2.625501016154885292e-03
2.625271445140242577e-03
2.625041408464312553e-03
2.624811837449669838e-03
2.624582266435027122e-03
2.624352695420384407e-03
2.624122891575098038e-03
2.623893553391098976e-03
2.623663982376456261e-03
2.623434411361813545e-03
2.623205073177814484e-03
2.622975734993815422e-03
2.622746396809816360e-03
2.622517291456460953e-03
2.622287953272461891e-03
2.622058847919106483e-03
2.621829742565751076e-03
2.621600637212395668e-03
2.621371531859040260e-03
2.621142426505684853e-03
2.620913553982973099e-03
2.620684681460261345e-03
2.620455808937549591e-03
2.620226936414837837e-03
2.619998296722769737e-03
2.619769424200057983e-03
2.619540551677346230e-03
2.619312144815921783e-03
2.619083505123853683e-03
2.618854865431785583e-03
2.618626458570361137e-03
2.618397818878293037e-03
2.618169412016868591e-03
2.617941005155444145e-03
2.617712598294019699e-03
2.617484424263238907e-03
2.617256017401814461e-03
2.617027843371033669e-03
2.616799669340252876e-03
2.616571495309472084e-03
2.616343554109334946e-03
2.616115380078554153e-03
2.615887438878417015e-03
2.615659264847636223e-03
2.615431556478142738e-03
2.615203615278005600e-03
2.614975674077868462e-03
2.614747965708374977e-03
2.614520257338881493e-03
2.614292548969388008e-03
2.614064840599894524e-03
2.613837365061044693e-03
2.613609889522194862e-03
2.613382181152701378e-03
2.613154705613851547e-03
2.612927230075001717e-03
2.612699754536151886e-03
2.612472511827945709e-03
2.612245269119739532e-03
2.612017793580889702e-03
2.611790550872683525e-03
2.611563308164477348e-03
2.611336298286914825e-03
2.611109288409352303e-03
2.610882045701146126e-03
2.610655035823583603e-03
2.610428025946021080e-03
2.610201248899102211e-03
2.609974239021539688e-03
2.609747229143977165e-03
2.609520452097058296e-03
2.609293907880783081e-03
2.609067130833864212e-03
2.608840353786945343e-03
2.608613809570670128e-03
2.608387032523751259e-03
2.608160488307476044e-03
2.607934176921844482e-03
2.607707632705569267e-03
2.607481321319937706e-03
2.607255009934306145e-03
2.607028465718030930e-03
2.606802154332399368e-03
2.606576075777411461e-03
2.606349764391779900e-03
2.606123685836791992e-03
2.605897374451160431e-03
2.605671528726816177e-03
2.605445217341184616e-03
2.605219371616840363e-03
2.604993293061852455e-03
2.604767447337508202e-03
2.604541601613163948e-03
2.604315755888819695e-03
2.604089910164475441e-03
2.603864297270774841e-03
2.603638451546430588e-03
2.603412838652729988e-03
2.603187225759029388e-03
2.602961845695972443e-03
2.602736232802271843e-03
2.602510619908571243e-03
2.602285239845514297e-03
2.602059859782457352e-03
2.601834479719400406e-03
2.601609099656343460e-03
2.601383952423930168e-03
2.601158572360873222e-03
2.600933657959103584e-03
2.600708277896046638e-03
2.600483130663633347e-03
2.600258216261863708e-03
2.600033069029450417e-03
2.599808154627680779e-03
2.599583240225911140e-03
2.599358325824141502e-03
2.599133411422371864e-03
2.598908729851245880e-03
2.598683815449476242e-03
2.598459133878350258e-03
2.598234452307224274e-03
2.598009770736098289e-03
2.597785321995615959e-03
2.597560640424489975e-03
2.597336191684007645e-03
2.597111510112881660e-03
2.596887294203042984e-03
2.596662845462560654e-03
2.596438629552721977e-03
2.596214180812239647e-03
2.595989732071757317e-03
2.595765748992562294e-03
2.595541533082723618e-03
2.595317550003528595e-03
2.595093334093689919e-03
2.594869118183851242e-03
2.594645367935299873e-03
2.594421152025461197e-03
2.594197401776909828e-03
2.593973418697714806e-03
2.593749668449163437e-03
2.593525918200612068e-03
2.593301935121417046e-03
2.593078417703509331e-03
2.592854667454957962e-03
2.592630917206406593e-03
2.592407399788498878e-03
2.592183882370591164e-03
2.591960364952683449e-03
2.591736847534775734e-03
2.591513330116868019e-03
2.591290045529603958e-03
2.591066760942339897e-03
2.590843476355075836e-03
2.590619958937168121e-03
2.590396907180547714e-03
2.590173622593283653e-03
2.589950570836663246e-03
2.589727519080042839e-03
2.589504467323422432e-03
2.589281415566802025e-03
2.589058363810181618e-03
2.588835544884204865e-03
2.588612725958228111e-03
2.588389907032251358e-03
2.588167088106274605e-03
2.587944269180297852e-03
2.587721683084964752e-03
2.587499096989631653e-03
2.587276510894298553e-03
2.587053691968321800e-03
2.586831105872988701e-03
2.586608752608299255e-03
2.586386166512966156e-03
2.586163813248276711e-03
2.585941459983587265e-03
2.585719106718897820e-03
2.585496753454208374e-03
2.585274400189518929e-03
2.585052279755473137e-03
2.584830159321427345e-03
2.584608038887381554e-03
2.584385918453335762e-03
2.584163798019289970e-03
2.583941910415887833e-03
2.583719789981842041e-03
2.583497902378439903e-03
2.583275781944394112e-03
2.583054127171635628e-03
2.582832472398877144e-03
2.582610584795475006e-03
2.582388930022716522e-03
2.582167275249958038e-03
2.581945620477199554e-03
2.581723965704441071e-03
2.581502310931682587e-03
2.581280888989567757e-03
2.581059467047452927e-03
2.580838045105338097e-03
2.580616623163223267e-03
2.580395434051752090e-03
2.580174012109637260e-03
2.579952822998166084e-03
2.579731633886694908e-03
2.579510444775223732e-03
2.579289255663752556e-03
2.579068066552281380e-03
2.578847110271453857e-03
2.578625921159982681e-03
2.578404964879155159e-03
2.578184008598327637e-03
2.577963285148143768e-03
2.577742328867316246e-03
2.577521605417132378e-03
2.577300881966948509e-03
2.577079925686120987e-03
2.576859202235937119e-03
2.576638711616396904e-03
2.576417988166213036e-03
2.576197497546672821e-03
2.575977006927132607e-03
2.575756516307592392e-03
2.575536025688052177e-03
2.575315767899155617e-03
2.575095277279615402e-03
2.574875019490718842e-03
2.574654761701822281e-03
2.574434503912925720e-03
2.574214478954672813e-03
2.573994221165776253e-03
2.573774196207523346e-03
2.573554171249270439e-03
2.573333913460373878e-03
2.573114121332764626e-03
2.572894096374511719e-03
2.572674071416258812e-03
2.572454279288649559e-03
2.572234487161040306e-03
2.572014695033431053e-03
2.571794902905821800e-03
2.571575343608856201e-03
2.571355551481246948e-03
2.571135759353637695e-03
2.570916432887315750e-03
2.570696873590350151e-03
2.570477314293384552e-03
2.570257754996418953e-03
2.570038428530097008e-03
2.569819102063775063e-03
2.569599775597453117e-03
2.569380449131131172e-03
2.569161122664809227e-03
2.568942029029130936e-03
2.568722702562808990e-03
2.568503608927130699e-03
2.568284515291452408e-03
2.568065421655774117e-03
2.567846560850739479e-03
2.567627467215061188e-03
2.567408373579382896e-03
2.567189512774348259e-03
2.566970651969313622e-03
2.566752023994922638e-03
2.566533163189888000e-03
2.566314302384853363e-03
2.566095674410462379e-03
2.565877046436071396e-03
2.565658418461680412e-03
2.565439790487289429e-03
2.565221395343542099e-03
2.565003000199794769e-03
2.564784372225403786e-03
2.564565977081656456e-03
2.564347814768552780e-03
2.564129419624805450e-03
2.563911024481058121e-03
2.563692862167954445e-03
2.563474699854850769e-03
2.563256537541747093e-03
2.563038375228643417e-03
2.562820212915539742e-03
2.562602283433079720e-03
2.562384353950619698e-03
2.562166424468159676e-03
2.561948494985699654e-03
2.561730565503239632e-03
2.561512868851423264e-03
2.561294939368963242e-03
2.561077242717146873e-03
2.560859546065330505e-03
2.560641849413514137e-03
2.560424152761697769e-03
2.560206688940525055e-03
2.559988992288708687e-03
2.559771528467535973e-03
2.559554064646363258e-03
2.559336833655834198e-03
2.559119369834661484e-03
2.558901906013488770e-03
2.558684675022959709e-03
2.558467211201786995e-03
2.558249980211257935e-03
2.558032749220728874e-03
2.557815518230199814e-03
2.557598520070314407e-03
2.557381521910429001e-03
2.557164290919899940e-03
2.556947525590658188e-03
2.556730527430772781e-03
2.556513762101531029e-03
2.556296763941645622e-03
2.556079765781760216e-03
2.555863000452518463e-03
2.555646235123276711e-03
2.555429702624678612e-03
2.555212937295436859e-03
2.554996404796838760e-03
2.554779639467597008e-03
2.554563106968998909e-03
2.554346807301044464e-03
2.554130274802446365e-03
2.553913742303848267e-03
2.553697442635893822e-03
2.553481142967939377e-03
2.553264610469341278e-03
2.553048310801386833e-03
2.552832243964076042e-03
2.552615944296121597e-03
2.552399877458810806e-03
2.552183577790856361e-03
2.551967510953545570e-03
2.551751444116234779e-03
2.551535610109567642e-03
2.551319543272256851e-03
2.551103709265589714e-03
2.550887875258922577e-03
2.550672041252255440e-03
2.550456207245588303e-03
2.550240373238921165e-03
2.550024772062897682e-03
2.549809170886874199e-03
2.549593336880207062e-03
2.549377968534827232e-03
2.549162367358803749e-03
2.548946766182780266e-03
2.548731397837400436e-03
2.548516029492020607e-03
2.548300428315997124e-03
2.548085292801260948e-03
2.547869924455881119e-03
2.547654556110501289e-03
2.547439420595765114e-03
2.547224285081028938e-03
2.547009149566292763e-03
2.546794014051556587e-03
2.546578878536820412e-03
2.546363975852727890e-03
2.546148840337991714e-03
2.545933704823255539e-03
2.545718802139163017e-03
2.545504132285714149e-03
2.545288996770977974e-03
2.545074326917529106e-03
2.544859657064080238e-03
2.544644987210631371e-03
2.544430084526538849e-03
2.544215647503733635e-03
2.544000977650284767e-03
2.543786307796835899e-03
2.543571870774030685e-03
2.543357200920581818e-03
2.543142996728420258e-03
2.542928559705615044e-03
2.542714122682809830e-03
2.542499918490648270e-03
2.542285481467843056e-03
2.542071510106325150e-03
2.541857073083519936e-03
2.541642868891358376e-03
2.541428897529840469e-03
2.541214693337678909e-03
2.541000721976161003e-03
2.540786517783999443e-03
2.540572779253125191e-03
2.540358807891607285e-03
2.540144836530089378e-03
2.539931097999215126e-03
2.539717126637697220e-03
2.539503388106822968e-03
2.539289649575948715e-03
2.539075911045074463e-03
2.538862172514200211e-03
2.538648666813969612e-03
2.538434928283095360e-03
2.538221422582864761e-03
2.538007916882634163e-03
2.537794644013047218e-03
2.537581138312816620e-03
2.537367632612586021e-03
2.537154359742999077e-03
2.536941086873412132e-03
2.536727814003825188e-03
2.536514541134238243e-03
2.536301268264651299e-03
2.536088228225708008e-03
2.535875188186764717e-03
2.535662148147821426e-03
2.535449108108878136e-03
2.535236068069934845e-03
2.535023028030991554e-03
2.534810220822691917e-03
2.534597413614392281e-03
2.534384373575448990e-03
2.534171799197793007e-03
2.533958991989493370e-03
2.533746184781193733e-03
2.533533610403537750e-03
2.533320803195238113e-03
2.533108228817582130e-03
2.532895654439926147e-03
2.532683080062270164e-03
2.532470505684614182e-03
2.532258164137601852e-03
2.532045822590589523e-03
2.531833248212933540e-03
2.531620906665921211e-03
2.531408797949552536e-03
2.531196689233183861e-03
2.530984114855527878e-03
2.530772006139159203e-03
2.530559897422790527e-03
2.530347788706421852e-03
2.530135912820696831e-03
2.529923804104328156e-03
2.529711928218603134e-03
2.529499819502234459e-03
2.529288176447153091e-03
2.529076300561428070e-03
2.528864424675703049e-03
2.528652548789978027e-03
2.528440905734896660e-03
2.528229029849171638e-03
2.528017386794090271e-03
2.527805743739008904e-03
2.527594333514571190e-03
2.527382690459489822e-03
2.527171280235052109e-03
2.526959637179970741e-03
2.526748226955533028e-03
2.526536816731095314e-03
2.526325639337301254e-03
2.526114229112863541e-03
2.525902818888425827e-03
2.525691641494631767e-03
2.525480464100837708e-03
2.525269286707043648e-03
2.525058109313249588e-03
2.524846931919455528e-03
2.524635754525661469e-03
2.524424809962511063e-03
2.524213865399360657e-03
2.524002920836210251e-03
2.523792209103703499e-03
2.523581264540553093e-03
2.523370319977402687e-03
2.523159608244895935e-03
2.522948896512389183e-03
2.522738184779882431e-03
2.522527473047375679e-03
2.522316994145512581e-03
2.522106282413005829e-03
2.521895803511142731e-03
2.521685324609279633e-03
2.521474845707416534e-03
2.521264366805553436e-03
2.521053887903690338e-03
2.520843641832470894e-03
2.520633395761251450e-03
