4.465383477509021759e-03
4.464483819901943207e-03
4.463584627956151962e-03
4.462685436010360718e-03
4.461786709725856781e-03
4.460887983441352844e-03
4.459989722818136215e-03
4.459091927856206894e-03
4.458194132894277573e-03
4.457296803593635559e-03
4.456399939954280853e-03
4.455503076314926147e-03
4.454606678336858749e-03
4.453710746020078659e-03
4.452814813703298569e-03
4.451919347047805786e-03
4.451023880392313004e-03
4.450129345059394836e-03
4.449234809726476669e-03
4.448340274393558502e-03
4.447446670383214951e-03
4.446552600711584091e-03
4.445659462362527847e-03
4.444766324013471603e-03
4.443873651325702667e-03
4.442980978637933731e-03
4.442089237272739410e-03
4.441197030246257782e-03
4.440305754542350769e-03
4.439414013177156448e-03
4.438523203134536743e-03
4.437632858753204346e-03
4.436742514371871948e-03
4.435852169990539551e-03
4.434962756931781769e-03
4.434073343873023987e-03
4.433183930814266205e-03
4.432294983416795731e-03
4.431406501680612564e-03
4.430518485605716705e-03
4.429630469530820847e-03
4.428742919117212296e-03
4.427855368703603745e-03
4.426968749612569809e-03
4.426082130521535873e-03
4.425195511430501938e-03
4.424309358000755310e-03
4.423423670232295990e-03
4.422538448125123978e-03
4.421653226017951965e-03
4.420768003910779953e-03
4.419883713126182556e-03
4.418999422341585159e-03
4.418115131556987762e-03
4.417231772094964981e-03
4.416348412632942200e-03
4.415465053170919418e-03
4.414582625031471252e-03
4.413700196892023087e-03
4.412817768752574921e-03
4.411935806274414062e-03
4.411054775118827820e-03
4.410173278301954269e-03
4.409292247146368027e-03
4.408411681652069092e-03
4.407531581819057465e-03
4.406651481986045837e-03
4.405771847814321518e-03
4.404892213642597198e-03
4.404013045132160187e-03
4.403134342283010483e-03
4.402256105095148087e-03
4.401377867907285690e-03
4.400500096380710602e-03
4.399622324854135513e-03
4.398745018988847733e-03
4.397868178784847260e-03
4.396991338580846786e-03
4.396114964038133621e-03
4.395238589495420456e-03
4.394363146275281906e-03
4.393487703055143356e-03
4.392612259835004807e-03
4.391737747937440872e-03
4.390863236039876938e-03
4.389989189803600311e-03
4.389115143567323685e-03
4.388241562992334366e-03
4.387367982417345047e-03
4.386494867503643036e-03
4.385622218251228333e-03
4.384750034660100937e-03
4.383877851068973541e-03
4.383005667477846146e-03
4.382134415209293365e-03
4.381263162940740585e-03
4.380391910672187805e-03
4.379521589726209641e-03
4.378651268780231476e-03
4.377781413495540619e-03
4.376911558210849762e-03
4.376042168587446213e-03
4.375173244625329971e-03
4.374304320663213730e-03
4.373435862362384796e-03
4.372567404061555862e-03
4.371699411422014236e-03
4.370832350105047226e-03
4.369964823126792908e-03
4.369098227471113205e-03
4.368231631815433502e-03
4.367365036159753799e-03
4.366498906165361404e-03
4.365633241832256317e-03
4.364768043160438538e-03
4.363902378827333450e-03
4.363037645816802979e-03
4.362173378467559814e-03
4.361309111118316650e-03
4.360444843769073486e-03
4.359581507742404938e-03
4.358718171715736389e-03
4.357855301350355148e-03
4.356992430984973907e-03
4.356130026280879974e-03
4.355267621576786041e-03
4.354406148195266724e-03
4.353544209152460098e-03
4.352683201432228088e-03
4.351822193711996078e-03
4.350961651653051376e-03
4.350101575255393982e-03
4.349241498857736588e-03
4.348381888121366501e-03
4.347522277384996414e-03
4.346663132309913635e-03
4.345804452896118164e-03
4.344946239143610001e-03
4.344087559729814529e-03
4.343229811638593674e-03
4.342372063547372818e-03
4.341514781117439270e-03
4.340657964348793030e-03
4.339801613241434097e-03
4.338944796472787857e-03
4.338088911026716232e-03
4.337233025580644608e-03
4.336377605795860291e-03
4.335522651672363281e-03
4.334667697548866272e-03
4.333813209086656570e-03
4.332958720624446869e-03
4.332105163484811783e-03
4.331251140683889389e-03
4.330398049205541611e-03
4.329544957727193832e-03
4.328691866248846054e-03
4.327839706093072891e-03
4.326987545937299728e-03
4.326135385781526566e-03
4.325284156948328018e-03
4.324432928115129471e-03
4.323582164943218231e-03
4.322731401771306992e-03
4.321881104260683060e-03
4.321030806750059128e-03
4.320181440562009811e-03
4.319331608712673187e-03
4.318482708185911179e-03
4.317633341997861862e-03
4.316785372793674469e-03
4.315936937928199768e-03
4.315088968724012375e-03
4.314241465181112289e-03
4.313393961638212204e-03
4.312546923756599426e-03
4.311700351536273956e-03
4.310853779315948486e-03
4.310007672756910324e-03
4.309162031859159470e-03
4.308316390961408615e-03
4.307471215724945068e-03
4.306626040488481522e-03
4.305781330913305283e-03
4.304937086999416351e-03
4.304093308746814728e-03
4.303249530494213104e-03
4.302406217902898788e-03
4.301562905311584473e-03
4.300720058381557465e-03
4.299877677112817764e-03
4.299035295844078064e-03
4.298193380236625671e-03
4.297351464629173279e-03
4.296510480344295502e-03
4.295669496059417725e-03
4.294828511774539948e-03
4.293987993150949478e-03
4.293147940188646317e-03
4.292307887226343155e-03
4.291468299925327301e-03
4.290629178285598755e-03
4.289790056645870209e-03
4.288951866328716278e-03
4.288113210350275040e-03
4.287275020033121109e-03
4.286437761038541794e-03
4.285600036382675171e-03
4.284762777388095856e-03
4.283925984054803848e-03
4.283089190721511841e-03
4.282253328710794449e-03
4.281417466700077057e-03
4.280581604689359665e-03
4.279746208339929581e-03
4.278911277651786804e-03
4.278076346963644028e-03
4.277241881936788559e-03
4.276407882571220398e-03
4.275573883205652237e-03
4.274740349501371384e-03
4.273907281458377838e-03
4.273074213415384293e-03
4.272241611033678055e-03
4.271409008651971817e-03
4.270576871931552887e-03
4.269745200872421265e-03
4.268913529813289642e-03
4.268082324415445328e-03
4.267251584678888321e-03
4.266420844942331314e-03
4.265590570867061615e-03
4.264760296791791916e-03
4.263930954039096832e-03
4.263101611286401749e-03
4.262272268533706665e-03
4.261443391442298889e-03
4.260614980012178421e-03
4.259786568582057953e-03
4.258958622813224792e-03
4.258131142705678940e-03
4.257303662598133087e-03
4.256476648151874542e-03
4.255650099366903305e-03
4.254823550581932068e-03
4.253997001796960831e-03
4.253171384334564209e-03
4.252345766872167587e-03
4.251520615071058273e-03
4.250695463269948959e-03
4.249870777130126953e-03
4.249046556651592255e-03
4.248222336173057556e-03
4.247398581355810165e-03
4.246574826538562775e-03
4.245751537382602692e-03
4.244928713887929916e-03
4.244106356054544449e-03
4.243283532559871674e-03
4.242461640387773514e-03
4.241639748215675354e-03
4.240818787366151810e-03
4.239997360855340958e-03
4.239176400005817413e-03
4.238355904817581177e-03
4.237535875290632248e-03
4.236715380102396011e-03
4.235895816236734390e-03
4.235076718032360077e-03
4.234257154166698456e-03
4.233438521623611450e-03
4.232619889080524445e-03
4.231801722198724747e-03
4.230984020978212357e-03
4.230166319757699966e-03
4.229348618537187576e-03
4.228531848639249802e-03
4.227715078741312027e-03
4.226898774504661560e-03
4.226082470268011093e-03
4.225266631692647934e-03
4.224450793117284775e-03
4.223635420203208923e-03
4.222820512950420380e-03
4.222005605697631836e-03
4.221191629767417908e-03
4.220377188175916672e-03
4.219563212245702744e-03
4.218750167638063431e-03
4.217936657369136810e-03
4.217123612761497498e-03
4.216311033815145493e-03
4.215498454868793488e-03
4.214686341583728790e-03
4.213874693959951401e-03
4.213063046336174011e-03
4.212251864373683929e-03
4.211441148072481155e-03
4.210629966109991074e-03
4.209819715470075607e-03
4.209009930491447449e-03
4.208200145512819290e-03
4.207390360534191132e-03
4.206581041216850281e-03
4.205772187560796738e-03
4.204963799566030502e-03
4.204155411571264267e-03
4.203347489237785339e-03
4.202539566904306412e-03
4.201732110232114792e-03
4.200925119221210480e-03
4.200118128210306168e-03
4.199311602860689163e-03
4.198505077511072159e-03
4.197699017822742462e-03
4.196893423795700073e-03
4.196087829768657684e-03
4.195282701402902603e-03
4.194478038698434830e-03
4.193673375993967056e-03
4.192869178950786591e-03
4.192064981907606125e-03
4.191261250525712967e-03
4.190457984805107117e-03
4.189654719084501266e-03
4.188851919025182724e-03
4.188049584627151489e-03
4.187246784567832947e-03
4.186444915831089020e-03
4.185643047094345093e-03
4.184841644018888474e-03
4.184040706604719162e-03
4.183239769190549850e-03
4.182439297437667847e-03
4.181638825684785843e-03
4.180838819593191147e-03
4.180039279162883759e-03
4.179239738732576370e-03
4.178440663963556290e-03
4.177642054855823517e-03
4.176843445748090744e-03
4.176044836640357971e-03
4.175247158855199814e-03
4.174449481070041656e-03
4.173651803284883499e-03
4.172854591161012650e-03
4.172057844698429108e-03
4.171261563897132874e-03
4.170464817434549332e-03
4.169669002294540405e-03
4.168873187154531479e-03
4.168077837675809860e-03
4.167282953858375549e-03
4.166488070040941238e-03
4.165693186223506927e-03
4.164898768067359924e-03
4.164104815572500229e-03
4.163311328738927841e-03
4.162517841905355453e-03
4.161724820733070374e-03
4.160931799560785294e-03
4.160139244049787521e-03
4.159346688538789749e-03
4.158555064350366592e-03
4.157762974500656128e-03
4.156971350312232971e-03
4.156180657446384430e-03
4.155389498919248581e-03
4.154598806053400040e-03
4.153808578848838806e-03
4.153018351644277573e-03
4.152228590101003647e-03
4.151439294219017029e-03
4.150649998337030411e-03
4.149861168116331100e-03
4.149072803556919098e-03
4.148283973336219788e-03
4.147496074438095093e-03
4.146708175539970398e-03
4.145920742303133011e-03
4.145133309066295624e-03
4.144346341490745544e-03
4.143559839576482773e-03
4.142773337662220001e-03
4.141987301409244537e-03
4.141201265156269073e-03
4.140415694564580917e-03
4.139630589634180069e-03
4.138845484703779221e-03
4.138060845434665680e-03
4.137276206165552139e-03
4.136492032557725906e-03
4.135708324611186981e-03
4.134924616664648056e-03
4.134141374379396439e-03
4.133358132094144821e-03
4.132575821131467819e-03
4.131793044507503510e-03
4.131011199206113815e-03
4.130228888243436813e-03
4.129447508603334427e-03
4.128666128963232040e-03
4.127884749323129654e-03
4.127103835344314575e-03
4.126323387026786804e-03
4.125543404370546341e-03
4.124763421714305878e-03
4.123983439058065414e-03
4.123203922063112259e-03
4.122424870729446411e-03
4.121645819395780563e-03
4.120867699384689331e-03
4.120089113712310791e-03
4.119310993701219559e-03
4.118533339351415634e-03
4.117755685001611710e-03
4.116978496313095093e-03
4.116201773285865784e-03
4.115425050258636475e-03
4.114648327231407166e-03
4.113872535526752472e-03
4.113096743822097778e-03
4.112320952117443085e-03
4.111545626074075699e-03
4.110770765691995621e-03
4.109995905309915543e-03
4.109221510589122772e-03
4.108447115868330002e-03
4.107673652470111847e-03
4.106899723410606384e-03
4.106126260012388229e-03
4.105353262275457382e-03
4.104580730199813843e-03
4.103808198124170303e-03
4.103035666048526764e-03
4.102263599634170532e-03
4.101491998881101608e-03
4.100720398128032684e-03
4.099949263036251068e-03
4.099178593605756760e-03
4.098407458513975143e-03
4.097637254744768143e-03
4.096867516636848450e-03
4.096097312867641449e-03
4.095328040421009064e-03
4.094558767974376678e-03
4.093789495527744293e-03
4.093020688742399216e-03
4.092252347618341446e-03
4.091484006494283676e-03
4.090716131031513214e-03
4.089948721230030060e-03
4.089181311428546906e-03
4.088414367288351059e-03
4.087647423148155212e-03
4.086880944669246674e-03
4.086114466190338135e-03
4.085348453372716904e-03
4.084582906216382980e-03
4.083817359060049057e-03
4.083052277565002441e-03
4.082287196069955826e-03
4.081522580236196518e-03
4.080757964402437210e-03
4.079993814229965210e-03
4.079230129718780518e-03
4.078466445207595825e-03
4.077703226357698441e-03
4.076940007507801056e-03
4.076177254319190979e-03
4.075414966791868210e-03
4.074652679264545441e-03
4.073890857398509979e-03
4.073129035532474518e-03
4.072367679327726364e-03
4.071606323122978210e-03
4.070845432579517365e-03
4.070085007697343826e-03
4.069324582815170288e-03
4.068564623594284058e-03
4.067804664373397827e-03
4.067045170813798904e-03
4.066285677254199982e-03
4.065527115017175674e-03
4.064768087118864059e-03
4.064009524881839752e-03
4.063251428306102753e-03
4.062493331730365753e-03
4.061735700815916061e-03
4.060978069901466370e-03
4.060220904648303986e-03
4.059464205056428909e-03
4.058707505464553833e-03
4.057951271533966064e-03
4.057195037603378296e-03
4.056439269334077835e-03
4.055683501064777374e-03
4.054928198456764221e-03
4.054173361510038376e-03
4.053418524563312531e-03
