2.904860535636544228e-03
2.904634457081556320e-03
2.904408611357212067e-03
2.904182299971580505e-03
2.903956221416592598e-03
2.903730375692248344e-03
2.903504529967904091e-03
2.903278684243559837e-03
2.903052838519215584e-03
2.902826992794871330e-03
2.902601147070527077e-03
2.902375534176826477e-03
2.902149921283125877e-03
2.901924308389425278e-03
2.901698695495724678e-03
2.901473082602024078e-03
2.901247702538967133e-03
2.901022322475910187e-03
2.900796942412853241e-03
2.900571562349796295e-03
2.900346182286739349e-03
2.900121035054326057e-03
2.899895422160625458e-03
2.899670507758855820e-03
2.899445360526442528e-03
2.899220213294029236e-03
2.898995066061615944e-03
2.898770151659846306e-03
2.898545004427433014e-03
2.898320090025663376e-03
2.898095175623893738e-03
2.897870494052767754e-03
2.897645579650998116e-03
2.897420898079872131e-03
2.897196216508746147e-03
2.896971302106976509e-03
2.896746620535850525e-03
2.896522171795368195e-03
2.896297490224242210e-03
2.896073041483759880e-03
2.895848592743277550e-03
2.895624144002795219e-03
2.895399462431669235e-03
2.895175246521830559e-03
2.894950797781348228e-03
2.894726581871509552e-03
2.894502365961670876e-03
2.894278150051832199e-03
2.894053934141993523e-03
2.893829951062798500e-03
2.893605967983603477e-03
2.893381752073764801e-03
2.893157768994569778e-03
2.892933785915374756e-03
2.892710035666823387e-03
2.892486052587628365e-03
2.892262302339076996e-03
2.892038552090525627e-03
2.891814801841974258e-03
2.891591051593422890e-03
2.891367301344871521e-03
2.891143551096320152e-03
2.890920033678412437e-03
2.890696516260504723e-03
2.890472998842597008e-03
2.890249714255332947e-03
2.890026196837425232e-03
2.889802912250161171e-03
2.889579394832253456e-03
2.889356110244989395e-03
2.889133058488368988e-03
2.888909773901104927e-03
2.888686722144484520e-03
2.888463437557220459e-03
2.888240385800600052e-03
2.888017334043979645e-03
2.887794282287359238e-03
2.887571230530738831e-03
2.887348411604762077e-03
2.887125359848141670e-03
2.886902540922164917e-03
2.886679721996188164e-03
2.886457135900855064e-03
2.886234549805521965e-03
2.886011730879545212e-03
2.885789144784212112e-03
2.885566558688879013e-03
2.885343972593545914e-03
2.885121386498212814e-03
2.884899033233523369e-03
2.884676679968833923e-03
2.884454093873500824e-03
2.884231740608811378e-03
2.884009387344121933e-03
2.883787266910076141e-03
2.883565146476030350e-03
2.883342793211340904e-03
2.883120672777295113e-03
2.882898552343249321e-03
2.882676664739847183e-03
2.882454544305801392e-03
2.882232656702399254e-03
2.882010769098997116e-03
2.881788648664951324e-03
2.881566993892192841e-03
2.881344873458147049e-03
2.881123218685388565e-03
2.880901563912630081e-03
2.880679909139871597e-03
2.880458254367113113e-03
2.880236599594354630e-03
2.880014944821596146e-03
2.879793522879481316e-03
2.879571868106722832e-03
2.879350678995251656e-03
2.879129024222493172e-03
2.878907835111021996e-03
2.878686413168907166e-03
2.878465224057435989e-03
2.878244034945964813e-03
2.878022845834493637e-03
2.877801656723022461e-03
2.877580467611551285e-03
2.877359278500080109e-03
2.877138322219252586e-03
2.876917365938425064e-03
2.876696409657597542e-03
2.876475453376770020e-03
2.876254497095942497e-03
2.876033773645758629e-03
2.875813050195574760e-03
2.875592093914747238e-03
2.875371603295207024e-03
2.875150879845023155e-03
2.874930156394839287e-03
2.874709432944655418e-03
2.874488942325115204e-03
2.874268451705574989e-03
2.874047961086034775e-03
2.873827470466494560e-03
2.873607212677598000e-03
2.873386722058057785e-03
2.873166464269161224e-03
2.872946206480264664e-03
2.872725948691368103e-03
2.872505690902471542e-03
2.872285665944218636e-03
2.872065408155322075e-03
2.871845383197069168e-03
2.871625358238816261e-03
2.871405333280563354e-03
2.871185541152954102e-03
2.870965516194701195e-03
2.870745724067091942e-03
2.870525699108839035e-03
2.870306139811873436e-03
2.870086347684264183e-03
2.869866555556654930e-03
2.869646996259689331e-03
2.869427204132080078e-03
2.869207644835114479e-03
2.868988085538148880e-03
2.868768759071826935e-03
2.868549199774861336e-03
2.868329873308539391e-03
2.868110314011573792e-03
2.867890987545251846e-03
2.867671893909573555e-03
2.867452567443251610e-03
2.867233473807573318e-03
2.867014147341251373e-03
2.866795053705573082e-03
2.866575727239251137e-03
2.866356633603572845e-03
2.866137539967894554e-03
2.865918679162859917e-03
2.865699818357825279e-03
2.865480957552790642e-03
2.865262096747756004e-03
2.865043003112077713e-03
2.864824375137686729e-03
2.864605747163295746e-03
2.864386886358261108e-03
2.864168258383870125e-03
2.863949630409479141e-03
2.863731002435088158e-03
2.863512374460697174e-03
2.863293979316949844e-03
2.863075584173202515e-03
2.862856956198811531e-03
2.862638793885707855e-03
2.862420398741960526e-03
2.862202003598213196e-03
2.861983841285109520e-03
2.861765678972005844e-03
2.861547283828258514e-03
2.861329121515154839e-03
2.861111192032694817e-03
2.860893262550234795e-03
2.860675100237131119e-03
2.860457170754671097e-03
2.860239241272211075e-03
2.860021311789751053e-03
2.859803382307291031e-03
2.859585685655474663e-03
2.859367756173014641e-03
2.859150059521198273e-03
2.858932362869381905e-03
2.858714666217565536e-03
2.858496969565749168e-03
2.858279272913932800e-03
2.858061809092760086e-03
2.857844345271587372e-03
2.857626881450414658e-03
2.857409417629241943e-03
2.857191953808069229e-03
2.856974722817540169e-03
2.856757258996367455e-03
2.856540028005838394e-03
2.856322797015309334e-03
2.856105566024780273e-03
2.855888567864894867e-03
2.855671336874365807e-03
2.855454105883836746e-03
2.855237107723951340e-03
2.855020109564065933e-03
2.854803111404180527e-03
2.854586346074938774e-03
2.854369580745697021e-03
2.854152582585811615e-03
2.853935817256569862e-03
2.853719051927328110e-03
2.853502519428730011e-03
2.853285754099488258e-03
2.853068988770246506e-03
2.852852456271648407e-03
2.852635690942406654e-03
2.852419391274452209e-03
2.852203091606497765e-03
2.851986559107899666e-03
2.851770026609301567e-03
2.851553726941347122e-03
2.851337427273392677e-03
2.851121127605438232e-03
2.850904827937483788e-03
2.850688761100172997e-03
2.850472461432218552e-03
2.850256627425551414e-03
2.850040560588240623e-03
2.849824260920286179e-03
2.849608426913619041e-03
2.849392360076308250e-03
2.849176526069641113e-03
2.848960459232330322e-03
2.848744625225663185e-03
2.848528791218996048e-03
2.848312957212328911e-03
2.848097356036305428e-03
2.847881754860281944e-03
2.847665920853614807e-03
2.847450319677591324e-03
2.847234718501567841e-03
2.847019350156188011e-03
2.846803748980164528e-03
2.846588380634784698e-03
2.846372779458761215e-03
2.846157411113381386e-03
2.845942275598645210e-03
2.845726907253265381e-03
2.845511538907885551e-03
2.845296403393149376e-03
2.845081035047769547e-03
2.844865899533033371e-03
2.844650764018297195e-03
2.844435628503561020e-03
2.844220725819468498e-03
2.844005823135375977e-03
2.843790687620639801e-03
2.843575784936547279e-03
2.843361115083098412e-03
2.843146212399005890e-03
2.842931309714913368e-03
2.842716639861464500e-03
2.842501737177371979e-03
2.842287300154566765e-03
2.842072630301117897e-03
2.841857960447669029e-03
2.841643523424863815e-03
2.841428853571414948e-03
2.841214416548609734e-03
2.840999979525804520e-03
2.840785542502999306e-03
2.840571338310837746e-03
2.840356901288032532e-03
2.840142697095870972e-03
2.839928492903709412e-03
2.839714288711547852e-03
2.839500084519386292e-03
2.839285880327224731e-03
2.839071676135063171e-03
2.838857704773545265e-03
2.838643733412027359e-03
2.838429762050509453e-03
2.838215790688991547e-03
2.838001819327473640e-03
2.837788080796599388e-03
2.837574109435081482e-03
2.837360603734850883e-03
2.837146632373332977e-03
2.836933126673102379e-03
2.836719388142228127e-03
2.836505882441997528e-03
2.836292143911123276e-03
2.836078638210892677e-03
2.835865132510662079e-03
2.835651626810431480e-03
2.835438121110200882e-03
2.835224848240613937e-03
2.835011342540383339e-03
2.834798069670796394e-03
2.834584796801209450e-03
2.834371523931622505e-03
2.834158251062035561e-03
2.833945211023092270e-03
2.833731938153505325e-03
2.833518898114562035e-03
2.833305858075618744e-03
2.833092818036675453e-03
2.832879777997732162e-03
2.832666970789432526e-03
2.832454163581132889e-03
2.832241123542189598e-03
2.832028316333889961e-03
2.831815509125590324e-03
2.831602934747934341e-03
2.831390127539634705e-03
2.831177553161978722e-03
2.830964745953679085e-03
2.830752171576023102e-03
2.830539597198367119e-03
2.830327022820711136e-03
2.830114681273698807e-03
2.829902106896042824e-03
2.829689765349030495e-03
2.829477423802018166e-03
2.829265082255005836e-03
2.829052973538637161e-03
2.828840631991624832e-03
2.828628523275256157e-03
2.828416181728243828e-03
2.828204073011875153e-03
2.827991964295506477e-03
2.827780088409781456e-03
2.827567979693412781e-03
2.827356103807687759e-03
2.827143995091319084e-03
2.826932119205594063e-03
2.826720243319869041e-03
2.826508600264787674e-03
2.826296724379062653e-03
2.826084848493337631e-03
2.825873205438256264e-03
2.825661562383174896e-03
2.825449919328093529e-03
2.825238276273012161e-03
2.825026633217930794e-03
2.824815222993493080e-03
2.824603812769055367e-03
2.824392402544617653e-03
2.824180992320179939e-03
2.823969582095742226e-03
2.823758171871304512e-03
2.823546761646866798e-03
2.823335817083716393e-03
2.823124406859278679e-03
2.822913229465484619e-03
2.822702284902334213e-03
2.822491107508540154e-03
2.822279930114746094e-03
2.822068985551595688e-03
2.821858040988445282e-03
2.821647096425294876e-03
2.821436151862144470e-03
2.821225440129637718e-03
2.821014495566487312e-03
2.820803783833980560e-03
2.820593072101473808e-03
2.820382360368967056e-03
2.820171648636460304e-03
2.819960936903953552e-03
2.819750458002090454e-03
2.819539746269583702e-03
2.819329267367720604e-03
2.819119021296501160e-03
2.818908309563994408e-03
2.818698063492774963e-03
2.818487584590911865e-03
2.818277338519692421e-03
2.818066859617829323e-03
2.817856846377253532e-03
2.817646600306034088e-03
2.817436354234814644e-03
2.817226108163595200e-03
2.817016094923019409e-03
2.816806081682443619e-03
2.816596068441867828e-03
2.816386055201292038e-03
2.816176041960716248e-03
2.815966028720140457e-03
2.815756248310208321e-03
2.815546235069632530e-03
2.815336454659700394e-03
2.815126674249768257e-03
2.814916893839836121e-03
2.814707346260547638e-03
2.814497565850615501e-03
2.814288018271327019e-03
2.814078470692038536e-03
2.813868923112750053e-03
2.813659375533461571e-03
2.813449827954173088e-03
2.813240513205528259e-03
2.813030965626239777e-03
2.812821650877594948e-03
2.812612336128950119e-03
2.812403021380305290e-03
2.812193939462304115e-03
2.811984624713659286e-03
2.811775542795658112e-03
2.811566228047013283e-03
2.811357378959655762e-03
2.811148297041654587e-03
2.810939215123653412e-03
2.810730133205652237e-03
2.810521051287651062e-03
2.810312435030937195e-03
2.810103585943579674e-03
2.809894736856222153e-03
2.809685887768864632e-03
2.809477038681507111e-03
2.809268422424793243e-03
2.809059806168079376e-03
2.808851189911365509e-03
2.808642573654651642e-03
2.808433957397937775e-03
2.808225341141223907e-03
2.808016724884510040e-03
2.807808341458439827e-03
2.807599958032369614e-03
2.807391574606299400e-03
2.807183191180229187e-03
2.806974807754158974e-03
2.806766657158732414e-03
2.806558273732662201e-03
2.806350123137235641e-03
2.806141972541809082e-03
2.805933821946382523e-03
2.805725904181599617e-03
2.805517753586173058e-03
2.805309835821390152e-03
2.805101685225963593e-03
2.804893767461180687e-03
2.804685849696397781e-03
2.804478164762258530e-03
2.804270246997475624e-03
2.804062562063336372e-03
2.803854644298553467e-03
2.803646959364414215e-03
2.803439274430274963e-03
2.803231822326779366e-03
2.803024137392640114e-03
2.802816685289144516e-03
2.802609000355005264e-03
2.802401548251509666e-03
2.802194096148014069e-03
2.801986644044518471e-03
2.801779424771666527e-03
2.801571972668170929e-03
2.801364753395318985e-03
2.801157534122467041e-03
2.800950314849615097e-03
2.800743095576763153e-03
2.800535876303911209e-03
2.800328889861702919e-03
2.800121903419494629e-03
2.799914684146642685e-03
2.799707697704434395e-03
2.799500711262226105e-03
2.799293957650661469e-03
2.799086971208453178e-03
2.798880217596888542e-03
2.798673231154680252e-03
2.798466477543115616e-03
2.798259723931550980e-03
2.798053203150629997e-03
2.797846449539065361e-03
2.797639695927500725e-03
2.797432942315936089e-03
2.797226654365658760e-03
2.797020133584737778e-03
