6.873365025967359543e-03
6.871032528579235077e-03
6.868701893836259842e-03
6.866372190415859222e-03
6.864042952656745911e-03
6.861715577542781830e-03
6.859389599412679672e-03
6.857064552605152130e-03
6.854740437120199203e-03
6.852417718619108200e-03
6.850095931440591812e-03
6.847775541245937347e-03
6.845456548035144806e-03
6.843138486146926880e-03
6.840821355581283569e-03
6.838505621999502182e-03
6.836191285401582718e-03
6.833877880126237869e-03
6.831565871834754944e-03
6.829254794865846634e-03
6.826945114880800247e-03
6.824636366218328476e-03
6.822328548878431320e-03
6.820022128522396088e-03
6.817717105150222778e-03
6.815413013100624084e-03
6.813110318034887314e-03
6.810808554291725159e-03
6.808507721871137619e-03
6.806208286434412003e-03
6.803910247981548309e-03
6.801613140851259232e-03
6.799317430704832077e-03
6.797022651880979538e-03
6.794728804379701614e-03
6.792436353862285614e-03
6.790145300328731537e-03
6.787855178117752075e-03
6.785566452890634537e-03
6.783278193324804306e-03
6.780991796404123306e-03
6.778706330806016922e-03
6.776421796530485153e-03
6.774138659238815308e-03
6.771856918931007385e-03
6.769575644284486771e-03
6.767296232283115387e-03
6.765017751604318619e-03
6.762740202248096466e-03
6.760464049875736237e-03
6.758188828825950623e-03
6.755915004760026932e-03
6.753642112016677856e-03
6.751370150595903397e-03
6.749100051820278168e-03
6.746830418705940247e-03
6.744562182575464249e-03
6.742295343428850174e-03
6.740029435604810715e-03
6.737764459103345871e-03
6.735500413924455643e-03
6.733238231390714645e-03
6.730976980179548264e-03
6.728716660290956497e-03
6.726457737386226654e-03
6.724199745804071426e-03
6.721943151205778122e-03
6.719687487930059433e-03
6.717432755976915359e-03
6.715179421007633209e-03
6.712927483022212982e-03
6.710676476359367371e-03
6.708426401019096375e-03
6.706177722662687302e-03
6.703929975628852844e-03
6.701683625578880310e-03
6.699438206851482391e-03
6.697193719446659088e-03
6.694950629025697708e-03
6.692708935588598251e-03
6.690468173474073410e-03
6.688228342682123184e-03
6.685989443212747574e-03
6.683752406388521194e-03
6.681515835225582123e-03
6.679280661046504974e-03
6.677046883851289749e-03
6.674814037978649139e-03
6.672582123428583145e-03
6.670351140201091766e-03
6.668122019618749619e-03
6.665893364697694778e-03
6.663666106760501862e-03
6.661439780145883560e-03
6.659215316176414490e-03
6.656991317868232727e-03
6.654768250882625580e-03
6.652546580880880356e-03
6.650326307862997055e-03
6.648106500506401062e-03
6.645888555794954300e-03
6.643671542406082153e-03
6.641455460339784622e-03
6.639240309596061707e-03
6.637026555836200714e-03
6.634814199060201645e-03
6.632602773606777191e-03
6.630392279475927353e-03
6.628183182328939438e-03
6.625974550843238831e-03
6.623767782002687454e-03
6.621561944484710693e-03
6.619357038289308548e-03
6.617153063416481018e-03
6.614950951188802719e-03
6.612749304622411728e-03
6.610548589378595352e-03
6.608349736779928207e-03
6.606151349842548370e-03
6.603954825550317764e-03
6.601758766919374466e-03
6.599564105272293091e-03
6.597369909286499023e-03
6.595177575945854187e-03
6.592986173927783966e-03
6.590795703232288361e-03
6.588606629520654678e-03
6.586418487131595612e-03
6.584231276065111160e-03
6.582045461982488632e-03
6.579860579222440720e-03
6.577677093446254730e-03
6.575494538992643356e-03
6.573312915861606598e-03
6.571132689714431763e-03
6.568953394889831543e-03
6.566775031387805939e-03
6.564598064869642258e-03
6.562422029674053192e-03
6.560247391462326050e-03
6.558073684573173523e-03
6.555900909006595612e-03
6.553729064762592316e-03
6.551558617502450943e-03
6.549389567226171494e-03
6.547220982611179352e-03
6.545054260641336441e-03
6.542888004332780838e-03
6.540723145008087158e-03
6.538559217005968094e-03
6.536396220326423645e-03
6.534234620630741119e-03
6.532073952257633209e-03
6.529914680868387222e-03
6.527756340801715851e-03
6.525598932057619095e-03
6.523442454636096954e-03
6.521287374198436737e-03
6.519133690744638443e-03
6.516980938613414764e-03
6.514828652143478394e-03
6.512677762657403946e-03
6.510528270155191422e-03
6.508379708975553513e-03
6.506232544779777527e-03
6.504085846245288849e-03
6.501940544694662094e-03
6.499796640127897263e-03
6.497653201222419739e-03
6.495511159300804138e-03
6.493370514363050461e-03
6.491230335086584091e-03
6.489091552793979645e-03
6.486954167485237122e-03
6.484817247837781906e-03
6.482681725174188614e-03
6.480547599494457245e-03
6.478413939476013184e-03
6.476281676441431046e-03
6.474150810390710831e-03
6.472020410001277924e-03
6.469891406595706940e-03
6.467763334512710571e-03
6.465636193752288818e-03
6.463510449975728989e-03
6.461386103183031082e-03
6.459262222051620483e-03
6.457139737904071808e-03
6.455018185079097748e-03
6.452897563576698303e-03
6.450778339058160782e-03
6.448660045862197876e-03
6.446542683988809586e-03
6.444426719099283218e-03
6.442311685532331467e-03
6.440197583287954330e-03
6.438084878027439117e-03
6.435972638428211212e-03
6.433862261474132538e-03
6.431752350181341171e-03
6.429643835872411728e-03
6.427536252886056900e-03
6.425429601222276688e-03
6.423324346542358398e-03
6.421219557523727417e-03
6.419116631150245667e-03
6.417014170438051224e-03
6.414913106709718704e-03
6.412812974303960800e-03
6.410713773220777512e-03
6.408615969121456146e-03
6.406519096344709396e-03
6.404423154890537262e-03
6.402328144758939743e-03
6.400234531611204147e-03
6.398141849786043167e-03
6.396050099283456802e-03
6.393959745764732361e-03
6.391870323568582535e-03
6.389781832695007324e-03
6.387694273144006729e-03
6.385608110576868057e-03
6.383522879332304001e-03
6.381438579410314560e-03
6.379355210810899734e-03
6.377273239195346832e-03
6.375192198902368546e-03
6.373112555593252182e-03
6.371033377945423126e-03
6.368955597281455994e-03
6.366878282278776169e-03
6.364802829921245575e-03
6.362728308886289597e-03
6.360654719173908234e-03
6.358582060784101486e-03
6.356510333716869354e-03
6.354440003633499146e-03
6.352370139211416245e-03
6.350301671773195267e-03
6.348234135657548904e-03
6.346167996525764465e-03
6.344102788716554642e-03
6.342038512229919434e-03
6.339975167065858841e-03
6.337913218885660172e-03
6.335851736366748810e-03
6.333792116492986679e-03
6.331732962280511856e-03
6.329674739390611649e-03
6.327617913484573364e-03
6.325562018901109695e-03
6.323507055640220642e-03
6.321453489363193512e-03
6.319400388747453690e-03
6.317349150776863098e-03
6.315298378467559814e-03
6.313248537480831146e-03
6.311199627816677094e-03
6.309152115136384964e-03
6.307105999439954758e-03
6.305059883743524551e-03
6.303015630692243576e-03
6.300972308963537216e-03
6.298929918557405472e-03
6.296888459473848343e-03
6.294848397374153137e-03
6.292808800935745239e-03
6.290770601481199265e-03
6.288733333349227905e-03
6.286696996539831161e-03
6.284662056714296341e-03
6.282627582550048828e-03
6.280594505369663239e-03
6.278562359511852264e-03
6.276531610637903214e-03
6.274501327425241470e-03
6.272472441196441650e-03
6.270444486290216446e-03
6.268417462706565857e-03
6.266391370445489883e-03
6.264366209506988525e-03
6.262342445552349091e-03
6.260319612920284271e-03
6.258297711610794067e-03
6.256277207285165787e-03
6.254257168620824814e-03
6.252238526940345764e-03
6.250220816582441330e-03
6.248203571885824203e-03
6.246188189834356308e-03
6.244173273444175720e-03
6.242159754037857056e-03
6.240147165954113007e-03
6.238135509192943573e-03
6.236124783754348755e-03
6.234115455299615860e-03
6.232106592506170273e-03
6.230099126696586609e-03
6.228092592209577560e-03
6.226086989045143127e-03
6.224082317203283310e-03
6.222079042345285416e-03
6.220076233148574829e-03
6.218074820935726166e-03
6.216074340045452118e-03
6.214074790477752686e-03
6.212076637893915176e-03
6.210078950971364975e-03
6.208082195371389389e-03
6.206087302416563034e-03
6.204092875123023987e-03
6.202099379152059555e-03
6.200106814503669739e-03
6.198115181177854538e-03
6.196124944835901260e-03
6.194135639816522598e-03
6.192146800458431244e-03
6.190159358084201813e-03
6.188173312693834305e-03
6.186187732964754105e-03
6.184203550219535828e-03
6.182220298796892166e-03
6.180237513035535812e-03
6.178256124258041382e-03
6.176275666803121567e-03
6.174296606332063675e-03
6.172318011522293091e-03
6.170340813696384430e-03
6.168364081531763077e-03
6.166389212012290955e-03
6.164414808154106140e-03
6.162441335618495941e-03
6.160468794405460358e-03
6.158497184514999390e-03
6.156526971608400345e-03
6.154557690024375916e-03
6.152588874101638794e-03
6.150621455162763596e-03
6.148654967546463013e-03
6.146689876914024353e-03
6.144725251942873001e-03
6.142762023955583572e-03
6.140799261629581451e-03
6.138837896287441254e-03
6.136877462267875671e-03
6.134917959570884705e-03
6.132959388196468353e-03
6.131001748144626617e-03
6.129045039415359497e-03
6.127089727669954300e-03
6.125135347247123718e-03
6.123181432485580444e-03
6.121228914707899094e-03
6.119277328252792358e-03
6.117326673120260239e-03
6.115376949310302734e-03
6.113428156822919846e-03
6.111480295658111572e-03
6.109533831477165222e-03
6.107588298618793488e-03
6.105643231421709061e-03
6.103699561208486557e-03
6.101756822317838669e-03
6.099815014749765396e-03
6.097874138504266739e-03
6.095934193581342697e-03
6.093995645642280579e-03
6.092057563364505768e-03
6.090120878070592880e-03
6.088184658437967300e-03
6.086249835789203644e-03
6.084315944463014603e-03
6.082382984459400177e-03
6.080450955778360367e-03
6.078519392758607864e-03
6.076589692384004593e-03
6.074660457670688629e-03
6.072732154279947281e-03
6.070805247873067856e-03
6.068878807127475739e-03
6.066953297704458237e-03
6.065029185265302658e-03
6.063106004148721695e-03
6.061183754354715347e-03
6.059261970221996307e-03
6.057341583073139191e-03
6.055422127246856689e-03
6.053503602743148804e-03
6.051586009562015533e-03
6.049669813364744186e-03
6.047754082828760147e-03
6.045839749276638031e-03
6.043925881385803223e-03
6.042013410478830338e-03
6.040101405233144760e-03
6.038190796971321106e-03
6.036280654370784760e-03
6.034371908754110336e-03
6.032464094460010529e-03
6.030557211488485336e-03
6.028651259839534760e-03
6.026746239513158798e-03
6.024842150509357452e-03
6.022938992828130722e-03
6.021036766469478607e-03
6.019135471433401108e-03
6.017235107719898224e-03
6.015336140990257263e-03
6.013437639921903610e-03
6.011540070176124573e-03
6.009643897414207458e-03
6.007748190313577652e-03
6.005853880196809769e-03
6.003960501402616501e-03
6.002067588269710541e-03
6.000176072120666504e-03
5.998285021632909775e-03
5.996395368129014969e-03
5.994506645947694778e-03
5.992618855088949203e-03
5.990731995552778244e-03
5.988846067339181900e-03
5.986960604786872864e-03
5.985076539218425751e-03
5.983193404972553253e-03
5.981311202049255371e-03
5.979429930448532104e-03
5.977549590170383453e-03
5.975670181214809418e-03
5.973791703581809998e-03
5.971914622932672501e-03
5.970038007944822311e-03
5.968162324279546738e-03
5.966287571936845779e-03
5.964413750916719437e-03
5.962540861219167709e-03
5.960669368505477905e-03
5.958798341453075409e-03
5.956928245723247528e-03
5.955059546977281570e-03
5.953191313892602921e-03
5.951324012130498886e-03
5.949457641690969467e-03
5.947592668235301971e-03
5.945728160440921783e-03
5.943864583969116211e-03
5.942002404481172562e-03
5.940140690654516220e-03
5.938280373811721802e-03
5.936420522630214691e-03
5.934561602771282196e-03
5.932703614234924316e-03
5.930847022682428360e-03
5.928990896791219711e-03
5.927135702222585678e-03
5.925281438976526260e-03
5.923428572714328766e-03
5.921576172113418579e-03
5.919724702835083008e-03
5.917874630540609360e-03
5.916025023907423019e-03
5.914176348596811295e-03
5.912329070270061493e-03
5.910482257604598999e-03
5.908636376261711121e-03
5.906791426241397858e-03
5.904947873204946518e-03
5.903104785829782486e-03
5.901262629777193069e-03
5.899421405047178268e-03
5.897581111639738083e-03
5.895741749554872513e-03
5.893903318792581558e-03
5.892065819352865219e-03
5.890229251235723495e-03
5.888393614441156387e-03
5.886558908969163895e-03
5.884725134819746017e-03
5.882892291992902756e-03
5.881059914827346802e-03
5.879228934645652771e-03
5.877398885786533356e-03
5.875569768249988556e-03
5.873741582036018372e-03
5.871913861483335495e-03
5.870087537914514542e-03
5.868261680006980896e-03
5.866437219083309174e-03
5.864613223820924759e-03
5.862790625542402267e-03
5.860968958586454391e-03
5.859147757291793823e-03
5.857327487319707870e-03
5.855508148670196533e-03
5.853689741343259811e-03
5.851872265338897705e-03
5.850056186318397522e-03
5.848240107297897339e-03
5.846425425261259079e-03
5.844611674547195435e-03
