6.568354088813066483e-03
6.566919852048158646e-03
6.565486080944538116e-03
6.564052775502204895e-03
6.562619935721158981e-03
6.561187561601400375e-03
6.559755653142929077e-03
6.558324210345745087e-03
6.556893698871135712e-03
6.555463653057813644e-03
6.554034072905778885e-03
6.552604958415031433e-03
6.551176309585571289e-03
6.549748126417398453e-03
6.548320408910512924e-03
6.546893622726202011e-03
6.545467302203178406e-03
6.544040981680154800e-03
6.542615592479705811e-03
6.541190668940544128e-03
6.539766211062669754e-03
6.538342684507369995e-03
6.536919623613357544e-03
6.535496562719345093e-03
6.534073967486619949e-03
6.532652769237756729e-03
6.531231570988893509e-03
6.529810838401317596e-03
6.528390571475028992e-03
6.526971235871315002e-03
6.525551900267601013e-03
6.524133495986461639e-03
6.522715557366609573e-03
6.521298084408044815e-03
6.519881077110767365e-03
6.518464535474777222e-03
6.517048925161361694e-03
6.515633314847946167e-03
6.514218635857105255e-03
6.512804422527551651e-03
6.511390674859285355e-03
6.509977392852306366e-03
6.508564576506614685e-03
6.507152225822210312e-03
6.505740806460380554e-03
6.504329852759838104e-03
6.502919364720582962e-03
6.501509342342615128e-03
6.500099319964647293e-03
6.498690694570541382e-03
6.497282069176435471e-03
6.495873909443616867e-03
6.494466681033372879e-03
6.493059918284416199e-03
6.491653621196746826e-03
6.490247789770364761e-03
6.488842424005270004e-03
6.487437523901462555e-03
6.486033555120229721e-03
6.484629586338996887e-03
6.483226548880338669e-03
6.481823977082967758e-03
6.480421870946884155e-03
6.479020230472087860e-03
6.477619521319866180e-03
6.476218812167644501e-03
6.474818568676710129e-03
6.473419256508350372e-03
6.472020410001277924e-03
6.470622029155492783e-03
6.469224113970994949e-03
6.467826664447784424e-03
6.466429680585861206e-03
6.465033628046512604e-03
6.463638041168451309e-03
6.462242454290390015e-03
6.460848264396190643e-03
6.459453608840703964e-03
6.458060350269079208e-03
6.456667091697454453e-03
6.455274298787117004e-03
6.453882437199354172e-03
6.452491041272878647e-03
6.451100111007690430e-03
6.449709180742502213e-03
6.448319647461175919e-03
6.446930114179849625e-03
6.445541046559810638e-03
6.444152444601058960e-03
6.442764773964881897e-03
6.441378034651279449e-03
6.439990829676389694e-03
6.438604556024074554e-03
6.437218748033046722e-03
6.435833405703306198e-03
6.434448994696140289e-03
6.433065049350261688e-03
6.431681104004383087e-03
6.430298089981079102e-03
6.428915541619062424e-03
6.427533458918333054e-03
6.426152307540178299e-03
6.424770690500736237e-03
6.423390470445156097e-03
6.422010716050863266e-03
6.420631427317857742e-03
6.419252138584852219e-03
6.417873781174421310e-03
6.416496355086565018e-03
6.415118928998708725e-03
6.413741968572139740e-03
6.412365939468145370e-03
6.410990376025438309e-03
6.409614812582731247e-03
6.408240180462598801e-03
6.406866479665040970e-03
6.405492313206195831e-03
6.404119543731212616e-03
6.402747239917516708e-03
6.401374936103820801e-03
6.400003563612699509e-03
6.398632191121578217e-03
6.397261749953031540e-03
6.395891774445772171e-03
6.394522264599800110e-03
6.393153686076402664e-03
6.391785107553005219e-03
6.390417460352182388e-03
6.389050278812646866e-03
6.387683097273111343e-03
6.386316847056150436e-03
6.384951062500476837e-03
6.383585743606090546e-03
6.382221356034278870e-03
6.380857434123754501e-03
6.379493512213230133e-03
6.378130521625280380e-03
6.376767531037330627e-03
6.375405471771955490e-03
6.374043878167867661e-03
6.372683215886354446e-03
6.371322553604841232e-03
6.369962356984615326e-03
6.368603091686964035e-03
6.367243826389312744e-03
6.365885492414236069e-03
6.364527624100446701e-03
6.363170221447944641e-03
6.361813284456729889e-03
6.360456813126802444e-03
6.359101273119449615e-03
6.357745733112096786e-03
6.356391124427318573e-03
6.355036515742540359e-03
6.353682838380336761e-03
6.352329626679420471e-03
6.350976880639791489e-03
6.349625065922737122e-03
6.348273251205682755e-03
6.346921902149915695e-03
6.345571018755435944e-03
6.344221066683530807e-03
6.342871580272912979e-03
6.341522559523582458e-03
6.340174004435539246e-03
6.338825915008783340e-03
6.337478291243314743e-03
6.336131133139133453e-03
6.334784440696239471e-03
6.333438679575920105e-03
6.332093384116888046e-03
6.330748088657855988e-03
6.329403724521398544e-03
6.328059826046228409e-03
6.326716393232345581e-03
6.325373426079750061e-03
6.324030924588441849e-03
6.322689354419708252e-03
6.321347784250974655e-03
6.320007145404815674e-03
6.318666972219944000e-03
6.317326799035072327e-03
6.315987557172775269e-03
6.314648780971765518e-03
6.313310470432043076e-03
6.311972625553607941e-03
6.310635711997747421e-03
6.309298798441886902e-03
6.307962350547313690e-03
6.306626833975315094e-03
6.305291317403316498e-03
6.303956732153892517e-03
6.302622612565755844e-03
6.301288958638906479e-03
6.299955770373344421e-03
6.298623047769069672e-03
6.297290790826082230e-03
6.295959465205669403e-03
6.294628605246543884e-03
6.293297745287418365e-03
6.291967350989580154e-03
6.290637888014316559e-03
6.289308890700340271e-03
6.287980359047651291e-03
6.286652293056249619e-03
6.285324692726135254e-03
6.283998023718595505e-03
6.282671354711055756e-03
6.281345151364803314e-03
6.280019413679838181e-03
6.278694607317447662e-03
6.277370266616344452e-03
6.276046391576528549e-03
6.274722516536712646e-03
6.273399572819471359e-03
6.272077094763517380e-03
6.270755082368850708e-03
6.269434001296758652e-03
6.268112454563379288e-03
6.266791839152574539e-03
6.265472155064344406e-03
6.264152936637401581e-03
6.262833718210458755e-03
6.261515431106090546e-03
6.260197609663009644e-03
6.258879788219928741e-03
6.257563363760709763e-03
6.256246473640203476e-03
6.254930514842271805e-03
6.253615021705627441e-03
6.252300459891557693e-03
6.250985898077487946e-03
6.249671801924705505e-03
6.248358171433210373e-03
6.247045472264289856e-03
6.245732773095369339e-03
6.244421005249023438e-03
6.243109703063964844e-03
6.241798866540193558e-03
6.240488030016422272e-03
6.239178124815225601e-03
6.237869150936603546e-03
6.236560177057981491e-03
6.235251668840646744e-03
6.233943160623311996e-03
6.232636049389839172e-03
6.231328938156366348e-03
6.230022758245468140e-03
6.228716578334569931e-03
6.227411329746246338e-03
6.226106081157922745e-03
6.224801763892173767e-03
6.223497912287712097e-03
6.222194060683250427e-03
6.220891140401363373e-03
6.219588685780763626e-03
6.218286696821451187e-03
6.216985173523426056e-03
6.215684581547975540e-03
6.214383989572525024e-03
6.213083863258361816e-03
6.211784202605485916e-03
6.210485007613897324e-03
6.209186743944883347e-03
6.207888480275869370e-03
6.206590682268142700e-03
6.205293815582990646e-03
6.203997414559125900e-03
6.202701013535261154e-03
6.201405543833971024e-03
6.200110539793968201e-03
6.198815535753965378e-03
6.197521463036537170e-03
6.196227855980396271e-03
6.194934714585542679e-03
6.193642038851976395e-03
6.192349828779697418e-03
6.191058084368705750e-03
6.189766805619001389e-03
6.188476458191871643e-03
6.187185645103454590e-03
6.185896228998899460e-03
6.184606812894344330e-03
6.183318328112363815e-03
6.182029843330383301e-03
6.180741824209690094e-03
6.179454736411571503e-03
6.178168114274740219e-03
6.176881026476621628e-03
6.175595335662364960e-03
6.174310110509395599e-03
6.173025351017713547e-03
6.171740591526031494e-03
6.170456763356924057e-03
6.169173400849103928e-03
6.167890504002571106e-03
6.166607607156038284e-03
6.165325641632080078e-03
6.164044141769409180e-03
6.162763107568025589e-03
6.161482539027929306e-03
6.160202436149120331e-03
6.158923264592885971e-03
6.157643627375364304e-03
6.156365387141704559e-03
6.155086681246757507e-03
6.153808906674385071e-03
6.152532063424587250e-03
6.151255220174789429e-03
6.149978842586278915e-03
6.148702930659055710e-03
6.147427484393119812e-03
6.146152969449758530e-03
6.144878454506397247e-03
6.143604405224323273e-03
6.142330821603536606e-03
6.141058169305324554e-03
6.139785517007112503e-03
6.138513796031475067e-03
6.137242075055837631e-03
6.135971285402774811e-03
6.134700495749711990e-03
6.133430637419223785e-03
6.132160779088735580e-03
6.130891386419534683e-03
6.129622925072908401e-03
6.128354929387569427e-03
6.127086933702230453e-03
6.125819403678178787e-03
6.124552804976701736e-03
6.123286671936511993e-03
6.122020538896322250e-03
6.120755337178707123e-03
6.119490135461091995e-03
6.118225865066051483e-03
6.116962060332298279e-03
6.115698255598545074e-03
6.114435382187366486e-03
6.113172508776187897e-03
6.111910566687583923e-03
6.110648624598979950e-03
6.109387613832950592e-03
6.108127068728208542e-03
6.106866989284753799e-03
6.105606909841299057e-03
6.104347761720418930e-03
6.103088613599538803e-03
6.101829931139945984e-03
6.100572180002927780e-03
6.099314894527196884e-03
6.098058074712753296e-03
6.096801254898309708e-03
6.095545366406440735e-03
6.094289943575859070e-03
6.093034520745277405e-03
6.091780029237270355e-03
6.090525537729263306e-03
6.089271977543830872e-03
6.088018883019685745e-03
6.086765788495540619e-03
6.085513159632682800e-03
6.084261462092399597e-03
6.083010230213403702e-03
6.081758998334407806e-03
6.080508232116699219e-03
6.079258397221565247e-03
6.078008562326431274e-03
6.076759658753871918e-03
6.075510755181312561e-03
6.074262782931327820e-03
6.073014810681343079e-03
6.071767304092645645e-03
6.070520728826522827e-03
6.069274153560400009e-03
6.068028043955564499e-03
6.066782400012016296e-03
6.065537221729755402e-03
6.064292974770069122e-03
6.063048727810382843e-03
6.061804946511983871e-03
6.060561630874872208e-03
6.059318780899047852e-03
6.058076396584510803e-03
6.056834477931261063e-03
6.055593024939298630e-03
6.054352037608623505e-03
6.053111515939235687e-03
6.051871459931135178e-03
6.050631869584321976e-03
6.049392744898796082e-03
6.048154085874557495e-03
6.046915892511606216e-03
6.045677699148654938e-03
6.044440437108278275e-03
6.043203640729188919e-03
6.041967310011386871e-03
6.040730979293584824e-03
6.039495579898357391e-03
6.038260180503129959e-03
6.037025712430477142e-03
6.035791710019111633e-03
6.034557707607746124e-03
6.033324170857667923e-03
6.032091565430164337e-03
6.030858960002660751e-03
6.029626820236444473e-03
6.028395146131515503e-03
6.027164403349161148e-03
6.025933660566806793e-03
6.024703383445739746e-03
6.023473571985960007e-03
6.022244226187467575e-03
6.021015346050262451e-03
6.019786931574344635e-03
6.018558517098426819e-03
6.017331033945083618e-03
6.016104016453027725e-03
6.014877464622259140e-03
6.013651378452777863e-03
6.012425292283296585e-03
6.011199671775102615e-03
6.009974982589483261e-03
6.008750293403863907e-03
6.007526535540819168e-03
6.006302777677774429e-03
6.005079951137304306e-03
6.003857124596834183e-03
6.002634298056364059e-03
6.001412868499755859e-03
6.000191438943147659e-03
5.998970475047826767e-03
5.997749976813793182e-03
5.996529944241046906e-03
5.995309911668300629e-03
5.994090810418128967e-03
5.992872174829244614e-03
5.991653539240360260e-03
5.990435834974050522e-03
5.989218130707740784e-03
5.988001357764005661e-03
5.986784584820270538e-03
5.985568277537822723e-03
5.984352435916662216e-03
5.983137059956789017e-03
5.981922149658203125e-03
5.980707705020904541e-03
5.979494191706180573e-03
5.978280212730169296e-03
5.977067165076732635e-03
5.975854583084583282e-03
5.974642001092433929e-03
5.973430350422859192e-03
5.972218699753284454e-03
5.971007514744997025e-03
5.969797261059284210e-03
5.968587007373571396e-03
5.967377219349145889e-03
5.966168362647294998e-03
5.964959040284156799e-03
5.963750649243593216e-03
5.962542723864316940e-03
5.961335264146327972e-03
5.960128270089626312e-03
5.958921276032924652e-03
5.957714747637510300e-03
5.956509150564670563e-03
5.955303553491830826e-03
5.954098887741565704e-03
5.952894221991300583e-03
5.951690021902322769e-03
5.950486287474632263e-03
5.949283018708229065e-03
5.948080215603113174e-03
5.946877412497997284e-03
5.945675540715456009e-03
5.944474134594202042e-03
5.943272262811660767e-03
5.942071788012981415e-03
5.940871313214302063e-03
5.939671304076910019e-03
5.938472226262092590e-03
5.937273148447275162e-03
5.936074070632457733e-03
5.934875924140214920e-03
5.933678243309259415e-03
5.932481028139591217e-03
5.931283812969923019e-03
5.930087063461542130e-03
5.928891245275735855e-03
5.927695427089929581e-03
5.926500074565410614e-03
5.925305187702178955e-03
5.924110766500234604e-03
5.922916810959577560e-03
5.921723321080207825e-03
5.920529831200838089e-03
5.919337272644042969e-03
5.918144714087247849e-03
5.916952621191740036e-03
5.915761459618806839e-03
