7.036202121526002884e-03
7.034542970359325409e-03
7.032884750515222549e-03
7.031226996332406998e-03
7.029570173472166061e-03
7.027913816273212433e-03
7.026258390396833420e-03
7.024603430181741714e-03
7.022948935627937317e-03
7.021294906735420227e-03
7.019641809165477753e-03
7.017989642918109894e-03
7.016337942332029343e-03
7.014686707407236099e-03
7.013036403805017471e-03
7.011386100202798843e-03
7.009737193584442139e-03
7.008088752627372742e-03
7.006440311670303345e-03
7.004793733358383179e-03
7.003146689385175705e-03
7.001500576734542847e-03
6.999855395406484604e-03
6.998210679739713669e-03
6.996566429734230042e-03
6.994923111051321030e-03
6.993280258029699326e-03
6.991638336330652237e-03
6.989996880292892456e-03
6.988355889916419983e-03
6.986715365201234818e-03
6.985076237469911575e-03
6.983437109738588333e-03
6.981798913329839706e-03
6.980161182582378387e-03
6.978523917496204376e-03
6.976887583732604980e-03
6.975251715630292892e-03
6.973616778850555420e-03
6.971982307732105255e-03
6.970348302274942398e-03
6.968715228140354156e-03
6.967082619667053223e-03
6.965450476855039597e-03
6.963819265365600586e-03
6.962188519537448883e-03
6.960558705031871796e-03
6.958929356187582016e-03
6.957300473004579544e-03
6.955672521144151688e-03
6.954044569283723831e-03
6.952417548745870590e-03
6.950791459530591965e-03
6.949165835976600647e-03
6.947540678083896637e-03
6.945916451513767242e-03
6.944292690604925156e-03
6.942669861018657684e-03
6.941047031432390213e-03
6.939425598829984665e-03
6.937804166227579117e-03
6.936183664947748184e-03
6.934563629329204559e-03
6.932944525033235550e-03
6.931325886398553848e-03
6.929707247763872147e-03
6.928090471774339676e-03
6.926473230123519897e-03
6.924857385456562042e-03
6.923241540789604187e-03
6.921626627445220947e-03
6.920012645423412323e-03
6.918398663401603699e-03
6.916785612702369690e-03
6.915173493325710297e-03
6.913561373949050903e-03
6.911950185894966125e-03
6.910339929163455963e-03
6.908729672431945801e-03
6.907120347023010254e-03
6.905511952936649323e-03
6.903903558850288391e-03
6.902296096086502075e-03
6.900689564645290375e-03
6.899083033204078674e-03
6.897477433085441589e-03
6.895872298628091812e-03
6.894268095493316650e-03
6.892664358019828796e-03
6.891061551868915558e-03
6.889458745718002319e-03
6.887856870889663696e-03
6.886255927383899689e-03
6.884654983878135681e-03
6.883054971694946289e-03
6.881455890834331512e-03
6.879856809973716736e-03
6.878258660435676575e-03
6.876661442220211029e-03
6.875064224004745483e-03
6.873467937111854553e-03
6.871872115880250931e-03
6.870277225971221924e-03
6.868682801723480225e-03
6.867088843137025833e-03
6.865495815873146057e-03
6.863902788609266281e-03
6.862311158329248428e-03
6.860719528049230576e-03
6.859128829091787338e-03
6.857538595795631409e-03
6.855948828160762787e-03
6.854359991848468781e-03
6.852771621197462082e-03
6.851184181869029999e-03
6.849596742540597916e-03
6.848010234534740448e-03
6.846424657851457596e-03
6.844839081168174744e-03
6.843254435807466507e-03
6.841670721769332886e-03
6.840087007731199265e-03
6.838504225015640259e-03
6.836921907961368561e-03
6.835340056568384171e-03
6.833759136497974396e-03
6.832178682088851929e-03
6.830599159002304077e-03
6.829020101577043533e-03
6.827441044151782990e-03
6.825863383710384369e-03
6.824285723268985748e-03
6.822708994150161743e-03
6.821132730692625046e-03
6.819557398557662964e-03
6.817982532083988190e-03
6.816408131271600723e-03
6.814834196120500565e-03
6.813261192291975021e-03
6.811688188463449478e-03
6.810116581618785858e-03
6.808544974774122238e-03
6.806974299252033234e-03
6.805404089391231537e-03
6.803834810853004456e-03
6.802265532314777374e-03
6.800697650760412216e-03
6.799129769206047058e-03
6.797562818974256516e-03
6.795995868742465973e-03
6.794430315494537354e-03
6.792864762246608734e-03
6.791300140321254730e-03
6.789735984057188034e-03
6.788172293454408646e-03
6.786609534174203873e-03
6.785046774893999100e-03
6.783484946936368942e-03
6.781924050301313400e-03
6.780363619327545166e-03
6.778803654015064240e-03
6.777244154363870621e-03
6.775685586035251617e-03
6.774127017706632614e-03
6.772569380700588226e-03
6.771012675017118454e-03
6.769455969333648682e-03
6.767900194972753525e-03
6.766345351934432983e-03
6.764790508896112442e-03
6.763236597180366516e-03
6.761683151125907898e-03
6.760130170732736588e-03
6.758578121662139893e-03
6.757026538252830505e-03
6.755475420504808426e-03
6.753924768418073654e-03
6.752375047653913498e-03
6.750825792551040649e-03
6.749277003109455109e-03
6.747728679329156876e-03
6.746181286871433258e-03
6.744634360074996948e-03
6.743087898939847946e-03
6.741542369127273560e-03
6.739997304975986481e-03
6.738452706485986710e-03
6.736908573657274246e-03
6.735365372151136398e-03
6.733822170644998550e-03
6.732279900461435318e-03
6.730738561600446701e-03
6.729197688400745392e-03
6.727656815201044083e-03
6.726116873323917389e-03
6.724577862769365311e-03
6.723039317876100540e-03
6.721501238644123077e-03
6.719963625073432922e-03
6.718426477164030075e-03
6.716890260577201843e-03
6.715354509651660919e-03
6.713819224387407303e-03
6.712284404784440994e-03
6.710750516504049301e-03
6.709217093884944916e-03
6.707684136927127838e-03
6.706152111291885376e-03
6.704620551317930222e-03
6.703088991343975067e-03
6.701558828353881836e-03
6.700028665363788605e-03
6.698498968034982681e-03
6.696970202028751373e-03
6.695442367345094681e-03
6.693914532661437988e-03
6.692387629300355911e-03
6.690860725939273834e-03
6.689335219562053680e-03
6.687809713184833527e-03
6.686285138130187988e-03
6.684761028736829758e-03
6.683237385004758835e-03
6.681714206933975220e-03
6.680191960185766220e-03
6.678669713437557220e-03
6.677148398011922836e-03
6.675628013908863068e-03
6.674107629805803299e-03
6.672588177025318146e-03
6.671069189906120300e-03
6.669550668448209763e-03
6.668032612651586533e-03
6.666515488177537918e-03
6.664998829364776611e-03
6.663482636213302612e-03
6.661966908723115921e-03
6.660452112555503845e-03
6.658937782049179077e-03
6.657423917204141617e-03
6.655910518020391464e-03
6.654398050159215927e-03
6.652885582298040390e-03
6.651374045759439468e-03
6.649862974882125854e-03
6.648352835327386856e-03
6.646843161433935165e-03
6.645333487540483475e-03
6.643824744969606400e-03
6.642316933721303940e-03
6.640809122473001480e-03
6.639302242547273636e-03
6.637795828282833099e-03
6.636289879679679871e-03
6.634784396737813950e-03
6.633279845118522644e-03
6.631775759160518646e-03
6.630272138863801956e-03
6.628768984228372574e-03
6.627266760915517807e-03
6.625764537602663040e-03
6.624263245612382889e-03
6.622762419283390045e-03
6.621262058615684509e-03
6.619762629270553589e-03
6.618263665586709976e-03
6.616764701902866364e-03
6.615267135202884674e-03
6.613770034164190292e-03
6.612272933125495911e-03
6.610776763409376144e-03
6.609281059354543686e-03
6.607785820960998535e-03
6.606291048228740692e-03
6.604797206819057465e-03
6.603303831070661545e-03
6.601810920983552933e-03
6.600318476557731628e-03
6.598826497793197632e-03
6.597335450351238251e-03
6.595844868570566177e-03
6.594354752451181412e-03
6.592865101993083954e-03
6.591375917196273804e-03
6.589887663722038269e-03
6.588399875909090042e-03
6.586912553757429123e-03
6.585425697267055511e-03
6.583939306437969208e-03
6.582453846931457520e-03
6.580968853086233139e-03
6.579484324902296066e-03
6.578000262379646301e-03
6.576517131179571152e-03
6.575033999979496002e-03
6.573551800101995468e-03
6.572070065885782242e-03
6.570588797330856323e-03
6.569108460098505020e-03
6.567628122866153717e-03
6.566148716956377029e-03
6.564669776707887650e-03
6.563191302120685577e-03
6.561713293194770813e-03
6.560236215591430664e-03
6.558759137988090515e-03
6.557282991707324982e-03
6.555807311087846756e-03
6.554332096129655838e-03
6.552857812494039536e-03
6.551383528858423233e-03
6.549910176545381546e-03
6.548437289893627167e-03
6.546964868903160095e-03
6.545492913573980331e-03
6.544021889567375183e-03
6.542550865560770035e-03
6.541080772876739502e-03
6.539611145853996277e-03
6.538142450153827667e-03
6.536673754453659058e-03
6.535205524414777756e-03
6.533738225698471069e-03
6.532271392643451691e-03
6.530805025249719620e-03
6.529339123517274857e-03
6.527873687446117401e-03
6.526409182697534561e-03
6.524945143610239029e-03
6.523481570184230804e-03
6.522018462419509888e-03
6.520555820316076279e-03
6.519093643873929977e-03
6.517631933093070984e-03
6.516171619296073914e-03
6.514711305499076843e-03
6.513251457363367081e-03
6.511792074888944626e-03
6.510333158075809479e-03
6.508875172585248947e-03
6.507417652755975723e-03
6.505960132926702499e-03
6.504504010081291199e-03
6.503047887235879898e-03
6.501592230051755905e-03
6.500137504190206528e-03
6.498683243989944458e-03
6.497228983789682388e-03
6.495775654911994934e-03
6.494322791695594788e-03
6.492870859801769257e-03
6.491418927907943726e-03
6.489967461675405502e-03
6.488517392426729202e-03
6.487067323178052902e-03
6.485617719590663910e-03
6.484168581664562225e-03
6.482719909399747849e-03
6.481272168457508087e-03
6.479824427515268326e-03
6.478377617895603180e-03
6.476931273937225342e-03
6.475485861301422119e-03
6.474040448665618896e-03
6.472595501691102982e-03
6.471151486039161682e-03
6.469707936048507690e-03
6.468264386057853699e-03
6.466822233051061630e-03
6.465380080044269562e-03
6.463938392698764801e-03
6.462497636675834656e-03
6.461056880652904510e-03
6.459617055952548981e-03
6.458177696913480759e-03
6.456739269196987152e-03
6.455300841480493546e-03
6.453862879425287247e-03
6.452425383031368256e-03
6.450988817960023880e-03
6.449552252888679504e-03
6.448116619139909744e-03
6.446681916713714600e-03
6.445247214287519455e-03
6.443812977522611618e-03
6.442379206418991089e-03
6.440946366637945175e-03
6.439513992518186569e-03
6.438081618398427963e-03
6.436650175601243973e-03
6.435219664126634598e-03
6.433789152652025223e-03
6.432359106838703156e-03
6.430929992347955704e-03
6.429501343518495560e-03
6.428072694689035416e-03
6.426644977182149887e-03
6.425217725336551666e-03
6.423790939152240753e-03
6.422364618629217148e-03
6.420939229428768158e-03
6.419513840228319168e-03
6.418089382350444794e-03
6.416665390133857727e-03
6.415241863578557968e-03
6.413818802684545517e-03
6.412396207451820374e-03
6.410974543541669846e-03
6.409552413970232010e-03
6.408131681382656097e-03
6.406711414456367493e-03
6.405291147530078888e-03
6.403871811926364899e-03
6.402452941983938217e-03
6.401034537702798843e-03
6.399616599082946777e-03
6.398199591785669327e-03
6.396782584488391876e-03
6.395366508513689041e-03
6.393950898200273514e-03
6.392535753548145294e-03
6.391120608896017075e-03
6.389706395566463470e-03
6.388292647898197174e-03
6.386879831552505493e-03
6.385467015206813812e-03
6.384055130183696747e-03
6.382643245160579681e-03
6.381231825798749924e-03
6.379821803420782089e-03
6.378411781042814255e-03
6.377002224326133728e-03
6.375593133270740509e-03
6.374184507876634598e-03
6.372776348143815994e-03
6.371369119733572006e-03
6.369961891323328018e-03
6.368555594235658646e-03
6.367149762809276581e-03
6.365744397044181824e-03
6.364339031279087067e-03
6.362935062497854233e-03
6.361531093716621399e-03
6.360127590596675873e-03
6.358724553138017654e-03
6.357322447001934052e-03
6.355920340865850449e-03
6.354519166052341461e-03
6.353118456900119781e-03
6.351718213409185410e-03
6.350317969918251038e-03
6.348919123411178589e-03
6.347520276904106140e-03
6.346121896058320999e-03
6.344724446535110474e-03
6.343326997011899948e-03
6.341930478811264038e-03
6.340533960610628128e-03
6.339138373732566833e-03
6.337742786854505539e-03
6.336348131299018860e-03
6.334953941404819489e-03
6.333560217171907425e-03
6.332167424261569977e-03
6.330774631351232529e-03
6.329382304102182388e-03
6.327990442514419556e-03
6.326599512249231339e-03
6.325209047645330429e-03
6.323819048702716827e-03
6.322429049760103226e-03
6.321039982140064240e-03
6.319651380181312561e-03
6.318263243883848190e-03
6.316875573247671127e-03
6.315488368272781372e-03
6.314102094620466232e-03
6.312715820968151093e-03
6.311330012977123260e-03
6.309945136308670044e-03
6.308560259640216827e-03
6.307176314294338226e-03
6.305792834609746933e-03
6.304409820586442947e-03
6.303026806563138962e-03
6.301644723862409592e-03
6.300263106822967529e-03
6.298882421106100082e-03
6.297501735389232635e-03
6.296121515333652496e-03
6.294741760939359665e-03
6.293362937867641449e-03
6.291984114795923233e-03
6.290606223046779633e-03
6.289228331297636032e-03
6.287851370871067047e-03
6.286474876105785370e-03
6.285098847001791000e-03
6.283723283559083939e-03
6.282348185777664185e-03
