5.353958345949649811e-03
5.352567415684461594e-03
5.351177416741847992e-03
5.349788349121809006e-03
5.348399281501770020e-03
5.347011145204305649e-03
5.345623474568128586e-03
5.344236735254526138e-03
5.342850461602210999e-03
5.341464653611183167e-03
5.340079776942729950e-03
5.338695365935564041e-03
5.337311420589685440e-03
5.335928406566381454e-03
5.334545858204364777e-03
5.333164241164922714e-03
5.331782624125480652e-03
5.330401938408613205e-03
5.329021718353033066e-03
5.327642429620027542e-03
5.326263606548309326e-03
5.324885249137878418e-03
5.323507823050022125e-03
5.322130862623453140e-03
5.320754367858171463e-03
5.319378338754177094e-03
5.318003240972757339e-03
5.316628608852624893e-03
5.315254908055067062e-03
5.313881672918796539e-03
5.312508903443813324e-03
5.311136599630117416e-03
5.309765227138996124e-03
5.308394320309162140e-03
5.307023879140615463e-03
5.305654369294643402e-03
5.304285325109958649e-03
5.302916746586561203e-03
5.301549099385738373e-03
5.300181917846202850e-03
5.298815201967954636e-03
5.297449417412281036e-03
5.296083632856607437e-03
5.294718779623508453e-03
5.293354857712984085e-03
5.291991401463747025e-03
5.290628410875797272e-03
5.289265885949134827e-03
5.287904292345046997e-03
5.286543164402246475e-03
5.285182502120733261e-03
5.283822771161794662e-03
5.282463040202856064e-03
5.281104706227779388e-03
5.279746372252702713e-03
5.278388969600200653e-03
5.277032032608985901e-03
5.275675561279058456e-03
5.274320021271705627e-03
5.272964946925640106e-03
5.271610338240861893e-03
5.270256660878658295e-03
5.268903449177742004e-03
5.267550703138113022e-03
5.266198422759771347e-03
5.264847073704004288e-03
5.263496190309524536e-03
5.262146238237619400e-03
5.260796286165714264e-03
5.259447265416383743e-03
5.258098710328340530e-03
5.256750620901584625e-03
5.255403462797403336e-03
5.254056770354509354e-03
5.252710543572902679e-03
5.251365248113870621e-03
5.250020418316125870e-03
5.248676054179668427e-03
5.247332155704498291e-03
5.245989188551902771e-03
5.244646687060594559e-03
5.243304651230573654e-03
5.241963546723127365e-03
5.240622907876968384e-03
5.239282734692096710e-03
5.237943027168512344e-03
5.236604250967502594e-03
5.235265940427780151e-03
5.233928095549345016e-03
5.232590716332197189e-03
5.231254268437623978e-03
5.229918286204338074e-03
5.228582769632339478e-03
5.227248184382915497e-03
5.225914064794778824e-03
5.224580410867929459e-03
5.223247222602367401e-03
5.221914965659379959e-03
5.220583174377679825e-03
5.219251848757266998e-03
5.217921454459428787e-03
5.216591060161590576e-03
5.215261597186326981e-03
5.213932599872350693e-03
5.212604533880949020e-03
5.211276933550834656e-03
5.209949798882007599e-03
5.208623129874467850e-03
5.207296926528215408e-03
5.205971654504537582e-03
5.204646848142147064e-03
5.203322973102331161e-03
5.201999098062515259e-03
5.200676154345273972e-03
5.199353676289319992e-03
5.198032129555940628e-03
5.196711048483848572e-03
5.195389967411756516e-03
5.194069817662239075e-03
5.192750133574008942e-03
5.191431380808353424e-03
5.190113093703985214e-03
5.188795272260904312e-03
5.187477916479110718e-03
5.186161492019891739e-03
5.184845533221960068e-03
5.183530040085315704e-03
5.182215478271245956e-03
5.180900916457176208e-03
5.179587285965681076e-03
5.178274121135473251e-03
5.176961421966552734e-03
5.175649654120206833e-03
5.174338351935148239e-03
5.173027515411376953e-03
5.171717144548892975e-03
5.170407705008983612e-03
5.169098265469074249e-03
5.167790222913026810e-03
5.166482180356979370e-03
5.165175069123506546e-03
5.163867957890033722e-03
5.162561777979135513e-03
5.161256063729524612e-03
5.159951280802488327e-03
5.158646497875452042e-03
5.157342646270990372e-03
5.156039260327816010e-03
5.154736805707216263e-03
5.153434816747903824e-03
5.152133293449878693e-03
5.150832235813140869e-03
5.149531643837690353e-03
5.148231983184814453e-03
5.146932322531938553e-03
5.145633593201637268e-03
5.144335795193910599e-03
5.143037997186183929e-03
5.141741130501031876e-03
5.140444729477167130e-03
5.139148794114589691e-03
5.137853324413299561e-03
5.136558786034584045e-03
5.135264713317155838e-03
5.133970640599727631e-03
5.132677964866161346e-03
5.131385754793882370e-03
5.130093544721603394e-03
5.128802265971899033e-03
5.127511452883481979e-03
5.126221571117639542e-03
5.124931689351797104e-03
5.123642738908529282e-03
5.122354254126548767e-03
5.121066235005855560e-03
5.119778681546449661e-03
5.118492059409618378e-03
5.117205902934074402e-03
5.115920212119817734e-03
5.114634986966848373e-03
5.113350693136453629e-03
5.112066399306058884e-03
5.110783502459526062e-03
5.109500139951705933e-03
5.108218174427747726e-03
5.106936208903789520e-03
5.105655174702405930e-03
5.104374606162309647e-03
5.103094503283500671e-03
5.101814866065979004e-03
5.100536160171031952e-03
5.099257919937372208e-03
5.097980145364999771e-03
5.096702836453914642e-03
5.095425993204116821e-03
5.094150081276893616e-03
5.092874635010957718e-03
5.091599654406309128e-03
5.090325139462947845e-03
5.089051090180873871e-03
5.087777972221374512e-03
5.086504854261875153e-03
5.085232667624950409e-03
5.083961412310600281e-03
5.082690156996250153e-03
5.081419367343187332e-03
5.080149509012699127e-03
5.078880116343498230e-03
5.077611189335584641e-03
5.076343193650245667e-03
5.075075197964906693e-03
5.073808133602142334e-03
5.072541069239377975e-03
5.071275401860475540e-03
5.070009734481573105e-03
5.068744532763957977e-03
5.067480262368917465e-03
5.066216457635164261e-03
5.064953118562698364e-03
5.063690245151519775e-03
5.062428303062915802e-03
5.061166360974311829e-03
5.059904884546995163e-03
5.058644805103540421e-03
5.057384725660085678e-03
5.056125111877918243e-03
5.054866429418325424e-03
5.053607746958732605e-03
5.052349995821714401e-03
5.051092710345983505e-03
5.049835890531539917e-03
5.048579536378383636e-03
5.047324113547801971e-03
5.046068690717220306e-03
5.044814199209213257e-03
5.043560639023780823e-03
5.042307078838348389e-03
5.041053984314203262e-03
5.039801821112632751e-03
5.038549657911062241e-03
5.037298426032066345e-03
5.036048125475645065e-03
5.034797824919223785e-03
5.033547990024089813e-03
5.032299086451530457e-03
5.031050648540258408e-03
5.029802210628986359e-03
5.028555169701576233e-03
5.027308128774166107e-03
5.026062019169330597e-03
5.024815909564495087e-03
5.023570731282234192e-03
5.022326018661260605e-03
5.021081771701574326e-03
5.019837990403175354e-03
5.018594674766063690e-03
5.017352290451526642e-03
5.016109906136989594e-03
5.014868453145027161e-03
5.013627931475639343e-03
5.012387409806251526e-03
5.011147353798151016e-03
5.009908229112625122e-03
5.008669104427099228e-03
5.007430911064147949e-03
5.006193183362483978e-03
5.004955921322107315e-03
5.003719124943017960e-03
5.002483259886503220e-03
5.001247394829988480e-03
5.000012461096048355e-03
4.998777993023395538e-03
4.997543990612030029e-03
4.996310919523239136e-03
4.995077848434448242e-03
4.993845243006944656e-03
4.992613568902015686e-03
4.991382360458374023e-03
4.990151617676019669e-03
4.988921340554952621e-03
4.987691529095172882e-03
4.986462183296680450e-03
4.985233768820762634e-03
4.984005354344844818e-03
4.982777871191501617e-03
4.981550853699445724e-03
4.980324301868677139e-03
4.979098215699195862e-03
4.977873060852289200e-03
4.976647906005382538e-03
4.975423682481050491e-03
4.974199458956718445e-03
4.972976166754961014e-03
4.971753805875778198e-03
4.970531444996595383e-03
4.969309549778699875e-03
4.968088120222091675e-03
4.966867621988058090e-03
4.965647589415311813e-03
4.964428022503852844e-03
4.963208921253681183e-03
4.961990285664796829e-03
4.960772115737199783e-03
4.959554411470890045e-03
4.958337638527154922e-03
4.957120865583419800e-03
4.955905023962259293e-03
4.954689648002386093e-03
4.953474737703800201e-03
4.952260293066501617e-03
4.951046779751777649e-03
4.949833266437053680e-03
4.948620218783617020e-03
4.947408102452754974e-03
4.946196451783180237e-03
4.944985266774892807e-03
4.943774547427892685e-03
4.942564293742179871e-03
4.941354505717754364e-03
4.940145183354616165e-03
4.938936792314052582e-03
4.937728866934776306e-03
4.936520941555500031e-03
4.935313947498798370e-03
4.934107419103384018e-03
4.932901356369256973e-03
4.931695759296417236e-03
4.930490627884864807e-03
4.929286427795886993e-03
4.928082227706909180e-03
4.926878958940505981e-03
4.925676155835390091e-03
4.924473818391561508e-03
4.923271946609020233e-03
4.922070540487766266e-03
4.920869600027799606e-03
4.919669590890407562e-03
4.918469581753015518e-03
4.917270038276910782e-03
4.916071426123380661e-03
4.914873279631137848e-03
4.913675598800182343e-03
4.912478383630514145e-03
4.911281168460845947e-03
4.910085350275039673e-03
4.908889532089233398e-03
4.907694179564714432e-03
4.906499758362770081e-03
4.905305337160825729e-03
4.904111847281455994e-03
4.902918823063373566e-03
4.901726264506578445e-03
4.900534171611070633e-03
4.899342544376850128e-03
4.898151382803916931e-03
4.896961152553558350e-03
4.895770922303199768e-03
4.894581157714128494e-03
4.893392324447631836e-03
4.892203956842422485e-03
4.891016054898500443e-03
4.889828152954578400e-03
4.888641182333230972e-03
4.887454677373170853e-03
4.886268638074398041e-03
4.885083530098199844e-03
4.883898422122001648e-03
4.882713779807090759e-03
4.881529603153467178e-03
4.880346357822418213e-03
4.879163578152656555e-03
4.877981264144182205e-03
4.876799415796995163e-03
4.875617567449808121e-03
4.874437116086483002e-03
4.873256199061870575e-03
4.872076679021120071e-03
4.870897158980369568e-03
4.869718104600906372e-03
4.868539981544017792e-03
4.867361858487129211e-03
4.866184666752815247e-03
4.865007940679788589e-03
4.863831680268049240e-03
4.862655419856309891e-03
4.861480090767145157e-03
4.860305227339267731e-03
4.859130829572677612e-03
4.857957363128662109e-03
4.856783896684646606e-03
4.855610895901918411e-03
4.854438826441764832e-03
4.853266756981611252e-03
4.852095153182744980e-03
4.850924480706453323e-03
4.849754273891448975e-03
4.848584067076444626e-03
4.847414791584014893e-03
4.846245981752872467e-03
4.845077637583017349e-03
4.843909759074449539e-03
4.842742346227169037e-03
4.841575864702463150e-03
4.840409383177757263e-03
4.839243367314338684e-03
4.838078282773494720e-03
4.836913198232650757e-03
4.835749045014381409e-03
4.834584891796112061e-03
4.833421669900417328e-03
4.832258913666009903e-03
4.831096157431602478e-03
4.829934332519769669e-03
4.828772973269224167e-03
4.827612079679965973e-03
4.826451651751995087e-03
4.825291689485311508e-03
4.824132192879915237e-03
4.822973627597093582e-03
4.821815062314271927e-03
4.820656962692737579e-03
4.819499328732490540e-03
4.818342626094818115e-03
4.817186389118432999e-03
4.816030152142047882e-03
4.814874846488237381e-03
4.813719540834426880e-03
4.812565166503190994e-03
4.811411257833242416e-03
4.810257814824581146e-03
4.809104371815919876e-03
4.807951860129833221e-03
4.806800279766321182e-03
4.805648233741521835e-03
4.804497584700584412e-03
4.803346935659646988e-03
4.802196752279996872e-03
4.801047034561634064e-03
4.799898248165845871e-03
4.798749461770057678e-03
4.797601141035556793e-03
4.796453751623630524e-03
4.795306362211704254e-03
4.794159904122352600e-03
4.793013446033000946e-03
4.791867919266223907e-03
4.790722858160734177e-03
4.789577797055244446e-03
4.788433667272329330e-03
4.787289537489414215e-03
4.786146804690361023e-03
4.785004071891307831e-03
4.783861339092254639e-03
4.782719537615776062e-03
4.781578201800584793e-03
4.780437331646680832e-03
4.779296927154064178e-03
4.778156988322734833e-03
4.777017980813980103e-03
4.775878507643938065e-03
4.774740431457757950e-03
4.773602355271577835e-03
4.772465210407972336e-03
4.771328065544366837e-03
4.770191386342048645e-03
4.769055172801017761e-03
4.767919890582561493e-03
4.766784608364105225e-03
4.765650257468223572e-03
4.764515906572341919e-03
4.763382021337747574e-03
4.762249067425727844e-03
4.761116579174995422e-03
4.759984090924263000e-03
4.758852533996105194e-03
4.757721442729234695e-03
4.756590817123651505e-03
4.755460191518068314e-03
4.754330497235059738e-03
4.753200802952051163e-03
4.752072039991617203e-03
4.750943742692470551e-03
4.749815911054611206e-03
4.748688545078039169e-03
4.747561179101467133e-03
4.746434744447469711e-03
4.745308775454759598e-03
4.744183272123336792e-03
4.743058234453201294e-03
4.741933662444353104e-03
4.740809556096792221e-03
4.739685915410518646e-03
4.738562740385532379e-03
4.737440031021833420e-03
4.736317787319421768e-03
4.735196009278297424e-03
4.734075162559747696e-03
4.732954315841197968e-03
4.731833934783935547e-03
4.730714019387960434e-03
