4.078256431967020035e-03
4.077576100826263428e-03
4.076895304024219513e-03
4.076214972883462906e-03
4.075534641742706299e-03
4.074854776263237000e-03
4.074174910783767700e-03
4.073495045304298401e-03
4.072815179824829102e-03
4.072135780006647110e-03
4.071456380188465118e-03
4.070776980370283127e-03
4.070098046213388443e-03
4.069419112056493759e-03
4.068740177899599075e-03
4.068061709403991699e-03
4.067382775247097015e-03
4.066704772412776947e-03
4.066026303917169571e-03
4.065348301082849503e-03
4.064670298248529434e-03
4.063992761075496674e-03
4.063314758241176605e-03
4.062637221068143845e-03
4.061959683895111084e-03
4.061282612383365631e-03
4.060605540871620178e-03
4.059928469359874725e-03
4.059251863509416580e-03
4.058575257658958435e-03
4.057898651808500290e-03
4.057222511619329453e-03
4.056545905768871307e-03
4.055869765579700470e-03
4.055193625390529633e-03
4.054517950862646103e-03
4.053842276334762573e-03
4.053167067468166351e-03
4.052491858601570129e-03
4.051816649734973907e-03
4.051141440868377686e-03
4.050466232001781464e-03
4.049791488796472549e-03
4.049117211252450943e-03
4.048442468047142029e-03
4.047768190503120422e-03
4.047093912959098816e-03
4.046420101076364517e-03
4.045746289193630219e-03
4.045072477310895920e-03
4.044399131089448929e-03
4.043725784868001938e-03
4.043052438646554947e-03
4.042379092425107956e-03
4.041706211864948273e-03
4.041033331304788589e-03
4.040360916405916214e-03
4.039688501507043839e-03
4.039016086608171463e-03
4.038344137370586395e-03
4.037671722471714020e-03
4.037000238895416260e-03
4.036328289657831192e-03
4.035656806081533432e-03
4.034985322505235672e-03
4.034314304590225220e-03
4.033643286675214767e-03
4.032972268760204315e-03
4.032301250845193863e-03
4.031630698591470718e-03
4.030960146337747574e-03
4.030290059745311737e-03
4.029619973152875900e-03
4.028949886560440063e-03
4.028280265629291534e-03
4.027610644698143005e-03
4.026941023766994476e-03
4.026271868497133255e-03
4.025602247565984726e-03
4.024933557957410812e-03
4.024264402687549591e-03
4.023595713078975677e-03
4.022927023470401764e-03
4.022258799523115158e-03
4.021590575575828552e-03
4.020922817289829254e-03
4.020254593342542648e-03
4.019587300717830658e-03
4.018919542431831360e-03
4.018252249807119370e-03
4.017584957182407379e-03
4.016917664557695389e-03
4.016250837594270706e-03
4.015584010630846024e-03
4.014917649328708649e-03
4.014251288026571274e-03
4.013584926724433899e-03
4.012919031083583832e-03
4.012253135442733765e-03
4.011587705463171005e-03
4.010921809822320938e-03
4.010256379842758179e-03
4.009591415524482727e-03
4.008926451206207275e-03
4.008261486887931824e-03
4.007596522569656372e-03
4.006932023912668228e-03
4.006267525255680084e-03
4.005603492259979248e-03
4.004939459264278412e-03
4.004275426268577576e-03
4.003611858934164047e-03
4.002948757261037827e-03
4.002285189926624298e-03
4.001622088253498077e-03
4.000958986580371857e-03
4.000296350568532944e-03
3.999633714556694031e-03
3.998971078544855118e-03
3.998308908194303513e-03
3.997646737843751907e-03
3.996985033154487610e-03
3.996322862803936005e-03
3.995661623775959015e-03
3.994999919086694717e-03
3.994338680058717728e-03
3.993677906692028046e-03
3.993017133325338364e-03
3.992356359958648682e-03
3.991695586591959000e-03
3.991035744547843933e-03
3.990375436842441559e-03
3.989715129137039185e-03
3.989055752754211426e-03
3.988395910710096359e-03
3.987736534327268600e-03
3.987077157944440842e-03
3.986418247222900391e-03
3.985759336501359940e-03
3.985100425779819489e-03
3.984441980719566345e-03
3.983783535659313202e-03
3.983125556260347366e-03
3.982467576861381531e-03
3.981809597462415695e-03
3.981152083724737167e-03
3.980495035648345947e-03
3.979837521910667419e-03
3.979180473834276199e-03
3.978523891419172287e-03
3.977866843342781067e-03
3.977210726588964462e-03
3.976554144173860550e-03
3.975898027420043945e-03
3.975242376327514648e-03
3.974586725234985352e-03
3.973931074142456055e-03
3.973275888711214066e-03
3.972620703279972076e-03
3.971965517848730087e-03
3.971310798078775406e-03
3.970656078308820724e-03
3.970001824200153351e-03
3.969347570091485977e-03
3.968693781644105911e-03
3.968039993196725845e-03
3.967386204749345779e-03
3.966732881963253021e-03
3.966079559177160263e-03
3.965426702052354813e-03
3.964773844927549362e-03
3.964120987802743912e-03
3.963468596339225769e-03
3.962816204875707626e-03
3.962164279073476791e-03
3.961512353271245956e-03
3.960860427469015121e-03
3.960208967328071594e-03
3.959557972848415375e-03
3.958906978368759155e-03
3.958255983889102936e-03
3.957605455070734024e-03
3.956954926252365112e-03
3.956304397433996201e-03
3.955654334276914597e-03
3.955004271119832993e-03
3.954354673624038696e-03
3.953705076128244400e-03
3.953055944293737411e-03
3.952406812459230423e-03
3.951758146286010742e-03
3.951109480112791061e-03
3.950460813939571381e-03
3.949812613427639008e-03
3.949164412915706635e-03
3.948516678065061569e-03
3.947868943214416504e-03
3.947221208363771439e-03
3.946573939174413681e-03
3.945927135646343231e-03
3.945279866456985474e-03
3.944633528590202332e-03
3.943986725062131882e-03
3.943340852856636047e-03
3.942694514989852905e-03
3.942048642784357071e-03
3.941402770578861237e-03
3.940757364034652710e-03
3.940112423151731491e-03
3.939467482268810272e-03
3.938822541385889053e-03
3.938177600502967834e-03
3.937533590942621231e-03
3.936889115720987320e-03
3.936245106160640717e-03
3.935601562261581421e-03
3.934958018362522125e-03
3.934314474463462830e-03
3.933671396225690842e-03
3.933028317987918854e-03
3.932385705411434174e-03
3.931742627173662186e-03
3.931100480258464813e-03
3.930458333343267441e-03
3.929816652089357376e-03
3.929174970835447311e-03
3.928533289581537247e-03
3.927892073988914490e-03
3.927250858396291733e-03
3.926610108464956284e-03
3.925969358533620834e-03
3.925329074263572693e-03
3.924688789993524551e-03
3.924048505723476410e-03
3.923408687114715576e-03
3.922769334167242050e-03
3.922129981219768524e-03
3.921490628272294998e-03
3.920851740986108780e-03
3.920213319361209869e-03
3.919574432075023651e-03
3.918936476111412048e-03
3.918298054486513138e-03
3.917660098522901535e-03
3.917022608220577240e-03
3.916385117918252945e-03
3.915748093277215958e-03
3.915111068636178970e-03
3.914474043995141983e-03
3.913837485015392303e-03
3.913200926035642624e-03
3.912564832717180252e-03
3.911928739398717880e-03
3.911293111741542816e-03
3.910657484084367752e-03
3.910022322088479996e-03
3.909387160092592239e-03
3.908752463757991791e-03
3.908117767423391342e-03
3.907483071088790894e-03
3.906848840415477753e-03
3.906214842572808266e-03
3.905581077560782433e-03
3.904947545379400253e-03
3.904314013198018074e-03
3.903680946677923203e-03
3.903048112988471985e-03
3.902415512129664421e-03
3.901782911270856857e-03
3.901150543242692947e-03
3.900518408045172691e-03
3.899886738508939743e-03
3.899255301803350449e-03
3.898623632267117500e-03
3.897992661222815514e-03
3.897361690178513527e-03
3.896730719134211540e-03
3.896100213751196861e-03
3.895469941198825836e-03
3.894840134307742119e-03
3.894210327416658401e-03
3.893580520525574684e-03
3.892951179295778275e-03
3.892321838065981865e-03
3.891692962497472763e-03
3.891064086928963661e-03
3.890435677021741867e-03
3.889807499945163727e-03
3.889179090037941933e-03
3.888551378622651100e-03
3.887923667207360268e-03
3.887296188622713089e-03
3.886668942868709564e-03
3.886041929945349693e-03
3.885415149852633476e-03
3.884788602590560913e-03
3.884162288159132004e-03
3.883536206558346748e-03
3.882910357788205147e-03
3.882284509018063545e-03
3.881659125909209251e-03
3.881033975630998611e-03
3.880408825352787971e-03
3.879784373566508293e-03
3.879159688949584961e-03
3.878535237163305283e-03
3.877911251038312912e-03
3.877287264913320541e-03
3.876663511618971825e-03
3.876039991155266762e-03
3.875416703522205353e-03
3.874793881550431252e-03
3.874171059578657150e-03
3.873548470437526703e-03
3.872926114127039909e-03
3.872303990647196770e-03
3.871682099997997284e-03
3.871060442179441452e-03
3.870439017191529274e-03
3.869817592203617096e-03
3.869196865707635880e-03
3.868575906381011009e-03
3.867955412715673447e-03
3.867335151880979538e-03
3.866715123876929283e-03
3.866095095872879028e-03
3.865475300699472427e-03
3.864855971187353134e-03
3.864236874505877495e-03
3.863617777824401855e-03
3.862998913973569870e-03
3.862380282953381538e-03
3.861762117594480515e-03
3.861143952235579491e-03
3.860526019707322121e-03
3.859908552840352058e-03
3.859290853142738342e-03
3.858673619106411934e-03
3.858056617900729179e-03
3.857439849525690079e-03
3.856823313981294632e-03
3.856207011267542839e-03
3.855590941384434700e-03
3.854975104331970215e-03
3.854359500110149384e-03
3.853743895888328552e-03
3.853128757327795029e-03
3.852513851597905159e-03
3.851899178698658943e-03
3.851284505799412727e-03
3.850670298561453819e-03
3.850056091323494911e-03
3.849442349746823311e-03
3.848828608170151711e-03
3.848215332254767418e-03
3.847602056339383125e-03
3.846989246085286140e-03
3.846376435831189156e-03
3.845763625577092171e-03
3.845151280984282494e-03
3.844539169222116470e-03
3.843927523121237755e-03
3.843315644189715385e-03
3.842704463750123978e-03
3.842093050479888916e-03
3.841482335701584816e-03
3.840871388092637062e-03
3.840260673314332962e-03
3.839650657027959824e-03
3.839040407910943031e-03
3.838430624455213547e-03
3.837820840999484062e-03
3.837211290374398232e-03
3.836602205410599709e-03
3.835993353277444839e-03
3.835384733974933624e-03
3.834775881841778755e-03
3.834167728200554848e-03
3.833559341728687286e-03
3.832951653748750687e-03
3.832343965768814087e-03
3.831736510619521141e-03
3.831129288300871849e-03
3.830522298812866211e-03
3.829915542155504227e-03
3.829309018328785896e-03
3.828702727332711220e-03
3.828096436336636543e-03
3.827490843832492828e-03
3.826885018497705460e-03
3.826279425993561745e-03
3.825674299150705338e-03
3.825069405138492584e-03
3.824464511126279831e-03
3.823860082775354385e-03
3.823255654424428940e-03
3.822651691734790802e-03
3.822047729045152664e-03
3.821443999186158180e-03
3.820840502157807350e-03
3.820237237960100174e-03
3.819634206593036652e-03
3.819031408056616783e-03
3.818428842350840569e-03
3.817826509475708008e-03
3.817224409431219101e-03
3.816622542217373848e-03
3.816020675003528595e-03
3.815419273450970650e-03
3.814817871898412704e-03
3.814216936007142067e-03
3.813616232946515083e-03
3.813015529885888100e-03
3.812415292486548424e-03
3.811814822256565094e-03
3.811214817687869072e-03
3.810615278780460358e-03
3.810015739873051643e-03
3.809416433796286583e-03
3.808817360550165176e-03
3.808218520134687424e-03
3.807619912549853325e-03
3.807021537795662880e-03
3.806423163041472435e-03
3.805825253948569298e-03
3.805227577686309814e-03
3.804629901424050331e-03
3.804032457992434502e-03
3.803435247391462326e-03
3.802838502451777458e-03
3.802241757512092590e-03
3.801645245403051376e-03
3.801048966124653816e-03
3.800452919676899910e-03
3.799857106059789658e-03
3.799261292442679405e-03
3.798666177317500114e-03
3.798071062192320824e-03
3.797475947067141533e-03
3.796881297603249550e-03
3.796286648139357567e-03
3.795692464336752892e-03
3.795098280534148216e-03
3.794504329562187195e-03
3.793910844251513481e-03
3.793317126110196114e-03
3.792724106460809708e-03
3.792131086811423302e-03
3.791538067162036896e-03
3.790945513173937798e-03
3.790353192016482353e-03
3.789761103689670563e-03
3.789169015362858772e-03
3.788577159866690636e-03
3.787985770031809807e-03
3.787394380196928978e-03
3.786803223192691803e-03
3.786212531849741936e-03
3.785621607676148415e-03
3.785031381994485855e-03
3.784440923482179642e-03
3.783851163461804390e-03
3.783261403441429138e-03
3.782671643421053886e-03
3.782082349061965942e-03
3.781493287533521652e-03
3.780904226005077362e-03
3.780315397307276726e-03
3.779726801440119743e-03
3.779138438403606415e-03
3.778550308197736740e-03
3.777962410822510719e-03
3.777374746277928352e-03
3.776787314563989639e-03
3.776199882850050926e-03
3.775612916797399521e-03
3.775025950744748116e-03
3.774439217522740364e-03
3.773852949962019920e-03
3.773266682401299477e-03
3.772680647671222687e-03
3.772094845771789551e-03
3.771509276703000069e-03
3.770923707634210587e-03
3.770338604226708412e-03
3.769753500819206238e-03
3.769168863072991371e-03
3.768584225326776505e-03
3.767999820411205292e-03
3.767415881156921387e-03
3.766831709071993828e-03
3.766248235478997231e-03
3.765664529055356979e-03
3.765081288293004036e-03
3.764498280361294746e-03
3.763915272429585457e-03
3.763332497328519821e-03
3.762750187888741493e-03
3.762167878448963165e-03
3.761585801839828491e-03
