3.338348818942904472e-03
3.338080598041415215e-03
3.337812144309282303e-03
3.337543923407793045e-03
3.337275702506303787e-03
3.337007481604814529e-03
3.336739726364612579e-03
3.336471505463123322e-03
3.336203517392277718e-03
3.335935762152075768e-03
3.335667774081230164e-03
3.335399786010384560e-03
3.335132030770182610e-03
3.334864275529980659e-03
3.334596753120422363e-03
3.334328997880220413e-03
3.334061475470662117e-03
3.333793953061103821e-03
3.333526430651545525e-03
3.333258908241987228e-03
3.332991385832428932e-03
3.332724096253514290e-03
3.332456806674599648e-03
3.332189749926328659e-03
3.331922460347414017e-03
3.331655403599143028e-03
3.331388114020228386e-03
3.331121057271957397e-03
3.330854000523686409e-03
3.330587176606059074e-03
3.330320119857788086e-03
3.330053295940160751e-03
3.329786472022533417e-03
3.329519648104906082e-03
3.329252824187278748e-03
3.328986233100295067e-03
3.328719642013311386e-03
3.328453050926327705e-03
3.328186459839344025e-03
3.327920101583003998e-03
3.327653743326663971e-03
3.327387152239680290e-03
3.327120793983340263e-03
3.326854435727000237e-03
3.326588310301303864e-03
3.326321952044963837e-03
3.326055826619267464e-03
3.325789701193571091e-03
3.325523575767874718e-03
3.325257450342178345e-03
3.324991557747125626e-03
3.324725665152072906e-03
3.324459772557020187e-03
3.324193879961967468e-03
3.323928220197558403e-03
3.323662327602505684e-03
3.323396667838096619e-03
3.323131008073687553e-03
3.322865348309278488e-03
3.322599921375513077e-03
3.322334261611104012e-03
3.322068834677338600e-03
3.321803407743573189e-03
3.321537980809807777e-03
3.321272786706686020e-03
3.321007359772920609e-03
3.320742165669798851e-03
3.320476971566677094e-03
3.320211777463555336e-03
3.319946816191077232e-03
3.319681622087955475e-03
3.319416660815477371e-03
3.319151699542999268e-03
3.318886971101164818e-03
3.318622009828686714e-03
3.318357281386852264e-03
3.318092552945017815e-03
3.317827824503183365e-03
3.317563096061348915e-03
3.317298367619514465e-03
3.317033872008323669e-03
3.316769376397132874e-03
3.316504880785942078e-03
3.316240385174751282e-03
3.315976355224847794e-03
3.315711859613656998e-03
3.315447364002466202e-03
3.315183334052562714e-03
3.314919071272015572e-03
3.314654808491468430e-03
3.314390778541564941e-03
3.314126748591661453e-03
3.313862951472401619e-03
3.313598688691854477e-03
3.313334891572594643e-03
3.313071094453334808e-03
3.312807064503431320e-03
3.312543500214815140e-03
3.312279703095555305e-03
3.312015905976295471e-03
3.311752341687679291e-03
3.311488777399063110e-03
3.311225213110446930e-03
3.310961648821830750e-03
3.310698084533214569e-03
3.310434753075242043e-03
3.310171421617269516e-03
3.309908090159296989e-03
3.309644991531968117e-03
3.309381660073995590e-03
3.309118794277310371e-03
3.308855462819337845e-03
3.308592364192008972e-03
3.308329265564680099e-03
3.308066399767994881e-03
3.307803533971309662e-03
3.307540435343980789e-03
3.307277802377939224e-03
3.307014936581254005e-03
3.306752303615212440e-03
3.306489670649170876e-03
3.306227037683129311e-03
3.305964171886444092e-03
3.305701771751046181e-03
3.305439371615648270e-03
3.305176738649606705e-03
3.304914338514208794e-03
3.304651938378810883e-03
3.304389538243412971e-03
3.304127138108015060e-03
3.303864970803260803e-03
3.303602803498506546e-03
3.303340636193752289e-03
3.303078468888998032e-03
3.302816534414887428e-03
3.302554367110133171e-03
3.302292665466666222e-03
3.302030730992555618e-03
3.301768796518445015e-03
3.301506862044334412e-03
3.301245160400867462e-03
3.300983458757400513e-03
3.300721757113933563e-03
3.300460055470466614e-03
3.300198353826999664e-03
3.299936885014176369e-03
3.299675416201353073e-03
3.299413947388529778e-03
3.299152478575706482e-03
3.298891009762883186e-03
3.298629773780703545e-03
3.298368537798523903e-03
3.298107301816344261e-03
3.297846065834164619e-03
3.297584829851984978e-03
3.297323826700448990e-03
3.297062823548913002e-03
3.296801820397377014e-03
3.296541050076484680e-03
3.296280046924948692e-03
3.296019043773412704e-03
3.295758273452520370e-03
3.295497735962271690e-03
3.295236732810735703e-03
3.294976195320487022e-03
3.294715424999594688e-03
3.294455120339989662e-03
3.294194582849740982e-03
3.293934045359492302e-03
3.293673507869243622e-03
3.293413203209638596e-03
3.293152898550033569e-03
3.292892593890428543e-03
3.292632289230823517e-03
3.292372217401862144e-03
3.292111912742257118e-03
3.291851840913295746e-03
3.291591769084334373e-03
3.291331697255373001e-03
3.291071858257055283e-03
3.290811786428093910e-03
3.290551947429776192e-03
3.290291875600814819e-03
3.290032269433140755e-03
3.289772663265466690e-03
3.289512824267148972e-03
3.289252985268831253e-03
3.288993379101157188e-03
3.288733772933483124e-03
3.288474399596452713e-03
3.288214793428778648e-03
3.287955420091748238e-03
3.287696046754717827e-03
3.287436673417687416e-03
3.287177300080657005e-03
3.286918159574270248e-03
3.286659019067883492e-03
3.286399878561496735e-03
3.286140738055109978e-03
3.285881597548723221e-03
3.285622457042336464e-03
3.285363549366593361e-03
3.285104408860206604e-03
3.284845734015107155e-03
3.284586826339364052e-03
3.284327918663620949e-03
3.284069243818521500e-03
3.283810568973422050e-03
3.283551894128322601e-03
3.283293219283223152e-03
3.283034777268767357e-03
3.282776102423667908e-03
3.282517660409212112e-03
3.282259218394756317e-03
3.282000776380300522e-03
3.281742567196488380e-03
3.281484358012676239e-03
3.281225915998220444e-03
3.280967473983764648e-03
3.280709497630596161e-03
3.280451521277427673e-03
3.280193312093615532e-03
3.279935335740447044e-03
3.279677359387278557e-03
3.279419383034110069e-03
3.279161406680941582e-03
3.278903663158416748e-03
3.278645919635891914e-03
3.278387943282723427e-03
3.278130432590842247e-03
3.277872689068317413e-03
3.277614945545792580e-03
3.277357434853911400e-03
3.277099924162030220e-03
3.276842413470149040e-03
3.276585135608911514e-03
3.276327624917030334e-03
3.276070347055792809e-03
3.275812836363911629e-03
3.275555791333317757e-03
3.275298746302723885e-03
3.275041235610842705e-03
3.274784190580248833e-03
3.274527145549654961e-03
3.274270100519061089e-03
3.274013055488467216e-03
3.273756243288516998e-03
3.273499198257923126e-03
3.273242386057972908e-03
3.272985806688666344e-03
3.272728994488716125e-03
3.272472182288765907e-03
3.272215602919459343e-03
3.271959023550152779e-03
3.271702444180846214e-03
3.271445864811539650e-03
3.271189285442233086e-03
3.270932938903570175e-03
3.270676359534263611e-03
3.270420012995600700e-03
3.270163666456937790e-03
3.269907552748918533e-03
3.269651206210255623e-03
3.269395092502236366e-03
3.269138745963573456e-03
3.268882865086197853e-03
3.268626751378178596e-03
3.268370870500802994e-03
3.268114756792783737e-03
3.267858875915408134e-03
3.267602995038032532e-03
3.267347114160656929e-03
3.267091466113924980e-03
3.266835818067193031e-03
3.266579937189817429e-03
3.266324289143085480e-03
3.266068641096353531e-03
3.265813225880265236e-03
3.265557577833533287e-03
3.265302162617444992e-03
3.265046747401356697e-03
3.264791332185268402e-03
3.264535916969180107e-03
3.264280734583735466e-03
3.264025319367647171e-03
3.263770136982202530e-03
3.263514954596757889e-03
3.263260005041956902e-03
3.263004822656512260e-03
3.262749873101711273e-03
3.262494923546910286e-03
3.262239973992109299e-03
3.261985024437308311e-03
3.261730074882507324e-03
3.261475358158349991e-03
3.261220408603549004e-03
3.260965691879391670e-03
3.260710975155234337e-03
3.260456491261720657e-03
3.260201774537563324e-03
3.259947290644049644e-03
3.259692806750535965e-03
3.259438322857022285e-03
3.259184071794152260e-03
3.258929587900638580e-03
3.258675336837768555e-03
3.258421085774898529e-03
3.258166834712028503e-03
3.257912816479802132e-03
3.257658565416932106e-03
3.257404547184705734e-03
3.257150528952479362e-03
3.256896510720252991e-03
3.256642725318670273e-03
3.256388707086443901e-03
3.256134921684861183e-03
3.255881136283278465e-03
3.255627350881695747e-03
3.255373565480113029e-03
3.255120012909173965e-03
3.254866227507591248e-03
3.254612674936652184e-03
3.254359122365713120e-03
3.254105802625417709e-03
3.253852250054478645e-03
3.253598697483539581e-03
3.253345377743244171e-03
3.253092058002948761e-03
3.252838738262653351e-03
3.252585418522357941e-03
3.252332098782062531e-03
3.252079011872410774e-03
3.251825924962759018e-03
3.251572838053107262e-03
3.251319751143455505e-03
3.251066664233803749e-03
3.250813810154795647e-03
3.250560723245143890e-03
3.250308101996779442e-03
3.250055015087127686e-03
3.249802393838763237e-03
3.249549772590398788e-03
3.249296918511390686e-03
3.249044297263026237e-03
3.248791908845305443e-03
3.248539054766297340e-03
3.248286666348576546e-03
3.248034277930855751e-03
3.247781656682491302e-03
3.247529501095414162e-03
3.247277112677693367e-03
3.247024724259972572e-03
3.246772568672895432e-03
3.246520413085818291e-03
3.246268257498741150e-03
3.246016101911664009e-03
3.245764179155230522e-03
3.245512023568153381e-03
3.245260100811719894e-03
3.245007945224642754e-03
3.244756255298852921e-03
3.244504332542419434e-03
3.244252409785985947e-03
3.244000719860196114e-03
3.243749262765049934e-03
3.243497340008616447e-03
3.243245882913470268e-03
3.242994192987680435e-03
3.242742503061890602e-03
3.242491045966744423e-03
3.242239588871598244e-03
3.241988364607095718e-03
3.241737140342593193e-03
3.241485683247447014e-03
3.241234458982944489e-03
3.240983234718441963e-03
3.240731777623295784e-03
3.240480786189436913e-03
3.240229561924934387e-03
3.239978570491075516e-03
3.239727579057216644e-03
3.239476587623357773e-03
3.239225596189498901e-03
3.238974837586283684e-03
3.238723846152424812e-03
3.238473087549209595e-03
3.238222561776638031e-03
3.237971570342779160e-03
3.237721044570207596e-03
3.237470518797636032e-03
3.237219760194420815e-03
3.236969234421849251e-03
3.236718708649277687e-03
3.236468415707349777e-03
3.236217889934778214e-03
3.235967596992850304e-03
3.235717071220278740e-03
3.235466778278350830e-03
3.235216718167066574e-03
3.234966425225138664e-03
3.234716365113854408e-03
3.234466072171926498e-03
3.234216012060642242e-03
3.233965951949357986e-03
3.233716124668717384e-03
3.233466064557433128e-03
3.233216237276792526e-03
3.232966409996151924e-03
3.232716582715511322e-03
3.232466755434870720e-03
3.232216928154230118e-03
3.231967333704233170e-03
3.231717739254236221e-03
3.231468144804239273e-03
3.231218550354242325e-03
3.230969188734889030e-03
3.230719594284892082e-03
3.230470465496182442e-03
3.230220871046185493e-03
3.229971509426832199e-03
3.229722380638122559e-03
3.229473019018769264e-03
3.229223657399415970e-03
3.228974761441349983e-03
3.228725632652640343e-03
3.228476503863930702e-03
3.228227375075221062e-03
3.227978479117155075e-03
3.227729583159089088e-03
3.227480687201023102e-03
3.227231791242957115e-03
3.226982895284891129e-03
3.226734232157468796e-03
3.226485336199402809e-03
3.226236673071980476e-03
3.225988009944558144e-03
3.225739579647779465e-03
3.225490916520357132e-03
3.225242486223578453e-03
3.224994055926799774e-03
3.224745392799377441e-03
3.224497195333242416e-03
3.224248997867107391e-03
3.224000567570328712e-03
3.223752137273550034e-03
3.223503939807415009e-03
3.223255975171923637e-03
3.223007777705788612e-03
3.222759580239653587e-03
3.222511615604162216e-03
3.222263650968670845e-03
3.222015686333179474e-03
3.221767488867044449e-03
3.221519757062196732e-03
3.221271792426705360e-03
3.221024060621857643e-03
3.220776328817009926e-03
3.220528597012162209e-03
3.220280865207314491e-03
3.220033366233110428e-03
3.219785634428262711e-03
3.219538135454058647e-03
3.219290636479854584e-03
3.219043137505650520e-03
3.218795871362090111e-03
3.218548605218529701e-03
3.218301106244325638e-03
3.218054072931408882e-03
3.217806573957204819e-03
3.217559540644288063e-03
3.217312507331371307e-03
3.217065241187810898e-03
3.216818207874894142e-03
3.216571407392621040e-03
3.216324374079704285e-03
3.216077340766787529e-03
3.215830540284514427e-03
3.215583739802241325e-03
3.215336939319968224e-03
3.215090138837695122e-03
3.214843338355422020e-03
3.214596770703792572e-03
3.214350203052163124e-03
3.214103402569890022e-03
3.213857067748904228e-03
3.213610500097274780e-03
3.213363932445645332e-03
3.213117597624659538e-03
3.212871262803673744e-03
3.212624927982687950e-03
3.212378593161702156e-03
3.212132258340716362e-03
3.211886156350374222e-03
3.211639821529388428e-03
3.211393719539046288e-03
3.211147617548704147e-03
3.210901515558362007e-03
3.210655646398663521e-03
3.210409544408321381e-03
3.210163675248622894e-03
