5.372468847781419754e-03
5.370989441871643066e-03
5.369510035961866379e-03
5.368031561374664307e-03
5.366554018110036850e-03
5.365076940506696701e-03
5.363600794225931168e-03
5.362125113606452942e-03
5.360649898648262024e-03
5.359176080673933029e-03
5.357702262699604034e-03
5.356229376047849655e-03
5.354757420718669891e-03
5.353285931050777435e-03
5.351814907044172287e-03
5.350344814360141754e-03
5.348875652998685837e-03
5.347406957298517227e-03
5.345938727259635925e-03
5.344471428543329239e-03
5.343004595488309860e-03
5.341538693755865097e-03
5.340073723345994949e-03
5.338609218597412109e-03
5.337145179510116577e-03
5.335682071745395660e-03
5.334219429641962051e-03
5.332757718861103058e-03
5.331296473741531372e-03
5.329835694283246994e-03
5.328376311808824539e-03
5.326916929334402084e-03
5.325458478182554245e-03
5.324000492691993713e-03
5.322543438524007797e-03
5.321087315678596497e-03
5.319631658494472504e-03
5.318176466971635818e-03
5.316722206771373749e-03
5.315268412232398987e-03
5.313815549015998840e-03
5.312363151460886002e-03
5.310911685228347778e-03
5.309460684657096863e-03
5.308010149747133255e-03
5.306560546159744263e-03
5.305111408233642578e-03
5.303663201630115509e-03
5.302215926349163055e-03
5.300769116729497910e-03
5.299322772771120071e-03
5.297877360135316849e-03
5.296432413160800934e-03
5.294987931847572327e-03
5.293544381856918335e-03
5.292101297527551651e-03
5.290659610182046890e-03
5.289217922836542130e-03
5.287777166813611984e-03
5.286336876451969147e-03
5.284897517412900925e-03
5.283458624035120010e-03
5.282020196318626404e-03
5.280582699924707413e-03
5.279146134853363037e-03
5.277710035443305969e-03
5.276274401694536209e-03
5.274839699268341064e-03
5.273405462503433228e-03
5.271972157061100006e-03
5.270539317280054092e-03
5.269106943160295486e-03
5.267675500363111496e-03
5.266244523227214813e-03
5.264814477413892746e-03
5.263384897261857986e-03
5.261956248432397842e-03
5.260528065264225006e-03
5.259100347757339478e-03
5.257673561573028564e-03
5.256247241050004959e-03
5.254821851849555969e-03
5.253396928310394287e-03
5.251972936093807220e-03
5.250549409538507462e-03
5.249126348644495010e-03
5.247704219073057175e-03
5.246282555162906647e-03
5.244861822575330734e-03
5.243441555649042130e-03
5.242022220045328140e-03
5.240602884441614151e-03
5.239184945821762085e-03
5.237767007201910019e-03
5.236349999904632568e-03
5.234933923929929733e-03
5.233518313616514206e-03
5.232103168964385986e-03
5.230688955634832382e-03
5.229275207966566086e-03
5.227862391620874405e-03
5.226450040936470032e-03
5.225038155913352966e-03
5.223627202212810516e-03
5.222216714173555374e-03
5.220806691795587540e-03
5.219398066401481628e-03
5.217989441007375717e-03
5.216581746935844421e-03
5.215174518525600433e-03
5.213768221437931061e-03
5.212361924350261688e-03
5.210957024246454239e-03
5.209552124142646790e-03
5.208148621022701263e-03
5.206745583564043045e-03
5.205343011766672134e-03
5.203940905630588531e-03
5.202539265155792236e-03
5.201139021664857864e-03
5.199738778173923492e-03
5.198339466005563736e-03
5.196940619498491287e-03
5.195542704313993454e-03
5.194145254790782928e-03
5.192748270928859711e-03
5.191352218389511108e-03
5.189957097172737122e-03
5.188561975955963135e-03
5.187167786061763763e-03
5.185774061828851700e-03
5.184381268918514252e-03
5.182988941669464111e-03
5.181597545742988586e-03
5.180206149816513062e-03
5.178816150873899460e-03
5.177426151931285858e-03
5.176037084311246872e-03
5.174648948013782501e-03
5.173261277377605438e-03
5.171873606741428375e-03
5.170487333089113235e-03
5.169101525098085403e-03
5.167716182768344879e-03
5.166331771761178970e-03
5.164947826415300369e-03
5.163564346730709076e-03
5.162181798368692398e-03
5.160799715667963028e-03
5.159418098628520966e-03
5.158037412911653519e-03
5.156657658517360687e-03
5.155277904123067856e-03
5.153899081051349640e-03
5.152520723640918732e-03
5.151143297553062439e-03
5.149766337126493454e-03
5.148389842361211777e-03
5.147013813257217407e-03
5.145639181137084961e-03
5.144264549016952515e-03
5.142890848219394684e-03
5.141517613083124161e-03
5.140145309269428253e-03
5.138773005455732346e-03
5.137401632964611053e-03
5.136031191796064377e-03
5.134661216288805008e-03
5.133291706442832947e-03
5.131923127919435501e-03
5.130555015057325363e-03
5.129187367856502533e-03
5.127820651978254318e-03
5.126454401761293411e-03
5.125088617205619812e-03
5.123723298311233521e-03
5.122359376400709152e-03
5.120995454490184784e-03
5.119631998240947723e-03
5.118269938975572586e-03
5.116907879710197449e-03
5.115546286106109619e-03
5.114186089485883713e-03
5.112825892865657806e-03
5.111466627568006516e-03
5.110107362270355225e-03
5.108749493956565857e-03
5.107392091304063797e-03
5.106035154312849045e-03
5.104678682982921600e-03
5.103323142975568771e-03
5.101968068629503250e-03
5.100613459944725037e-03
5.099259782582521439e-03
5.097906105220317841e-03
5.096553824841976166e-03
5.095202010124921799e-03
5.093850661069154739e-03
5.092499777674674988e-03
5.091149825602769852e-03
5.089800339192152023e-03
5.088451318442821503e-03
5.087103229016065598e-03
5.085755605250597000e-03
5.084408447146415710e-03
5.083061754703521729e-03
5.081716459244489670e-03
5.080371163785457611e-03
5.079026333987712860e-03
5.077682435512542725e-03
5.076339002698659897e-03
5.074996035546064377e-03
5.073653999716043472e-03
5.072312895208597183e-03
5.070971790701150894e-03
5.069631151854991913e-03
5.068291909992694855e-03
5.066952668130397797e-03
5.065614357590675354e-03
5.064276512712240219e-03
5.062939133495092392e-03
5.061602685600519180e-03
5.060266237705945969e-03
5.058931186795234680e-03
5.057596135884523392e-03
5.056262016296386719e-03
5.054928362369537354e-03
5.053595639765262604e-03
5.052263382822275162e-03
5.050931125879287720e-03
5.049600265920162201e-03
5.048269871622323990e-03
5.046939477324485779e-03
5.045610480010509491e-03
5.044281948357820511e-03
5.042953416705131531e-03
5.041625816375017166e-03
5.040299147367477417e-03
5.038972478359937668e-03
5.037646740674972534e-03
5.036321934312582016e-03
5.034997127950191498e-03
5.033673252910375595e-03
5.032349843531847000e-03
5.031027365475893021e-03
5.029704887419939041e-03
5.028383340686559677e-03
5.027062725275754929e-03
5.025742109864950180e-03
5.024422425776720047e-03
5.023103673011064529e-03
5.021784920245409012e-03
5.020466633141040802e-03
5.019149743020534515e-03
5.017832852900028229e-03
5.016516894102096558e-03
5.015200935304164886e-03
5.013886373490095139e-03
5.012571811676025391e-03
5.011258181184530258e-03
5.009945016354322433e-03
5.008632317185401917e-03
5.007320549339056015e-03
5.006008781492710114e-03
5.004697944968938828e-03
5.003388039767742157e-03
5.002078134566545486e-03
5.000769626349210739e-03
4.999461118131875992e-03
4.998153075575828552e-03
4.996845964342355728e-03
4.995538853108882904e-03
4.994233138859272003e-03
4.992927890270948410e-03
4.991622641682624817e-03
4.990318324416875839e-03
4.989014938473701477e-03
4.987712018191814423e-03
4.986409097909927368e-03
4.985107574611902237e-03
4.983806051313877106e-03
4.982504993677139282e-03
4.981205333024263382e-03
4.979905672371387482e-03
4.978606477379798889e-03
4.977308213710784912e-03
4.976010415703058243e-03
4.974713083356618881e-03
4.973416682332754135e-03
4.972120281308889389e-03
4.970824811607599258e-03
4.969529807567596436e-03
4.968235734850168228e-03
4.966941662132740021e-03
4.965648520737886429e-03
4.964356310665607452e-03
4.963064100593328476e-03
4.961772821843624115e-03
4.960482008755207062e-03
4.959191661328077316e-03
4.957902245223522186e-03
4.956612829118967056e-03
4.955324344336986542e-03
4.954036325216293335e-03
4.952749237418174744e-03
4.951462615281343460e-03
4.950176458805799484e-03
4.948890767991542816e-03
4.947605542838573456e-03
4.946321249008178711e-03
4.945037420839071274e-03
4.943754058331251144e-03
4.942471161484718323e-03
4.941189195960760117e-03
4.939907696098089218e-03
4.938626661896705627e-03
4.937346093356609344e-03
4.936066456139087677e-03
4.934787284582853317e-03
4.933508578687906265e-03
4.932230338454246521e-03
4.930952563881874084e-03
4.929675720632076263e-03
4.928399343043565750e-03
4.927123431116342545e-03
4.925848450511693954e-03
4.924573469907045364e-03
4.923299420624971390e-03
4.922026302665472031e-03
4.920753184705972672e-03
4.919480532407760620e-03
4.918208811432123184e-03
4.916937556117773056e-03
4.915667232125997543e-03
4.914396908134222031e-03
4.913127515465021133e-03
4.911858122795820236e-03
4.910590127110481262e-03
4.909322131425142288e-03
4.908054601401090622e-03
4.906788002699613571e-03
4.905521869659423828e-03
4.904256202280521393e-03
4.902991466224193573e-03
4.901727195829153061e-03
4.900463391095399857e-03
4.899200052022933960e-03
4.897937178611755371e-03
4.896674770861864090e-03
4.895413294434547424e-03
4.894152283668518066e-03
4.892891738563776016e-03
4.891632124781608582e-03
4.890372510999441147e-03
4.889113828539848328e-03
4.887855611741542816e-03
4.886597860604524612e-03
4.885340575128793716e-03
4.884084220975637436e-03
4.882828332483768463e-03
4.881572909653186798e-03
4.880317952483892441e-03
4.879063460975885391e-03
4.877809900790452957e-03
4.876556806266307831e-03
4.875304177403450012e-03
4.874052014201879501e-03
4.872800782322883606e-03
4.871549550443887711e-03
4.870299249887466431e-03
4.869049414992332458e-03
4.867800045758485794e-03
4.866551142185926437e-03
4.865303169935941696e-03
4.864055663347244263e-03
4.862808622419834137e-03
4.861562047153711319e-03
4.860316403210163116e-03
4.859071224927902222e-03
4.857826046645641327e-03
4.856581799685955048e-03
4.855338018387556076e-03
4.854094702750444412e-03
4.852852318435907364e-03
4.851610399782657623e-03
4.850368481129407883e-03
4.849127959460020065e-03
4.847887437790632248e-03
4.846647381782531738e-03
4.845408257097005844e-03
4.844169598072767258e-03
4.842931404709815979e-03
4.841693677008152008e-03
4.840456414967775345e-03
4.839220084249973297e-03
4.837983753532171249e-03
4.836748354136943817e-03
4.835513420403003693e-03
4.834279417991638184e-03
4.833045415580272675e-03
4.831812344491481781e-03
4.830579739063978195e-03
4.829347133636474609e-03
4.828115459531545639e-03
4.826884716749191284e-03
4.825653973966836929e-03
4.824424162507057190e-03
4.823194816708564758e-03
4.821965936571359634e-03
4.820737522095441818e-03
4.819509573280811310e-03
4.818282555788755417e-03
4.817055538296699524e-03
4.815829917788505554e-03
4.814603831619024277e-03
4.813378676772117615e-03
4.812154453247785568e-03
4.810930229723453522e-03
4.809706937521696091e-03
4.808483645319938660e-03
4.807261284440755844e-03
4.806039854884147644e-03
4.804818425327539444e-03
4.803597461432218552e-03
4.802377428859472275e-03
4.801157861948013306e-03
4.799938760697841644e-03
4.798720125108957291e-03
4.797501955181360245e-03
4.796284716576337814e-03
4.795067477971315384e-03
4.793851170688867569e-03
4.792635329067707062e-03
4.791419953107833862e-03
4.790205042809247971e-03
4.788990598171949387e-03
4.787777084857225418e-03
4.786563571542501450e-03
4.785350989550352097e-03
4.784138873219490051e-03
4.782927222549915314e-03
4.781716037541627884e-03
4.780505783855915070e-03
4.779295530170202255e-03
4.778086207807064056e-03
4.776877351105213165e-03
4.775668960064649582e-03
4.774461034685373306e-03
4.773253574967384338e-03
4.772046580910682678e-03
4.770840518176555634e-03
4.769634921103715897e-03
4.768429789692163467e-03
4.767225123941898346e-03
4.766020923852920532e-03
4.764817189425230026e-03
4.763614386320114136e-03
4.762411583214998245e-03
4.761209245771169662e-03
4.760007839649915695e-03
4.758806899189949036e-03
4.757606424391269684e-03
4.756406880915164948e-03
4.755207337439060211e-03
4.754008259624242783e-03
4.752810113131999969e-03
4.751611966639757156e-03
4.750414751470088959e-03
4.749218001961708069e-03
4.748021718114614487e-03
4.746826365590095520e-03
4.745631013065576553e-03
4.744436591863632202e-03
4.743242170661687851e-03
4.742048680782318115e-03
4.740855656564235687e-03
4.739663098007440567e-03
4.738471005111932755e-03
4.737279377877712250e-03
4.736088681966066360e-03
4.734897986054420471e-03
4.733707755804061890e-03
4.732518456876277924e-03
4.731329623609781265e-03
4.730141256004571915e-03
4.728953354060649872e-03
4.727765917778015137e-03
4.726579412817955017e-03
4.725392907857894897e-03
4.724207334220409393e-03
4.723021760582923889e-03
4.721837118268013000e-03
4.720652941614389420e-03
4.719469230622053146e-03
4.718286450952291489e-03
4.717103671282529831e-03
4.715921357274055481e-03
4.714739508926868439e-03
4.713558591902256012e-03
4.712377674877643585e-03
