5.884989164769649506e-03
5.883255507797002792e-03
5.881522782146930695e-03
5.879790987819433212e-03
5.878059659153223038e-03
5.876329261809587479e-03
5.874599795788526535e-03
5.872870795428752899e-03
5.871142726391553879e-03
5.869415588676929474e-03
5.867689382284879684e-03
5.865963641554117203e-03
5.864238832145929337e-03
5.862514954060316086e-03
5.860791541635990143e-03
5.859069060534238815e-03
5.857347510755062103e-03
5.855626426637172699e-03
5.853906273841857910e-03
5.852187052369117737e-03
5.850468296557664871e-03
5.848750472068786621e-03
5.847033578902482986e-03
5.845317151397466660e-03
5.843601655215024948e-03
5.841887090355157852e-03
5.840172991156578064e-03
5.838459823280572891e-03
5.836747586727142334e-03
5.835036281496286392e-03
5.833325441926717758e-03
5.831615533679723740e-03
5.829906091094017029e-03
5.828198045492172241e-03
5.826489999890327454e-03
5.824783351272344589e-03
5.823077168315649033e-03
5.821371916681528091e-03
5.819667596369981766e-03
5.817963276058435440e-03
5.816260352730751038e-03
5.814558360725641251e-03
5.812856834381818771e-03
5.811156239360570908e-03
5.809456110000610352e-03
5.807756911963224411e-03
5.806058645248413086e-03
5.804361309856176376e-03
5.802664440125226974e-03
5.800968501716852188e-03
5.799273028969764709e-03
5.797578487545251846e-03
5.795884877443313599e-03
5.794191733002662659e-03
5.792499519884586334e-03
5.790808238089084625e-03
5.789117887616157532e-03
5.787427537143230438e-03
5.785738583654165268e-03
5.784050561487674713e-03
5.782362539321184158e-03
5.780675914138555527e-03
5.778989754617214203e-03
5.777304992079734802e-03
5.775620229542255402e-03
5.773936863988637924e-03
5.772253498435020447e-03
5.770571529865264893e-03
5.768890026956796646e-03
5.767209455370903015e-03
5.765529815107584000e-03
5.763850640505552292e-03
5.762171931564807892e-03
5.760494619607925415e-03
5.758817773312330246e-03
5.757141858339309692e-03
5.755466409027576447e-03
5.753791891038417816e-03
5.752118304371833801e-03
5.750445183366537094e-03
5.748772993683815002e-03
5.747101269662380219e-03
5.745430942624807358e-03
5.743761081248521805e-03
5.742091685533523560e-03
5.740423221141099930e-03
5.738755688071250916e-03
5.737089086323976517e-03
5.735422484576702118e-03
5.733757279813289642e-03
5.732092540711164474e-03
5.730429198592901230e-03
5.728765856474637985e-03
5.727103445678949356e-03
5.725441966205835342e-03
5.723781418055295944e-03
5.722120869904756546e-03
5.720461718738079071e-03
5.718803498893976212e-03
5.717145279049873352e-03
5.715488456189632416e-03
5.713832098990678787e-03
5.712176673114299774e-03
5.710522178560495377e-03
5.708868149667978287e-03
5.707214586436748505e-03
5.705562420189380646e-03
5.703910719603300095e-03
5.702259950339794159e-03
5.700609646737575531e-03
5.698959808796644211e-03
5.697311367839574814e-03
5.695663392543792725e-03
5.694015882909297943e-03
5.692369770258665085e-03
5.690724123269319534e-03
5.689078941941261292e-03
5.687434691935777664e-03
5.685791373252868652e-03
5.684148985892534256e-03
5.682506598532199860e-03
5.680865608155727386e-03
5.679225083440542221e-03
5.677585490047931671e-03
5.675946362316608429e-03
5.674308165907859802e-03
5.672670900821685791e-03
5.671034567058086395e-03
5.669398698955774307e-03
5.667763296514749527e-03
5.666128825396299362e-03
5.664495285600423813e-03
5.662862211465835571e-03
5.661230068653821945e-03
5.659598391503095627e-03
5.657968111336231232e-03
5.656338296830654144e-03
5.654708947986364365e-03
5.653080530464649200e-03
5.651452578604221344e-03
5.649825558066368103e-03
5.648199468851089478e-03
5.646573845297098160e-03
5.644949153065681458e-03
5.643325392156839371e-03
5.641702096909284592e-03
5.640079732984304428e-03
5.638457834720611572e-03
5.636836867779493332e-03
5.635216366499662399e-03
5.633597262203693390e-03
5.631978157907724380e-03
5.630360450595617294e-03
5.628743208944797516e-03
5.627126432955265045e-03
5.625510588288307190e-03
5.623895209282636642e-03
5.622281227260828018e-03
5.620667710900306702e-03
5.619054660201072693e-03
5.617442540824413300e-03
5.615830887109041214e-03
5.614220630377531052e-03
5.612610839307308197e-03
5.611001513898372650e-03
5.609393119812011719e-03
5.607785191386938095e-03
5.606178194284439087e-03
5.604572128504514694e-03
5.602966528385877609e-03
5.601361859589815140e-03
5.599757656455039978e-03
5.598154850304126740e-03
5.596552044153213501e-03
5.594950169324874878e-03
5.593349225819110870e-03
5.591748747974634171e-03
5.590149201452732086e-03
5.588550120592117310e-03
5.586952436715364456e-03
5.585354752838611603e-03
5.583758000284433365e-03
5.582162179052829742e-03
5.580567289143800735e-03
5.578972399234771729e-03
5.577378906309604645e-03
5.575785879045724869e-03
5.574193317443132401e-03
5.572602152824401855e-03
5.571010988205671310e-03
5.569420754909515381e-03
5.567831918597221375e-03
5.566243082284927368e-03
5.564655177295207977e-03
5.563068203628063202e-03
5.561481229960918427e-03
5.559895653277635574e-03
5.558311007916927338e-03
5.556726362556219101e-03
5.555143114179372787e-03
5.553560331463813782e-03
5.551978014409542084e-03
5.550396628677845001e-03
5.548816174268722534e-03
5.547236185520887375e-03
5.545656662434339523e-03
5.544078536331653595e-03
5.542500875890254974e-03
5.540923681110143661e-03
5.539347417652606964e-03
5.537771619856357574e-03
5.536196753382682800e-03
5.534622818231582642e-03
5.533049348741769791e-03
5.531476810574531555e-03
5.529904738068580627e-03
5.528333596885204315e-03
5.526762921363115311e-03
5.525193177163600922e-03
5.523623898625373840e-03
5.522055551409721375e-03
5.520488135516643524e-03
5.518921185284852982e-03
5.517354700714349747e-03
5.515789613127708435e-03
5.514224525541067123e-03
5.512660834938287735e-03
5.511097609996795654e-03
5.509534850716590881e-03
5.507973022758960724e-03
5.506411660462617874e-03
5.504851229488849640e-03
5.503291729837656021e-03
5.501732230186462402e-03
5.500174127519130707e-03
5.498616490513086319e-03
5.497059784829616547e-03
5.495503544807434082e-03
5.493948236107826233e-03
5.492393393069505692e-03
5.490839015692472458e-03
5.489286035299301147e-03
5.487733520567417145e-03
5.486181471496820450e-03
5.484630353748798370e-03
5.483079701662063599e-03
5.481529980897903442e-03
5.479980725795030594e-03
5.478432402014732361e-03
5.476885009557008743e-03
5.475338082760572433e-03
5.473792087286710739e-03
5.472246557474136353e-03
5.470701493322849274e-03
5.469157360494136810e-03
5.467614158987998962e-03
5.466071423143148422e-03
5.464529618620872498e-03
5.462988279759883881e-03
5.461447872221469879e-03
5.459907930344343185e-03
5.458368919789791107e-03
5.456830374896526337e-03
5.455292761325836182e-03
5.453755613416433334e-03
5.452219396829605103e-03
5.450683645904064178e-03
5.449148826301097870e-03
5.447614472359418869e-03
5.446081049740314484e-03
5.444548558443784714e-03
5.443016532808542252e-03
5.441484972834587097e-03
5.439953878521919250e-03
5.438424181193113327e-03
5.436894949525594711e-03
5.435366649180650711e-03
5.433838814496994019e-03
5.432310979813337326e-03
5.430784542113542557e-03
5.429259035736322403e-03
5.427733995020389557e-03
5.426209885627031326e-03
5.424685776233673096e-03
5.423163063824176788e-03
5.421640817075967789e-03
5.420119035989046097e-03
5.418598186224699020e-03
5.417078267782926559e-03
5.415558815002441406e-03
5.414039827883243561e-03
5.412521772086620331e-03
5.411004181951284409e-03
5.409487523138523102e-03
5.407971329987049103e-03
5.406456068158149719e-03
5.404941737651824951e-03
5.403427872806787491e-03
5.401914473623037338e-03
5.400402005761861801e-03
5.398890003561973572e-03
5.397378932684659958e-03
5.395868327468633652e-03
5.394358653575181961e-03
5.392849911004304886e-03
5.391341168433427811e-03
5.389833357185125351e-03
5.388326477259397507e-03
5.386820062994956970e-03
5.385314580053091049e-03
5.383809562772512436e-03
5.382305476814508438e-03
5.380801856517791748e-03
5.379299167543649673e-03
5.377796944230794907e-03
5.376295186579227448e-03
5.374794360250234604e-03
5.373294465243816376e-03
5.371795035898685455e-03
5.370296537876129150e-03
5.368798505514860153e-03
5.367300938814878464e-03
5.365804303437471390e-03
5.364308133721351624e-03
5.362812895327806473e-03
5.361318122595548630e-03
5.359824281185865402e-03
5.358330905437469482e-03
5.356838461011648178e-03
5.355346482247114182e-03
5.353855434805154800e-03
5.352364853024482727e-03
5.350874736905097961e-03
5.349385552108287811e-03
5.347897298634052277e-03
5.346409510821104050e-03
5.344922188669443130e-03
5.343435797840356827e-03
5.341950338333845139e-03
5.340464878827333450e-03
5.338980350643396378e-03
5.337496753782033920e-03
5.336014088243246078e-03
5.334531422704458237e-03
5.333049688488245010e-03
5.331568885594606400e-03
5.330088548362255096e-03
5.328608676791191101e-03
5.327129736542701721e-03
5.325651727616786957e-03
5.324173718690872192e-03
5.322697106748819351e-03
5.321220960468053818e-03
5.319745279848575592e-03
5.318270530551671982e-03
5.316795781254768372e-03
5.315322428941726685e-03
5.313849542289972305e-03
5.312377586960792542e-03
5.310905631631612778e-03
5.309435073286294937e-03
5.307964514940977097e-03
5.306495353579521179e-03
5.305026192218065262e-03
5.303557962179183960e-03
5.302090663462877274e-03
5.300623830407857895e-03
5.299156997352838516e-03
5.297692026942968369e-03
5.296227056533098221e-03
5.294763017445802689e-03
5.293299444019794464e-03
5.291836336255073547e-03
5.290374625474214554e-03
5.288912914693355560e-03
5.287452135235071182e-03
5.285991821438074112e-03
5.284532438963651657e-03
5.283073522150516510e-03
5.281615536659955978e-03
5.280157551169395447e-03
5.278700962662696838e-03
5.277244839817285538e-03
5.275789182633161545e-03
5.274334456771612167e-03
5.272880196571350098e-03
5.271426867693662643e-03
5.269974004477262497e-03
5.268521606922149658e-03
5.267070140689611435e-03
5.265619140118360519e-03
5.264169070869684219e-03
5.262719467282295227e-03
5.261270329356193542e-03
5.259822588413953781e-03
5.258374847471714020e-03
5.256928037852048874e-03
5.255481693893671036e-03
5.254035815596580505e-03
5.252591334283351898e-03
5.251147318631410599e-03
5.249703302979469299e-03
5.248260684311389923e-03
5.246818065643310547e-03
5.245376378297805786e-03
5.243935622274875641e-03
5.242495331913232803e-03
5.241055507212877274e-03
5.239616613835096359e-03
5.238178186118602753e-03
5.236740689724683762e-03
5.235303658992052078e-03
5.233867093920707703e-03
5.232430994510650635e-03
5.230996292084455490e-03
5.229561589658260345e-03
5.228127818554639816e-03
5.226694978773593903e-03
5.225262138992547989e-03
5.223830696195363998e-03
5.222399253398180008e-03
5.220968741923570633e-03
5.219539161771535873e-03
5.218109581619501114e-03
5.216681398451328278e-03
5.215253215283155441e-03
5.213825963437557220e-03
5.212399177253246307e-03
5.210973322391510010e-03
5.209547933191061020e-03
5.208123475313186646e-03
5.206699483096599579e-03
5.205275956541299820e-03
5.203853361308574677e-03
5.202431231737136841e-03
5.201010033488273621e-03
5.199588835239410400e-03
5.198168568313121796e-03
5.196749232709407806e-03
5.195330362766981125e-03
5.193911958485841751e-03
5.192494485527276993e-03
5.191077478229999542e-03
5.189661402255296707e-03
5.188245791941881180e-03
5.186830647289752960e-03
5.185416433960199356e-03
5.184002686291933060e-03
5.182589404284954071e-03
5.181177053600549698e-03
5.179765168577432632e-03
5.178354214876890182e-03
5.176943726837635040e-03
5.175534170120954514e-03
5.174124613404273987e-03
5.172715988010168076e-03
5.171307828277349472e-03
5.169901065528392792e-03
5.168493837118148804e-03
5.167088005691766739e-03
5.165682639926671982e-03
5.164277739822864532e-03
5.162873771041631699e-03
5.161470267921686172e-03
5.160067230463027954e-03
5.158665124326944351e-03
5.157263483852148056e-03
5.155862774699926376e-03
5.154462065547704697e-03
5.153062753379344940e-03
5.151663441210985184e-03
5.150265060365200043e-03
5.148867610841989517e-03
5.147470161318778992e-03
5.146073643118143082e-03
5.144677590578794479e-03
5.143282935023307800e-03
5.141887813806533813e-03
5.140494089573621750e-03
5.139100831001996994e-03
5.137708038091659546e-03
5.136315710842609406e-03
5.134924314916133881e-03
5.133533384650945663e-03
5.132143385708332062e-03
5.130753852427005768e-03
5.129364784806966782e-03
5.127976648509502411e-03
5.126588977873325348e-03
5.125201772898435593e-03
5.123815499246120453e-03
5.122429225593805313e-03
5.121044348925352097e-03
5.119659472256898880e-03
5.118275526911020279e-03
5.116892512887716293e-03
5.115509498864412308e-03
5.114127416163682938e-03
5.112746264785528183e-03
5.111365579068660736e-03
