1.056072473526000977e+00 1.038615584373474121e+00 2.147639751434326172e+00 -2.270067453384399414e+00 1.941114068031311035e-01 3.581110239028930664e-01 1.892599314451217651e-01 -3.704034328460693359e+00 -9.367691874504089355e-01 -3.537762880325317383e+00 -4.985593318939208984e+00 -5.464618682861328125e+00 3.940427780151367188e+00 2.101629495620727539e+00 -1.037078052759170532e-01
2.535698652267456055e+00 2.284096240997314453e+00 1.726124405860900879e+00 -7.630558609962463379e-01 -5.661950588226318359e+00 -5.629229068756103516e+00 1.616378188133239746e+00 -1.787487149238586426e+00 4.947174191474914551e-01 -4.369625091552734375e+00 5.435841083526611328e-01 -4.358643531799316406e+00 -7.985869050025939941e-01 1.251352310180664062e+00 3.062587022781372070e+00
4.972816705703735352e-01 -4.451673030853271484e-01 -4.370529174804687500e+00 2.021232694387435913e-01 -5.745285987854003906e+00 -5.059819221496582031e-01 6.598506927490234375e+00 -4.807634830474853516e+00 -1.150153398513793945e+00 6.721010208129882812e-01 -5.784133434295654297e+00 -1.521086215972900391e+00 8.713997602462768555e-01 3.089118242263793945e+00 -1.556824088096618652e+00
1.444251894950866699e+00 2.440428495407104492e+00 3.112751543521881104e-01 -4.250382423400878906e+00 -3.481128215789794922e+00 -5.007346153259277344e+00 -8.390869498252868652e-01 4.125687122344970703e+00 -2.222937345504760742e+00 -3.814669370651245117e+00 -3.165408611297607422e+00 -2.814152002334594727e+00 4.330260753631591797e+00 2.493043661117553711e+00 -1.952305197715759277e+00
2.381892204284667969e+00 3.620028018951416016e+00 2.310820102691650391e+00 -4.003905773162841797e+00 -6.982508182525634766e+00 -1.662861466407775879e+00 4.863254070281982422e+00 -6.497794389724731445e-01 -3.462547779083251953e+00 -4.917408943176269531e+00 -2.160954236984252930e+00 3.089989662170410156e+00 1.327765345573425293e+00 -2.511279582977294922e+00 -1.880904316902160645e+00
7.245381474494934082e-01 -1.413062065839767456e-01 -7.097499370574951172e-01 -2.425202608108520508e+00 -9.366635084152221680e-01 7.114158272743225098e-01 1.725892901420593262e+00 -5.463664054870605469e+00 -5.109912872314453125e+00 -6.488599777221679688e+00 3.498259544372558594e+00 -5.340726375579833984e-01 5.118038177490234375e+00 2.619012594223022461e+00 -2.565572977066040039e+00
4.192606925964355469e+00 2.110640525817871094e+00 -2.503761053085327148e+00 -1.177956581115722656e+00 1.756280660629272461e+00 -1.048700436949729919e-01 4.376651287078857422e+00 -3.139917373657226562e+00 -6.853224754333496094e+00 -2.709514617919921875e+00 -5.835168838500976562e+00 -1.635706424713134766e+00 1.835366368293762207e+00 -3.499791920185089111e-01 4.533269107341766357e-01
3.640994071960449219e+00 1.235048413276672363e+00 -1.997045040130615234e+00 -1.068970203399658203e+00 -1.139852643013000488e+00 -6.766120910644531250e+00 -1.059807777404785156e+00 2.377284526824951172e+00 -2.738447427749633789e+00 -7.791119217872619629e-01 4.495782554149627686e-01 8.701185882091522217e-02 1.817316770553588867e+00 1.402877330780029297e+00 -6.137566566467285156e+00
5.174823760986328125e+00 3.152587413787841797e+00 -7.210777401924133301e-01 2.177194505929946899e-01 -2.158115863800048828e+00 -6.632935523986816406e+00 7.558149844408035278e-02 -1.727018833160400391e+00 -2.535101473331451416e-01 -3.142985582351684570e+00 -1.264704585075378418e+00 6.987490653991699219e-01 1.546217918395996094e+00 2.343159198760986328e+00 -5.797402858734130859e+00
3.141763806343078613e-01 -1.890602469444274902e+00 7.447784543037414551e-01 -5.101268291473388672e-01 -4.443430900573730469e+00 3.209170699119567871e-01 3.894997119903564453e+00 -4.994217395782470703e+00 -2.661920785903930664e+00 -4.061269760131835938e+00 9.019642472267150879e-01 -4.693519592285156250e+00 -1.955326879397034645e-03 3.507323026657104492e+00 3.906259313225746155e-02
7.385141849517822266e+00 3.433815717697143555e+00 -3.239639759063720703e+00 -2.957252979278564453e+00 -3.241468191146850586e+00 -7.978657484054565430e-01 1.434697210788726807e-01 -5.212501525878906250e+00 -1.997530221939086914e+00 -6.304042339324951172e+00 4.699167609214782715e-01 6.396618485450744629e-01 -2.263472318649291992e+00 8.194543719291687012e-01 1.434404253959655762e+00
4.758031845092773438e+00 6.084124565124511719e+00 -1.907791852951049805e+00 -3.090080618858337402e-01 -1.006645560264587402e-01 -2.883414983749389648e+00 2.767179727554321289e+00 -5.797444820404052734e+00 -3.722171545028686523e+00 -2.514475584030151367e+00 -3.067430257797241211e+00 1.094076871871948242e+00 3.967123985290527344e+00 -1.928879618644714355e+00 -1.937825202941894531e+00
2.681318998336791992e+00 2.642223358154296875e+00 -1.572013378143310547e+00 -6.423731803894042969e+00 -8.077639341354370117e-01 -3.980576038360595703e+00 2.066976308822631836e+00 2.379081770777702332e-02 -1.502259969711303711e+00 -3.819169759750366211e+00 -6.106979846954345703e-01 8.271385431289672852e-01 3.727082014083862305e+00 3.776976585388183594e+00 -6.034915924072265625e+00
-2.960838973522186279e-01 5.634752273559570312e+00 -3.905398368835449219e+00 -2.083157539367675781e+00 -1.515570044517517090e+00 -3.770908832550048828e+00 -1.098990559577941895e+00 1.771264433860778809e+00 -4.924459934234619141e+00 -3.285342216491699219e+00 -1.714333653450012207e+00 -2.551187038421630859e+00 4.207917690277099609e+00 2.345613241195678711e-01 3.855046033859252930e+00
2.610910177230834961e+00 1.468546271324157715e+00 -4.837679862976074219e+00 2.461041212081909180e+00 -1.906983017921447754e+00 -4.856667995452880859e+00 2.790110111236572266e+00 -2.176156282424926758e+00 8.858591318130493164e-02 -6.588405132293701172e+00 -5.138744831085205078e+00 8.042063117027282715e-01 -1.418671727180480957e+00 3.378988504409790039e+00 2.004340171813964844e+00
-3.353590667247772217e-01 -9.168506264686584473e-01 -2.751420021057128906e+00 -3.737091541290283203e+00 -3.721517324447631836e+00 -2.979832887649536133e+00 5.995685100555419922e+00 1.998888492584228516e+00 -5.260115146636962891e+00 -1.343389630317687988e+00 2.372629940509796143e-02 -4.153693675994873047e+00 1.554745078086853027e+00 5.294591784477233887e-01 1.188911795616149902e+00
1.683710575103759766e+00 9.596183896064758301e-01 -7.167020320892333984e+00 -4.395407676696777344e+00 -1.210153341293334961e+00 -2.694118976593017578e+00 3.455798387527465820e+00 -1.962119579315185547e+00 -3.724086761474609375e+00 -5.247472286224365234e+00 2.881569147109985352e+00 1.183453917503356934e+00 1.646718263626098633e+00 -8.585969805717468262e-01 2.105345726013183594e+00
1.703227162361145020e+00 -4.430921282619237900e-03 -2.034515738487243652e-01 4.737805366516113281e+00 -3.504243850708007812e+00 -5.575194835662841797e+00 2.435969114303588867e-01 -2.539561033248901367e+00 -4.059663772583007812e+00 -4.135761737823486328e+00 1.882840394973754883e+00 -1.328869909048080444e-01 3.382062435150146484e+00 1.486647486686706543e+00 -4.095799446105957031e+00
6.538275718688964844e+00 1.151009559631347656e+00 1.025888323783874512e+00 -4.659008502960205078e+00 -3.901026964187622070e+00 -1.785471796989440918e+00 4.762745857238769531e+00 -3.337376832962036133e+00 -3.914700031280517578e+00 -1.321925163269042969e+00 -1.209219932556152344e+00 -3.957449913024902344e+00 -4.032440781593322754e-01 4.556107521057128906e+00 -3.346026659011840820e+00
2.577914476394653320e+00 2.381067037582397461e+00 -2.395202159881591797e+00 4.761206209659576416e-01 1.050306037068367004e-01 -3.495792865753173828e+00 4.740178585052490234e+00 -6.799553871154785156e+00 -7.205172777175903320e-01 -3.877120256423950195e+00 -5.216382026672363281e+00 -2.306677401065826416e-02 1.954332113265991211e+00 -8.561408519744873047e-01 2.893665790557861328e+00
1.484074234962463379e+00 -8.134858012199401855e-01 -2.051499128341674805e+00 1.049110531806945801e+00 -6.349336624145507812e+00 -2.667286872863769531e+00 4.030935168266296387e-01 3.135607481002807617e+00 5.643740177154541016e+00 6.698942184448242188e-01 -5.377923011779785156e+00 1.974815487861633301e+00 -9.078788161277770996e-01 -6.992928028106689453e+00 4.414628744125366211e-01
-4.394490242004394531e+00 -6.555263519287109375e+00 1.085202574729919434e+00 4.958995342254638672e+00 -3.219690322875976562e+00 3.437058031558990479e-01 3.548925638198852539e+00 1.342241287231445312e+00 1.058147788047790527e+00 -6.173947453498840332e-01 -1.753918170928955078e+00 -4.767994403839111328e+00 2.053012698888778687e-01 -2.769950866699218750e+00 -4.482254851609468460e-03
-1.964288949966430664e+00 -4.804398059844970703e+00 -1.419393658638000488e+00 9.406145215034484863e-01 1.267124295234680176e+00 -2.742659568786621094e+00 6.601299762725830078e+00 4.852025508880615234e+00 1.612037181854248047e+00 5.763514637947082520e-01 -2.844893932342529297e+00 -4.458552837371826172e+00 -9.545501470565795898e-01 -5.310380935668945312e+00 1.766784042119979858e-01
-8.013910293579101562e+00 -1.699861764907836914e+00 -3.492907285690307617e+00 -1.834205687046051025e-01 -4.178050994873046875e+00 6.124279499053955078e-01 2.583185195922851562e+00 2.601226806640625000e+00 5.982978820800781250e+00 -3.111987113952636719e+00 -7.708373665809631348e-01 1.321863174438476562e+00 9.631453156471252441e-01 -3.499285459518432617e+00 2.332282662391662598e-01
-3.220705509185791016e+00 -1.373268842697143555e+00 4.641939163208007812e+00 -2.302638053894042969e+00 1.686636805534362793e+00 6.830775141716003418e-01 8.205707669258117676e-01 3.748293876647949219e+00 4.065599441528320312e+00 -4.724100589752197266e+00 -3.103611946105957031e+00 -4.086850166320800781e+00 1.639361262321472168e+00 -4.485383033752441406e+00 -3.391653060913085938e+00
-1.629350185394287109e+00 -6.241377830505371094e+00 -9.152153134346008301e-01 7.145676612854003906e+00 -2.792894542217254639e-01 -2.571735143661499023e+00 8.955001831054687500e-01 2.124659061431884766e+00 1.249387383460998535e+00 -1.666131734848022461e+00 -2.265691995620727539e+00 -1.236756443977355957e+00 3.287952184677124023e+00 -5.164675712585449219e+00 6.669671088457107544e-02
3.011312894523143768e-02 -6.000390529632568359e+00 -3.821078777313232422e+00 2.189164638519287109e+00 -7.255429029464721680e-01 -3.720795502886176109e-04 -3.029004037380218506e-01 1.306196451187133789e+00 4.970229625701904297e+00 -6.997151374816894531e-01 -5.058976173400878906e+00 -4.849592685699462891e+00 -2.055673897266387939e-01 -4.329058647155761719e+00 3.021731853485107422e+00
-1.805032968521118164e+00 -2.836312532424926758e+00 2.952891290187835693e-01 1.139585375785827637e+00 -5.568118095397949219e-01 2.332670450210571289e+00 1.565392494201660156e+00 7.697308659553527832e-01 1.764832735061645508e+00 2.083791255950927734e+00 -6.460380554199218750e+00 -8.041017055511474609e-01 5.274132728576660156e+00 -6.667307853698730469e+00 -5.132810592651367188e+00
1.780263185501098633e+00 -1.147260982543230057e-02 -1.053911522030830383e-01 2.730206966400146484e+00 -5.289324760437011719e+00 -3.432091176509857178e-01 3.542575240135192871e-01 2.979615211486816406e+00 5.207908749580383301e-01 -5.069699764251708984e+00 -1.021792054176330566e+00 1.775834321975708008e+00 2.225969076156616211e+00 -8.922956466674804688e+00 1.563541531562805176e+00
-1.843557059764862061e-01 1.142601490020751953e+00 1.848234534263610840e+00 1.174669742584228516e+00 2.883622884750366211e+00 -2.819912135601043701e-01 1.658805370330810547e+00 3.512234449386596680e+00 -1.207431554794311523e+00 -4.373051643371582031e+00 -5.737658500671386719e+00 -1.179413795471191406e+00 -1.118614077568054199e+00 -9.026470184326171875e+00 2.691608667373657227e-01
-3.187596321105957031e+00 -2.081238508224487305e+00 1.489737272262573242e+00 1.595876812934875488e+00 -2.076955318450927734e+00 -1.782346367835998535e+00 3.243887186050415039e+00 3.937889575958251953e+00 2.186872482299804688e+00 -4.797718048095703125e+00 2.398384332656860352e+00 -2.653044223785400391e+00 -3.734900236129760742e+00 -3.653199672698974609e+00 -4.049865722656250000e+00
-4.562571525573730469e+00 -2.152698040008544922e+00 1.739550590515136719e+00 1.939872145652770996e+00 -5.581908702850341797e+00 2.056872844696044922e+00 -4.395951747894287109e+00 3.416906833648681641e+00 4.664495289325714111e-01 -9.362412691116333008e-01 1.521797537803649902e+00 1.038258314132690430e+00 1.448915839195251465e+00 -6.756963253021240234e+00 -1.094426512718200684e+00
-4.412425518035888672e+00 3.373931348323822021e-01 -3.926895380020141602e+00 -8.649598956108093262e-01 2.585404813289642334e-01 -5.510730743408203125e+00 1.077271223068237305e+00 4.767760753631591797e+00 5.490077972412109375e+00 -1.056741833686828613e+00 -2.833188056945800781e+00 -1.264255762100219727e+00 3.170499801635742188e+00 -4.676305294036865234e+00 -3.459882020950317383e+00
-5.160378292202949524e-02 -4.469881057739257812e+00 -1.387611269950866699e+00 1.237161874771118164e+00 3.228434562683105469e+00 2.445554256439208984e+00 1.332786440849304199e+00 4.092248439788818359e+00 9.330338239669799805e-01 -1.622919678688049316e+00 -1.678399205207824707e+00 1.110985875129699707e+00 -4.303446769714355469e+00 -7.614418983459472656e+00 -4.259803295135498047e+00
-1.262648701667785645e+00 -1.233820080757141113e+00 -3.934599876403808594e+00 5.018199443817138672e+00 4.370204925537109375e+00 -4.845347881317138672e+00 -1.091993808746337891e+00 2.558691978454589844e+00 1.724422693252563477e+00 -2.654758930206298828e+00 -3.033741235733032227e+00 2.347205877304077148e+00 1.150822639465332031e+00 -5.578240394592285156e+00 -1.992640256881713867e+00
-2.104350328445434570e+00 -1.403625965118408203e+00 7.648683786392211914e-01 7.130133152008056641e+00 -3.789504766464233398e-01 1.687423586845397949e+00 1.670885324478149414e+00 2.133708238601684570e+00 4.401963353157043457e-01 -4.832493782043457031e+00 -1.136077880859375000e+00 9.050077795982360840e-01 -2.231475353240966797e+00 -8.179284095764160156e+00 -1.879092097282409668e+00
-1.486271172761917114e-01 -3.989780426025390625e+00 -6.010944366455078125e+00 -1.748087108135223389e-01 -1.296965122222900391e+00 1.830410480499267578e+00 5.945377826690673828e+00 2.883147001266479492e+00 3.625489234924316406e+00 -2.801209688186645508e+00 -8.832090497016906738e-01 1.544641017913818359e+00 -2.051226377487182617e+00 -4.056619167327880859e+00 -3.472475528717041016e+00
6.114536523818969727e-01 -5.622330188751220703e+00 3.525225520133972168e-01 1.460308074951171875e+00 -5.723169445991516113e-01 -2.320158004760742188e+00 -3.308948993682861328e+00 3.449496269226074219e+00 5.531782627105712891e+00 -1.367536425590515137e+00 -1.304985880851745605e+00 2.382406711578369141e+00 1.990378260612487793e+00 -4.192880630493164062e+00 -6.844650268554687500e+00
1.141532301902770996e+00 -3.981290578842163086e+00 -1.297768235206604004e+00 -7.311931252479553223e-01 -2.145575046539306641e+00 -4.724312305450439453e+00 8.906387537717819214e-02 3.931541204452514648e+00 2.469688177108764648e+00 -5.418475151062011719e+00 2.450949668884277344e+00 -3.201958164572715759e-02 2.500377893447875977e+00 -5.741379261016845703e+00 1.021876215934753418e+00
-3.549973011016845703e+00 -1.231640100479125977e+00 2.185722112655639648e+00 7.972483038902282715e-01 2.731053113937377930e+00 -6.323508620262145996e-01 -1.930696964263916016e+00 1.311138391494750977e+00 5.743443965911865234e+00 -4.904976844787597656e+00 -4.509490013122558594e+00 -4.954108238220214844e+00 9.858081340789794922e-01 -3.855704545974731445e+00 1.999004244804382324e+00
6.812281608581542969e-01 -3.732864856719970703e-01 -3.456298261880874634e-02 -1.558334231376647949e+00 -1.540543913841247559e+00 2.865405321121215820e+00 -3.633945465087890625e+00 1.489688992500305176e+00 -1.458731532096862793e+00 -6.995591640472412109e+00 2.821219205856323242e+00 -1.427507400512695312e+00 -3.646133422851562500e+00 1.758854150772094727e+00 -6.657679677009582520e-01
7.617505192756652832e-01 -1.787955760955810547e+00 -4.093120574951171875e+00 -7.592154026031494141e+00 1.453198552131652832e+00 3.755209207534790039e+00 -3.405244588851928711e+00 2.568794250488281250e+00 -2.870764970779418945e+00 9.027171880006790161e-02 -1.923756241798400879e+00 3.204753994941711426e-01 -1.117542743682861328e+00 1.939483046531677246e+00 -2.719691991806030273e+00
3.052027225494384766e+00 -5.203693509101867676e-01 -4.234459400177001953e+00 -4.580564200878143311e-01 -4.623609066009521484e+00 2.403095006942749023e+00 -6.005305767059326172e+00 2.647494316101074219e+00 -4.103573799133300781e+00 4.930657863616943359e+00 -1.804846048355102539e+00 -2.886632919311523438e+00 -3.838817119598388672e+00 6.832734346389770508e-01 3.378019094467163086e+00
-4.318085670471191406e+00 1.263915419578552246e+00 -1.610597968101501465e+00 3.399693012237548828e+00 9.829899668693542480e-01 3.030229330062866211e+00 -4.161769390106201172e+00 4.089086055755615234e+00 -4.838686943054199219e+00 4.685932099819183350e-01 -4.530714035034179688e+00 -3.166332960128784180e+00 2.046365141868591309e-01 2.473940610885620117e+00 -6.559660434722900391e+00
2.673557996749877930e+00 1.641294360160827637e+00 -4.512873888015747070e-01 1.452489852905273438e+00 -4.504786014556884766e+00 4.053925514221191406e+00 -2.466470241546630859e+00 2.092891454696655273e+00 -2.925363779067993164e+00 -8.719209581613540649e-02 -1.824325561523437500e+00 -9.304475188255310059e-01 -9.764593124389648438e+00 1.508391976356506348e+00 -7.305487990379333496e-01
3.994988203048706055e+00 -3.708105325698852539e+00 -4.920300245285034180e-01 -2.760542154312133789e+00 1.774234175682067871e-01 1.737157940864562988e+00 -5.300498485565185547e+00 2.593630790710449219e+00 -3.047913312911987305e+00 -1.145478367805480957e+00 8.357450366020202637e-01 -5.822234153747558594e+00 9.880885481834411621e-01 -4.458547383546829224e-02 -5.784099698066711426e-01
-4.473429203033447266e+00 9.480447769165039062e-01 -2.052720546722412109e+00 1.708477139472961426e+00 2.887007713317871094e+00 2.374511480331420898e+00 -4.651317596435546875e+00 2.375292778015136719e+00 -5.377549171447753906e+00 -2.039356946945190430e+00 -2.663614749908447266e+00 -7.102004528045654297e+00 -1.637479782104492188e+00 3.109757661819458008e+00 2.156232595443725586e+00
-3.503243684768676758e+00 -4.093003273010253906e+00 -6.211323738098144531e+00 7.139616608619689941e-01 -4.984048381447792053e-02 4.637663841247558594e+00 -3.030910968780517578e+00 2.326587438583374023e+00 -5.790062904357910156e+00 1.025360003113746643e-01 2.935860633850097656e+00 -8.314809203147888184e-01 -3.212653398513793945e+00 2.649042367935180664e+00 1.779548406600952148e+00
3.510777235031127930e+00 -2.476747751235961914e+00 -2.327111005783081055e+00 -2.979027509689331055e+00 -7.890668511390686035e-01 5.682653903961181641e+00 -4.639862060546875000e+00 1.711473584175109863e+00 2.120123863220214844e+00 -4.054477691650390625e+00 -3.392360210418701172e+00 -1.391124129295349121e+00 -2.335834264755249023e+00 3.442314863204956055e+00 -5.128198146820068359e+00
-9.997078180313110352e-01 1.215404033660888672e+00 -5.288016796112060547e+00 -4.640949070453643799e-01 4.456884384155273438e+00 2.420893669128417969e+00 -3.226145744323730469e+00 8.412554264068603516e-01 -2.759626388549804688e+00 -1.224549889564514160e+00 -5.660386085510253906e+00 1.114356741309165955e-01 -2.158953189849853516e+00 6.807751059532165527e-01 3.912604451179504395e-01
-5.912576198577880859e+00 -4.528282880783081055e-01 -2.213556528091430664e+00 1.356854557991027832e+00 -5.575752258300781250e+00 3.745598316192626953e+00 -4.159245014190673828e+00 1.798413753509521484e+00 -4.340233802795410156e+00 -5.627980828285217285e-01 2.600839853286743164e+00 -9.008346796035766602e-01 1.819950699806213379e+00 2.808733701705932617e+00 -3.055202484130859375e+00
-4.912566840648651123e-01 -3.980872869491577148e+00 -5.265670776367187500e+00 1.181171417236328125e+00 3.579929828643798828e+00 3.619834423065185547e+00 -3.367227554321289062e+00 1.553282856941223145e+00 -2.978355884552001953e+00 -4.863457202911376953e+00 4.511751174926757812e+00 -2.073292493820190430e+00 -3.975210428237915039e+00 3.249067783355712891e+00 -1.757835149765014648e+00
2.504128694534301758e+00 -2.836942911148071289e+00 -6.131744384765625000e+00 1.351131916046142578e+00 -2.480468750000000000e+00 4.231930732727050781e+00 -5.983323574066162109e+00 -2.183689624071121216e-01 1.640674114227294922e+00 6.545413136482238770e-01 -4.667002677917480469e+00 -4.093510627746582031e+00 -1.427476644515991211e+00 2.777277231216430664e+00 1.759457468986511230e+00
3.117208182811737061e-01 -5.628598213195800781e+00 -1.474801182746887207e+00 1.418952196836471558e-01 -2.747872114181518555e+00 2.641483545303344727e+00 -2.230109214782714844e+00 2.138758182525634766e+00 -6.789359569549560547e+00 4.899576187133789062e+00 4.765850305557250977e-01 -3.170075178146362305e+00 -3.950127840042114258e+00 2.362282037734985352e+00 -5.538449287414550781e-01
-1.830124735832214355e+00 1.400987625122070312e+00 -1.727426052093505859e+00 -1.815761566162109375e+00 -5.163269996643066406e+00 6.290732860565185547e+00 -1.840242385864257812e+00 3.574668407440185547e+00 -4.261718750000000000e+00 -4.340540409088134766e+00 -5.427706241607666016e-01 -6.684625744819641113e-01 -6.555520057678222656e+00 3.764164447784423828e+00 -6.444495916366577148e-01
-1.225956082344055176e+00 2.951134204864501953e+00 -7.160304546356201172e+00 -1.008522868156433105e+00 9.812855124473571777e-01 1.771959066390991211e+00 -4.456170558929443359e+00 2.792930841445922852e+00 -1.198035836219787598e+00 1.549512982368469238e+00 -9.916596412658691406e-01 1.906731009483337402e+00 -4.018266201019287109e+00 2.609086751937866211e+00 -6.220281124114990234e+00
-8.987712860107421875e-01 1.050965428352355957e+00 -6.104144096374511719e+00 5.236263275146484375e+00 -5.476843833923339844e+00 4.249648094177246094e+00 -4.289892673492431641e+00 -1.213034242391586304e-01 -2.896401643753051758e+00 -2.010539293289184570e+00 -1.969407796859741211e+00 -2.216883182525634766e+00 -2.294563531875610352e+00 1.702600479125976562e+00 2.457895755767822266e+00
2.341428756713867188e+00 1.940240025520324707e+00 -4.207867145538330078e+00 3.124184131622314453e+00 1.618492484092712402e+00 4.690288007259368896e-01 -7.567051887512207031e+00 2.458077669143676758e+00 -4.593273639678955078e+00 3.254216909408569336e+00 2.668114304542541504e-01 -9.644536674022674561e-02 -5.365570068359375000e+00 4.395182728767395020e-01 -3.126323461532592773e+00
5.808308124542236328e-01 -1.095616221427917480e+00 -1.193180203437805176e+00 3.562962532043457031e+00 -2.244758605957031250e+00 4.796418190002441406e+00 -3.169710636138916016e+00 2.431525230407714844e+00 5.439675450325012207e-01 -2.390875339508056641e+00 -5.391494750976562500e+00 -3.572093725204467773e+00 -3.061761617660522461e+00 5.296644687652587891e+00 -7.214467048645019531e+00
-4.017555236816406250e+00 -8.875749707221984863e-01 -2.947488069534301758e+00 -2.802861213684082031e+00 -1.667632222175598145e+00 4.227665066719055176e-01 -2.775568485260009766e+00 4.374413013458251953e+00 1.945546746253967285e+00 1.627282738685607910e+00 5.473797917366027832e-01 -5.533804416656494141e+00 -2.316796302795410156e+00 3.866400241851806641e+00 -3.240080118179321289e+00
-7.177931308746337891e+00 -1.974974989891052246e+00 1.144710063934326172e+00 -8.412936329841613770e-01 4.732267379760742188e+00 5.220806598663330078e-01 -2.939349651336669922e+00 -5.627039909362792969e+00 2.142524242401123047e+00 1.927953004837036133e+00 2.761152267456054688e+00 -4.909929275512695312e+00 -1.562085509300231934e+00 -1.888518810272216797e+00 2.410916805267333984e+00
-6.681978702545166016e-01 4.656448215246200562e-02 -6.844718456268310547e-01 1.681723475456237793e+00 5.099073410034179688e+00 4.161798954010009766e+00 -5.145539641380310059e-01 -5.675940036773681641e+00 -5.697923898696899414e-01 3.032559752464294434e-01 -5.889009833335876465e-01 -4.781261920928955078e+00 -2.618242502212524414e+00 -2.544194698333740234e+00 -2.718888044357299805e+00
-2.046276807785034180e+00 -4.126670360565185547e+00 1.887351393699645996e+00 7.413591146469116211e-01 -5.038618564605712891e+00 -1.545236706733703613e+00 -3.921591520309448242e+00 -5.846139907836914062e+00 1.490971207618713379e+00 4.887274265289306641e+00 4.776539802551269531e+00 -2.819340467453002930e+00 8.338726758956909180e-01 -3.070698261260986328e+00 1.324724555015563965e-01
-7.212755680084228516e-01 5.342651367187500000e+00 1.294819831848144531e+00 1.575963199138641357e-01 1.202351808547973633e+00 1.618450760841369629e+00 1.057264328002929688e+00 -3.555697202682495117e+00 -2.429092407226562500e+00 8.790320158004760742e-01 2.431584358215332031e+00 -6.542174816131591797e+00 -2.886385321617126465e-01 -5.070798397064208984e+00 -4.754288196563720703e+00
-1.346056818962097168e+00 4.008152782917022705e-01 1.006938099861145020e+00 -2.702580690383911133e+00 5.704555988311767578e+00 -6.771541237831115723e-01 1.478901743888854980e+00 -4.661015987396240234e+00 -1.765686988830566406e+00 2.477691411972045898e+00 3.172913789749145508e+00 -5.089885234832763672e+00 2.144798040390014648e+00 -5.552004337310791016e+00 -3.208332777023315430e+00
9.583594202995300293e-01 -6.877307295799255371e-01 -3.314267873764038086e+00 4.018396377563476562e+00 3.109933137893676758e+00 -3.504794597625732422e+00 -3.002007961273193359e+00 -6.831805706024169922e+00 1.342594981193542480e+00 3.871338367462158203e+00 3.055272340774536133e+00 -1.439875006675720215e+00 -4.114454269409179688e+00 -2.614031791687011719e+00 -2.111135244369506836e+00
3.183418139815330505e-02 -1.292478919029235840e+00 2.704124152660369873e-01 -2.726768970489501953e+00 -3.881168842315673828e+00 -2.682361006736755371e-01 3.359764337539672852e+00 -6.186967849731445312e+00 -1.672764301300048828e+00 4.227780342102050781e+00 4.610144615173339844e+00 -1.202502727508544922e+00 2.298222303390502930e+00 -6.105712890625000000e+00 -1.351915359497070312e+00
-1.968062877655029297e+00 -1.663693428039550781e+00 3.084323883056640625e+00 1.607621550559997559e+00 -2.616389036178588867e+00 -4.519613742828369141e+00 9.755634665489196777e-01 -4.117486953735351562e+00 -3.891462832689285278e-02 4.140602588653564453e+00 4.177145004272460938e+00 -5.051576137542724609e+00 -4.869379520416259766e+00 -2.742918252944946289e+00 3.505556821823120117e+00
-4.934126436710357666e-01 -3.341661930084228516e+00 5.016638636589050293e-01 4.956417530775070190e-02 1.112415552139282227e+00 -2.611158788204193115e-01 -1.486702442169189453e+00 -7.048557758331298828e+00 1.045070290565490723e+00 7.003577709197998047e+00 1.626425981521606445e+00 -4.589972972869873047e+00 6.549805402755737305e-01 6.312165260314941406e-01 -5.663083076477050781e+00
3.636577427387237549e-01 1.955151200294494629e+00 -3.764949798583984375e+00 -5.442009925842285156e+00 -3.819994032382965088e-01 -4.017209529876708984e+00 -3.033413171768188477e+00 -3.933866024017333984e+00 3.316048860549926758e+00 4.102325439453125000e+00 4.363993167877197266e+00 -3.122163772583007812e+00 2.205250501632690430e+00 -3.880991458892822266e+00 7.631071805953979492e-01
-1.597969055175781250e+00 2.997144937515258789e+00 1.159536957740783691e+00 -5.162008285522460938e+00 2.754568815231323242e+00 -6.290423870086669922e+00 -1.066279292106628418e+00 -1.931529998779296875e+00 4.876939296722412109e+00 -5.126169323921203613e-01 4.476013183593750000e+00 -3.166904449462890625e+00 -2.658163547515869141e+00 -3.468194007873535156e+00 -9.265110492706298828e-01
-1.932210683822631836e+00 4.895195484161376953e+00 3.274473905563354492e+00 -1.127696514129638672e+00 1.875946283340454102e+00 -2.700152873992919922e+00 -1.315028309822082520e+00 -2.686205625534057617e+00 -1.473688006401062012e+00 2.133341431617736816e-01 4.976405143737792969e+00 3.955611288547515869e-01 -4.176738739013671875e+00 -5.892364025115966797e+00 -5.236279964447021484e+00
-6.132060050964355469e+00 7.799501895904541016e+00 -2.680889606475830078e+00 -8.206165581941604614e-02 1.561814248561859131e-01 -1.818261265754699707e+00 -3.401744127273559570e+00 -4.101093292236328125e+00 2.345434017479419708e-02 1.231778860092163086e+00 3.296870231628417969e+00 -3.290955066680908203e+00 -9.711959958076477051e-01 -2.174650192260742188e+00 1.134979486465454102e+00
-3.389739513397216797e+00 5.452494144439697266e+00 -1.699190884828567505e-01 -1.435593008995056152e+00 -4.219224929809570312e+00 1.039009928703308105e+00 -6.349235534667968750e+00 -4.978974819183349609e+00 1.917329788208007812e+00 3.050197839736938477e+00 2.656110525131225586e+00 -1.953070282936096191e+00 -5.197958946228027344e-01 -1.246309518814086914e+00 -2.053519248962402344e+00
3.316239833831787109e+00 -5.813395977020263672e-01 -1.636262059211730957e+00 -4.204841136932373047e+00 -1.161155700683593750e+00 -4.036168575286865234e+00 2.598876953125000000e+00 -2.767213106155395508e+00 2.663307905197143555e+00 3.498881340026855469e+00 3.915349721908569336e+00 -2.085199832916259766e+00 -6.127488613128662109e+00 -4.949306488037109375e+00 -1.588355898857116699e-01
-3.894133090972900391e+00 1.589043855667114258e+00 -6.814180016517639160e-01 -4.055624485015869141e+00 6.388497352600097656e-01 5.568892002105712891e+00 2.859594583511352539e+00 -5.658320426940917969e+00 6.132766604423522949e-01 6.456977128982543945e-02 4.372142791748046875e+00 -3.835306167602539062e+00 -4.809450626373291016e+00 -2.521712064743041992e+00 2.296857535839080811e-01
1.126795485615730286e-01 1.614471226930618286e-01 1.562984228134155273e+00 -3.361652135848999023e+00 6.182028651237487793e-01 3.371981382369995117e-01 -1.184256315231323242e+00 -3.363069772720336914e+00 3.291947364807128906e+00 1.938316702842712402e+00 2.788452863693237305e+00 -3.450609922409057617e+00 -2.748774528503417969e+00 1.321684867143630981e-01 -9.445092201232910156e+00
5.203108787536621094e+00 -8.329980373382568359e-01 1.142966866493225098e+00 -2.306240797042846680e+00 -1.323040366172790527e+00 2.315900325775146484e+00 -1.656922936439514160e+00 -4.924502372741699219e+00 2.716131925582885742e+00 -2.858172915875911713e-02 2.387598991394042969e+00 -5.245730400085449219e+00 -2.407932996749877930e+00 -4.605835914611816406e+00 1.354552507400512695e+00
-6.544026851654052734e+00 -2.223202705383300781e+00 -1.313090324401855469e+00 1.030717015266418457e+00 2.950272262096405029e-01 -1.349466204643249512e+00 -1.407184720039367676e+00 -5.183344364166259766e+00 -6.131768226623535156e-01 2.317500114440917969e+00 4.613869190216064453e+00 1.859560251235961914e+00 -9.992488622665405273e-01 -4.536356925964355469e+00 -1.266985684633255005e-01
-3.832397162914276123e-01 -1.590139985084533691e+00 -6.068162441253662109e+00 -3.749296665191650391e+00 1.820927023887634277e+00 4.107456505298614502e-01 -2.107488632202148438e+00 -6.089318752288818359e+00 4.952152729034423828e+00 8.294708132743835449e-01 2.876129865646362305e+00 -2.033980369567871094e+00 3.481706857681274414e+00 -2.225535392761230469e+00 -8.928101062774658203e-01
-1.605976223945617676e+00 -2.746031880378723145e-01 1.029988154768943787e-01 -8.454509973526000977e-01 3.331737816333770752e-01 -6.670460700988769531e+00 -5.118623256683349609e+00 1.197812199592590332e+00 1.540092825889587402e-01 2.921183586120605469e+00 -3.733141183853149414e+00 6.576204776763916016e+00 -2.617086648941040039e+00 3.229154348373413086e-01 -2.485446453094482422e+00
-7.730363011360168457e-01 -4.555030345916748047e+00 -5.785332247614860535e-02 -2.686141490936279297e+00 6.147674083709716797e+00 -3.234515428543090820e+00 -2.449452400207519531e+00 -1.318320512771606445e+00 -4.887956142425537109e+00 7.216052711009979248e-02 -1.218168020248413086e+00 4.868912696838378906e+00 1.358631014823913574e+00 -2.878454446792602539e+00 6.611384749412536621e-01
-1.879218578338623047e+00 -5.364663124084472656e+00 -3.909522294998168945e-01 -1.090342044830322266e+00 -1.383106470108032227e+00 -1.368272662162780762e+00 -1.637505650520324707e+00 -7.062663078308105469e+00 -2.738329172134399414e+00 2.703754305839538574e-01 1.441996455192565918e+00 6.933693408966064453e+00 -8.812621831893920898e-01 4.484240055084228516e+00 -2.004435360431671143e-01
3.900556862354278564e-01 -5.027512311935424805e-01 -4.107254445552825928e-01 -3.042587757110595703e+00 4.923048496246337891e+00 -3.686134815216064453e+00 -4.938045978546142578e+00 -4.711322784423828125e+00 -3.234649598598480225e-01 -9.449962377548217773e-01 -4.157778739929199219e+00 2.539171218872070312e+00 -3.354271650314331055e+00 5.250288248062133789e-01 2.055868387222290039e+00
-1.036850929260253906e+00 -5.555449962615966797e+00 1.419918179512023926e+00 -2.641885995864868164e+00 -1.905761957168579102e+00 -4.918023586273193359e+00 -4.412767410278320312e+00 -8.970872163772583008e-01 1.290704250335693359e+00 -2.913104057312011719e+00 1.763776779174804688e+00 4.295337677001953125e+00 -3.593161106109619141e-01 3.663217306137084961e+00 2.828750371932983398e+00
-4.911472797393798828e+00 -1.362774848937988281e+00 2.541209220886230469e+00 -2.729370594024658203e+00 -3.368155658245086670e-01 -2.689553022384643555e+00 6.999959945678710938e-01 1.723435401916503906e+00 1.074851036071777344e+00 -2.550456523895263672e+00 -1.737802863121032715e+00 4.360344886779785156e+00 -8.261362075805664062e+00 1.212463498115539551e+00 2.816017627716064453e+00
-6.150715053081512451e-02 -1.901865720748901367e+00 3.511365413665771484e+00 -7.880816936492919922e+00 1.367643475532531738e+00 -3.832422018051147461e+00 -1.297416687011718750e+00 2.755060434341430664e+00 -4.317929744720458984e+00 2.385352134704589844e+00 -1.219216704368591309e+00 3.685558557510375977e+00 -1.806681990623474121e+00 -3.273604154586791992e+00 2.043482542037963867e+00
-5.590439319610595703e+00 -2.778373479843139648e+00 -1.102324485778808594e+00 -1.874415040016174316e+00 -3.611299514770507812e+00 -4.239735007286071777e-01 -3.040561825037002563e-02 -3.997320175170898438e+00 -1.920587658882141113e+00 9.378848671913146973e-01 -1.039598941802978516e+00 7.407150745391845703e+00 -3.391743183135986328e+00 1.540297716856002808e-01 5.744847297668457031e+00
-7.252585887908935547e-01 1.638038873672485352e+00 5.292049884796142578e+00 -1.870281457901000977e+00 1.859463810920715332e+00 -3.676985502243041992e+00 -2.852487564086914062e+00 -3.413455486297607422e+00 -5.314301490783691406e+00 -3.632567405700683594e+00 -2.418278604745864868e-01 4.240189552307128906e+00 -5.560537815093994141e+00 1.367769122123718262e+00 1.126033425331115723e+00
-5.470194816589355469e+00 -2.735209465026855469e-01 1.349889874458312988e+00 -5.516782760620117188e+00 -3.724897861480712891e+00 -1.057252764701843262e+00 2.819388389587402344e+00 -2.299536705017089844e+00 -4.540189802646636963e-01 1.676894068717956543e+00 -4.160021781921386719e+00 1.859125971794128418e+00 -2.911976575851440430e+00 2.889673948287963867e+00 3.791431903839111328e+00
-1.450236201286315918e+00 -9.227052688598632812e+00 1.061340689659118652e+00 -3.306663990020751953e+00 2.183409690856933594e+00 -5.359548091888427734e+00 1.120936989784240723e+00 -2.318024158477783203e+00 -1.861051023006439209e-01 -5.173051953315734863e-01 6.564831137657165527e-01 3.560231447219848633e+00 5.174373984336853027e-01 4.568978309631347656e+00 9.880164265632629395e-01
-2.925952672958374023e+00 -5.189383983612060547e+00 9.832877516746520996e-01 -5.588459968566894531e+00 -2.585866689682006836e+00 -2.672470331192016602e+00 1.309790968894958496e+00 2.297318279743194580e-01 -1.638946890830993652e+00 5.279512882232666016e+00 -2.071019887924194336e+00 6.165033340454101562e+00 -1.021762967109680176e+00 4.542506486177444458e-02 2.021984100341796875e+00
-1.444444298744201660e+00 -5.038962841033935547e+00 7.553753852844238281e+00 -4.454427957534790039e-02 -4.051076889038085938e+00 9.571903347969055176e-01 -3.387790918350219727e+00 -1.177586555480957031e+00 -2.858266830444335938e+00 -6.425201892852783203e-02 -2.960736751556396484e+00 4.646073818206787109e+00 -1.484805464744567871e+00 4.213418662548065186e-01 -1.192314505577087402e+00
9.566161632537841797e-01 -3.334157705307006836e+00 7.414565563201904297e+00 -3.801369428634643555e+00 1.326494932174682617e+00 1.805453538894653320e+00 -3.654493808746337891e+00 -3.543789863586425781e+00 1.052783250808715820e+00 -2.717292547225952148e+00 -3.978504896163940430e+00 2.439485073089599609e+00 -4.125903606414794922e+00 1.177159696817398071e-01 3.143766164779663086e+00
-1.294893741607666016e+00 -3.809082508087158203e+00 7.870368003845214844e+00 1.256909012794494629e+00 -1.663498163223266602e+00 -3.858171939849853516e+00 -1.132802143692970276e-01 -6.339402198791503906e-01 -5.094851016998291016e+00 1.669557929039001465e+00 -5.598387718200683594e+00 1.888282060623168945e+00 -2.362139701843261719e+00 1.476782202720642090e+00 1.501160740852355957e+00
1.744661569595336914e+00 -2.595724582672119141e+00 3.476463556289672852e+00 -2.572817325592041016e+00 -1.369479577988386154e-02 1.387867569923400879e+00 -6.035841941833496094e+00 -5.855393886566162109e+00 -1.211523056030273438e+00 -1.448320865631103516e+00 -2.910333156585693359e+00 3.959661245346069336e+00 2.059301137924194336e+00 2.244011312723159790e-01 -2.434232644736766815e-02
-4.325925350189208984e+00 -5.798339843750000000e+00 2.615495681762695312e+00 -9.722037315368652344e-01 3.762484312057495117e+00 1.407708644866943359e+00 -4.174290895462036133e-01 -2.314709901809692383e+00 -2.620751142501831055e+00 -4.882166385650634766e+00 -8.015828728675842285e-01 6.947440624237060547e+00 -1.865637302398681641e+00 -1.899452686309814453e+00 3.328275203704833984e+00
-5.062788009643554688e+00 -3.205969333648681641e+00 4.780228614807128906e+00 -3.575951755046844482e-01 3.821162223815917969e+00 -3.161946773529052734e+00 1.030334472656250000e+00 6.155226826667785645e-01 -6.489829540252685547e+00 -1.225064992904663086e+00 -3.426815986633300781e+00 3.435806512832641602e+00 -1.333776473999023438e+00 1.076407313346862793e+00 -2.820397615432739258e-01
-4.702147483825683594e+00 1.153021335601806641e+00 1.184890508651733398e+00 -4.116641521453857422e+00 6.125947952270507812e+00 -3.526686668395996094e+00 4.637444019317626953e-01 -1.122868299484252930e+00 -2.109381437301635742e+00 2.018287181854248047e+00 -5.414525985717773438e+00 1.384782314300537109e+00 -1.933373928070068359e+00 -1.847999244928359985e-01 -3.373234570026397705e-01
-7.347554206848144531e+00 -1.959835767745971680e+00 4.199982643127441406e+00 8.937606215476989746e-01 -4.561325907707214355e-01 -3.188509464263916016e+00 -4.409684658050537109e+00 -2.119297266006469727e+00 -1.525901913642883301e+00 5.958937406539916992e-01 -7.328536510467529297e+00 1.482880830764770508e+00 1.927858591079711914e+00 3.142122507095336914e+00 2.779173851013183594e+00
