1.150235295295715332e+00 7.882570624351501465e-01 -2.535079002380371094e+00 3.730854034423828125e+00 2.708459854125976562e+00 -1.342873096466064453e+00 -4.576188087463378906e+00 -1.921411514282226562e+00 -2.504803657531738281e+00 -1.432991921901702881e-01 2.501086950302124023e+00 -4.254384517669677734e+00 -3.649254798889160156e+00 1.321044921875000000e+00
-4.143218994140625000e+00 -4.993449747562408447e-01 -3.135382890701293945e+00 -2.076520204544067383e+00 4.195473194122314453e+00 -1.721514821052551270e+00 2.095474004745483398e+00 -1.068951010704040527e+00 -6.706185936927795410e-01 -1.987608551979064941e+00 3.432608127593994141e+00 -4.186384677886962891e+00 -1.931502342224121094e+00 2.912205219268798828e+00
-5.595044493675231934e-01 -3.645126342773437500e+00 4.562637209892272949e-01 -3.401731550693511963e-01 3.646471023559570312e+00 3.530570507049560547e+00 9.314476847648620605e-01 -2.211615324020385742e+00 -3.156504392623901367e+00 -2.103382587432861328e+00 7.393366098403930664e-01 -1.209179639816284180e+00 -5.471757411956787109e+00 1.385740160942077637e+00
2.575046420097351074e-01 -3.122257709503173828e+00 -3.034346818923950195e+00 -5.658747553825378418e-01 -5.809609889984130859e-01 2.241445064544677734e+00 -3.736900091171264648e+00 1.436691403388977051e+00 1.416454195976257324e+00 -2.375354051589965820e+00 4.748944759368896484e+00 -2.555144786834716797e+00 -2.335881948471069336e+00 3.172173798084259033e-01
-3.428763389587402344e+00 2.251996278762817383e+00 -4.267930388450622559e-01 1.374379634857177734e+00 3.379249334335327148e+00 1.313649266958236694e-01 -5.509194374084472656e+00 -6.979299187660217285e-01 -1.068479537963867188e+00 -7.127109766006469727e-01 2.969066858291625977e+00 -3.822666168212890625e+00 -3.076452970504760742e+00 2.042533010244369507e-01
2.265724420547485352e+00 -1.408358693122863770e+00 -2.788243055343627930e+00 1.542880654335021973e+00 9.006002545356750488e-01 -4.087593033909797668e-02 -2.585447788238525391e+00 1.278781890869140625e+00 -6.186991691589355469e+00 -1.159155249595642090e+00 1.503025770187377930e+00 -1.298473596572875977e+00 -2.812153339385986328e+00 4.381275177001953125e+00
-1.761868953704833984e+00 3.389549851417541504e-01 -3.567434549331665039e+00 -6.119856238365173340e-01 7.493155598640441895e-01 1.715589880943298340e+00 -2.422617822885513306e-01 6.172724366188049316e-01 -3.193642139434814453e+00 2.923960924148559570e+00 9.207704715663567185e-05 -3.236373901367187500e+00 -3.462883710861206055e+00 1.441214084625244141e+00
1.010028719902038574e+00 -4.541460514068603516e+00 -2.822073459625244141e+00 -2.984631538391113281e+00 1.675984144210815430e+00 -2.235197544097900391e+00 5.278925895690917969e-01 9.258683770895004272e-02 -2.433532476425170898e+00 -9.413673281669616699e-01 5.476018905639648438e+00 -7.626989483833312988e-01 -3.689286947250366211e+00 2.057015180587768555e+00
-1.022124767303466797e+00 -3.451200574636459351e-02 -6.334729194641113281e+00 2.650710105895996094e+00 1.081789433956146240e-01 3.250138759613037109e+00 -2.368314862251281738e-01 1.182063817977905273e+00 -2.464838027954101562e+00 -2.230347156524658203e+00 2.255265414714813232e-01 -3.040640115737915039e+00 -1.299894690513610840e+00 2.087985754013061523e+00
-2.005753517150878906e-01 -1.635806322097778320e+00 -4.174760818481445312e+00 -3.623521625995635986e-01 2.471728563308715820e+00 -1.786059617996215820e+00 -1.490284681320190430e+00 3.612826585769653320e+00 -4.569846630096435547e+00 1.372556090354919434e+00 4.334108829498291016e+00 -3.158518791198730469e+00 -3.346749305725097656e+00 1.373877048492431641e+00
8.417099714279174805e-01 7.240206599235534668e-01 -6.461100578308105469e+00 -1.557402253150939941e+00 8.634166121482849121e-01 -1.707294583320617676e+00 -1.583281755447387695e+00 -1.710593223571777344e+00 1.217165231704711914e+00 -7.100106477737426758e-01 2.693115234375000000e+00 -2.361422061920166016e+00 -2.811274051666259766e+00 3.179200649261474609e+00
-1.251577973365783691e+00 -3.442009687423706055e-01 -1.731412172317504883e+00 5.062772750854492188e+00 3.025347471237182617e+00 2.853703975677490234e+00 -4.803431332111358643e-01 -2.611404657363891602e+00 -2.669513463973999023e+00 -3.586594343185424805e+00 1.374743103981018066e+00 -3.309994935989379883e+00 -2.709941387176513672e+00 -1.906378120183944702e-01
4.939878284931182861e-01 -3.075228691101074219e+00 -7.038373947143554688e-01 -2.834596872329711914e+00 1.352961540222167969e+00 3.036063432693481445e+00 1.262235194444656372e-01 2.664139270782470703e+00 -4.931459426879882812e+00 2.746261358261108398e-01 2.227453231811523438e+00 -2.249076843261718750e+00 -3.945739746093750000e+00 -6.138147115707397461e-01
-7.569589018821716309e-01 5.607302188873291016e-01 -5.302820205688476562e-01 -3.157934904098510742e+00 2.571415185928344727e+00 -8.329063057899475098e-01 -3.842190027236938477e+00 -1.099638819694519043e+00 -1.249717101454734802e-01 1.480014443397521973e+00 2.455337285995483398e+00 -1.770778536796569824e+00 -3.819563150405883789e+00 -1.191658824682235718e-01
4.383538365364074707e-01 1.411482453346252441e+00 -5.011349201202392578e+00 3.535231053829193115e-01 1.819318532943725586e+00 1.614935755729675293e+00 -1.030872464179992676e+00 -4.008229255676269531e+00 8.097841143608093262e-01 6.136953234672546387e-01 2.888314962387084961e+00 -3.545686960220336914e+00 -4.478454113006591797e+00 -1.092828869819641113e+00
1.321967601776123047e+00 -3.605061054229736328e+00 -2.591707468032836914e+00 3.021206557750701904e-01 3.791637182235717773e+00 1.729887723922729492e+00 1.159346461296081543e+00 -2.506407737731933594e+00 -2.119415521621704102e+00 -5.936923980712890625e+00 1.778562188148498535e+00 -1.648800373077392578e+00 -9.168936014175415039e-01 1.696167111396789551e+00
3.574373960494995117e+00 1.073291897773742676e+00 -2.621158063411712646e-01 -3.318391799926757812e+00 3.951884746551513672e+00 3.445597887039184570e+00 -4.481512069702148438e+00 -1.598797082901000977e+00 -1.751351833343505859e+00 -3.131175041198730469e+00 1.240938186645507812e+00 -2.223765850067138672e+00 -3.293175935745239258e+00 -9.049877524375915527e-02
-1.842776417732238770e+00 2.407672882080078125e+00 -5.440190315246582031e+00 -3.811229467391967773e+00 4.033281803131103516e+00 2.083858728408813477e+00 7.633750438690185547e-01 1.717011332511901855e+00 -2.462984472513198853e-01 -1.501274585723876953e+00 2.297707080841064453e+00 -3.949617385864257812e+00 -2.085855007171630859e+00 -1.080779910087585449e+00
-3.524033069610595703e+00 -1.963810682296752930e+00 -5.615842342376708984e-01 5.494390726089477539e-01 4.473920822143554688e+00 3.677840948104858398e+00 -2.582916736602783203e+00 1.737605810165405273e+00 -3.390949726104736328e+00 -1.686661243438720703e+00 8.858709335327148438e-01 -3.747539997100830078e+00 -2.565087318420410156e+00 2.042958736419677734e+00
-1.073896050453186035e+00 -3.417591810226440430e+00 -1.357349157333374023e+00 -6.493195146322250366e-02 1.693884253501892090e+00 8.157269656658172607e-02 -2.726350069046020508e+00 -3.560856342315673828e+00 1.179670929908752441e+00 -4.451962947845458984e+00 3.807927608489990234e+00 -5.069318413734436035e-01 -1.649843573570251465e+00 3.066216468811035156e+00
2.099207878112792969e+00 -4.658714532852172852e-01 -1.275320529937744141e+00 -2.566025733947753906e+00 -2.458296537399291992e+00 -2.983836650848388672e+00 -1.154412746429443359e+00 1.496206045150756836e+00 -3.096389055252075195e+00 1.594859242439270020e+00 -2.118523120880126953e+00 -1.482204318046569824e+00 1.818207144737243652e+00 1.631472229957580566e+00
2.794626951217651367e+00 -2.159024715423583984e+00 2.095415115356445312e+00 -4.726421833038330078e+00 2.774777173995971680e+00 -1.509634852409362793e+00 1.238990783691406250e+00 -1.168751001358032227e+00 9.419022202491760254e-01 2.352489471435546875e+00 -4.373236656188964844e+00 -4.056853294372558594e+00 1.124243497848510742e+00 -1.796333789825439453e+00
8.722835183143615723e-01 -4.485399723052978516e+00 1.000793218612670898e+00 -3.586511135101318359e+00 -7.356011271476745605e-01 6.938445568084716797e-01 4.251816272735595703e+00 -2.824778318405151367e+00 3.290633916854858398e+00 3.710489869117736816e-01 -1.188987135887145996e+00 -2.962189674377441406e+00 -4.363926053047180176e-01 -1.025701165199279785e+00
3.122728109359741211e+00 -1.005911707878112793e+00 2.204770326614379883e+00 -1.833556175231933594e+00 6.549469828605651855e-01 -2.831147909164428711e+00 7.457107901573181152e-01 -4.073424339294433594e+00 -1.473389863967895508e+00 3.751384973526000977e+00 -3.701584100723266602e+00 -4.939487457275390625e+00 -1.560752540826797485e-01 1.783516883850097656e+00
3.150178909301757812e+00 -3.582292795181274414e+00 4.293726086616516113e-01 -5.690748095512390137e-01 -2.733682394027709961e+00 2.540851354598999023e+00 1.875899314880371094e+00 -2.174638986587524414e+00 -1.057728409767150879e+00 2.053211688995361328e+00 -4.515599310398101807e-01 -5.344690322875976562e+00 2.005376815795898438e+00 -4.341265201568603516e+00
1.280130743980407715e+00 4.952890574932098389e-01 -1.977385282516479492e+00 -2.821638584136962891e+00 1.869914650917053223e+00 8.083844780921936035e-01 1.607847452163696289e+00 7.258040308952331543e-01 -2.550595998764038086e+00 9.092096090316772461e-01 -5.607752799987792969e+00 -3.100444078445434570e+00 2.960745096206665039e+00 -1.220284104347229004e+00
2.603048801422119141e+00 -2.017131328582763672e+00 -5.899145007133483887e-01 9.689174890518188477e-01 -3.482607603073120117e+00 -1.756021380424499512e+00 -3.238928616046905518e-01 -1.298064738512039185e-01 -1.602116107940673828e+00 3.236982345581054688e+00 -1.549427211284637451e-02 -5.255842208862304688e+00 2.248818635940551758e+00 -4.134058952331542969e+00
8.104479312896728516e-01 -4.627168178558349609e+00 7.776890993118286133e-01 -2.491543531417846680e+00 -1.032253146171569824e+00 5.624552369117736816e-01 1.935993671417236328e+00 -2.479287862777709961e+00 4.258709907531738281e+00 -1.545127760618925095e-02 -1.996838092803955078e+00 -4.479140758514404297e+00 2.999867439270019531e+00 -1.423672318458557129e+00
3.083535671234130859e+00 -1.122311949729919434e+00 -3.086684942245483398e+00 -2.625184297561645508e+00 -4.197006702423095703e+00 -4.347156047821044922e+00 4.564830780029296875e+00 -2.126608133316040039e+00 8.694776296615600586e-01 2.891128540039062500e+00 2.730561196804046631e-01 -2.231844663619995117e+00 -7.611522078514099121e-01 7.021334171295166016e-01
2.219494104385375977e+00 -1.605517268180847168e+00 1.028436660766601562e+00 -5.567112922668457031e+00 -6.648122072219848633e-01 1.606523156166076660e+00 -7.494254112243652344e-01 3.663369715213775635e-01 -2.086465358734130859e+00 9.070526957511901855e-01 -3.232549905776977539e+00 -3.182090282440185547e+00 4.547129631042480469e+00 1.298137307167053223e+00
1.376655936241149902e+00 -3.291150331497192383e+00 -2.988187313079833984e+00 -1.005585193634033203e+00 4.533784985542297363e-01 -1.198289632797241211e+00 5.979616641998291016e+00 4.895475208759307861e-01 -1.593107104301452637e+00 1.346208572387695312e+00 -5.430071353912353516e+00 -1.703464984893798828e+00 -4.270788133144378662e-01 2.742462158203125000e-01
2.828826427459716797e+00 -3.471033096313476562e+00 -3.152560710906982422e+00 -3.155012845993041992e+00 -8.202801346778869629e-01 -2.189644575119018555e+00 2.593309640884399414e+00 -2.446537017822265625e+00 2.346942901611328125e+00 -6.011478304862976074e-01 -1.411035537719726562e+00 -4.735692739486694336e-01 3.144056320190429688e+00 -5.030641555786132812e-01
4.838487148284912109e+00 -2.129737377166748047e+00 -3.638363838195800781e+00 -4.397760391235351562e+00 -9.958139061927795410e-01 -2.694626092910766602e+00 3.402784585952758789e+00 2.372873783111572266e+00 2.083186507225036621e-01 1.646206974983215332e+00 -2.067796707153320312e+00 -1.279243350028991699e+00 -1.311085939407348633e+00 -7.569163441658020020e-01
2.976467609405517578e+00 -3.157152652740478516e+00 5.906438231468200684e-01 -2.932966470718383789e+00 2.755035180598497391e-03 -2.879824489355087280e-02 2.120393514633178711e+00 2.092831134796142578e+00 -2.832719326019287109e+00 3.733577489852905273e+00 -1.688479065895080566e+00 -2.798170804977416992e+00 9.428666830062866211e-01 -5.640531539916992188e+00
1.063346266746520996e+00 -1.419631600379943848e+00 -2.760994195938110352e+00 -4.206027507781982422e+00 -4.198448181152343750e+00 5.314273834228515625e-01 1.313295483589172363e+00 6.482815742492675781e-02 1.800097465515136719e+00 1.837531447410583496e+00 -1.139662861824035645e+00 -5.689941406250000000e+00 2.224243164062500000e+00 2.136414527893066406e+00
2.648933887481689453e+00 2.058310031890869141e+00 -1.760802507400512695e+00 -3.977916240692138672e+00 -3.090052306652069092e-01 -1.393467903137207031e+00 1.710109949111938477e+00 -4.494009315967559814e-01 1.935618758201599121e+00 1.004116177558898926e+00 -2.378096878528594971e-01 -4.082189559936523438e+00 -7.791383564472198486e-02 -3.430748701095581055e+00
3.581873416900634766e+00 -1.135808706283569336e+00 5.972681641578674316e-01 -2.823914289474487305e+00 -1.026700735092163086e+00 -4.325870990753173828e+00 2.826685190200805664e+00 -4.606267452239990234e+00 -8.607493638992309570e-01 4.303630352020263672e+00 -3.500667512416839600e-01 -2.731544494628906250e+00 -1.838764786720275879e+00 -3.588102459907531738e-01
3.960184097290039062e+00 -1.222659796476364136e-01 -1.951210021972656250e+00 -1.887856960296630859e+00 -2.631907939910888672e+00 -2.663770914077758789e+00 7.496450096368789673e-02 2.468165159225463867e+00 -3.122040510177612305e+00 3.172459125518798828e+00 -1.314580678939819336e+00 -3.528804302215576172e+00 1.605245709419250488e+00 -3.656825780868530273e+00
2.238089084625244141e+00 -4.416646480560302734e+00 -2.195408105850219727e+00 -1.109578132629394531e+00 -3.939715147018432617e+00 -4.634943604469299316e-02 3.502131938934326172e+00 -9.095654487609863281e-01 -3.589377641677856445e+00 5.322942733764648438e-01 -1.909154772758483887e+00 -2.863213300704956055e+00 3.071194410324096680e+00 2.187673807144165039e+00
3.307831525802612305e+00 -3.711197376251220703e+00 -8.736263513565063477e-01 1.935550808906555176e+00 4.956219792366027832e-01 1.086840391159057617e+00 1.414096117019653320e+00 -4.011466026306152344e+00 -6.910367012023925781e-01 1.359628558158874512e+00 -4.098196983337402344e+00 -3.374716997146606445e+00 8.753142356872558594e-01 -2.412791967391967773e+00
1.241091370582580566e+00 -1.295296907424926758e+00 3.334097146987915039e+00 -1.779387354850769043e+00 -5.316942334175109863e-01 -3.255528688430786133e+00 -3.790858507156372070e+00 3.119793534278869629e-01 2.598119974136352539e+00 1.372876644134521484e+00 -3.609870672225952148e+00 2.313697576522827148e+00 -5.096401214599609375e+00 2.697448432445526123e-02
1.163219809532165527e+00 -3.525854825973510742e+00 2.730528831481933594e+00 1.039390444755554199e+00 -1.778217673301696777e+00 1.472599029541015625e+00 -3.642497062683105469e+00 6.383753418922424316e-01 2.367945671081542969e+00 -1.685058116912841797e+00 -3.686262130737304688e+00 2.954820156097412109e+00 -3.934510707855224609e+00 -2.282798528671264648e+00
-1.382622957229614258e+00 2.239340841770172119e-01 -9.523710012435913086e-01 -4.193745613098144531e+00 -2.109563589096069336e+00 -1.023618698120117188e+00 -3.125515460968017578e+00 4.879899024963378906e+00 3.598816633224487305e+00 2.543326139450073242e+00 -3.042536973953247070e+00 1.267936229705810547e+00 -3.455846548080444336e+00 -1.528363585472106934e+00
-3.869228363037109375e+00 2.986285209655761719e+00 5.258643627166748047e-01 9.729361534118652344e-02 -3.126341819763183594e+00 1.771741747856140137e+00 -1.883217096328735352e-01 -1.428977489471435547e+00 5.191905498504638672e-01 -3.916972577571868896e-01 -3.809418201446533203e+00 1.623587012290954590e+00 -4.831370830535888672e+00 3.088388204574584961e+00
-9.029942005872726440e-02 -2.378383636474609375e+00 3.215833425521850586e+00 -2.371797084808349609e+00 -2.954618692398071289e+00 -5.862396359443664551e-01 -1.869382858276367188e+00 6.502202153205871582e-01 2.474044561386108398e-01 1.633511781692504883e-01 -2.305997371673583984e+00 -9.038957953453063965e-01 -2.375764131546020508e+00 4.347403049468994141e+00
-3.830460548400878906e+00 1.193419456481933594e+00 4.217387139797210693e-01 -3.536920785903930664e+00 -1.104827880859375000e+00 1.829016089439392090e+00 -4.621331393718719482e-01 3.019797563552856445e+00 2.428416967391967773e+00 -4.308321952819824219e+00 -2.986834287643432617e+00 1.795426487922668457e+00 -4.592143058776855469e+00 2.771706104278564453e+00
-3.474126815795898438e+00 -3.413019180297851562e+00 -7.510911226272583008e-01 -8.153290152549743652e-01 -4.755142211914062500e+00 1.955481171607971191e-01 -8.272178769111633301e-01 3.483726263046264648e+00 4.219222664833068848e-01 2.151240825653076172e+00 -3.625014066696166992e+00 1.921858549118041992e+00 -1.946403980255126953e+00 2.517195701599121094e+00
-3.936914920806884766e+00 4.766424000263214111e-01 1.752173304557800293e+00 -1.672104239463806152e+00 1.147970557212829590e+00 -2.973114728927612305e+00 1.860337257385253906e+00 2.712474584579467773e+00 3.256057024002075195e+00 -2.080994606018066406e+00 -3.569727182388305664e+00 -4.268190637230873108e-02 -5.015139579772949219e+00 -7.282410860061645508e-01
-1.817275881767272949e-01 -3.294447422027587891e+00 4.791721343994140625e+00 -2.865937709808349609e+00 -1.510791063308715820e+00 1.755727529525756836e+00 -1.598260283470153809e+00 8.310560584068298340e-01 2.115695238113403320e+00 -4.055657863616943359e+00 -3.260034084320068359e+00 2.163183212280273438e+00 -3.140281438827514648e+00 1.072233438491821289e+00
-2.158617019653320312e+00 -3.605339527130126953e+00 -3.521475791931152344e-01 7.841516137123107910e-01 -2.411087512969970703e+00 3.337014198303222656e+00 -1.082668662071228027e+00 3.825494050979614258e+00 2.285407781600952148e+00 -4.077335357666015625e+00 -3.195994615554809570e+00 -1.356871008872985840e+00 -1.516362428665161133e+00 -9.742160327732563019e-03
1.410037875175476074e+00 2.165641307830810547e+00 8.136805295944213867e-01 1.116741374135017395e-01 -3.136996030807495117e+00 -2.625195026397705078e+00 -2.069701194763183594e+00 -1.459515690803527832e+00 2.345795869827270508e+00 7.629108428955078125e-01 -2.862246751785278320e+00 1.253472268581390381e-01 -5.721167087554931641e+00 3.068436622619628906e+00
-3.537165880203247070e+00 -2.410509586334228516e+00 -7.819555401802062988e-01 2.209852933883666992e+00 -4.934014081954956055e-01 -1.400672793388366699e+00 -3.254488706588745117e+00 5.954582691192626953e+00 1.514898896217346191e+00 1.488251566886901855e+00 -4.144336700439453125e+00 -1.745932817459106445e+00 -2.342086315155029297e+00 4.279288649559020996e-01
1.572782278060913086e+00 -3.698247194290161133e+00 -1.601238399744033813e-01 -2.895176649093627930e+00 -3.510140478610992432e-01 -1.996898531913757324e+00 -1.716619133949279785e+00 3.976734161376953125e+00 3.474035739898681641e+00 -1.473468422889709473e+00 -2.403245449066162109e+00 2.074915170669555664e+00 -4.053653717041015625e+00 -1.400669097900390625e+00
4.033430218696594238e-01 6.744585633277893066e-01 -7.572490572929382324e-01 3.845841884613037109e+00 2.178233861923217773e-01 -1.148341298103332520e+00 -1.353174686431884766e+00 -7.664138674736022949e-01 3.039298057556152344e+00 -2.296521902084350586e+00 -4.095324516296386719e+00 -1.598853945732116699e+00 -4.639294624328613281e+00 -9.078478813171386719e-01
-7.055767178535461426e-01 2.390405416488647461e+00 -2.552217245101928711e+00 -1.045139312744140625e+00 -4.137763500213623047e+00 2.982282876968383789e+00 -2.222269296646118164e+00 1.927889347076416016e+00 4.337220191955566406e+00 -2.420307159423828125e+00 -2.925236463546752930e+00 -2.433591634035110474e-01 -3.970275163650512695e+00 1.888567358255386353e-01
-2.073533296585083008e+00 -3.268192529678344727e+00 -1.569687366485595703e+00 3.318250417709350586e+00 -1.152557373046875000e+00 -1.482666611671447754e+00 -1.160428643226623535e+00 6.131588295102119446e-02 1.130920529365539551e+00 6.082932949066162109e-01 -4.789254188537597656e+00 4.134746074676513672e+00 -3.429060697555541992e+00 1.658811092376708984e+00
7.737274765968322754e-01 6.050306558609008789e-01 4.639515280723571777e-01 2.702243089675903320e+00 -3.729142904281616211e+00 7.660318613052368164e-01 -3.341703414916992188e+00 6.968164443969726562e-01 4.312374591827392578e+00 4.784987568855285645e-01 -4.559169292449951172e+00 -1.766451239585876465e+00 -4.979216575622558594e+00 -3.942908644676208496e-01
-2.856048345565795898e+00 1.951415389776229858e-01 -5.002987980842590332e-01 4.653266668319702148e-01 -3.798302412033081055e+00 -7.726813554763793945e-01 -3.490870445966720581e-02 2.764223814010620117e+00 1.995934486389160156e+00 -8.510745763778686523e-01 -4.133049964904785156e+00 -1.966029644012451172e+00 -3.868464946746826172e+00 5.696712970733642578e+00
-3.352231502532958984e+00 1.088912606239318848e+00 -3.440622329711914062e+00 -4.504292309284210205e-01 -6.816912889480590820e-01 -2.095281362533569336e+00 -2.025899648666381836e+00 5.243021249771118164e-01 1.725707530975341797e+00 2.271019935607910156e+00 -3.123516082763671875e+00 -5.671960711479187012e-01 -1.688152194023132324e+00 2.520797729492187500e+00
-5.655280590057373047e+00 1.140865445137023926e+00 1.149404644966125488e+00 3.935782909393310547e+00 -9.421097636222839355e-01 -1.201899170875549316e+00 -4.346768558025360107e-01 7.354277372360229492e-01 1.049903273582458496e+00 -6.413697004318237305e-01 -4.673134326934814453e+00 2.245831862092018127e-02 -3.035959482192993164e+00 2.073931097984313965e-01
1.288972854614257812e+00 -7.060255110263824463e-02 -3.985476732254028320e+00 -1.683061003684997559e+00 -1.010165333747863770e+00 -7.515871524810791016e-01 -5.820750236511230469e+00 -3.021586418151855469e+00 -1.151025176048278809e+00 1.535007357597351074e+00 -1.163420319557189941e+00 5.066969871520996094e+00 1.961588978767395020e+00 -8.530468940734863281e-01
-4.957516670227050781e+00 7.821912169456481934e-01 -2.420006752014160156e+00 4.127116799354553223e-01 -4.516257762908935547e+00 2.932977199554443359e+00 3.570924103260040283e-01 -2.990568876266479492e+00 -2.055423021316528320e+00 8.544507622718811035e-01 1.569129943847656250e+00 9.970247149467468262e-01 -1.135342270135879517e-01 6.141669154167175293e-01
-1.997839570045471191e+00 -1.072575211524963379e+00 -6.081892967224121094e+00 8.448612093925476074e-01 -9.021926522254943848e-01 5.083037614822387695e-01 -1.526490505784749985e-02 -2.754843950271606445e+00 -2.661667108535766602e+00 1.290888786315917969e+00 2.806307792663574219e+00 4.849704265594482422e+00 -3.058669269084930420e-01 -3.003639936447143555e+00
-2.834702491760253906e+00 -1.563787013292312622e-01 -6.898279190063476562e-01 -4.505927562713623047e+00 -4.365401715040206909e-02 1.030538320541381836e+00 -1.718348860740661621e-01 -4.704539775848388672e+00 6.150917410850524902e-01 1.119163751602172852e+00 -1.716151952743530273e+00 4.929971694946289062e+00 2.295476436614990234e+00 -4.358416557312011719e+00
-5.257743358612060547e+00 -1.084230661392211914e+00 6.694455146789550781e-01 -2.421092510223388672e+00 1.606792807579040527e-01 -3.897566199302673340e-01 4.867832362651824951e-01 -3.834972620010375977e+00 2.592777729034423828e+00 7.002099156379699707e-01 -5.352165699005126953e-01 2.275409936904907227e+00 2.739773511886596680e+00 -4.817300319671630859e+00
-1.454723238945007324e+00 3.123037815093994141e-01 -1.639124989509582520e+00 4.390134811401367188e+00 -1.331581711769104004e+00 1.610558271408081055e+00 -2.439017295837402344e+00 -3.559086799621582031e+00 -4.077605724334716797e+00 5.167064666748046875e-01 -3.093230128288269043e-01 1.607752799987792969e+00 3.465100288391113281e+00 -4.151946544647216797e+00
-2.953973770141601562e+00 -1.240563273429870605e+00 -3.357362508773803711e+00 2.737990856170654297e+00 -2.103543519973754883e+00 -2.086628437042236328e+00 -1.792303442955017090e+00 -3.755049943923950195e+00 3.882661342620849609e+00 1.232975840568542480e+00 2.815967082977294922e+00 1.383058309555053711e+00 3.849643766880035400e-01 -3.902583599090576172e+00
-1.592483401298522949e+00 4.834241390228271484e+00 -2.070172309875488281e+00 2.012659072875976562e+00 -3.524344205856323242e+00 2.009215116500854492e+00 -2.941065311431884766e+00 -4.019489765167236328e+00 -3.782603740692138672e-01 2.297025680541992188e+00 -1.139687538146972656e+00 -9.537755250930786133e-01 8.624324798583984375e-01 -3.034019470214843750e+00
-3.015360355377197266e+00 -4.692351341247558594e+00 -1.784757852554321289e+00 4.835132658481597900e-01 7.951648831367492676e-01 1.946112036705017090e+00 -3.448024511337280273e+00 -2.088481903076171875e+00 1.344108462333679199e+00 1.741395145654678345e-02 3.128646850585937500e+00 9.773299694061279297e-01 2.457559108734130859e+00 -4.312608718872070312e+00
-5.437646389007568359e+00 1.186286091804504395e+00 1.041214942932128906e+00 -2.996435165405273438e+00 -1.411175370216369629e+00 -3.400924503803253174e-01 -1.281769275665283203e+00 -4.224427700042724609e+00 -2.389196157455444336e+00 4.467941761016845703e+00 1.717759370803833008e+00 1.930819153785705566e+00 1.784057855606079102e+00 1.175285950303077698e-01
-4.500277519226074219e+00 -7.527718544006347656e-01 1.814265608787536621e+00 -2.177326917648315430e+00 4.344747364521026611e-01 6.569004654884338379e-01 -5.083219051361083984e+00 -2.891355276107788086e+00 -1.101022839546203613e+00 4.238250732421875000e+00 1.365758180618286133e-01 1.869265437126159668e+00 1.214345932006835938e+00 -1.433291792869567871e+00
-1.123456597328186035e+00 -2.709773778915405273e+00 -7.521541118621826172e-01 -7.677630782127380371e-01 -5.910258769989013672e+00 3.524344682693481445e+00 -1.036874532699584961e+00 -3.772409439086914062e+00 5.572531744837760925e-02 1.143208026885986328e+00 3.741377294063568115e-01 4.828757286071777344e+00 7.076199650764465332e-01 -3.137677907943725586e+00
-1.129044532775878906e+00 -2.698508024215698242e+00 1.902026891708374023e+00 1.425090193748474121e+00 -3.795030832290649414e+00 -3.359154939651489258e+00 -9.264395833015441895e-01 -5.069817543029785156e+00 -8.931031823158264160e-02 9.629231095314025879e-01 -1.001152038574218750e+00 3.795098543167114258e+00 3.689332246780395508e+00 -2.770195960998535156e+00
-5.539052486419677734e+00 1.270253211259841919e-01 -1.307460784912109375e+00 1.306970715522766113e+00 -4.381918430328369141e+00 -1.258169531822204590e+00 -2.680438756942749023e+00 -4.006795883178710938e+00 4.929864108562469482e-01 1.137198686599731445e+00 -1.018794536590576172e+00 7.890107631683349609e-01 4.057896614074707031e+00 1.502433061599731445e+00
-3.183434009552001953e+00 6.789951324462890625e-01 -3.293147563934326172e+00 1.593506932258605957e+00 -3.538822531700134277e-01 4.616980075836181641e+00 -9.281699657440185547e-01 -3.782613039016723633e+00 -1.890145540237426758e-01 -1.022058725357055664e+00 -3.684455633163452148e+00 1.806344509124755859e+00 2.322312116622924805e+00 -3.465522050857543945e+00
-1.970484495162963867e+00 -3.487597942352294922e+00 1.915903389453887939e-02 1.333705902099609375e+00 -2.369387865066528320e+00 8.630393743515014648e-01 -5.399987697601318359e+00 -2.471078872680664062e+00 -3.397978305816650391e+00 3.622685670852661133e+00 1.359217882156372070e+00 3.449281692504882812e+00 3.297758102416992188e-01 -1.237314224243164062e+00
-3.669956445693969727e+00 -2.234841585159301758e-01 -1.809772610664367676e+00 5.758283138275146484e-01 1.553713202476501465e+00 -2.107652463018894196e-02 -4.708376884460449219e+00 -2.999258279800415039e+00 3.627750158309936523e+00 -7.902131974697113037e-02 -7.022528648376464844e-01 -3.693184852600097656e-01 2.889173030853271484e+00 -2.924427747726440430e+00
-9.433671236038208008e-01 4.381619453430175781e+00 -5.787130594253540039e-01 -3.301195859909057617e+00 -3.090123891830444336e+00 -9.736242890357971191e-01 -8.824535012245178223e-01 -4.904018402099609375e+00 -1.388044834136962891e+00 2.068417072296142578e+00 1.042833089828491211e+00 2.194868326187133789e+00 1.440771937370300293e+00 -3.357936859130859375e+00
-9.466717839241027832e-01 1.391832947731018066e+00 -4.717272281646728516e+00 3.437057137489318848e-01 -2.849533595144748688e-02 -2.786065578460693359e+00 -1.318429112434387207e+00 -3.423482179641723633e+00 -3.544625759124755859e+00 7.837379574775695801e-01 1.689941883087158203e+00 3.253497600555419922e+00 1.834709882736206055e+00 -8.411401510238647461e-01
-7.572722434997558594e-02 1.125828325748443604e-01 -2.363078355789184570e+00 2.806137561798095703e+00 -3.470750570297241211e+00 -2.345303297042846680e+00 -6.844333410263061523e-01 -4.433773040771484375e+00 -6.360828280448913574e-01 6.360919475555419922e-01 -4.365044593811035156e+00 3.792401313781738281e+00 2.725280046463012695e+00 -1.919863700866699219e+00
-2.429184913635253906e+00 1.079458475112915039e+00 -4.161099791526794434e-01 3.451377451419830322e-01 -3.102432966232299805e+00 -4.591765880584716797e+00 1.153408169746398926e+00 2.103345394134521484e+00 1.102620720863342285e+00 -4.173528671264648438e+00 2.790925979614257812e+00 1.858108520507812500e+00 1.886941313743591309e+00 -2.861642360687255859e+00
5.363736152648925781e-01 4.792806148529052734e+00 2.056001424789428711e+00 -8.220395445823669434e-01 2.244469881057739258e+00 -2.697922229766845703e+00 -1.529170989990234375e+00 -3.383729457855224609e+00 -1.120062589645385742e+00 -4.105411052703857422e+00 -1.937895894050598145e+00 -2.068654775619506836e+00 1.533417940139770508e+00 -1.747761964797973633e+00
8.068403005599975586e-01 -8.976026624441146851e-02 5.300546169281005859e+00 -6.153555512428283691e-01 -4.482187032699584961e-01 -4.207951545715332031e+00 1.610005944967269897e-01 -3.658795356750488281e+00 -2.884445667266845703e+00 -5.228374004364013672e+00 -6.252083182334899902e-01 1.481391906738281250e+00 1.404344797134399414e+00 2.282332181930541992e+00
3.810423314571380615e-01 1.591472744941711426e+00 2.346056461334228516e+00 2.744829893112182617e+00 7.197169065475463867e-01 -2.464937686920166016e+00 5.674871206283569336e-01 -4.405972361564636230e-01 8.626921772956848145e-01 -7.394629478454589844e+00 -2.331420660018920898e+00 -2.322873592376708984e+00 2.626420259475708008e+00 -3.076305866241455078e+00
-1.206473946571350098e+00 -1.392264723777770996e+00 2.289539337158203125e+00 1.116027951240539551e+00 4.194116964936256409e-02 -4.965160369873046875e+00 1.633700251579284668e+00 -1.201571702957153320e+00 -3.254959821701049805e+00 -4.505053043365478516e+00 6.073189377784729004e-01 -9.109753370285034180e-01 8.197599053382873535e-01 1.623826861381530762e+00
-5.782409310340881348e-01 -1.974689602851867676e+00 1.919880151748657227e+00 -2.206908941268920898e+00 -2.327288866043090820e+00 -1.668394923210144043e+00 3.250701427459716797e+00 1.595815777778625488e+00 -3.848573923110961914e+00 -4.809198856353759766e+00 3.940000236034393311e-01 2.179166316986083984e+00 2.055611133575439453e+00 -1.864769220352172852e+00
-5.609164834022521973e-01 1.555978894233703613e+00 1.272772073745727539e+00 -4.707134366035461426e-01 1.444226652383804321e-01 -3.868521451950073242e+00 4.791431903839111328e+00 5.689678788185119629e-01 -1.727159500122070312e+00 -5.215834140777587891e+00 9.486548304557800293e-01 2.614735841751098633e+00 -6.748886704444885254e-01 -4.361412525177001953e+00
2.031121492385864258e+00 3.098262786865234375e+00 3.153286695480346680e+00 -4.929560720920562744e-01 -4.935851573944091797e+00 -2.042879581451416016e+00 -3.129630908370018005e-02 -2.531761169433593750e+00 -1.703436374664306641e-01 -4.805092811584472656e+00 1.042841196060180664e+00 -2.221326351165771484e+00 2.263913303613662720e-01 -1.147889904677867889e-02
-4.686172485351562500e+00 3.215965747833251953e+00 2.466726303100585938e+00 -1.914716243743896484e+00 -3.957653939723968506e-01 -1.584717869758605957e+00 2.817381381988525391e+00 1.504510492086410522e-01 -2.301053524017333984e+00 -2.900100946426391602e+00 1.177672624588012695e+00 -4.353707313537597656e+00 5.230161547660827637e-01 -2.713521718978881836e+00
-1.176277637481689453e+00 -5.642734766006469727e-01 1.460981249809265137e+00 7.307026386260986328e-01 -2.443304061889648438e+00 -3.882061243057250977e+00 -2.468224287033081055e+00 3.899565219879150391e+00 -2.531156539916992188e+00 -4.902326583862304688e+00 3.439594209194183350e-01 -2.319657951593399048e-01 4.751081943511962891e+00 -4.273880720138549805e-01
7.025687694549560547e-01 3.904342174530029297e+00 3.103083968162536621e-01 -2.412387132644653320e+00 3.428583383560180664e+00 -2.532044410705566406e+00 -1.331671047955751419e-02 -1.004835218191146851e-01 -7.456913590431213379e-01 -5.777012348175048828e+00 -1.543226003646850586e+00 2.724809408187866211e+00 5.724462866783142090e-01 -3.438998222351074219e+00
1.049637079238891602e+00 1.714732408523559570e+00 2.983021974563598633e+00 2.604733109474182129e-01 5.162278413772583008e-01 -4.660188674926757812e+00 -3.537973165512084961e+00 3.995057642459869385e-01 7.797365188598632812e-01 -5.596130847930908203e+00 3.101701498031616211e+00 -8.930735588073730469e-01 8.044818639755249023e-01 -3.738428115844726562e+00
-6.521047353744506836e-01 3.812985181808471680e+00 2.047089815139770508e+00 -3.317689418792724609e+00 -1.770103096961975098e+00 -7.773350477218627930e-01 4.327872395515441895e-01 1.383041024208068848e+00 -5.351525306701660156e+00 -4.564712047576904297e+00 -2.151840686798095703e+00 9.614599347114562988e-01 1.102952361106872559e+00 1.787273883819580078e+00
-2.497991800308227539e+00 -7.674053907394409180e-01 3.756729602813720703e+00 -2.843921661376953125e+00 3.481426000595092773e+00 -3.933788537979125977e+00 -1.594484448432922363e+00 1.432973384857177734e+00 -3.323041439056396484e+00 -2.854888200759887695e+00 2.008386135101318359e+00 -7.647736072540283203e-01 1.728595495223999023e+00 -2.472798347473144531e+00
3.805212676525115967e-01 4.891787528991699219e+00 5.363288521766662598e-01 1.165071487426757812e+00 -2.670814514160156250e+00 -2.419244050979614258e+00 -3.147188127040863037e-01 3.750475645065307617e+00 -5.036500930786132812e+00 -2.786896228790283203e+00 -3.947013914585113525e-01 2.695976495742797852e-01 -2.343293428421020508e+00 -2.790724039077758789e+00
-5.593611001968383789e-01 1.009705066680908203e+00 2.071596145629882812e+00 4.046159744262695312e+00 1.027764439582824707e+00 -3.476465702056884766e+00 1.015734434127807617e+00 2.380524396896362305e+00 -4.632853507995605469e+00 -3.530337810516357422e+00 -3.007979869842529297e+00 8.212234377861022949e-01 -1.026323318481445312e+00 -3.473741531372070312e+00
-3.980722665786743164e+00 -9.699164032936096191e-01 3.548166036605834961e+00 1.768600225448608398e+00 -2.062826156616210938e+00 -8.519616723060607910e-01 -5.099287629127502441e-01 2.996413946151733398e+00 -2.816290616989135742e+00 -2.747158288955688477e+00 -4.299539923667907715e-01 -2.117476224899291992e+00 3.048122406005859375e+00 -4.045657634735107422e+00
-1.690669059753417969e-01 1.613178849220275879e+00 5.372632503509521484e+00 1.644723534584045410e+00 -1.355349659919738770e+00 -3.948659420013427734e+00 1.713149547576904297e+00 -2.445305824279785156e+00 -3.107755184173583984e+00 -3.178907632827758789e+00 -1.213710308074951172e+00 -3.324071884155273438e+00 -5.325768589973449707e-01 -4.886918962001800537e-01
-5.421334505081176758e-01 8.984088897705078125e-01 8.764196634292602539e-01 -1.579246997833251953e+00 -8.880804181098937988e-01 -2.635729551315307617e+00 5.350142955780029297e+00 -2.633029937744140625e+00 -9.441972970962524414e-01 -5.909946918487548828e+00 1.409683585166931152e+00 1.670677781105041504e+00 -6.572807431221008301e-01 -2.222653865814208984e+00
8.597201704978942871e-01 2.989317893981933594e+00 2.149392217397689819e-01 -2.219233512878417969e+00 -5.185431838035583496e-01 -3.414948463439941406e+00 -3.448960542678833008e+00 3.145550489425659180e+00 -5.285631418228149414e-01 -4.815223217010498047e+00 2.288025140762329102e+00 8.176118731498718262e-01 2.094940662384033203e+00 -3.211286544799804688e+00
