-2.373906135559082031e+00 -2.608398437500000000e+00 -4.056018352508544922e+00 -3.333292245864868164e+00 1.944999247789382935e-01 -1.963202118873596191e+00 2.919656753540039062e+00 2.126904875040054321e-01 3.631651401519775391e+00 -1.499643087387084961e+00 -7.103129625320434570e-01 5.174167156219482422e+00 -2.458787441253662109e+00 -1.201583623886108398e+00 -1.457319021224975586e+00
-4.243942260742187500e+00 -3.591153860092163086e+00 -3.498237609863281250e+00 2.950324296951293945e+00 -3.512341678142547607e-01 5.633725523948669434e-01 -1.320871233940124512e+00 2.284069538116455078e+00 3.267946839332580566e-01 -8.139499425888061523e-01 -4.856422424316406250e+00 1.349690794944763184e+00 -1.522857785224914551e+00 1.748608231544494629e+00 2.776563167572021484e+00
-5.842545986175537109e+00 -1.651288032531738281e+00 -4.421659946441650391e+00 4.603133797645568848e-01 -2.548593521118164062e+00 2.447081804275512695e+00 -9.348911046981811523e-01 -4.098609089851379395e-01 3.195527315139770508e+00 4.377953529357910156e+00 -2.572350025177001953e+00 2.894589900970458984e-01 -8.482146263122558594e-01 -1.883510649204254150e-01 4.795898199081420898e-01
-7.704671025276184082e-01 -1.042789697647094727e+00 -3.004414081573486328e+00 -3.710093736648559570e+00 -4.377631187438964844e+00 1.515803694725036621e+00 4.297866821289062500e+00 2.109591960906982422e+00 1.549039125442504883e+00 -1.850914597511291504e+00 -4.496659278869628906e+00 2.347403913736343384e-01 -5.203793644905090332e-01 3.371303677558898926e-01 1.016903638839721680e+00
-3.268654346466064453e+00 -6.936986446380615234e+00 -2.958736896514892578e+00 -2.300437450408935547e+00 -7.098596692085266113e-01 7.786508202552795410e-01 2.241257905960083008e+00 1.158708095550537109e+00 3.054692029953002930e+00 -2.283608675003051758e+00 1.240393370389938354e-01 1.420208215713500977e+00 6.826615929603576660e-01 1.920699954032897949e+00 -1.030870676040649414e+00
-4.188347816467285156e+00 -3.668637037277221680e+00 -3.271424055099487305e+00 -4.389799535274505615e-01 4.419616222381591797e+00 1.000838041305541992e+00 -5.322933197021484375e-01 1.694926142692565918e+00 1.649796605110168457e+00 4.871890321373939514e-02 -3.853802919387817383e+00 6.024088263511657715e-01 -3.345147848129272461e+00 -1.094782590866088867e+00 2.565509319305419922e+00
-3.529651641845703125e+00 6.432988643646240234e-01 -3.986947536468505859e+00 -1.860929012298583984e+00 -1.899726271629333496e+00 -1.116842746734619141e+00 1.511320352554321289e+00 1.706577658653259277e+00 2.779892921447753906e+00 7.225292921066284180e-01 -3.905833959579467773e+00 4.541942119598388672e+00 -3.512988090515136719e+00 -2.642354726791381836e+00 1.978762507438659668e+00
-4.985093116760253906e+00 -1.273324608802795410e+00 -2.285986900329589844e+00 3.241548538208007812e-01 -3.629566431045532227e+00 1.359137058258056641e+00 -7.658237218856811523e-01 2.482059001922607422e+00 3.797035694122314453e+00 -1.059902191162109375e+00 -2.098633289337158203e+00 1.444748997688293457e+00 3.612326860427856445e+00 -2.826215028762817383e+00 -1.278143048286437988e+00
-5.679239630699157715e-01 7.008212208747863770e-01 -2.615764379501342773e+00 -3.273967266082763672e+00 4.405245482921600342e-01 1.804510354995727539e+00 2.557643175125122070e+00 3.390143632888793945e+00 -1.298997998237609863e+00 -2.543906450271606445e+00 -1.301052570343017578e+00 2.589777112007141113e-01 -3.943043470382690430e+00 -1.417013645172119141e+00 -1.840531587600708008e+00
-5.371006011962890625e+00 -2.000890970230102539e+00 -1.817195177078247070e+00 1.581802845001220703e+00 -4.186751365661621094e+00 9.042340517044067383e-01 2.886056184768676758e+00 3.225500822067260742e+00 7.973408102989196777e-01 -2.279191732406616211e+00 1.364580988883972168e+00 1.789350360631942749e-01 3.791054785251617432e-01 -4.522741436958312988e-01 -4.306747436523437500e+00
-5.693805694580078125e+00 -3.521134853363037109e+00 -3.494099855422973633e+00 3.834906816482543945e-01 -3.614445447921752930e+00 2.524476766586303711e+00 1.235432863235473633e+00 2.768619775772094727e+00 4.639619290828704834e-01 -1.154712438583374023e+00 5.393390655517578125e-01 -6.430307030677795410e-01 -2.238295227289199829e-01 4.094879150390625000e+00 -2.374679803848266602e+00
-1.828091025352478027e+00 -6.696177124977111816e-01 -1.342757821083068848e+00 2.500183284282684326e-01 -5.017982959747314453e+00 4.648397922515869141e+00 1.265737533569335938e+00 1.697479486465454102e+00 -1.739196538925170898e+00 -2.876500129699707031e+00 -6.190649867057800293e-01 2.763593912124633789e+00 -3.221502304077148438e+00 -1.085917472839355469e+00 -2.281049251556396484e+00
-2.642263650894165039e+00 -4.145724773406982422e+00 -4.002169609069824219e+00 -3.711160659790039062e+00 -1.221030235290527344e+00 1.522764921188354492e+00 2.949838161468505859e+00 2.913280963897705078e+00 1.396150350570678711e+00 3.314079999923706055e+00 -8.368110060691833496e-01 -7.872904539108276367e-01 -3.229117393493652344e+00 -1.936065077781677246e+00 1.962487101554870605e+00
-4.467761039733886719e+00 -4.106698036193847656e+00 -1.721192002296447754e+00 -3.641487836837768555e+00 3.135264813899993896e-01 6.254458904266357422e+00 1.249438285827636719e+00 1.071556091308593750e+00 1.482717752456665039e+00 5.640814825892448425e-02 4.377922713756561279e-01 1.561090499162673950e-01 -2.197983741760253906e+00 -3.191623449325561523e+00 -1.349674224853515625e+00
-3.989201068878173828e+00 -4.014464914798736572e-01 -1.921760916709899902e+00 -1.310576915740966797e+00 8.577390909194946289e-01 2.694146394729614258e+00 4.951879084110260010e-01 -1.831095665693283081e-01 1.267552137374877930e+00 -1.943457424640655518e-01 -1.879272907972335815e-01 1.372670769691467285e+00 -2.966346740722656250e-01 -3.173023939132690430e+00 -3.971680641174316406e+00
-4.066888809204101562e+00 -4.925450325012207031e+00 -2.659666061401367188e+00 -3.898931026458740234e+00 -7.532444596290588379e-02 9.095067381858825684e-01 3.279112815856933594e+00 -7.804521918296813965e-01 3.316928386688232422e+00 -2.339570999145507812e+00 -3.460676670074462891e-01 1.367401957511901855e+00 -3.944853842258453369e-01 3.607027292251586914e+00 -1.597893118858337402e+00
-5.207326889038085938e+00 -1.530102014541625977e+00 -1.114696823060512543e-02 -2.682030916213989258e+00 5.162190198898315430e-01 3.645121812820434570e+00 -9.065688848495483398e-01 -3.051886260509490967e-01 2.574693679809570312e+00 -3.149948120117187500e+00 -4.164162158966064453e+00 1.309230685234069824e+00 -6.676415801048278809e-01 1.031980141997337341e-01 7.203615456819534302e-02
-4.585789680480957031e+00 -2.214959263801574707e-01 -2.660841226577758789e+00 -1.226485490798950195e+00 3.387103974819183350e-01 2.297329187393188477e+00 1.829950928688049316e+00 1.851426005363464355e+00 -8.588451147079467773e-01 -2.118482112884521484e+00 -3.610929489135742188e+00 6.412311196327209473e-01 -6.054552078247070312e+00 2.721367120742797852e+00 7.581243515014648438e-01
-5.307982444763183594e+00 -2.273737668991088867e+00 -3.516967296600341797e+00 1.252323031425476074e+00 -2.458438873291015625e+00 2.562612593173980713e-01 2.080710887908935547e+00 3.785679101943969727e+00 1.060293078422546387e+00 1.889152765274047852e+00 -3.043392419815063477e+00 -4.713888466358184814e-01 1.073927521705627441e+00 -2.919883489608764648e+00 1.018154025077819824e+00
-1.701904654502868652e+00 4.410498738288879395e-01 -4.853229999542236328e+00 -1.856994032859802246e+00 -3.761496782302856445e+00 4.931258678436279297e+00 8.190807700157165527e-01 -2.459539413452148438e+00 3.433838605880737305e+00 -5.269998908042907715e-01 -2.500585794448852539e+00 2.612910509109497070e+00 -1.353097677230834961e+00 1.377535104751586914e+00 -1.897493720054626465e+00
1.423860311508178711e+00 -4.163928031921386719e+00 -1.481613278388977051e+00 -2.483691088855266571e-02 2.465477228164672852e+00 -1.395526051521301270e+00 -2.600586414337158203e+00 -2.797472178936004639e-01 -2.617115974426269531e+00 3.173593044281005859e+00 2.553134441375732422e+00 -5.930381298065185547e+00 -2.141530513763427734e+00 1.870719075202941895e+00 1.740494817495346069e-01
1.805565595626831055e+00 -1.466112852096557617e+00 -6.828112006187438965e-01 -5.591584682464599609e+00 9.473355412483215332e-01 -6.207432970404624939e-02 -3.140949487686157227e+00 1.419681191444396973e+00 -3.244908571243286133e+00 2.704756736755371094e+00 2.695875883102416992e+00 -2.844732046127319336e+00 -1.324023246765136719e+00 -3.097680330276489258e+00 1.675328254699707031e+00
2.380567312240600586e+00 -1.518646597862243652e+00 -6.055400371551513672e+00 -1.694398820400238037e-01 1.366709232330322266e+00 -2.229846954345703125e+00 -3.692424058914184570e+00 -2.715327262878417969e+00 -2.497827529907226562e+00 3.679040193557739258e+00 3.628556251525878906e+00 8.237886428833007812e-01 -1.328962206840515137e+00 -5.078116059303283691e-01 -6.054710745811462402e-01
-3.262689828872680664e+00 3.958267211914062500e+00 -2.726633310317993164e+00 9.895362854003906250e-01 2.132629871368408203e+00 -1.609671592712402344e+00 -2.204262495040893555e+00 -2.815681934356689453e+00 -4.215328693389892578e+00 1.389144301414489746e+00 1.220759391784667969e+00 9.540436267852783203e-01 -4.467090606689453125e+00 -5.486969947814941406e-01 2.275582075119018555e+00
1.696281194686889648e+00 2.020106315612792969e+00 -1.241088032722473145e+00 1.004724025726318359e+00 -1.043355941772460938e+00 1.786885619163513184e+00 -2.417108058929443359e+00 4.277364909648895264e-01 -5.155254364013671875e+00 2.972726821899414062e+00 7.969529032707214355e-01 -7.162240028381347656e+00 -2.395527124404907227e+00 1.382690548896789551e+00 -6.781197786331176758e-01
3.724252283573150635e-01 4.285792827606201172e+00 -3.173356056213378906e+00 1.978147745132446289e+00 -2.291148155927658081e-01 -3.285048723220825195e+00 -3.211011886596679688e+00 -3.554704904556274414e+00 -1.341230511665344238e+00 3.637272834777832031e+00 8.277893066406250000e-01 -2.958030700683593750e+00 -3.288922548294067383e+00 -1.677134037017822266e+00 4.984001815319061279e-01
-3.352527856826782227e+00 4.570258140563964844e+00 1.065545752644538879e-01 -4.044022560119628906e+00 6.378823518753051758e-01 -7.449337244033813477e-01 -1.739732265472412109e+00 -2.855501651763916016e+00 -2.447986602783203125e+00 1.459512591361999512e+00 1.215960741043090820e+00 -3.172600746154785156e+00 -2.787897825241088867e+00 4.278755187988281250e+00 7.842892408370971680e-01
1.381210327148437500e+00 1.993748784065246582e+00 -1.881008028984069824e+00 -4.013598918914794922e+00 2.706296741962432861e-01 7.652833461761474609e-01 -6.289426088333129883e-01 -2.899309694766998291e-01 -2.791300773620605469e+00 8.809167742729187012e-01 1.512162685394287109e+00 -9.972902536392211914e-01 -4.244371414184570312e+00 -1.613922268152236938e-01 -7.215241342782974243e-02
-1.139636158943176270e+00 1.479916453361511230e+00 1.712131798267364502e-01 -2.044655799865722656e+00 4.767351627349853516e+00 7.785404324531555176e-01 -2.468849420547485352e+00 -5.535513535141944885e-02 -1.952982425689697266e+00 2.345822334289550781e+00 3.326602458953857422e+00 -5.186230659484863281e+00 -4.826114654541015625e+00 -8.474853038787841797e-01 -1.103958368301391602e+00
1.560751199722290039e+00 6.104077100753784180e-01 -1.247033357620239258e+00 4.500969886779785156e+00 1.019842743873596191e+00 -2.395921349525451660e-01 -3.516166448593139648e+00 1.487100720405578613e-01 -3.068438291549682617e+00 2.266959428787231445e+00 1.988248229026794434e+00 -4.811307430267333984e+00 -3.364739656448364258e+00 -1.664734244346618652e+00 -3.199314117431640625e+00
-1.508300304412841797e+00 -1.619236588478088379e+00 -4.220100343227386475e-01 -1.435740113258361816e+00 4.933610916137695312e+00 -2.845730185508728027e-01 -1.902758359909057617e+00 -1.217354774475097656e+00 -3.062609195709228516e+00 -1.005307808518409729e-01 1.214842915534973145e+00 -4.095914363861083984e+00 -3.818175792694091797e+00 3.942139625549316406e+00 1.457668304443359375e+00
-3.555479764938354492e+00 1.803469657897949219e+00 1.467649936676025391e+00 1.072237491607666016e+00 9.606564640998840332e-01 4.594659805297851562e-01 -3.439120769500732422e+00 -3.857037723064422607e-01 -1.995369195938110352e+00 2.364652395248413086e+00 1.391167044639587402e+00 -4.249291419982910156e+00 -3.241301536560058594e+00 -3.256010055541992188e+00 2.922308683395385742e+00
-1.474444270133972168e+00 -7.632365822792053223e-01 -3.603951215744018555e+00 -3.889919221401214600e-01 -2.114674568176269531e+00 3.591848850250244141e+00 -4.288066387176513672e+00 -7.842707633972167969e-01 -4.819157600402832031e+00 1.248108386993408203e+00 3.477999210357666016e+00 1.264456152915954590e+00 -1.638172745704650879e+00 1.909784197807312012e+00 -1.879038691520690918e+00
-2.735751628875732422e+00 1.647018074989318848e+00 6.015999242663383484e-02 -1.894264101982116699e+00 -1.861226797103881836e+00 7.818293571472167969e-01 -2.866883993148803711e+00 -4.629692554473876953e+00 1.116118669509887695e+00 4.939656734466552734e+00 2.002664804458618164e+00 -4.607134342193603516e+00 -2.146523237228393555e+00 1.603091120719909668e+00 -5.896108746528625488e-01
-1.391954272985458374e-01 -6.910482645034790039e-01 -3.129120111465454102e+00 7.662149071693420410e-01 2.932548761367797852e+00 -3.787260293960571289e+00 -3.288807392120361328e+00 -4.431127071380615234e+00 -5.712567567825317383e-01 4.423622131347656250e+00 4.521698951721191406e+00 -3.159779787063598633e+00 -7.429689168930053711e-01 4.828816950321197510e-01 -1.228501319885253906e+00
4.382903575897216797e-01 -3.152957439422607422e+00 -2.346533775329589844e+00 -1.478080272674560547e+00 1.319772958755493164e+00 -3.225969076156616211e+00 -3.179830074310302734e+00 -3.910755395889282227e+00 -3.045696020126342773e-01 3.148988485336303711e+00 2.832828998565673828e+00 -3.197535514831542969e+00 1.392272710800170898e+00 7.274588942527770996e-01 4.678985476493835449e-01
-4.652838706970214844e-01 8.875242620706558228e-02 -4.433533251285552979e-01 -3.779727220535278320e-01 -4.000022888183593750e+00 3.094484567642211914e+00 -4.596070766448974609e+00 -1.418831706047058105e+00 -3.748770952224731445e+00 3.474768161773681641e+00 1.860043883323669434e+00 -2.103162527084350586e+00 -2.182861566543579102e+00 -7.991369962692260742e-01 3.162286281585693359e+00
-1.089374184608459473e+00 6.591216325759887695e-01 -3.474681377410888672e+00 2.119340300559997559e-01 1.978146553039550781e+00 3.223931550979614258e+00 -2.888797283172607422e+00 -1.722365260124206543e+00 -5.195684432983398438e+00 1.104984402656555176e+00 3.295598506927490234e+00 1.479199290275573730e+00 -1.030399441719055176e+00 -4.353885173797607422e+00 -1.323101878166198730e+00
-3.783081293106079102e+00 1.419665575027465820e+00 -1.809644699096679688e-01 -2.091284245252609253e-01 3.436939954757690430e+00 1.955106139183044434e+00 -2.899484157562255859e+00 2.600954286754131317e-02 -1.488763213157653809e+00 1.634916782379150391e+00 5.207406997680664062e+00 -3.382146596908569336e+00 -1.850203514099121094e+00 -2.039488077163696289e+00 -4.235283851623535156e+00
-2.683457851409912109e+00 1.191992998123168945e+00 -3.963188886642456055e+00 -1.575463414192199707e+00 5.171836167573928833e-02 2.250221490859985352e+00 -4.956850051879882812e+00 -2.596919059753417969e+00 -3.053198099136352539e+00 2.773655176162719727e+00 4.297488689422607422e+00 1.497818231582641602e+00 -3.141782999038696289e+00 7.691391706466674805e-01 -6.238154172897338867e-01
3.705158948898315430e+00 -4.822066798806190491e-02 2.264042854309082031e+00 -1.633509755134582520e+00 4.286926686763763428e-01 -2.533069610595703125e+00 -4.290916442871093750e+00 8.688654005527496338e-02 1.856976389884948730e+00 1.832640647888183594e+00 -3.169451713562011719e+00 1.819090366363525391e+00 -4.307803630828857422e+00 3.094198703765869141e-01 -5.377884387969970703e+00
1.882015705108642578e+00 -5.347052574157714844e+00 1.293005108833312988e+00 -3.277915716171264648e+00 -3.738518953323364258e-01 -3.474593162536621094e+00 -1.757535099983215332e+00 1.251901865005493164e+00 -1.134483575820922852e+00 4.865652322769165039e-01 -2.096109688282012939e-01 2.976226806640625000e+00 -1.978579759597778320e+00 3.076792240142822266e+00 -3.307646512985229492e+00
1.118669748306274414e+00 4.805259108543395996e-01 -7.282730191946029663e-02 -2.070933341979980469e+00 -2.967678070068359375e+00 -1.765665054321289062e+00 -3.116699866950511932e-02 2.793280124664306641e+00 -3.891198039054870605e-01 3.620685577392578125e+00 -5.220022201538085938e+00 -2.543452262878417969e+00 5.210108757019042969e-01 2.578580856323242188e+00 -4.407539367675781250e+00
-1.616666436195373535e+00 1.084168076515197754e+00 1.305274963378906250e+00 3.521970033645629883e+00 -7.310908436775207520e-01 -2.131423473358154297e+00 -1.201582670211791992e+00 8.713483065366744995e-02 -1.910573005676269531e+00 2.016322135925292969e+00 -4.256611347198486328e+00 2.441846132278442383e+00 -1.532012939453125000e+00 -2.125659942626953125e+00 -4.435718536376953125e+00
1.995905280113220215e+00 -2.668808221817016602e+00 1.393974542617797852e+00 -4.765313625335693359e+00 1.085316061973571777e+00 -2.713396787643432617e+00 1.114311814308166504e+00 1.388986229896545410e+00 -4.176458835601806641e+00 1.642045736312866211e+00 -3.398912191390991211e+00 3.270460605621337891e+00 -1.391687631607055664e+00 7.383167743682861328e-01 -4.133353233337402344e+00
3.006427288055419922e+00 1.402155011892318726e-01 -8.710264563560485840e-01 8.777146339416503906e-01 7.648757100105285645e-01 -6.462807655334472656e+00 -1.028198719024658203e+00 2.963104724884033203e+00 5.940762162208557129e-01 -3.468697071075439453e-01 -2.840608119964599609e+00 1.209973335266113281e+00 4.094438552856445312e-01 -1.083933711051940918e+00 -5.603813171386718750e+00
-2.538934350013732910e-01 2.113903522491455078e+00 3.980044126510620117e+00 -1.179876208305358887e+00 -1.496990770101547241e-01 -1.140294313430786133e+00 -2.013655424118041992e+00 5.527032613754272461e-01 4.747058451175689697e-01 2.147849082946777344e+00 -3.268678426742553711e+00 -2.243640460073947906e-02 8.665075302124023438e-01 -4.911115169525146484e+00 -5.028636932373046875e+00
-1.151673913002014160e+00 -1.744086265563964844e+00 2.673032760620117188e+00 -8.115813136100769043e-01 3.332874298095703125e+00 -2.341974496841430664e+00 -3.653974294662475586e+00 5.315496921539306641e-01 -2.598145008087158203e+00 1.886397361755371094e+00 -3.588795423507690430e+00 3.710228681564331055e+00 3.364765167236328125e+00 -3.180996656417846680e+00 -3.752451419830322266e+00
2.818309545516967773e+00 -7.081862688064575195e-01 1.643622279167175293e+00 4.150754809379577637e-01 -1.554892897605895996e+00 -1.554241657257080078e+00 -5.078098297119140625e+00 -1.863817691802978516e+00 -1.496014833450317383e+00 5.716798305511474609e-01 -2.947773933410644531e+00 5.394920349121093750e+00 -4.654894769191741943e-01 1.548976898193359375e+00 -4.868663311004638672e+00
-1.754194736480712891e+00 -1.768330931663513184e+00 6.067597270011901855e-01 9.157142043113708496e-01 2.076525211334228516e+00 -2.018825054168701172e+00 -4.712378025054931641e+00 4.039849758148193359e+00 -1.756080150604248047e+00 -3.593055903911590576e-01 -3.242452144622802734e+00 -1.230759739875793457e+00 -5.632827877998352051e-01 3.123986005783081055e+00 -3.986864089965820312e+00
1.081642508506774902e+00 -1.505210101604461670e-01 2.570380687713623047e+00 -1.914152741432189941e+00 -1.886999964714050293e+00 -6.233186721801757812e+00 3.103848695755004883e+00 3.028773784637451172e+00 -1.098928451538085938e+00 9.587965607643127441e-01 -1.336906313896179199e+00 -5.841522812843322754e-01 -1.474944114685058594e+00 1.934253454208374023e+00 -4.962939739227294922e+00
1.633969098329544067e-01 -2.878498554229736328e+00 1.044240593910217285e+00 -3.457626581192016602e+00 4.635534286499023438e+00 -2.591539859771728516e+00 -2.682093620300292969e+00 1.109784603118896484e+00 -5.667834877967834473e-01 6.224519014358520508e-01 -2.389238595962524414e+00 7.621376514434814453e-01 4.107638835906982422e+00 -2.299572229385375977e+00 -4.196116924285888672e+00
-9.377273321151733398e-01 -4.349496364593505859e+00 5.081698894500732422e+00 -1.364110469818115234e+00 2.826864957809448242e+00 -3.865411758422851562e+00 4.538299739360809326e-01 1.829991817474365234e+00 7.792279124259948730e-01 1.832824707031250000e+00 -1.573453545570373535e+00 -4.227004945278167725e-02 -3.221323490142822266e+00 -1.165134191513061523e+00 -4.500443935394287109e+00
-1.498453974723815918e+00 2.110337495803833008e+00 4.958647727966308594e+00 -2.633117914199829102e+00 -9.710981249809265137e-01 -4.303690493106842041e-01 1.013804197311401367e+00 -7.574709057807922363e-01 -2.701639413833618164e+00 1.187330842018127441e+00 -2.587084293365478516e+00 1.225952625274658203e+00 -4.321104049682617188e+00 -1.163818597793579102e+00 -4.161929607391357422e+00
-3.147196292877197266e+00 7.470462322235107422e-01 3.116883277893066406e+00 1.250226497650146484e+00 -2.766532182693481445e+00 -3.462908744812011719e+00 -3.993620634078979492e+00 -6.775964498519897461e-01 -3.564535140991210938e+00 1.003346085548400879e+00 -8.717808127403259277e-01 2.196283578872680664e+00 2.079413414001464844e+00 2.368803501129150391e+00 -3.474822044372558594e+00
4.846720099449157715e-01 3.336421012878417969e+00 -8.712905049324035645e-01 -5.557761192321777344e+00 5.058314204216003418e-01 -3.223022699356079102e+00 -2.534593343734741211e+00 2.563359737396240234e+00 -2.103764057159423828e+00 1.328974366188049316e+00 -3.280822038650512695e+00 8.209691643714904785e-01 2.409399271011352539e+00 2.182348966598510742e+00 -3.697175025939941406e+00
-3.862037420272827148e+00 6.442453265190124512e-01 8.380619287490844727e-01 -1.942479133605957031e+00 6.047847867012023926e-01 -9.148921966552734375e-01 -6.177440881729125977e-01 9.247971773147583008e-01 -5.188987255096435547e+00 7.681744694709777832e-01 -2.278335571289062500e+00 1.320706844329833984e+00 3.632423639297485352e+00 -6.263228654861450195e-01 -2.876844406127929688e+00
-1.990823149681091309e-01 -1.179195404052734375e+00 1.561343073844909668e+00 1.100403666496276855e-01 8.751544952392578125e-01 2.695052027702331543e-01 -3.755350112915039062e+00 -4.312096834182739258e-01 -1.585697650909423828e+00 1.279139876365661621e+00 -5.985590934753417969e+00 -1.813079118728637695e-01 -1.726851344108581543e+00 4.794354438781738281e+00 -2.286073446273803711e+00
1.052329540252685547e+00 -2.100629091262817383e+00 1.701525092124938965e+00 -9.002927541732788086e-01 -2.692118406295776367e+00 -2.062543183565139771e-01 3.841537535190582275e-01 1.055815696716308594e+00 -2.635811567306518555e+00 5.286951065063476562e+00 -5.560575008392333984e+00 3.844178980216383934e-03 2.554330527782440186e-01 1.421232223510742188e+00 -5.367267131805419922e+00
-3.246851682662963867e+00 9.647215902805328369e-02 4.600558757781982422e+00 -8.959345817565917969e-01 1.793843746185302734e+00 -5.468397140502929688e+00 -1.278090238571166992e+00 -1.255783081054687500e+00 -1.494203090667724609e+00 -9.106929302215576172e-01 -8.527228832244873047e-01 1.136484026908874512e+00 -7.209783792495727539e-01 4.310596942901611328e+00 -4.484591484069824219e+00
3.555878400802612305e-01 1.474679231643676758e+00 1.535300135612487793e+00 -9.539418220520019531e-01 -1.527238965034484863e+00 2.337154388427734375e+00 -5.435987472534179688e+00 -2.237707853317260742e+00 8.580519556999206543e-01 -6.103520393371582031e+00 4.362082004547119141e+00 4.580497741699218750e-01 2.980297207832336426e-01 -1.121257781982421875e+00 -4.383234381675720215e-01
2.844914913177490234e+00 3.879077911376953125e+00 2.996806859970092773e+00 -1.072627782821655273e+00 -1.842314243316650391e+00 2.131325483322143555e+00 -3.297782897949218750e+00 -1.693947911262512207e+00 9.131061434745788574e-01 -6.520547389984130859e+00 -4.258341789245605469e-01 -1.751301646232604980e+00 -2.899987220764160156e+00 2.265198945999145508e+00 -6.169013977050781250e-01
1.586036920547485352e+00 2.640315890312194824e-01 -4.529968738555908203e+00 3.081569671630859375e-01 2.787890911102294922e+00 7.857238650321960449e-01 -4.333603382110595703e+00 2.472809143364429474e-02 3.863816738128662109e+00 -5.121161460876464844e+00 -2.945658862590789795e-01 -3.008839607238769531e+00 4.836869537830352783e-01 -2.522579669952392578e+00 2.040929317474365234e+00
2.343777179718017578e+00 2.376204967498779297e+00 -7.299185395240783691e-01 -2.442641973495483398e+00 1.481329798698425293e-01 -6.999861001968383789e-01 -4.263100147247314453e+00 2.247784376144409180e+00 1.375179171562194824e+00 -3.864596366882324219e+00 -4.333517074584960938e+00 -1.844965577125549316e+00 1.963248968124389648e+00 -3.337567806243896484e+00 1.623244524002075195e+00
1.217818856239318848e+00 -3.970194458961486816e-01 -2.832379817962646484e+00 -1.629436254501342773e+00 -3.051026105880737305e+00 -1.632629990577697754e+00 -3.495163917541503906e-01 -4.714243859052658081e-02 4.156044006347656250e+00 -4.119709968566894531e+00 4.872696876525878906e+00 -2.299936771392822266e+00 -2.986944198608398438e+00 -3.304539918899536133e+00 3.626365900039672852e+00
3.384291380643844604e-02 -2.407293558120727539e+00 3.525696098804473877e-01 3.321762561798095703e+00 -1.491530776023864746e+00 5.345096588134765625e-01 -4.556576728820800781e+00 -5.171679258346557617e-01 4.277633130550384521e-01 -4.839363098144531250e+00 2.795772552490234375e+00 -1.851274013519287109e+00 2.575917482376098633e+00 -2.738814949989318848e-01 -1.422227859497070312e+00
3.615023136138916016e+00 3.224416971206665039e+00 -2.177827835083007812e+00 1.689838647842407227e+00 -2.488760948181152344e+00 -1.478431105613708496e+00 -1.398858547210693359e+00 -1.950835883617401123e-01 1.300296902656555176e+00 -5.160357475280761719e+00 4.041388034820556641e-01 -1.246737018227577209e-01 -6.246488094329833984e+00 -7.288543581962585449e-01 1.444386720657348633e+00
1.207400321960449219e+00 1.651278257369995117e+00 -1.770474433898925781e+00 2.416800498962402344e+00 -4.526404380798339844e+00 -2.467874050140380859e+00 -1.228637456893920898e+00 2.907663106918334961e+00 1.456222891807556152e+00 -3.465876579284667969e+00 -1.970668584108352661e-01 -4.314522743225097656e+00 1.783342063426971436e-01 2.423243999481201172e+00 -1.855533123016357422e+00
-3.443865776062011719e-01 -2.179575443267822266e+00 2.231963157653808594e+00 -2.424309730529785156e+00 -3.489910364151000977e+00 -4.292180538177490234e+00 -2.986269950866699219e+00 1.745426177978515625e+00 1.997598171234130859e+00 -4.429913520812988281e+00 1.880982041358947754e+00 3.577331602573394775e-01 8.763753771781921387e-01 -1.381744384765625000e+00 3.704606771469116211e+00
-6.345342993736267090e-01 9.327890276908874512e-01 -2.603975772857666016e+00 -3.059690952301025391e+00 -2.028865814208984375e+00 -1.484367966651916504e+00 -3.518563508987426758e+00 -1.210394740104675293e+00 -2.898498773574829102e-01 -5.828991889953613281e+00 4.832228183746337891e+00 -5.581250190734863281e-01 3.877208471298217773e+00 1.340162396430969238e+00 1.169565200805664062e+00
2.156182289123535156e+00 -1.288491249084472656e+00 1.889555811882019043e+00 -1.008577823638916016e+00 -2.669473171234130859e+00 4.655264616012573242e-01 -3.325285911560058594e+00 5.885558724403381348e-01 3.635865688323974609e+00 -5.463191032409667969e+00 -2.373317003250122070e+00 -5.025330066680908203e+00 9.947211742401123047e-01 2.750520944595336914e+00 -8.123933672904968262e-01
1.278742909431457520e+00 -2.557435035705566406e+00 4.018360003829002380e-02 -2.491315364837646484e+00 -1.945863962173461914e+00 -8.537831902503967285e-01 -3.387656688690185547e+00 -1.226334095001220703e+00 6.439330577850341797e+00 -4.015033245086669922e+00 -3.739835619926452637e-01 -1.908123612403869629e+00 -2.388248205184936523e+00 3.344585895538330078e-01 2.795417308807373047e+00
1.812984108924865723e+00 -2.947739958763122559e-01 1.569266319274902344e+00 -1.273352652788162231e-01 1.977572143077850342e-01 2.899624824523925781e+00 -3.102180719375610352e+00 7.206776142120361328e-01 1.289766907691955566e+00 -3.677805185317993164e+00 -3.837372064590454102e+00 -2.499153852462768555e+00 -1.407407402992248535e+00 -1.904086709022521973e+00 8.477912545204162598e-01
-2.931114196777343750e+00 3.255872011184692383e+00 5.753878355026245117e-01 3.034262359142303467e-01 -3.610530138015747070e+00 -2.305438995361328125e+00 -4.023701667785644531e+00 -7.627868056297302246e-01 1.648747444152832031e+00 -4.344727039337158203e+00 6.013526320457458496e-01 -2.481245756149291992e+00 3.551901578903198242e-01 2.248076200485229492e+00 3.840704917907714844e+00
3.872041463851928711e+00 3.445650339126586914e+00 -3.896604061126708984e+00 -9.650731086730957031e-01 -7.956792116165161133e-01 -2.090907335281372070e+00 -1.819194436073303223e+00 -1.578843891620635986e-01 1.128508210182189941e+00 -6.539951801300048828e+00 4.792567491531372070e-01 8.325121402740478516e-01 -2.879848003387451172e+00 1.938233494758605957e+00 -7.531674504280090332e-01
3.423136949539184570e+00 9.264382123947143555e-01 -1.294702887535095215e-01 2.128952264785766602e+00 -1.684607267379760742e+00 -1.347872614860534668e+00 -4.982077598571777344e+00 3.062735319137573242e+00 4.487566649913787842e-01 -5.940459728240966797e+00 1.227347373962402344e+00 1.825497984886169434e+00 -4.499304890632629395e-01 -4.191149234771728516e+00 4.538475871086120605e-01
1.889204025268554688e+00 -4.565424621105194092e-01 -4.879909753799438477e-01 1.995955467224121094e+00 -2.242910385131835938e+00 -3.641046524047851562e+00 -4.291481971740722656e+00 3.626912117004394531e+00 7.250200212001800537e-02 -4.712600708007812500e+00 2.084658384323120117e+00 1.402689456939697266e+00 -2.193226814270019531e+00 -3.425267696380615234e+00 3.195410966873168945e+00
4.680815696716308594e+00 2.384626865386962891e-01 1.142862081527709961e+00 -6.331865787506103516e+00 -4.507642984390258789e-01 2.514028847217559814e-01 -2.714339494705200195e+00 9.775086492300033569e-02 2.744471788406372070e+00 -4.978820800781250000e+00 7.317014932632446289e-01 -2.553025722503662109e+00 3.065524399280548096e-01 9.400480240583419800e-02 -4.099504947662353516e-01
1.177026629447937012e+00 1.173678636550903320e+00 -1.593584060668945312e+00 3.160760641098022461e+00 -3.302547216415405273e+00 9.733994603157043457e-01 -2.330275774002075195e+00 3.009336948394775391e+00 -1.516731977462768555e+00 -6.207644462585449219e+00 2.519840717315673828e+00 -4.902754783630371094e+00 -5.294742584228515625e-01 -1.912452578544616699e-01 1.749552249908447266e+00
1.393695235252380371e+00 3.269228458404541016e+00 -3.035862922668457031e+00 -1.826646089553833008e+00 -1.488983154296875000e+00 4.343307018280029297e-01 -3.425820589065551758e+00 2.291073799133300781e+00 -8.676968216896057129e-01 -4.809306144714355469e+00 5.493381619453430176e-01 -2.815473556518554688e+00 5.422276020050048828e+00 -1.817989945411682129e+00 -4.757960438728332520e-01
3.252747297286987305e+00 -4.249010562896728516e+00 -4.454617500305175781e+00 1.561322689056396484e+00 -3.365235328674316406e-01 -7.146261334419250488e-01 4.327857494354248047e+00 -3.051893472671508789e+00 -1.126668453216552734e+00 9.832859635353088379e-01 -1.947955131530761719e+00 -7.730097770690917969e-01 7.597130537033081055e-01 -5.433678150177001953e+00 2.900860905647277832e-01
3.139085292816162109e+00 -2.067598700523376465e-01 2.345790714025497437e-01 6.547070145606994629e-01 -2.373554110527038574e-01 8.761456608772277832e-01 5.924582481384277344e+00 -4.230511188507080078e+00 4.584689736366271973e-01 -4.123631477355957031e+00 -1.596087932586669922e+00 -4.003593444824218750e+00 7.368267178535461426e-01 -2.965152025222778320e+00 -2.247083663940429688e+00
-2.716843843460083008e+00 -3.655711933970451355e-02 4.896121323108673096e-01 8.805649280548095703e-01 1.036096736788749695e-01 -4.503820419311523438e+00 3.185883522033691406e+00 -4.736217498779296875e+00 -5.525888800621032715e-01 -3.198962211608886719e-01 -3.043706655502319336e+00 -1.662803173065185547e+00 3.354486942291259766e+00 -5.157010555267333984e-01 3.999059677124023438e+00
-4.934303164482116699e-01 -4.856074333190917969e+00 2.651100397109985352e+00 -2.031583338975906372e-01 1.879333853721618652e+00 1.373140454292297363e+00 2.436154603958129883e+00 -5.004461765289306641e+00 -2.096596717834472656e+00 -3.411806106567382812e+00 1.295552134513854980e+00 2.399503707885742188e+00 1.500985860824584961e+00 -3.350795030593872070e+00 -1.546194553375244141e+00
2.392224967479705811e-01 -3.051920175552368164e+00 -9.259057044982910156e-02 3.926848411560058594e+00 -1.509336471557617188e+00 -2.054765462875366211e+00 3.824261426925659180e+00 -2.440226316452026367e+00 -3.552759170532226562e+00 4.647718966007232666e-01 -1.063212394714355469e+00 -6.088557243347167969e+00 2.697263479232788086e+00 2.003272175788879395e-01 5.926395058631896973e-01
-1.281304597854614258e+00 -1.775657415390014648e+00 3.585054278373718262e-01 1.012536406517028809e+00 4.835269153118133545e-01 -5.171380043029785156e+00 1.385402202606201172e+00 -5.704372406005859375e+00 2.141820907592773438e+00 9.184803813695907593e-02 -4.006294250488281250e+00 1.509342432022094727e+00 1.986919522285461426e+00 -1.318005204200744629e+00 2.504765748977661133e+00
-1.592068433761596680e+00 3.064770698547363281e+00 -4.864495992660522461e-01 2.458671569824218750e+00 -1.617360115051269531e+00 -4.265820980072021484e+00 2.045168161392211914e+00 -3.343432188034057617e+00 -1.649324655532836914e+00 -5.099891424179077148e-01 8.929597139358520508e-01 -6.067704558372497559e-01 1.999436497688293457e+00 -4.022582054138183594e+00 -1.149772167205810547e+00
3.784583091735839844e+00 -1.315582871437072754e+00 -3.949312865734100342e-01 3.355575799942016602e+00 1.596320629119873047e+00 -5.773820281028747559e-01 2.833834648132324219e+00 -4.277109622955322266e+00 -2.793555974960327148e+00 -2.737562656402587891e+00 -1.989368915557861328e+00 -3.164935827255249023e+00 4.141196310520172119e-01 1.338809609413146973e+00 -2.693851947784423828e+00
2.364259719848632812e+00 -1.372282862663269043e+00 -2.626038528978824615e-02 -2.059696167707443237e-01 -2.828198373317718506e-01 -9.886963367462158203e-01 2.585314512252807617e+00 -4.075090885162353516e+00 1.556108618387952447e-04 -5.160349369049072266e+00 -3.902741432189941406e+00 1.110380530357360840e+00 -3.599681258201599121e-01 -8.120173811912536621e-01 1.310956716537475586e+00
-1.625272035598754883e+00 -1.748720765113830566e+00 3.238676309585571289e+00 -1.413363218307495117e-01 -2.424805611371994019e-01 2.501367568969726562e+00 2.823891878128051758e+00 -3.193424940109252930e+00 -2.567028760910034180e+00 9.872735738754272461e-01 -2.970189571380615234e+00 -4.198509693145751953e+00 8.958597183227539062e-01 -4.619475364685058594e+00 2.991653680801391602e+00
-4.932890459895133972e-02 1.552338957786560059e+00 -3.564795732498168945e+00 -1.733527064323425293e+00 1.739658951759338379e+00 -3.092962801456451416e-01 2.493806123733520508e+00 -3.137947797775268555e+00 -2.121996641159057617e+00 -4.812939465045928955e-02 -3.673932552337646484e+00 -1.575272321701049805e+00 4.663478374481201172e+00 -4.901741504669189453e+00 5.224214196205139160e-01
-3.305979490280151367e+00 -4.529298543930053711e-01 -3.482399284839630127e-01 1.948097467422485352e+00 -3.208995759487152100e-01 -1.223340749740600586e+00 3.620619773864746094e+00 -2.975011587142944336e+00 -2.762442350387573242e+00 -5.558678627014160156e+00 1.704526305198669434e+00 -1.342433452606201172e+00 3.270462036132812500e+00 -3.458315432071685791e-01 9.881471991539001465e-01
1.217647910118103027e+00 -1.310146450996398926e-01 2.794213294982910156e+00 -2.123199701309204102e+00 -4.588754177093505859e+00 -3.153018951416015625e+00 4.198057174682617188e+00 -4.379943370819091797e+00 9.299440979957580566e-01 2.712685763835906982e-01 7.717974781990051270e-01 -1.803416609764099121e+00 2.785811185836791992e+00 -4.789012432098388672e+00 -1.449416279792785645e-01
-2.394801676273345947e-01 -2.910526514053344727e+00 2.553170680999755859e+00 -1.145845651626586914e+00 -1.130500555038452148e+00 1.313842177391052246e+00 2.110408782958984375e+00 -5.560025215148925781e+00 3.424308896064758301e-01 -8.036355376243591309e-01 -5.927001953125000000e+00 -1.911621689796447754e+00 6.264649033546447754e-01 7.196542620658874512e-01 3.102736711502075195e+00
9.191260933876037598e-01 -3.238058567047119141e+00 2.726742744445800781e+00 -2.085438966751098633e+00 -4.615506172180175781e+00 1.583651781082153320e+00 2.486280202865600586e+00 -2.678699731826782227e+00 -4.631591320037841797e+00 -8.210724592208862305e-01 -1.324389815330505371e+00 -7.277851551771163940e-02 1.355016469955444336e+00 -1.525338172912597656e+00 3.076918840408325195e+00
-3.235351085662841797e+00 1.608280688524246216e-01 1.208894371986389160e+00 5.462762355804443359e+00 -1.861966490745544434e+00 1.582113385200500488e+00 2.010420083999633789e+00 -5.053965568542480469e+00 -4.835014790296554565e-02 -1.767780900001525879e+00 -2.667224645614624023e+00 -1.240686893463134766e+00 1.832563757896423340e+00 -3.035936117172241211e+00 -1.996084928512573242e+00
7.383950948715209961e-01 -5.114670753479003906e+00 1.537923574447631836e+00 2.272333949804306030e-01 2.592659592628479004e-01 -2.700788974761962891e+00 4.118450641632080078e+00 -1.655155062675476074e+00 4.603559672832489014e-01 1.872398257255554199e+00 4.608118832111358643e-01 -3.685285806655883789e+00 3.826157152652740479e-01 -5.748289585113525391e+00 5.646685957908630371e-01
1.771687746047973633e+00 -1.814962148666381836e+00 -4.428795725107192993e-02 1.626005411148071289e+00 -1.963244199752807617e+00 -2.983863115310668945e+00 4.038655281066894531e+00 -4.182942867279052734e+00 -5.898481369018554688e+00 -1.090322732925415039e+00 -7.568019628524780273e-01 1.470759034156799316e+00 1.317938923835754395e+00 -2.298594713211059570e+00 2.756003379821777344e+00
-4.359771311283111572e-01 -1.119322061538696289e+00 4.224078655242919922e+00 7.783818840980529785e-01 3.283795118331909180e+00 -5.474587082862854004e-01 2.168081760406494141e+00 -4.682752132415771484e+00 -2.212484121322631836e+00 -1.929017901420593262e+00 1.526823520660400391e+00 -2.068682432174682617e+00 9.176916480064392090e-01 -5.310422420501708984e+00 2.370353192090988159e-01
1.306736469268798828e+00 -1.439395427703857422e+00 8.921035528182983398e-01 -8.773004412651062012e-01 -5.280453205108642578e+00 -3.504692316055297852e+00 3.155706644058227539e+00 -4.189552783966064453e+00 -4.255351543426513672e+00 -1.817729949951171875e+00 5.618057847023010254e-01 2.223072290420532227e+00 3.103353738784790039e+00 -5.741525888442993164e-01 8.534856438636779785e-01
