-1.863175481557846069e-01 -1.879315853118896484e+00 2.035747051239013672e+00 -1.185810923576354980e+00 -6.019242763519287109e+00 2.672342300415039062e+00 -2.326918840408325195e+00 1.754655361175537109e+00 -4.615727961063385010e-01 3.513073623180389404e-01 -1.841731905937194824e+00 -1.101928830146789551e+00 3.683381557464599609e+00 -1.139498233795166016e+00 -1.224411725997924805e+00
-2.399010419845581055e+00 4.916404485702514648e-01 -1.448256134986877441e+00 -2.138897657394409180e+00 -1.722813248634338379e+00 2.872140169143676758e+00 7.302195429801940918e-01 -2.107175111770629883e+00 2.342396497726440430e+00 1.633293509483337402e+00 5.442788600921630859e-01 -2.920950174331665039e+00 2.408785104751586914e+00 -4.662725448608398438e+00 -9.919208884239196777e-01
-3.730639696121215820e+00 -1.834938645362854004e+00 -1.244541645050048828e+00 -1.184719562530517578e+00 -3.307071924209594727e+00 4.446630001068115234e+00 -7.157266736030578613e-01 2.809373617172241211e+00 -2.095992803573608398e+00 3.675440073013305664e+00 -3.244159221649169922e-01 -2.342255592346191406e+00 2.228413522243499756e-02 1.496118903160095215e+00 -3.755656957626342773e+00
-1.561091303825378418e+00 -1.941904902458190918e+00 -1.579388737678527832e+00 -1.324693322181701660e+00 -4.379796028137207031e+00 4.469030380249023438e+00 -1.309262275695800781e+00 -6.425250768661499023e-01 -1.737610250711441040e-01 2.893569469451904297e+00 -2.428210496902465820e+00 7.152441143989562988e-01 4.697643280029296875e+00 -8.029071986675262451e-02 -1.640241026878356934e+00
-4.255600929260253906e+00 -1.118539571762084961e+00 2.021398305892944336e+00 -1.593853116035461426e+00 2.459441661834716797e+00 5.066768646240234375e+00 -1.261769413948059082e+00 8.408641815185546875e-01 -1.450396656990051270e+00 -3.158298015594482422e+00 -3.234652042388916016e+00 2.474034875631332397e-01 2.583260536193847656e+00 -1.304863929748535156e+00 -3.221081733703613281e+00
-4.076294898986816406e+00 -1.468243956565856934e+00 -3.476097881793975830e-01 -5.508347988128662109e+00 -2.073788642883300781e+00 4.255528450012207031e+00 1.129785418510437012e+00 1.614975810050964355e+00 -6.935259699821472168e-01 1.750578641891479492e+00 8.962478637695312500e-01 -2.250819921493530273e+00 2.247000217437744141e+00 -3.345223665237426758e+00 -1.100000858306884766e+00
-1.992289662361145020e+00 -8.200799822807312012e-01 -4.589028358459472656e-01 2.835482358932495117e-01 -1.999964952468872070e+00 2.515701293945312500e+00 -1.713497161865234375e+00 3.186783075332641602e+00 2.505783140659332275e-01 -2.428020715713500977e+00 1.246248483657836914e+00 -3.155191659927368164e+00 1.263784050941467285e+00 -1.084070086479187012e+00 -3.258474826812744141e+00
6.960356235504150391e-02 1.077154994010925293e+00 3.637475728988647461e+00 -2.372958421707153320e+00 -2.314644813537597656e+00 4.047572135925292969e+00 -1.809056878089904785e+00 1.002077221870422363e+00 4.341525137424468994e-01 1.057327166199684143e-01 -5.456507682800292969e+00 -3.658408164978027344e+00 -9.310749173164367676e-01 1.241092458367347717e-01 -2.417634487152099609e+00
-2.339843034744262695e+00 -2.690848827362060547e+00 7.642775177955627441e-01 -3.235360622406005859e+00 -8.818780183792114258e-01 4.177465438842773438e+00 1.384083747863769531e+00 -2.233808517456054688e+00 1.977545142173767090e+00 -3.095542192459106445e+00 7.746573686599731445e-01 -7.334462404251098633e-01 2.315749883651733398e+00 9.926890730857849121e-01 -5.128047943115234375e+00
-1.618976235389709473e+00 -2.791270613670349121e-01 1.455358266830444336e+00 -1.428675055503845215e+00 -1.923467218875885010e-01 4.262766361236572266e+00 -2.728899002075195312e+00 -5.050531387329101562e+00 -2.463111162185668945e+00 2.678139686584472656e+00 9.176539778709411621e-01 -6.210343241691589355e-01 1.992233037948608398e+00 -2.572444677352905273e+00 -2.375009536743164062e+00
-4.540144920349121094e+00 7.638040184974670410e-01 -9.200400710105895996e-01 -3.174728631973266602e+00 1.466838240623474121e+00 3.932603597640991211e+00 1.066306710243225098e+00 -1.673239842057228088e-02 2.870845079421997070e+00 -9.337895512580871582e-01 -3.897478342056274414e+00 5.921882390975952148e-01 2.328450441360473633e+00 -2.565441608428955078e+00 -2.653868198394775391e+00
-1.665052652359008789e+00 -1.528000712394714355e+00 9.520347118377685547e-01 1.303774952888488770e+00 1.636542677879333496e+00 4.451227188110351562e+00 -2.253093004226684570e+00 -3.249612092971801758e+00 -2.456816673278808594e+00 1.624812602996826172e+00 -1.709859132766723633e+00 3.689851760864257812e-01 1.751617550849914551e+00 -1.081303954124450684e+00 -5.379495143890380859e+00
-3.408413887023925781e+00 1.141777396202087402e+00 1.024937272071838379e+00 -4.445812702178955078e+00 -6.837992072105407715e-01 3.946437835693359375e+00 1.710023641586303711e+00 -2.508441925048828125e+00 -2.504344701766967773e+00 -5.763739347457885742e-01 -1.553597092628479004e+00 -1.579671740531921387e+00 8.313502669334411621e-01 2.512753963470458984e+00 -2.505522966384887695e+00
-1.180475950241088867e+00 -3.724886894226074219e+00 1.644102334976196289e+00 -1.529361903667449951e-01 -2.984399795532226562e-01 3.062944173812866211e+00 -1.624730706214904785e+00 2.787475347518920898e+00 -5.782437920570373535e-01 -4.847686737775802612e-02 -4.260097026824951172e+00 7.590999007225036621e-01 9.881256818771362305e-01 -1.980852842330932617e+00 -2.787045478820800781e+00
-5.588391423225402832e-01 -2.694243669509887695e+00 -1.010558843612670898e+00 -2.475178718566894531e+00 -1.920810341835021973e+00 3.206262350082397461e+00 -7.703718543052673340e-01 -1.262357831001281738e+00 2.220633268356323242e+00 1.168512821197509766e+00 -3.472102165222167969e+00 7.356241345405578613e-02 2.669321775436401367e+00 2.414110451936721802e-01 -1.494717597961425781e+00
-1.672116875648498535e+00 2.042494058609008789e+00 1.627742409706115723e+00 -2.110561132431030273e+00 -3.261991977691650391e+00 3.889356136322021484e+00 -1.840459108352661133e+00 -4.809267044067382812e+00 -1.897626519203186035e+00 -5.061440467834472656e-01 3.468761444091796875e+00 -1.845667958259582520e+00 1.432582378387451172e+00 -6.590383052825927734e-01 -2.216492414474487305e+00
-2.640713214874267578e+00 2.692287445068359375e+00 1.158660292625427246e+00 -2.326878547668457031e+00 -1.744265675544738770e+00 3.898118495941162109e+00 -5.837526321411132812e+00 4.767367616295814514e-02 -1.397615909576416016e+00 -1.031161993741989136e-01 1.960918903350830078e+00 -1.223793067038059235e-02 1.311750054359436035e+00 -1.831034064292907715e+00 -2.345565557479858398e+00
3.502121269702911377e-01 1.556553542613983154e-01 1.513738989830017090e+00 1.404549956321716309e+00 -9.804418087005615234e-01 4.485113620758056641e+00 -2.015816450119018555e+00 -1.758632183074951172e+00 -3.025474250316619873e-01 3.021847605705261230e-01 -4.676733493804931641e+00 -3.795101165771484375e+00 3.808202743530273438e+00 -1.893918395042419434e+00 -2.841037034988403320e+00
-8.849007487297058105e-01 -9.277098178863525391e-01 2.446253299713134766e+00 1.016667112708091736e-01 -4.264092147350311279e-01 3.836303234100341797e+00 6.308988928794860840e-01 -3.042356491088867188e+00 4.908912181854248047e-01 -6.644979715347290039e-01 4.295446276664733887e-01 -4.091776371002197266e+00 -1.342451691627502441e+00 -1.013349890708923340e+00 -5.733066558837890625e+00
-2.952374458312988281e+00 1.682933568954467773e-01 1.249596714973449707e+00 1.178320884704589844e+00 -3.086688756942749023e+00 4.494111061096191406e+00 -3.022619485855102539e+00 2.141874790191650391e+00 -1.817864626646041870e-01 3.742500543594360352e-01 3.056839406490325928e-01 -2.119928598403930664e+00 1.203411459922790527e+00 -1.092243313789367676e+00 -5.613644123077392578e+00
4.019847869873046875e+00 1.028538107872009277e+00 -1.783817052841186523e+00 -4.352446079254150391e+00 1.338086843490600586e+00 -9.334703087806701660e-01 -5.345102548599243164e-01 -4.595114707946777344e+00 1.430420517921447754e+00 1.451921105384826660e+00 -1.960671186447143555e+00 -1.687787532806396484e+00 -2.817010879516601562e+00 1.718749046325683594e+00 -1.802666783332824707e+00
-8.147193193435668945e-01 -8.888468146324157715e-01 -5.372014045715332031e+00 -3.562726259231567383e+00 6.441918015480041504e-02 -2.052751779556274414e+00 1.074695467948913574e+00 3.728588819503784180e-01 1.396685540676116943e-01 4.851819574832916260e-01 1.654230833053588867e+00 -2.769203186035156250e+00 1.269807070493698120e-01 3.465039730072021484e+00 8.906972408294677734e-01
2.313853263854980469e+00 -8.960856795310974121e-01 -6.198991775512695312e+00 -1.403046846389770508e+00 4.426609992980957031e+00 -5.011936426162719727e-01 -2.089747667312622070e+00 1.730082370340824127e-02 1.516412973403930664e+00 2.000890076160430908e-01 2.033516645431518555e+00 2.454736642539501190e-02 1.187386989593505859e+00 -1.633808493614196777e+00 -3.138743162155151367e+00
9.029504656791687012e-01 4.048022747039794922e+00 -2.360374450683593750e+00 -6.082271337509155273e-01 1.967689990997314453e+00 -3.086491584777832031e+00 -3.437521457672119141e+00 1.950979232788085938e+00 -1.835456341505050659e-01 1.700940012931823730e+00 -1.769928447902202606e-02 -2.879079818725585938e+00 -3.577193260192871094e+00 -2.373018264770507812e+00 -2.145974397659301758e+00
5.408314228057861328e+00 2.948350906372070312e-01 -3.800438880920410156e+00 -3.115260124206542969e+00 2.412678480148315430e+00 -1.416256308555603027e+00 -2.443025112152099609e+00 2.286979675292968750e+00 1.510414481163024902e+00 2.217570543289184570e+00 -3.119331598281860352e+00 -2.474729061126708984e+00 6.145225167274475098e-01 -2.058951854705810547e+00 -1.628834128379821777e+00
1.222613096237182617e+00 4.641414642333984375e+00 -3.150305509567260742e+00 -2.521900892257690430e+00 4.748120903968811035e-01 -5.367291927337646484e+00 -5.227375626564025879e-01 1.031170017085969448e-03 1.527254223823547363e+00 1.464049696922302246e+00 -1.797316670417785645e-01 -3.968570947647094727e+00 1.384685516357421875e+00 -4.914807081222534180e-01 -2.434271097183227539e+00
1.455105781555175781e+00 1.298390746116638184e+00 -4.561453342437744141e+00 -2.347497224807739258e+00 2.468511104583740234e+00 1.451626539230346680e+00 -4.022024631500244141e+00 1.214261174201965332e+00 -9.894762039184570312e-01 8.923037648200988770e-01 -1.535185456275939941e+00 -1.935054183006286621e+00 -3.155812263488769531e+00 8.371527791023254395e-01 1.144958138465881348e+00
3.643059432506561279e-01 9.192538261413574219e-01 -4.843043804168701172e+00 -3.134629726409912109e+00 2.496672868728637695e+00 -1.247059941291809082e+00 -2.141494989395141602e+00 3.062931895256042480e-01 1.360751867294311523e+00 1.219250321388244629e+00 2.852381229400634766e+00 7.560699582099914551e-01 -3.640747308731079102e+00 -1.811192512512207031e+00 9.465783238410949707e-01
2.735902547836303711e+00 2.613194704055786133e+00 -4.443404674530029297e+00 3.461926877498626709e-01 9.251459240913391113e-01 -1.573210716247558594e+00 3.112872503697872162e-02 -4.912999153137207031e+00 -1.519814610481262207e+00 2.391750574111938477e+00 -1.294701218605041504e+00 -1.789718151092529297e+00 2.319977045059204102e+00 -8.996136784553527832e-01 -2.862880945205688477e+00
2.875772714614868164e+00 -9.184879660606384277e-01 -5.830425739288330078e+00 -3.775428771972656250e+00 1.512112975120544434e+00 -2.170755147933959961e+00 6.257950067520141602e-01 -7.576295137405395508e-01 1.152889877557754517e-01 2.384986400604248047e+00 -1.668520808219909668e+00 -2.144903182983398438e+00 3.294490098953247070e+00 8.887084722518920898e-01 1.507696628570556641e+00
1.310092449188232422e+00 1.048698574304580688e-01 -3.401736497879028320e+00 -2.563718557357788086e+00 2.942513525485992432e-01 -2.033176183700561523e+00 -1.526707530021667480e+00 3.362752437591552734e+00 2.418096542358398438e+00 -7.811763286590576172e-01 -2.042650133371353149e-01 -4.131606578826904297e+00 -9.626153707504272461e-01 3.323208332061767578e+00 -2.925399303436279297e+00
1.217862129211425781e+00 1.121528029441833496e+00 -5.162879467010498047e+00 3.493068516254425049e-01 -1.363052487373352051e+00 -1.328469395637512207e+00 -3.973852634429931641e+00 1.606508135795593262e+00 2.760021924972534180e+00 1.473110914230346680e+00 -4.036100864410400391e+00 -1.192913770675659180e+00 4.177652001380920410e-01 4.079962372779846191e-01 -7.130540609359741211e-01
3.307840824127197266e+00 -1.529239296913146973e+00 -7.491502761840820312e+00 5.417636409401893616e-02 -1.161233186721801758e+00 1.150895118713378906e+00 -2.381720542907714844e+00 -1.335327982902526855e+00 1.249164104461669922e+00 1.598067283630371094e+00 1.708708524703979492e+00 -9.504698514938354492e-01 -1.031537294387817383e+00 8.807263970375061035e-01 1.080569267272949219e+00
3.133884370326995850e-01 4.668796539306640625e+00 -3.054688215255737305e+00 -2.117643833160400391e+00 4.095382213592529297e+00 -1.109964609146118164e+00 -1.681268334388732910e+00 -3.052330255508422852e+00 -2.031341075897216797e+00 2.576062977313995361e-01 -3.464489579200744629e-01 -2.000553607940673828e+00 -1.362578749656677246e+00 2.409978210926055908e-01 -2.149969339370727539e+00
2.443648815155029297e+00 1.669709384441375732e-01 -2.436323165893554688e+00 -1.955958604812622070e+00 1.651986837387084961e+00 -1.718471884727478027e+00 -4.567111015319824219e+00 -3.184707403182983398e+00 4.287982285022735596e-01 2.999099254608154297e+00 -2.419146299362182617e+00 2.492284059524536133e+00 -4.692882597446441650e-01 3.809201419353485107e-01 -2.979937791824340820e+00
2.799048423767089844e+00 6.391192674636840820e-01 -3.593008041381835938e+00 2.565101981163024902e-01 -1.801345586776733398e+00 -1.975608587265014648e+00 -4.593365669250488281e+00 -7.916187047958374023e-01 -2.571957349777221680e+00 2.235565423965454102e+00 1.188591241836547852e+00 -2.815133094787597656e+00 -2.579672634601593018e-01 3.402713775634765625e+00 -9.682692289352416992e-01
2.963851928710937500e+00 1.203081369400024414e+00 -3.715978384017944336e+00 -4.248812794685363770e-01 -3.924134969711303711e-01 -2.652315139770507812e+00 -3.856512069702148438e+00 -1.733479380607604980e+00 3.357299089431762695e+00 1.915602684020996094e+00 2.146368026733398438e+00 1.380501270294189453e+00 -5.141735672950744629e-01 -2.603940248489379883e+00 -2.915572166442871094e+00
-3.563675880432128906e-01 2.889470577239990234e+00 -4.119852542877197266e+00 -3.236582040786743164e+00 -6.286111474037170410e-01 -3.831758260726928711e+00 -5.846892595291137695e-01 -2.919956684112548828e+00 1.873095393180847168e+00 4.530273377895355225e-01 2.799238204956054688e+00 -1.402613878250122070e+00 1.120173811912536621e+00 3.639736652374267578e+00 -2.359177350997924805e+00
-5.627998709678649902e-01 4.097142696380615234e+00 -6.105873584747314453e+00 -3.045280218124389648e+00 -3.090762794017791748e-01 -2.206957817077636719e+00 -3.179479122161865234e+00 -6.067076921463012695e-01 -9.736680388450622559e-01 1.939905285835266113e+00 1.645087003707885742e+00 -3.096251189708709717e-01 9.808037281036376953e-01 2.340157747268676758e+00 2.030616044998168945e+00
1.365667343139648438e+00 1.879353404045104980e+00 -5.635631561279296875e+00 2.094863891601562500e+00 1.474635720252990723e+00 -4.790420234203338623e-01 2.582077383995056152e-01 -1.966665863990783691e+00 -1.364048123359680176e+00 1.321121096611022949e+00 -2.334890514612197876e-01 -3.232037305831909180e+00 1.654851198196411133e+00 -2.574666023254394531e+00 -1.930056691169738770e+00
2.021266222000122070e+00 -3.255851566791534424e-01 5.158162713050842285e-01 -7.173968553543090820e-01 -1.680637359619140625e+00 -3.967165350914001465e-01 1.542053341865539551e+00 8.565573692321777344e-01 -1.322104811668395996e+00 -3.907523155212402344e-01 3.081629037857055664e+00 1.435763716697692871e+00 -1.172364473342895508e+00 -6.904388427734375000e+00 -3.813127756118774414e+00
3.149231672286987305e+00 -2.140613794326782227e+00 -1.558020114898681641e-01 -4.985135495662689209e-01 -2.597980737686157227e+00 -1.784288287162780762e+00 2.372265338897705078e+00 1.585924863815307617e+00 -3.280215263366699219e+00 2.633461475372314453e+00 -3.999557197093963623e-01 3.270457029342651367e+00 -1.839590072631835938e+00 -2.607931375503540039e+00 -4.670399188995361328e+00
1.010250449180603027e+00 2.926422283053398132e-02 1.525438547134399414e+00 -4.117259025573730469e+00 -3.048978805541992188e+00 -3.144493818283081055e+00 3.469820261001586914e+00 1.451469063758850098e+00 7.603305578231811523e-01 -2.752602815628051758e+00 3.154491901397705078e+00 -1.891751527786254883e+00 -7.436773180961608887e-01 -3.179967880249023438e+00 -6.350668072700500488e-01
-5.731089115142822266e-01 -1.026313662528991699e+00 -2.780820608139038086e+00 2.929327487945556641e+00 -2.688515901565551758e+00 -1.133817881345748901e-01 2.357831478118896484e+00 1.405917167663574219e+00 -2.784250497817993164e+00 -1.962604671716690063e-01 1.533842086791992188e+00 4.212861537933349609e+00 -1.748097300529479980e+00 -3.068727016448974609e+00 -4.392488002777099609e+00
1.465531945228576660e+00 8.280149102210998535e-01 -2.507829189300537109e+00 -2.419785737991333008e+00 -3.572631120681762695e+00 1.019520878791809082e+00 1.407161355018615723e+00 4.766852378845214844e+00 -3.921690940856933594e+00 -3.437389612197875977e+00 6.240577697753906250e-01 9.624423384666442871e-01 -2.276375293731689453e+00 -5.168619155883789062e-01 2.054573297500610352e+00
3.412170171737670898e+00 -2.434906721115112305e+00 1.662750363349914551e+00 -2.582143783569335938e+00 6.040748357772827148e-01 6.606909632682800293e-02 2.087211847305297852e+00 3.587085306644439697e-01 -4.947659492492675781e+00 -1.603561639785766602e+00 3.172763109207153320e+00 1.891037672758102417e-01 -3.702536582946777344e+00 -1.351007819175720215e+00 -1.361074924468994141e+00
-1.724602878093719482e-01 7.633178830146789551e-01 1.392967104911804199e+00 -1.073580980300903320e+00 -1.319558501243591309e+00 -2.518054008483886719e+00 3.976295709609985352e+00 2.887009859085083008e+00 -3.418712854385375977e+00 1.947793722152709961e+00 -2.070917338132858276e-01 -1.335324645042419434e+00 -4.944346904754638672e+00 -4.679005146026611328e+00 -1.200810432434082031e+00
-1.168595790863037109e+00 1.523126006126403809e+00 -4.290965080261230469e+00 -9.564024806022644043e-01 -2.255579948425292969e+00 1.594795584678649902e+00 2.419643640518188477e+00 1.491582155227661133e+00 -9.439811706542968750e-01 -1.343942284584045410e+00 8.837531805038452148e-01 3.675882577896118164e+00 -2.562771797180175781e+00 -4.134322643280029297e+00 3.776582479476928711e-01
4.727443158626556396e-01 4.187677383422851562e+00 1.564900398254394531e+00 -1.230919617228209972e-03 -1.505445122718811035e+00 -7.042470574378967285e-01 2.326065063476562500e+00 2.091468811035156250e+00 -1.903275251388549805e+00 -4.116249561309814453e+00 1.283452749252319336e+00 -2.231829762458801270e-01 -4.016104221343994141e+00 -4.072656631469726562e+00 -3.173709869384765625e+00
-2.092942476272583008e+00 3.606035947799682617e+00 1.656495809555053711e+00 -6.579198837280273438e-01 -3.018007755279541016e+00 -2.844334840774536133e+00 3.168215990066528320e+00 -5.750297307968139648e-01 -2.995357751846313477e+00 -1.888105392456054688e+00 1.575043678283691406e+00 2.232771664857864380e-01 -1.632273197174072266e+00 -5.282161831855773926e-01 -3.219923257827758789e+00
-1.580324888229370117e+00 -2.844907343387603760e-01 -2.321943044662475586e-01 -3.143795728683471680e+00 -2.604051530361175537e-01 -1.347722411155700684e+00 5.830772876739501953e+00 2.373394250869750977e+00 -7.684589624404907227e-01 -2.334855318069458008e+00 6.306540369987487793e-01 1.387857794761657715e+00 -5.050419330596923828e+00 5.568013191223144531e-01 -3.719352722167968750e+00
-4.050691127777099609e+00 7.949418574571609497e-02 -2.214797735214233398e+00 8.363834619522094727e-01 -1.611006855964660645e+00 -7.933841347694396973e-01 3.120440721511840820e+00 3.195075690746307373e-01 -4.470778465270996094e+00 -7.690362334251403809e-01 2.791151046752929688e+00 1.453349828720092773e+00 -2.015835762023925781e+00 6.371290683746337891e-01 -1.116248726844787598e+00
3.990578889846801758e+00 -4.647619724273681641e-01 1.102651804685592651e-01 -1.333253622055053711e+00 -4.128688812255859375e+00 -1.796023726463317871e+00 2.998159527778625488e-01 1.351373940706253052e-01 -5.788201808929443359e+00 -8.819645643234252930e-01 2.434165239334106445e+00 2.338759899139404297e+00 7.777392864227294922e-01 -2.086756706237792969e+00 -1.028529763221740723e+00
-9.955096840858459473e-01 3.247934579849243164e-01 -8.624803423881530762e-01 -2.966978311538696289e+00 -8.739342093467712402e-01 -2.054543256759643555e+00 2.835154771804809570e+00 1.626187205314636230e+00 -3.112997055053710938e+00 5.231145620346069336e-01 -3.159551143646240234e+00 3.185278177261352539e+00 -3.589791774749755859e+00 1.905854225158691406e+00 -1.564243674278259277e+00
2.250163793563842773e+00 2.358827114105224609e+00 7.414654493331909180e-01 -4.624217033386230469e+00 -2.668558120727539062e+00 -1.221600770950317383e+00 1.744538187980651855e+00 2.591669797897338867e+00 -3.094031095504760742e+00 -1.779992103576660156e+00 -3.125437498092651367e+00 2.709339141845703125e+00 -2.246494054794311523e+00 7.489346861839294434e-01 -8.428939580917358398e-01
-4.244264960289001465e-01 -4.257759451866149902e-02 -2.292299509048461914e+00 -4.323531150817871094e+00 7.039516568183898926e-01 -1.324700474739074707e+00 3.402573347091674805e+00 4.933714866638183594e-01 -1.598572134971618652e+00 -4.482213020324707031e+00 3.252183437347412109e+00 3.878797531127929688e+00 -9.313723444938659668e-01 -1.478335499763488770e+00 -2.842379093170166016e+00
1.103772878646850586e+00 -2.439572095870971680e+00 -8.285412788391113281e-01 -1.387977361679077148e+00 -4.900921344757080078e+00 -1.361385583877563477e+00 2.498600006103515625e+00 4.121706485748291016e+00 -7.251879572868347168e-01 -1.439109325408935547e+00 -1.666602730751037598e+00 2.880633592605590820e+00 -1.658567547798156738e+00 1.862595528364181519e-01 -2.421493291854858398e+00
-1.271586179733276367e+00 4.151584804058074951e-01 -1.807345986366271973e+00 -1.733826160430908203e+00 -1.671041250228881836e+00 -2.564780712127685547e+00 2.958622217178344727e+00 2.494782447814941406e+00 -4.464566707611083984e+00 3.790123939514160156e+00 -1.062949419021606445e+00 8.618913292884826660e-01 -2.655721187591552734e+00 -1.091414093971252441e+00 -7.392892837524414062e-01
-4.685772657394409180e-01 -1.761832475662231445e+00 -1.693469285964965820e+00 -1.873694062232971191e+00 -1.927767038345336914e+00 -2.523519515991210938e+00 4.054746150970458984e+00 1.825478523969650269e-01 -3.407165765762329102e+00 -1.083214879035949707e+00 5.210921287536621094e+00 -1.637253046035766602e+00 -1.823083162307739258e+00 -2.359810322523117065e-01 -2.145696729421615601e-01
9.425700306892395020e-01 8.951228260993957520e-01 8.293700963258743286e-02 -2.415084838867187500e+00 -5.967825889587402344e+00 -2.128347635269165039e+00 2.013008117675781250e+00 4.170785903930664062e+00 -1.695466041564941406e-01 -1.854679465293884277e+00 1.547806382179260254e+00 8.224962651729583740e-02 -2.332997083663940430e+00 -4.205630779266357422e+00 1.529765605926513672e+00
1.097998768091201782e-01 -2.277618646621704102e+00 -9.699668735265731812e-02 2.961685180664062500e+00 3.671638011932373047e+00 -2.730769872665405273e+00 2.076549053192138672e+00 -3.332787990570068359e+00 -4.182297706604003906e+00 -2.217979907989501953e+00 -2.082588195800781250e+00 6.401666402816772461e-01 9.063717126846313477e-01 -2.028709411621093750e+00 -4.138753935694694519e-02
2.991277694702148438e+00 -3.032001733779907227e+00 5.796257257461547852e-01 3.690066814422607422e+00 1.064877152442932129e+00 -1.573789596557617188e+00 -8.319984078407287598e-01 -2.757475376129150391e+00 7.888934612274169922e-01 -4.180214881896972656e+00 -7.479191422462463379e-01 2.047833681106567383e+00 -2.920402288436889648e+00 -3.165405988693237305e-01 -3.316999912261962891e+00
1.985381603240966797e+00 5.780492424964904785e-01 1.337496995925903320e+00 2.358537912368774414e+00 2.122328758239746094e+00 -3.985920667648315430e+00 -5.394319891929626465e-01 -8.692144751548767090e-01 -2.336208581924438477e+00 -2.976348161697387695e+00 -6.156747817993164062e+00 8.869140148162841797e-01 6.548851132392883301e-01 1.402700543403625488e-01 -8.710179924964904785e-01
2.886674165725708008e+00 -2.130325555801391602e+00 -4.613785743713378906e-01 1.958793044090270996e+00 -1.965437650680541992e+00 -1.275712490081787109e+00 -4.099408388137817383e-01 -3.033619165420532227e+00 -1.212033271789550781e+00 -4.953666687011718750e+00 -3.709322690963745117e+00 1.266382575035095215e+00 -3.073146045207977295e-01 4.663851261138916016e+00 6.861045360565185547e-01
-1.042231678962707520e+00 -5.521380901336669922e-01 8.964725732803344727e-01 1.524672031402587891e+00 -2.603341102600097656e+00 -3.326865196228027344e+00 -8.005287647247314453e-01 -1.604179978370666504e+00 -6.602970957756042480e-01 -3.269638061523437500e+00 -4.939377307891845703e-02 1.491499662399291992e+00 2.418869733810424805e+00 -2.873321771621704102e+00 2.138809204101562500e+00
3.226665019989013672e+00 -8.661929965019226074e-01 6.689393520355224609e-01 2.514649152755737305e+00 9.702909588813781738e-01 -1.517260789871215820e+00 -2.621124871075153351e-02 -1.489820003509521484e+00 6.434237360954284668e-01 -3.891099929809570312e+00 -3.691594600677490234e+00 -3.287986665964126587e-02 -1.892572641372680664e+00 -5.256851196289062500e+00 3.277619123458862305e+00
-1.874090194702148438e+00 -4.013185977935791016e+00 1.226632356643676758e+00 -6.663873195648193359e-01 5.306915640830993652e-01 -1.808138608932495117e+00 -1.593362092971801758e-01 -4.492484092712402344e+00 1.945661008358001709e-01 -3.873605728149414062e+00 5.288292765617370605e-01 4.849050045013427734e+00 5.269753336906433105e-01 2.895134687423706055e-02 4.474738240242004395e-01
3.151341199874877930e+00 1.278956770896911621e+00 -1.703265786170959473e+00 2.400440931320190430e+00 -1.691215395927429199e+00 -1.030785679817199707e+00 -1.651179313659667969e+00 -2.280794858932495117e+00 1.047599315643310547e+00 -5.081916332244873047e+00 -3.812354087829589844e+00 -4.774081408977508545e-01 3.163071632385253906e+00 -1.519146442413330078e+00 1.039325952529907227e+00
-6.433785706758499146e-02 -2.587722539901733398e+00 -6.809783577919006348e-01 -8.744970709085464478e-02 2.002810716629028320e+00 -1.658694624900817871e+00 -2.306941986083984375e+00 -8.981917798519134521e-02 -3.123389244079589844e+00 -5.100768089294433594e+00 -3.080705106258392334e-01 8.006143569946289062e-01 5.088258743286132812e+00 -5.794759392738342285e-01 2.674613714218139648e+00
6.502234935760498047e-01 6.230549216270446777e-01 6.582977175712585449e-01 3.433343172073364258e+00 -3.745968103408813477e+00 -3.505658864974975586e+00 2.552136898040771484e+00 -2.755439996719360352e+00 -8.304113149642944336e-01 -4.293057441711425781e+00 -2.146601915359497070e+00 -1.671936511993408203e-01 6.304661631584167480e-01 -2.534107267856597900e-01 5.366926789283752441e-01
-6.593536734580993652e-01 8.519408106803894043e-01 2.982435822486877441e-01 1.513812184333801270e+00 -4.379879236221313477e-01 -2.609979629516601562e+00 3.345814704895019531e+00 -4.645772933959960938e+00 -3.626942634582519531e+00 -2.424820423126220703e+00 -2.744819402694702148e+00 9.736637473106384277e-01 1.355947613716125488e+00 -3.611199557781219482e-01 9.444665312767028809e-01
1.024644896388053894e-01 -1.590133458375930786e-01 1.030594468116760254e+00 1.768184781074523926e+00 4.436762332916259766e+00 -3.117854595184326172e+00 -2.018459558486938477e+00 -2.590102672576904297e+00 2.298096567392349243e-01 -4.152699947357177734e+00 -2.094085693359375000e+00 2.818045854568481445e+00 -1.257653594017028809e+00 -4.301778316497802734e+00 1.617358565330505371e+00
1.609604716300964355e+00 -1.818728685379028320e+00 -2.009064674377441406e+00 -9.108926653861999512e-01 6.172819137573242188e-01 1.681779026985168457e+00 -7.877507805824279785e-01 -3.008711814880371094e+00 -3.560273885726928711e+00 -4.231596946716308594e+00 -2.374181985855102539e+00 2.282075405120849609e+00 1.769126653671264648e+00 4.748353064060211182e-01 3.980861663818359375e+00
2.277123928070068359e+00 -3.289627313613891602e+00 1.019942045211791992e+00 4.180808067321777344e+00 -5.151765346527099609e-01 -4.127263545989990234e+00 -1.449863195419311523e+00 4.060600101947784424e-01 2.847977876663208008e-01 -5.313315391540527344e+00 -7.568902969360351562e-01 -5.846979022026062012e-01 2.182235240936279297e+00 -7.371215224266052246e-01 -2.548538446426391602e+00
2.322567462921142578e+00 -5.554882049560546875e+00 1.067353606224060059e+00 -6.246492266654968262e-01 2.294332742691040039e+00 -1.364708900451660156e+00 -8.483188152313232422e-01 -1.496071815490722656e+00 1.297229528427124023e+00 -3.818433046340942383e+00 -9.889628887176513672e-01 -2.274705916643142700e-01 1.688267469406127930e+00 -3.816863775253295898e+00 1.900999903678894043e+00
3.154493093490600586e+00 -2.549671173095703125e+00 -1.077984720468521118e-01 1.785950899124145508e+00 4.223987832665443420e-02 -9.145523309707641602e-01 -3.236478567123413086e+00 -5.163822770118713379e-01 1.520188301801681519e-01 -4.849161624908447266e+00 -2.276301145553588867e+00 3.024656295776367188e+00 -3.274649143218994141e+00 2.666700124740600586e+00 2.746944427490234375e-01
1.300054550170898438e+00 -1.641240000724792480e+00 -1.254104018211364746e+00 -3.407378196716308594e-01 -2.067841529846191406e+00 -5.290319323539733887e-01 -3.981935977935791016e-01 -4.600022792816162109e+00 3.778192520141601562e+00 -4.502071380615234375e+00 -1.481081962585449219e+00 3.020243883132934570e+00 1.210873246192932129e+00 -5.479632616043090820e-01 9.001503884792327881e-02
-1.954140782356262207e+00 2.394524812698364258e+00 3.120272457599639893e-01 3.298734188079833984e+00 -1.004785373806953430e-01 -2.914640665054321289e+00 -3.997342586517333984e+00 -2.975694239139556885e-01 -3.306593656539916992e+00 -5.032256603240966797e+00 -6.677144765853881836e-01 3.334271430969238281e+00 9.178180694580078125e-01 8.507607579231262207e-01 3.302664160728454590e-01
1.440316796302795410e+00 1.214973807334899902e+00 -7.370322346687316895e-01 1.102901577949523926e+00 1.745500564575195312e+00 -1.812148809432983398e+00 -3.016674995422363281e+00 -8.159771561622619629e-01 4.315018355846405029e-01 -6.245280742645263672e+00 -3.827181577682495117e+00 2.974977493286132812e+00 -2.268577337265014648e+00 -3.374835103750228882e-02 3.748811483383178711e+00
-1.815208435058593750e+00 1.363146863877773285e-02 -6.611194014549255371e-01 2.001668930053710938e+00 6.557439565658569336e-01 -2.823001861572265625e+00 -3.523704767227172852e+00 -2.803580522537231445e+00 1.948481917381286621e+00 -5.001911640167236328e+00 1.359384655952453613e+00 3.663974523544311523e+00 2.323113203048706055e+00 -9.123637080192565918e-01 -1.569655299186706543e+00
-3.532853841781616211e+00 -1.245331406593322754e+00 1.573822379112243652e+00 2.921783924102783203e+00 4.733451902866363525e-01 -1.170704007148742676e+00 -1.518448591232299805e+00 5.610153079032897949e-01 2.668885946273803711e+00 -2.727572441101074219e+00 1.285276651382446289e+00 -3.573850393295288086e+00 -5.274050235748291016e+00 9.571802616119384766e-01 4.323222041130065918e-01
-4.080309391021728516e+00 -4.389524936676025391e+00 -8.466166853904724121e-01 2.527061939239501953e+00 -1.105968475341796875e+00 2.010236233472824097e-01 -5.033537745475769043e-01 -2.411030977964401245e-01 1.361874103546142578e+00 -4.316086769104003906e-01 -4.428384304046630859e+00 -1.847237110137939453e+00 -5.394969582557678223e-01 4.329123020172119141e+00 2.372835397720336914e+00
-3.341280698776245117e+00 -1.471921443939208984e+00 1.229920864105224609e+00 -5.988432168960571289e-01 8.530982732772827148e-01 -3.121817350387573242e+00 7.308642864227294922e-01 1.610997438430786133e+00 3.880633711814880371e-01 3.088411092758178711e-01 -2.222976446151733398e+00 -2.880592346191406250e+00 -4.695230960845947266e+00 2.083691805601119995e-01 2.145126104354858398e+00
-2.339332580566406250e+00 -9.537664055824279785e-01 3.803366720676422119e-01 1.419750928878784180e+00 -4.099997043609619141e+00 9.317314028739929199e-01 -3.760887682437896729e-01 -8.906635046005249023e-01 3.619459152221679688e+00 -1.942044854164123535e+00 4.831001758575439453e-01 -2.154209136962890625e+00 -4.292109012603759766e+00 -6.190171837806701660e-01 2.490721940994262695e+00
-4.804287910461425781e+00 -1.586689949035644531e+00 -8.405408263206481934e-01 2.862926483154296875e+00 6.134810447692871094e-01 -2.146403789520263672e+00 -1.549275159835815430e+00 -1.687223762273788452e-01 -3.356395244598388672e+00 3.683779001235961914e+00 -2.343148708343505859e+00 -3.689782857894897461e+00 3.842034637928009033e-01 1.519436597824096680e+00 3.571334362030029297e+00
-3.070070981979370117e+00 -2.553752183914184570e+00 1.477357506752014160e+00 4.377820193767547607e-01 -3.750391960144042969e+00 -4.164951801300048828e+00 -1.827100634574890137e+00 8.700545877218246460e-02 -1.324051767587661743e-01 2.864837884902954102e+00 1.286899566650390625e+00 -2.734689712524414062e+00 -2.879073917865753174e-01 -1.730811595916748047e+00 4.687605857849121094e+00
-3.559227943420410156e+00 -4.986702442169189453e+00 3.258518576622009277e-01 8.543625473976135254e-02 3.567439556121826172e+00 -2.985138416290283203e+00 -5.212774872779846191e-01 1.483665466308593750e+00 1.525220155715942383e+00 4.394504427909851074e-01 2.358034849166870117e-01 -3.515877723693847656e+00 -2.069312095642089844e+00 3.998067378997802734e-01 1.048802256584167480e+00
-3.565639972686767578e+00 -2.317098379135131836e+00 2.545610189437866211e+00 -2.328095197677612305e+00 3.517263412475585938e+00 8.412475585937500000e-01 -2.853249073028564453e+00 -3.719256162643432617e+00 -2.013881802558898926e-01 5.962812900543212891e-01 -1.089388132095336914e+00 -1.606888771057128906e+00 -2.927202701568603516e+00 8.474684357643127441e-01 2.924624204635620117e+00
-2.954339265823364258e+00 -6.219486713409423828e+00 -1.510817259550094604e-01 1.843920111656188965e+00 -3.412730455398559570e+00 -5.366430617868900299e-03 -1.271542787551879883e+00 -7.231714725494384766e-01 1.943385362625122070e+00 2.122915387153625488e-01 1.938444852828979492e+00 -2.120270252227783203e+00 -1.119176864624023438e+00 2.974660396575927734e-01 4.294327259063720703e+00
-3.021064519882202148e+00 -3.697700500488281250e+00 7.412446737289428711e-01 -1.634400486946105957e+00 -1.646791815757751465e+00 -5.682430267333984375e-01 5.297487378120422363e-01 -5.023576259613037109e+00 2.705689430236816406e+00 2.489569187164306641e+00 5.589622259140014648e-01 -5.203611850738525391e-01 -4.324441432952880859e+00 -2.596662193536758423e-02 3.644311666488647461e+00
-1.735962390899658203e+00 -2.570422410964965820e+00 1.065554380416870117e+00 -2.660377264022827148e+00 8.326447010040283203e-02 5.699453353881835938e-01 -9.799246191978454590e-01 -3.715238809585571289e+00 -1.202363967895507812e+00 -1.863530725240707397e-01 1.874325275421142578e+00 -1.039297461509704590e+00 -3.149152755737304688e+00 2.297167539596557617e+00 2.240200042724609375e+00
-2.959098577499389648e+00 -6.169582843780517578e+00 2.202484607696533203e+00 -1.265020132064819336e+00 1.371209263801574707e+00 -1.368982195854187012e+00 -4.141091823577880859e+00 1.684355020523071289e+00 7.171135544776916504e-01 7.460659146308898926e-01 9.447905421257019043e-01 -2.798655986785888672e+00 -9.617754817008972168e-01 1.015498280525207520e+00 2.268572568893432617e+00
-2.285066604614257812e+00 -1.188572049140930176e+00 -1.279807686805725098e+00 -4.280458390712738037e-01 -1.334405392408370972e-01 1.525465607643127441e+00 1.202507495880126953e+00 -3.526612997055053711e+00 -2.563674926757812500e+00 2.083320856094360352e+00 -4.721263945102691650e-01 -2.116607666015625000e+00 -3.203261375427246094e+00 -4.669748842716217041e-01 4.148311614990234375e+00
-4.263379096984863281e+00 -3.418521642684936523e+00 5.584931969642639160e-01 2.333418607711791992e+00 -5.719835758209228516e-01 -4.699040353298187256e-01 -4.800711631774902344e+00 -2.862462997436523438e-01 -7.474775314331054688e-01 7.703409194946289062e-01 3.101121485233306885e-01 -2.352247834205627441e-01 -2.229792118072509766e+00 3.460642337799072266e+00 1.875831246376037598e+00
-4.507203102111816406e+00 3.946754932403564453e-01 2.625278711318969727e+00 2.745026051998138428e-01 1.998853921890258789e+00 -2.305877923965454102e+00 -1.726802825927734375e+00 -3.728799819946289062e+00 1.509161144495010376e-01 2.113198280334472656e+00 -3.924620389938354492e+00 -1.614472031593322754e+00 -2.345687389373779297e+00 1.197361424565315247e-01 1.325138688087463379e+00
-2.908370971679687500e+00 -1.973361134529113770e+00 -5.397330522537231445e-01 1.152419924736022949e+00 -4.965783059597015381e-01 -3.586679697036743164e+00 8.838196396827697754e-01 -2.460079908370971680e+00 3.126039743423461914e+00 8.440652489662170410e-01 -9.283480644226074219e-01 -3.215406894683837891e+00 -9.466225504875183105e-01 2.919267177581787109e+00 -2.663815021514892578e-02
-3.732401609420776367e+00 -2.774937629699707031e+00 2.730579137802124023e+00 -3.541322648525238037e-01 -1.694745063781738281e+00 -3.942286729812622070e+00 -4.336666107177734375e+00 7.824164628982543945e-01 4.876763522624969482e-01 3.338241577148437500e+00 -1.678243517875671387e+00 -7.484525442123413086e-01 -9.135379195213317871e-01 7.965476512908935547e-01 3.315952539443969727e+00
-4.441481113433837891e+00 1.359820127487182617e+00 -1.118310332298278809e+00 4.864606857299804688e+00 6.431290507316589355e-01 2.632490992546081543e-01 -3.169062137603759766e+00 -2.919649362564086914e+00 -1.486472785472869873e-01 1.083878993988037109e+00 -6.374702453613281250e-01 -3.122697591781616211e+00 -2.254162788391113281e+00 -6.490404605865478516e-01 2.445988893508911133e+00
-5.033356189727783203e+00 -1.943552047014236450e-01 -2.834416031837463379e-01 4.833554267883300781e+00 1.462854146957397461e+00 -2.181456089019775391e+00 -5.416663885116577148e-01 -1.433814048767089844e+00 1.078491210937500000e+00 1.091546297073364258e+00 -1.856375694274902344e+00 -5.708010673522949219e+00 -1.799761503934860229e-01 -5.344761610031127930e-01 1.457597017288208008e+00
-3.488765478134155273e+00 -1.233583807945251465e+00 -1.558247208595275879e+00 1.681564450263977051e+00 -1.533316612243652344e+00 1.715476155281066895e+00 2.591818571090698242e+00 -3.395404338836669922e+00 9.581196308135986328e-01 6.441301107406616211e-01 -1.513040423393249512e+00 -3.324377775192260742e+00 -3.030365943908691406e+00 1.924914598464965820e+00 3.545074224472045898e+00
