-1.088983774185180664e+00
-9.150168895721435547e-01
-4.869384765625000000e-01
-6.192521452903747559e-01
-8.856730461120605469e-01
-6.491724848747253418e-01
-7.542252540588378906e-01
-1.058796167373657227e+00
-3.339157402515411377e-01
-5.437972545623779297e-01
-8.176708817481994629e-01
-8.309261798858642578e-01
-7.919732928276062012e-01
-1.011516332626342773e+00
-8.517436385154724121e-01
-6.725268363952636719e-01
-9.417218565940856934e-01
-1.008803009986877441e+00
-4.689707159996032715e-01
-8.207946419715881348e-01
-8.213000893592834473e-01
-8.191912770271301270e-01
-2.042694985866546631e-01
-4.192177653312683105e-01
-4.067461490631103516e-01
-6.299776434898376465e-01
-3.472946286201477051e-01
-6.666000485420227051e-01
-4.842255711555480957e-01
-5.389171838760375977e-01
-3.651644587516784668e-01
-9.671326875686645508e-01
-5.344807505607604980e-01
-9.748424887657165527e-01
-7.808772921562194824e-01
-6.741239428520202637e-01
-7.077767252922058105e-01
-6.235771775245666504e-01
-7.711625099182128906e-01
-6.232731938362121582e-01
-8.203341960906982422e-01
-6.176795959472656250e-01
-7.015211582183837891e-01
-6.597341895103454590e-01
-7.659246027469635010e-02
-4.869739711284637451e-01
-1.488990336656570435e-01
-5.175971388816833496e-01
-8.505051732063293457e-01
-7.083451151847839355e-01
-7.407237291336059570e-01
-4.562777280807495117e-01
-8.851999640464782715e-01
-3.349353373050689697e-01
-7.526990771293640137e-01
-7.413758039474487305e-01
-7.441759705543518066e-01
-2.200824022293090820e-01
-7.803176045417785645e-01
-4.537328779697418213e-01
-6.776760220527648926e-01
-8.922407031059265137e-01
-7.574450373649597168e-01
-6.113095283508300781e-01
-7.692183256149291992e-01
-4.215082228183746338e-01
-5.189699530601501465e-01
-9.948219060897827148e-01
-8.365406990051269531e-01
-8.211293816566467285e-01
-6.369574069976806641e-01
-8.300744891166687012e-01
-9.482701420783996582e-01
-6.219902038574218750e-01
-5.581786036491394043e-01
-9.997090101242065430e-01
-8.997545242309570312e-01
-5.855027437210083008e-01
-8.367665410041809082e-01
-8.629889488220214844e-01
-9.342444539070129395e-01
-4.897253215312957764e-01
-6.159139871597290039e-01
-5.155877470970153809e-01
-1.116968750953674316e+00
-2.547685503959655762e-01
-6.553450822830200195e-01
-9.893261790275573730e-01
-5.111030936241149902e-01
-4.465951323509216309e-01
-1.054607748985290527e+00
-5.463332533836364746e-01
-7.478520274162292480e-01
-4.357106983661651611e-01
-7.686046361923217773e-01
-6.551705598831176758e-01
-4.879578948020935059e-01
-7.084252834320068359e-01
-6.273957490921020508e-01
-6.595243215560913086e-01
