3.324748948216438293e-02
2.516692876815795898e-01
2.886609872803092003e-03
-9.493728727102279663e-02
-3.004732169210910797e-02
1.637087315320968628e-01
8.569639176130294800e-03
1.160811334848403931e-01
-2.357024401426315308e-01
8.786030858755111694e-02
4.055121913552284241e-02
1.170901465229690075e-03
2.134129703044891357e-01
4.544275999069213867e-02
1.411951184272766113e-01
2.935656607151031494e-01
-4.240912199020385742e-02
-1.317277550697326660e-01
5.256318673491477966e-02
-1.119790077209472656e-01
1.271858811378479004e-01
3.524407371878623962e-02
-5.758084356784820557e-02
8.885988593101501465e-02
-1.993780881166458130e-01
-1.001813113689422607e-01
1.595812439918518066e-01
1.216718927025794983e-01
-1.186168938875198364e-01
-1.070458739995956421e-01
-4.192530363798141479e-02
5.800652131438255310e-02
