2.329247631132602692e-02
1.085368990898132324e-01
9.324038028717041016e-02
2.523186244070529938e-02
-1.048588007688522339e-02
3.014700114727020264e-01
1.620930135250091553e-01
-7.486569136381149292e-02
1.865431070327758789e-01
1.708683669567108154e-01
-3.077387437224388123e-02
8.322740346193313599e-02
5.458536371588706970e-02
6.752988696098327637e-02
1.651392430067062378e-01
6.983940489590167999e-03
-1.227849628776311874e-03
6.877908110618591309e-02
1.707619726657867432e-01
-5.932480469346046448e-02
2.502416968345642090e-01
1.798557192087173462e-01
-5.068735778331756592e-02
-8.413602411746978760e-02
-5.198547616600990295e-03
-2.558846212923526764e-02
1.422102153301239014e-01
4.675908014178276062e-02
2.070529162883758545e-01
-8.634404838085174561e-02
1.250050961971282959e-02
2.788927853107452393e-01
