4.854397475719451904e-02
1.144802719354629517e-01
-1.912638545036315918e-01
5.357781052589416504e-02
-2.209984362125396729e-01
2.106086313724517822e-01
7.011647336184978485e-03
2.670668959617614746e-01
-4.384430125355720520e-02
6.306433677673339844e-02
-4.895731061697006226e-02
-1.364394575357437134e-01
1.676949858665466309e-01
-1.226123273372650146e-01
-4.452260583639144897e-02
-4.624298959970474243e-02
3.752765432000160217e-02
-6.960970163345336914e-02
1.248096674680709839e-01
1.424854695796966553e-01
5.465590581297874451e-02
-9.142470546066761017e-03
-1.589241623878479004e-01
-1.329501569271087646e-01
-1.992763876914978027e-01
-1.058859154582023621e-01
5.944573506712913513e-02
2.143398225307464600e-01
9.926367551088333130e-02
-2.159517705440521240e-01
-1.241967268288135529e-02
2.961929440498352051e-01
2.485291361808776855e-01
