-1.182652777060866356e-03
5.171478167176246643e-02
9.560165926814079285e-03
5.157470330595970154e-02
2.107324078679084778e-02
-3.113729879260063171e-02
9.350661188364028931e-02
3.204524889588356018e-02
-2.938110940158367157e-02
1.306632161140441895e-01
9.647270292043685913e-02
-5.314504355192184448e-02
-5.909194797277450562e-02
6.352474540472030640e-02
-7.911923527717590332e-02
1.582928150892257690e-01
2.128307707607746124e-02
2.038855403661727905e-01
-6.659558415412902832e-02
5.881191417574882507e-02
-2.556798234581947327e-02
1.053979322314262390e-01
1.760976947844028473e-02
6.689421832561492920e-02
1.374712884426116943e-01
-1.187668144702911377e-01
3.168823942542076111e-02
2.998988144099712372e-02
7.172040641307830811e-03
9.671630710363388062e-02
1.616638600826263428e-01
-5.642969906330108643e-02
-4.024910181760787964e-02
1.483332132920622826e-03
