-3.600537180900573730e-01
-5.036228895187377930e-01
-3.627784550189971924e-01
-4.704384803771972656e-01
-7.085756659507751465e-01
-4.788727760314941406e-01
-6.020516157150268555e-01
-4.771350622177124023e-01
-2.558019757270812988e-01
-3.880380690097808838e-01
-1.897899508476257324e-01
-3.284034132957458496e-01
-7.288134694099426270e-01
-2.082537710666656494e-01
-4.158698022365570068e-01
-4.620398879051208496e-01
-1.561297625303268433e-01
-4.390708804130554199e-01
-3.861373066902160645e-01
-3.463149666786193848e-01
-6.813117265701293945e-01
-3.825265765190124512e-01
-6.128930449485778809e-01
-2.493661046028137207e-01
-4.110771119594573975e-01
-3.809814155101776123e-01
-6.151864528656005859e-01
-4.401558637619018555e-01
-4.760809242725372314e-01
-2.929579615592956543e-01
-7.119645476341247559e-01
-5.164538025856018066e-01
-4.051283299922943115e-01
-6.750642061233520508e-01
-6.779735088348388672e-01
-4.553305208683013916e-01
-1.117078214883804321e-01
-6.393033266067504883e-01
-4.639529585838317871e-01
-1.286121457815170288e-01
-3.689329624176025391e-01
-4.659017622470855713e-01
-4.669978618621826172e-01
-1.894027441740036011e-01
-6.816759109497070312e-01
-5.176306962966918945e-01
-2.933571934700012207e-01
-5.564360618591308594e-01
-3.936812877655029297e-01
-3.788145482540130615e-01
-4.041211605072021484e-01
-4.895281791687011719e-01
-2.917395532131195068e-01
-2.465587407350540161e-01
-4.806345999240875244e-01
-2.127151638269424438e-01
-3.376419544219970703e-01
-4.462920427322387695e-01
-6.105381250381469727e-01
-5.501825213432312012e-01
-3.510649800300598145e-01
-1.854984760284423828e-01
-5.142286419868469238e-01
-9.190981388092041016e-01
-2.903817296028137207e-01
-4.666074216365814209e-01
-5.511143803596496582e-01
-2.061253488063812256e-01
-4.128755629062652588e-01
-3.098955750465393066e-01
-6.064385175704956055e-01
-8.153241872787475586e-01
-6.426131129264831543e-01
-7.985767722129821777e-01
-4.278564751148223877e-01
-6.150574088096618652e-01
-4.099726378917694092e-01
-3.965464532375335693e-01
-5.917094945907592773e-01
-4.317953586578369141e-01
-2.268622517585754395e-01
-6.281107068061828613e-01
-6.895790696144104004e-01
-4.988665580749511719e-01
-5.965065360069274902e-01
-1.237478405237197876e-01
-2.797923088073730469e-01
-3.334192633628845215e-01
-4.371820986270904541e-01
-1.157278418540954590e-01
-6.574613451957702637e-01
-5.542351007461547852e-01
-3.637632429599761963e-01
-5.528964400291442871e-01
-3.551976382732391357e-01
-5.129071474075317383e-01
-6.395065784454345703e-01
-6.203963160514831543e-01
-1.116900518536567688e-01
-4.129745066165924072e-01
