1.834068596363067627e-01
1.348031219094991684e-02
5.011139512062072754e-01
4.552384465932846069e-02
8.330314420163631439e-03
-1.475635170936584473e-02
-1.798415742814540863e-02
1.630428284406661987e-01
2.533989548683166504e-01
-1.731280833482742310e-01
1.461599320173263550e-01
-8.411537110805511475e-02
2.342697381973266602e-01
1.220746710896492004e-01
-9.828336536884307861e-02
1.980332881212234497e-01
-9.591419249773025513e-02
-2.097839415073394775e-01
1.904791593551635742e-01
1.148729398846626282e-01
-8.020129799842834473e-02
2.797602713108062744e-01
-1.211429834365844727e-01
1.985144428908824921e-02
-1.293103098869323730e-01
9.353607892990112305e-02
3.301293030381202698e-02
3.150113224983215332e-01
1.049924641847610474e-01
1.507459394633769989e-02
5.818764865398406982e-02
-1.129777636379003525e-02
