-5.218176841735839844e-01
-7.574405074119567871e-01
-4.387989044189453125e-01
-1.773481816053390503e-01
-1.860316991806030273e-01
-3.337273597717285156e-01
-4.354610443115234375e-01
-3.693849742412567139e-01
-4.543136656284332275e-01
-5.903867483139038086e-01
-7.035510540008544922e-01
-5.196879506111145020e-01
-6.006723642349243164e-01
-2.588930726051330566e-01
-3.341747522354125977e-01
-3.382152915000915527e-01
-5.422378778457641602e-01
-5.533424615859985352e-01
-6.392046213150024414e-01
-4.292505681514739990e-01
-5.566281676292419434e-01
-5.551405549049377441e-01
-5.290083289146423340e-01
-5.348218679428100586e-01
-2.028492093086242676e-01
-5.863004326820373535e-01
-5.461061596870422363e-01
-3.374630212783813477e-01
-6.289061903953552246e-01
-4.564786255359649658e-01
-5.205802321434020996e-01
-3.113238811492919922e-01
-3.617803156375885010e-01
-6.147868037223815918e-01
-1.826616525650024414e-01
-5.643642544746398926e-01
-3.392833769321441650e-01
-4.733555912971496582e-01
-5.112301707267761230e-01
-5.880933403968811035e-01
-1.824166178703308105e-01
-3.171115219593048096e-01
-1.935510486364364624e-01
-2.903827428817749023e-01
-4.663792252540588379e-01
-3.744336664676666260e-01
-1.696852445602416992e-01
-2.246746718883514404e-01
-1.196159347891807556e-01
-1.403124630451202393e-01
-1.460583508014678955e-01
-2.086170017719268799e-01
-1.050368174910545349e-01
-3.040457963943481445e-01
-2.657152116298675537e-01
-2.275714576244354248e-01
-4.203304350376129150e-01
-2.228680849075317383e-01
-1.934787631034851074e-01
-2.424315810203552246e-01
-1.889783889055252075e-01
-1.701250523328781128e-01
-3.710612058639526367e-01
-6.405897736549377441e-01
-5.204809904098510742e-01
-4.618830680847167969e-01
-2.957783639430999756e-01
-4.032143056392669678e-01
-5.941331982612609863e-01
-4.407055377960205078e-01
-8.922754526138305664e-01
-3.006124496459960938e-01
-2.754660546779632568e-01
-3.514420986175537109e-01
-3.594639599323272705e-01
-5.639128088951110840e-01
-4.897823929786682129e-01
-3.161575496196746826e-01
-4.664101172238588333e-03
-4.730280339717864990e-01
-1.841968894004821777e-01
-2.691345810890197754e-01
-3.080888986587524414e-01
-3.624703288078308105e-01
-1.857261061668395996e-01
-3.207708895206451416e-01
-3.257536292076110840e-01
-2.758917808532714844e-01
-1.270160824060440063e-01
-3.675182759761810303e-01
-5.897435545921325684e-01
-1.944369971752166748e-01
-1.734592318534851074e-01
-5.589445233345031738e-01
-2.775054872035980225e-01
-2.382214367389678955e-01
-4.346424639225006104e-01
-8.995657414197921753e-02
-4.365983903408050537e-01
-2.355266809463500977e-01
