-7.496278285980224609e-01
-4.093464016914367676e-01
-7.017328739166259766e-01
-9.606851935386657715e-01
-5.631032586097717285e-01
-4.059625267982482910e-01
-7.853461503982543945e-01
-6.088131666183471680e-01
-7.790715694427490234e-01
-9.092779755592346191e-01
-6.843577623367309570e-01
-6.596638560295104980e-01
-7.317070960998535156e-01
-7.079653143882751465e-01
-1.152658939361572266e+00
-9.200727939605712891e-01
-4.508979618549346924e-01
-3.616033494472503662e-01
-4.945828318595886230e-01
-7.747400999069213867e-01
-7.086719870567321777e-01
-8.008784651756286621e-01
-6.474135518074035645e-01
-8.074789643287658691e-01
-5.205723047256469727e-01
-5.043637156486511230e-01
-5.421907901763916016e-01
-6.765108108520507812e-01
-4.630134403705596924e-01
-6.443259716033935547e-01
-4.859654605388641357e-01
-1.877297013998031616e-01
-7.462885975837707520e-01
-3.888701200485229492e-01
-8.318120241165161133e-01
-7.512723803520202637e-01
-8.829930424690246582e-01
-3.648276031017303467e-01
-1.000261306762695312e+00
-8.485101461410522461e-01
-7.563997507095336914e-01
-3.038553893566131592e-01
-8.288522958755493164e-01
-1.057993412017822266e+00
-8.290570974349975586e-01
-5.960210561752319336e-01
-6.252188682556152344e-01
-5.497976541519165039e-01
-6.542112827301025391e-01
-6.819363236427307129e-01
-6.543723940849304199e-01
-7.913619875907897949e-01
-8.319993615150451660e-01
-9.542968869209289551e-01
-2.255917042493820190e-01
-1.059035658836364746e+00
-5.231563448905944824e-01
-9.245861172676086426e-01
-9.004983901977539062e-01
-1.004856705665588379e+00
-7.397984266281127930e-01
-7.043623924255371094e-01
-5.888301730155944824e-01
-8.963038921356201172e-01
-1.006458997726440430e+00
-6.531761288642883301e-01
-7.699735164642333984e-01
-9.960107803344726562e-01
-7.860111594200134277e-01
-6.615907549858093262e-01
-1.043162822723388672e+00
-4.846411049365997314e-01
-3.953897655010223389e-01
-8.222072720527648926e-01
-6.739472746849060059e-01
-6.755622625350952148e-01
-2.125303894281387329e-01
-5.524790287017822266e-01
-7.908023595809936523e-01
-3.855547606945037842e-01
-5.179616808891296387e-01
-7.901811599731445312e-01
-6.651116609573364258e-01
-8.402563929557800293e-01
-6.428084969520568848e-01
-9.153277873992919922e-01
-1.045073390007019043e+00
-7.567502856254577637e-01
-5.433739423751831055e-01
-5.861610770225524902e-01
-7.173796296119689941e-01
-7.521093487739562988e-01
-3.435359001159667969e-01
-1.110740184783935547e+00
-9.212808609008789062e-01
-6.895434260368347168e-01
-4.689036309719085693e-01
-5.451289415359497070e-01
-5.792325735092163086e-01
-7.591731548309326172e-01
