7.844665646553039551e-02
-8.127754926681518555e-02
-1.153196841478347778e-01
3.943993523716926575e-02
1.465222686529159546e-01
1.260354816913604736e-01
-3.970982506871223450e-02
1.662061661481857300e-01
-1.201392337679862976e-01
3.928779363632202148e-01
6.349135190248489380e-02
2.629074454307556152e-01
1.295503824949264526e-01
-7.377640157938003540e-02
-9.617679566144943237e-02
9.340003132820129395e-02
-3.936794400215148926e-02
-5.290084332227706909e-02
3.982000797986984253e-02
6.385832279920578003e-02
-6.274715065956115723e-02
1.017126888036727905e-01
-1.099033355712890625e-01
2.766021490097045898e-01
6.769040971994400024e-02
1.589236855506896973e-01
4.977155476808547974e-03
2.562759630382061005e-02
-6.096792221069335938e-02
1.829986646771430969e-02
3.727358207106590271e-02
-2.618268877267837524e-02
