-9.295760095119476318e-02
-1.195292770862579346e-01
1.620552986860275269e-01
1.177636012434959412e-01
1.075594499707221985e-01
1.918414980173110962e-01
-7.996338419616222382e-03
1.992591619491577148e-01
-1.157313659787178040e-01
-5.536612495779991150e-02
-8.351005613803863525e-02
-1.693817377090454102e-01
7.036544382572174072e-02
7.031232118606567383e-02
-5.433336645364761353e-02
8.291161060333251953e-02
-1.561145186424255371e-01
2.222420424222946167e-01
-1.842034757137298584e-01
6.533662229776382446e-02
-8.843066543340682983e-02
6.934264302253723145e-02
9.415631182491779327e-03
1.069208532571792603e-01
-4.022916033864021301e-02
1.904297769069671631e-01
1.115861386060714722e-01
2.981470525264739990e-01
-8.598366379737854004e-02
2.686199173331260681e-02
1.598076336085796356e-02
3.645432367920875549e-02
5.047848075628280640e-02
-1.065911725163459778e-01
