-6.298828721046447754e-01
-3.638075888156890869e-01
-4.330408573150634766e-01
-6.278416514396667480e-01
-3.385211527347564697e-01
-2.994504868984222412e-01
-4.037889540195465088e-01
-3.656131625175476074e-01
-5.394928455352783203e-01
-5.866417884826660156e-01
-2.766541540622711182e-01
-4.299801290035247803e-01
-6.875883936882019043e-01
-6.846708059310913086e-01
-7.807304263114929199e-01
-3.795003592967987061e-01
-1.011504173278808594e+00
-1.925997063517570496e-02
-2.549984157085418701e-01
-6.076691150665283203e-01
-6.140046715736389160e-01
-6.774634718894958496e-01
-8.248834013938903809e-01
-7.636346220970153809e-01
-6.884872913360595703e-01
-7.009150385856628418e-01
-4.625659883022308350e-01
-8.967334032058715820e-01
-6.387143731117248535e-01
-6.239148378372192383e-01
-7.866322398185729980e-01
-4.347651302814483643e-01
-6.546398997306823730e-01
-4.725988805294036865e-01
-6.974973082542419434e-01
-7.809016108512878418e-01
-5.405682325363159180e-01
-6.399199962615966797e-01
-3.518525362014770508e-01
-6.721335053443908691e-01
-7.424716353416442871e-01
-4.814428091049194336e-01
-4.484719634056091309e-01
-5.118988156318664551e-01
-4.827886223793029785e-01
-7.085644006729125977e-01
-6.128718852996826172e-01
-9.710077047348022461e-01
-4.349082410335540771e-01
-6.924424767494201660e-01
-4.944315552711486816e-01
-8.589059114456176758e-01
-3.900666832923889160e-01
-3.142066597938537598e-01
-6.956621408462524414e-01
-6.564520597457885742e-01
-4.338733851909637451e-01
-8.430252075195312500e-01
-6.718264818191528320e-01
-3.232939541339874268e-01
-6.418465375900268555e-01
-5.423229932785034180e-01
-4.027709364891052246e-01
-3.403657078742980957e-01
-5.579843521118164062e-01
-5.437312722206115723e-01
-7.478348016738891602e-01
-8.817865848541259766e-01
-7.118700146675109863e-01
-4.513040482997894287e-01
-7.776077985763549805e-01
-7.998856306076049805e-01
-4.306359589099884033e-01
-7.372773885726928711e-01
-4.911198318004608154e-01
-3.999102413654327393e-01
-3.136331140995025635e-01
-2.930903434753417969e-01
-5.618008375167846680e-01
-4.186750352382659912e-01
-7.636360526084899902e-01
-5.459098219871520996e-01
-8.318088650703430176e-01
-6.918774843215942383e-01
-7.388595342636108398e-01
-6.552413105964660645e-01
-5.481966733932495117e-01
-7.100228071212768555e-01
-9.014968872070312500e-01
-6.261979341506958008e-01
-8.437449932098388672e-01
-8.119613528251647949e-01
-1.023707509040832520e+00
-6.530148983001708984e-01
-4.144128561019897461e-01
-6.652346849441528320e-01
-5.935568809509277344e-01
-2.563256621360778809e-01
-5.822138190269470215e-01
-6.112769842147827148e-01
