-3.872136771678924561e-01
-6.220016479492187500e-01
-9.392039775848388672e-01
-7.738450169563293457e-01
-1.846235245466232300e-01
-3.163797855377197266e-01
-7.932836413383483887e-01
-5.538063645362854004e-01
-8.715902566909790039e-01
-5.149911642074584961e-01
-3.854681551456451416e-01
-1.187110900878906250e+00
-7.415222525596618652e-01
-7.571011185646057129e-01
-6.692956089973449707e-01
-9.766012430191040039e-01
-9.250560998916625977e-01
-5.764272212982177734e-01
-1.296239614486694336e+00
-7.434546947479248047e-01
-8.569608330726623535e-01
-1.047441005706787109e+00
-6.881062388420104980e-01
-4.650423824787139893e-01
-4.020208120346069336e-01
-5.880608558654785156e-01
-7.329179048538208008e-01
-7.589851617813110352e-01
-5.002183318138122559e-01
-1.027430891990661621e+00
-1.052543640136718750e+00
-1.262593120336532593e-01
-9.908584356307983398e-01
-3.781978785991668701e-01
-2.600156366825103760e-01
-7.854300141334533691e-01
-7.202608585357666016e-01
-9.004245996475219727e-01
-8.640335202217102051e-01
-6.070055961608886719e-01
-7.923533916473388672e-01
-4.541824460029602051e-01
-7.106596827507019043e-01
-5.831154584884643555e-01
-6.121554374694824219e-01
-9.956991672515869141e-01
-1.099079132080078125e+00
-4.359398186206817627e-01
-7.289630174636840820e-01
-1.138072013854980469e+00
-6.632076501846313477e-01
-5.864930748939514160e-01
-6.910777091979980469e-01
-9.606437683105468750e-01
-9.395153522491455078e-01
-8.742101192474365234e-01
-7.814528942108154297e-01
-8.057363033294677734e-01
-3.184378445148468018e-01
-5.460362434387207031e-01
-1.102179288864135742e+00
-9.580093622207641602e-01
-1.071034073829650879e+00
-5.447947978973388672e-01
-4.090597331523895264e-01
-1.517863422632217407e-01
-2.367589920759201050e-01
-5.361659526824951172e-01
-1.334977626800537109e+00
-9.168323278427124023e-01
-8.811252117156982422e-01
-5.727883577346801758e-01
-9.169423580169677734e-01
-8.977343440055847168e-01
-5.566254854202270508e-01
-7.475560307502746582e-01
-9.505664706230163574e-01
-2.709045112133026123e-01
-1.190697669982910156e+00
-1.015576124191284180e+00
-6.828449368476867676e-01
-9.659642577171325684e-01
-8.600842952728271484e-01
-5.953153967857360840e-01
-5.212840437889099121e-01
-4.023692011833190918e-01
-7.724002599716186523e-01
-8.033496141433715820e-01
-1.110424518585205078e+00
-5.726054310798645020e-01
-7.482709288597106934e-01
-5.177273154258728027e-01
-1.010593295097351074e+00
-6.976912021636962891e-01
-8.534748554229736328e-01
-1.120395660400390625e+00
-4.773795902729034424e-01
-7.932408452033996582e-01
-1.257680416107177734e+00
-7.546269893646240234e-01
