-3.494348376989364624e-02
-1.795054879039525986e-03
-1.059464588761329651e-01
2.756895422935485840e-01
-4.152316600084304810e-02
-1.102700605988502502e-01
-7.588265836238861084e-02
1.241618301719427109e-02
6.413019727915525436e-03
2.330360375344753265e-02
1.279723942279815674e-01
3.274986892938613892e-02
9.325303137302398682e-02
2.613558471202850342e-01
-5.779092013835906982e-02
-3.534248471260070801e-02
1.182975433766841888e-02
8.415142446756362915e-02
-8.634686470031738281e-02
1.008267924189567566e-01
-8.598175644874572754e-02
1.895129382610321045e-01
-1.838993164710700512e-03
2.842673100531101227e-02
2.100508511066436768e-01
3.246031105518341064e-01
-5.889322608709335327e-02
-1.507406979799270630e-01
-8.782679587602615356e-02
-1.047230586409568787e-01
3.386038839817047119e-01
-1.281546205282211304e-01
9.260030090808868408e-02
