1.201683375984430313e-02
-1.335744857788085938e-01
2.262021750211715698e-01
2.295847833156585693e-01
1.180866211652755737e-01
-1.409816294908523560e-01
-9.140849113464355469e-02
1.694047152996063232e-01
-1.806411892175674438e-01
3.970850259065628052e-02
-4.772490262985229492e-02
1.614246368408203125e-01
-7.246726751327514648e-02
-1.198108941316604614e-01
2.188848145306110382e-02
1.110201105475425720e-01
-9.478700160980224609e-02
1.287247836589813232e-01
2.601996622979640961e-02
1.449967175722122192e-01
2.287499755620956421e-01
-1.077206134796142578e-01
-5.394526757299900055e-03
4.266638457775115967e-01
-1.042597219347953796e-01
3.309670835733413696e-02
-9.128835797309875488e-02
-3.811923563480377197e-01
1.557356268167495728e-01
9.030666202306747437e-02
1.207705400884151459e-02
8.603121340274810791e-02
2.462890371680259705e-02
-2.953428030014038086e-01
