-5.859957933425903320e-01
-8.680570125579833984e-01
-7.639321684837341309e-01
-9.621823430061340332e-01
-5.597997903823852539e-01
-8.738169670104980469e-01
-7.036806344985961914e-01
-6.384022235870361328e-01
-6.502313613891601562e-01
-6.324259638786315918e-01
-4.663862287998199463e-01
-9.830361604690551758e-01
-6.683912873268127441e-01
-6.115822792053222656e-01
-8.883484601974487305e-01
-6.038953661918640137e-01
-8.663843870162963867e-01
-3.837255239486694336e-01
-8.405179381370544434e-01
-8.788312077522277832e-01
-4.036990404129028320e-01
-6.187147498130798340e-01
-8.862085938453674316e-01
-5.377681851387023926e-01
-4.941686987876892090e-01
-3.094827532768249512e-01
-3.543982505798339844e-01
-3.364098966121673584e-01
-2.761292159557342529e-01
-7.312850356101989746e-01
-4.303505718708038330e-01
-3.452409803867340088e-01
-5.401939749717712402e-01
-3.098227679729461670e-01
-4.398843646049499512e-01
-7.897450327873229980e-01
-2.974800467491149902e-01
-3.455120921134948730e-01
-7.535707950592041016e-01
-4.638745486736297607e-01
-5.150730013847351074e-01
-5.411413311958312988e-01
-6.408208608627319336e-01
-1.065503001213073730e+00
-9.863036274909973145e-01
-5.553297996520996094e-01
-3.997316062450408936e-01
-1.014553546905517578e+00
-5.435311198234558105e-01
-5.201258659362792969e-01
-4.289898574352264404e-01
-6.969165802001953125e-01
-9.896182417869567871e-01
-9.769772291183471680e-01
-5.653688907623291016e-01
-1.136489629745483398e+00
-5.700306296348571777e-01
-7.838367223739624023e-01
-4.312054514884948730e-01
-9.060445427894592285e-01
-7.481474876403808594e-01
-5.173335671424865723e-01
-7.252214550971984863e-01
-4.574854671955108643e-01
-5.855188965797424316e-01
-8.190147876739501953e-01
-6.657292842864990234e-01
-5.882634520530700684e-01
-7.191680669784545898e-01
-7.058252692222595215e-01
-4.369808435440063477e-01
-3.681157529354095459e-01
-6.707320213317871094e-01
-5.578473210334777832e-01
-5.908304452896118164e-01
-4.600104391574859619e-01
-6.512713432312011719e-01
-5.644162893295288086e-01
-7.300318479537963867e-01
-7.286520004272460938e-01
-6.036893129348754883e-01
-4.633853733539581299e-01
-4.344030320644378662e-01
-4.969298839569091797e-01
-8.071802854537963867e-01
-7.282016277313232422e-01
-8.447071313858032227e-01
-7.794448137283325195e-01
-7.074310183525085449e-01
-8.014302849769592285e-01
-6.852049827575683594e-01
-9.324830174446105957e-01
-5.585682392120361328e-01
-6.918677091598510742e-01
-6.212019920349121094e-01
-3.522988557815551758e-01
-9.469803571701049805e-01
-3.706780672073364258e-01
-1.022807240486145020e+00
-5.979706048965454102e-01
