2.542424201965332031e-01
2.535459585487842560e-02
-3.593555092811584473e-02
-2.867965772747993469e-02
6.562067568302154541e-02
2.731168866157531738e-01
-2.510265074670314789e-02
5.271717440336942673e-03
6.695427000522613525e-02
3.864996880292892456e-02
-7.557325065135955811e-02
5.514845252037048340e-02
2.478265017271041870e-01
-8.175034075975418091e-02
1.571624875068664551e-01
-3.733017668128013611e-02
-9.396731853485107422e-03
-9.050137549638748169e-02
-1.032965853810310364e-01
-1.676913797855377197e-01
-2.411898225545883179e-02
2.914291806519031525e-02
1.215458363294601440e-01
1.350850914604961872e-03
8.393428474664688110e-02
1.586642563343048096e-01
1.396515071392059326e-01
-1.596341878175735474e-01
1.196425780653953552e-01
1.026078462600708008e-01
-1.624305844306945801e-01
-4.207706451416015625e-02
-6.217618286609649658e-02
-1.767965406179428101e-01
