4.407375678420066833e-02
-7.006146758794784546e-02
1.431329995393753052e-01
2.728996574878692627e-01
-4.877629876136779785e-02
-1.408492922782897949e-01
1.888911277055740356e-01
2.468689531087875366e-02
-4.685606434941291809e-02
-7.998503744602203369e-03
9.396183304488658905e-03
-4.484446346759796143e-02
1.203978136181831360e-01
1.210995614528656006e-01
1.353359371423721313e-01
8.672170341014862061e-02
2.043693214654922485e-01
7.957753539085388184e-02
-5.699392780661582947e-02
3.049461729824542999e-02
2.034745514392852783e-01
-1.801251322031021118e-01
1.203156560659408569e-01
-6.702083349227905273e-02
-1.779418438673019409e-01
6.349855568259954453e-03
6.382971256971359253e-02
9.559998661279678345e-02
1.187406629323959351e-01
2.167768180370330811e-01
1.252972334623336792e-01
1.364392042160034180e-01
7.824064791202545166e-02
