-4.808146655559539795e-01
-9.920493364334106445e-01
-3.829602301120758057e-01
-6.701084971427917480e-01
-6.675252914428710938e-01
-7.472409605979919434e-01
-6.663717031478881836e-01
-8.084884285926818848e-01
-2.507441639900207520e-01
-5.932318568229675293e-01
-3.460192084312438965e-01
-7.412529587745666504e-01
-3.156637847423553467e-01
-7.353644371032714844e-01
-6.619979739189147949e-01
-2.326317727565765381e-01
-9.088386297225952148e-01
-4.690798521041870117e-01
-4.232563376426696777e-01
-9.073851108551025391e-01
-9.665138721466064453e-01
-2.453206032514572144e-01
-5.430549979209899902e-01
-4.514299631118774414e-01
-6.372479200363159180e-01
-4.769354164600372314e-01
-6.672958731651306152e-01
-8.840985894203186035e-01
-1.198847174644470215e+00
-3.206315934658050537e-01
-5.377362966537475586e-01
-8.889876008033752441e-01
-3.739613592624664307e-01
-5.712283253669738770e-01
-5.486225485801696777e-01
-8.488348126411437988e-01
-3.748080730438232422e-01
-6.269015669822692871e-01
-9.402709007263183594e-01
-6.610310673713684082e-01
-7.689411044120788574e-01
-4.665850698947906494e-01
-9.801765084266662598e-01
-9.666098356246948242e-01
-4.893527626991271973e-01
-7.463318705558776855e-01
-4.420865178108215332e-01
-6.901324987411499023e-01
-1.059063792228698730e+00
-4.301561415195465088e-01
-7.848399877548217773e-01
-6.368618607521057129e-01
-7.688156366348266602e-01
-7.046087980270385742e-01
-9.410708546638488770e-01
-8.254381418228149414e-01
-7.390327453613281250e-01
-1.061035990715026855e+00
-4.505636692047119141e-01
-6.613121032714843750e-01
-1.131996035575866699e+00
-7.494517564773559570e-01
-6.592942476272583008e-01
-9.145942926406860352e-01
-1.049559473991394043e+00
-7.817122936248779297e-01
-7.570002079010009766e-01
-4.021086990833282471e-01
-9.553185701370239258e-01
-8.970044255256652832e-01
-6.163576245307922363e-01
-5.020940303802490234e-01
-6.696795821189880371e-01
-7.549928426742553711e-01
-9.596111774444580078e-01
-6.816862225532531738e-01
-9.415164589881896973e-01
-5.930207967758178711e-01
-8.421689867973327637e-01
-1.176666021347045898e+00
-8.421550989151000977e-01
-7.905794382095336914e-01
-6.453810334205627441e-01
-7.817505598068237305e-01
-4.182569086551666260e-01
-7.596333026885986328e-01
-6.357150673866271973e-01
-6.732484698295593262e-01
-5.970165133476257324e-01
-5.471089482307434082e-01
-8.896234631538391113e-01
-3.878516256809234619e-01
-4.846710264682769775e-01
-7.423999309539794922e-01
-9.227226376533508301e-01
-4.634081125259399414e-01
-8.084216117858886719e-01
-6.185339093208312988e-01
-5.710319280624389648e-01
-4.957199096679687500e-01
