-3.591543436050415039e-01
-4.700272977352142334e-01
-2.599736154079437256e-01
-4.707261025905609131e-01
-2.151783257722854614e-01
-6.890359520912170410e-01
-3.093146979808807373e-01
-3.088234066963195801e-01
-4.722996056079864502e-01
-3.735216259956359863e-01
-4.162350594997406006e-01
-6.352890133857727051e-01
-3.081161081790924072e-01
-7.285542488098144531e-01
-9.133053421974182129e-01
-5.688992738723754883e-01
-5.140463709831237793e-01
-4.309738874435424805e-01
-4.252782762050628662e-01
-3.864051103591918945e-01
-3.381493091583251953e-01
-4.777064621448516846e-01
-3.091124892234802246e-01
-7.981925606727600098e-01
-6.302627921104431152e-01
-4.093253314495086670e-01
-4.599286615848541260e-01
-4.879331886768341064e-01
-4.715874195098876953e-01
-5.085203647613525391e-01
-1.529200822114944458e-01
-7.330104708671569824e-02
-2.397502213716506958e-01
-2.755589783191680908e-01
-3.615495562553405762e-01
-4.129030182957649231e-02
-4.428654313087463379e-01
-5.412122011184692383e-01
-6.107079386711120605e-01
-3.232777714729309082e-01
-3.362614214420318604e-01
-6.226299405097961426e-01
-4.042246639728546143e-01
-5.650800466537475586e-01
-2.237807214260101318e-01
-2.415883690118789673e-01
-3.040712177753448486e-01
-5.123659372329711914e-01
-1.675211638212203979e-01
-3.175463676452636719e-01
-9.899893403053283691e-02
-6.436571478843688965e-01
-4.161930084228515625e-01
-3.162713646888732910e-01
-3.490649163722991943e-01
-5.750151872634887695e-01
-3.895026445388793945e-01
-7.396643757820129395e-01
-5.868340134620666504e-01
-6.441099047660827637e-01
-3.388773798942565918e-01
-4.273065924644470215e-01
-4.929693043231964111e-01
-2.075062990188598633e-01
-2.461413890123367310e-01
-5.220819711685180664e-01
-4.246690869331359863e-01
-4.572086930274963379e-01
-3.435052335262298584e-01
-5.280338525772094727e-01
-6.421296596527099609e-01
-2.462813854217529297e-01
-7.342119812965393066e-01
-5.110360383987426758e-01
-1.886150091886520386e-01
-2.174301296472549438e-01
-3.226807713508605957e-01
-4.626764059066772461e-01
-5.161058902740478516e-01
-4.499940276145935059e-01
-1.116961706429719925e-02
-3.481237292289733887e-01
-4.589086174964904785e-01
-6.271802783012390137e-01
-2.723479568958282471e-01
-1.948781311511993408e-01
-5.983178615570068359e-01
-3.515079319477081299e-01
-4.823067784309387207e-01
-4.138860106468200684e-01
-3.418466746807098389e-01
-2.537556588649749756e-01
-5.982736945152282715e-01
-5.829069018363952637e-01
-4.431492686271667480e-01
-3.205184936523437500e-01
-6.476744413375854492e-01
-3.221966028213500977e-01
-5.445745587348937988e-01
-5.892503261566162109e-01
