1.049781888723373413e-01
9.117574244737625122e-02
3.697863593697547913e-02
-8.092065900564193726e-02
1.914265453815460205e-01
1.558487564325332642e-01
5.498151853680610657e-02
4.662223532795906067e-02
-4.233115166425704956e-02
-4.959170147776603699e-02
6.120708584785461426e-02
-1.343224644660949707e-01
-4.532857984304428101e-02
-1.023115143179893494e-01
-1.020467951893806458e-01
1.841221451759338379e-01
8.673517405986785889e-02
6.936103105545043945e-02
1.858457028865814209e-01
1.619107723236083984e-01
-9.464811533689498901e-02
-1.484486162662506104e-01
-1.186813507229089737e-02
1.094623431563377380e-01
1.450104862451553345e-01
-1.390620917081832886e-01
3.506291210651397705e-01
-3.259940445423126221e-02
1.591195166110992432e-01
2.133047208189964294e-02
1.141761839389801025e-01
1.096208617091178894e-01
-1.873637735843658447e-01
1.359738875180482864e-03
