5.627674236893653870e-02
-9.444645792245864868e-02
6.345845758914947510e-02
-3.350679203867912292e-02
1.507906317710876465e-01
1.658166348934173584e-01
1.108084246516227722e-01
1.262183487415313721e-01
-3.788781352341175079e-03
-5.765934661030769348e-02
8.417645841836929321e-02
6.117493286728858948e-02
1.598420143127441406e-01
-2.007606066763401031e-02
-1.588158607482910156e-01
-4.061596095561981201e-02
5.569582805037498474e-02
-1.523370444774627686e-01
-3.262037411332130432e-02
-3.744337940588593483e-03
6.146061792969703674e-02
5.439856648445129395e-02
1.200892925262451172e-01
6.774973869323730469e-02
1.631436794996261597e-01
-9.271080046892166138e-02
6.766944378614425659e-02
1.580214053392410278e-01
2.816582322120666504e-01
6.041231751441955566e-02
-1.027404740452766418e-01
7.929012179374694824e-02
-3.958078324794769287e-01
