1.511205825954675674e-02
1.258629113435745239e-01
1.854352355003356934e-01
4.054979979991912842e-01
2.909725010395050049e-01
-3.808931633830070496e-02
-1.101072281599044800e-01
-5.575773492455482483e-02
-5.548132210969924927e-02
2.273885309696197510e-01
4.131000116467475891e-02
-1.298437714576721191e-01
-1.531674899160861969e-02
1.542088538408279419e-01
-6.657922267913818359e-02
3.892659395933151245e-02
2.524513900279998779e-01
8.060370571911334991e-03
-1.077351868152618408e-01
1.717787981033325195e-01
1.125881820917129517e-01
1.183295696973800659e-01
2.267207205295562744e-01
1.540634687989950180e-02
2.537598311901092529e-01
-1.131117418408393860e-01
7.736979424953460693e-02
-3.594103083014488220e-02
-2.337301075458526611e-01
2.370904758572578430e-02
-1.699973195791244507e-01
5.530660971999168396e-02
-1.763899624347686768e-02
3.959825262427330017e-02
-1.033139228820800781e-01
