8.451707661151885986e-02
-8.686506748199462891e-02
7.399794459342956543e-02
5.903594568371772766e-02
8.096361905336380005e-02
8.559621125459671021e-02
1.462136059999465942e-01
-5.435872450470924377e-02
1.783537268638610840e-01
1.341708749532699585e-01
2.880018949508666992e-02
2.089454829692840576e-01
8.991181850433349609e-02
3.159987553954124451e-02
1.105636060237884521e-01
-1.271139383316040039e-01
1.456260383129119873e-01
1.854912936687469482e-01
1.134325042366981506e-01
1.410058885812759399e-01
1.235776171088218689e-01
1.147355064749717712e-01
-9.462764859199523926e-02
2.429032325744628906e-01
-2.006950527429580688e-01
-1.856724470853805542e-01
1.689144521951675415e-01
-2.578542232513427734e-01
1.479159146547317505e-01
-1.091683581471443176e-01
-6.720621138811111450e-02
7.609684765338897705e-02
-1.927038282155990601e-02
1.369287520647048950e-01
