-9.662648439407348633e-01
-7.461482882499694824e-01
-8.361980915069580078e-01
-1.171979308128356934e+00
-4.565392434597015381e-01
-9.582511186599731445e-01
-1.040828347206115723e+00
-7.140113115310668945e-01
-6.253487467765808105e-01
-1.017985105514526367e+00
-9.403262138366699219e-01
-6.955785155296325684e-01
-4.930591583251953125e-01
-6.291426420211791992e-01
-2.763732671737670898e-01
-7.112144827842712402e-01
-5.962751507759094238e-01
-9.466239213943481445e-01
-7.329004406929016113e-01
-7.916783094406127930e-01
-3.139866590499877930e-01
-5.048710107803344727e-01
-1.148977518081665039e+00
-5.651481747627258301e-01
-6.186002492904663086e-01
-6.970374584197998047e-01
-6.780814528465270996e-01
-5.539014339447021484e-01
-5.661396980285644531e-01
-7.407231926918029785e-01
-4.196646809577941895e-01
-5.844129323959350586e-01
-6.650494933128356934e-01
-7.796736955642700195e-01
-8.889217376708984375e-01
-5.954753756523132324e-01
-6.650682687759399414e-01
-1.206739544868469238e+00
-2.692140936851501465e-01
-5.020336508750915527e-01
-1.183688044548034668e+00
-6.441622972488403320e-01
-9.893122315406799316e-01
-7.011621594429016113e-01
-1.288757085800170898e+00
-6.312365531921386719e-01
-5.933165550231933594e-01
-9.731902480125427246e-01
-7.306098937988281250e-01
-1.252582073211669922e+00
-8.546894788742065430e-01
-8.374109268188476562e-01
-8.760772347450256348e-01
-8.045437335968017578e-01
-5.521901845932006836e-01
-6.819803118705749512e-01
-1.276943802833557129e+00
-7.342708706855773926e-01
-8.878176808357238770e-01
-8.770757913589477539e-01
-4.908032715320587158e-01
-4.671544730663299561e-01
-9.143925905227661133e-01
-6.736850738525390625e-01
-8.615674972534179688e-01
-9.026973843574523926e-01
-2.227132916450500488e-01
-8.088654875755310059e-01
-6.216807365417480469e-01
-4.164368808269500732e-01
-4.352783858776092529e-01
-5.012143254280090332e-01
-3.993980288505554199e-01
-5.837141871452331543e-01
-5.798400640487670898e-01
-4.845697283744812012e-01
-6.459003686904907227e-01
-7.587916851043701172e-01
-7.352706789970397949e-01
-8.111732602119445801e-01
-6.545553207397460938e-01
-5.159077644348144531e-01
-1.195978641510009766e+00
-5.072999000549316406e-01
-1.018959760665893555e+00
-4.924344718456268311e-01
-8.121287226676940918e-01
-9.050614833831787109e-01
-9.805766344070434570e-01
-1.016047000885009766e+00
-2.760839760303497314e-01
-3.777207732200622559e-01
-1.175883889198303223e+00
-6.587913632392883301e-01
-1.032660484313964844e+00
-5.622512698173522949e-01
-2.943620383739471436e-01
-4.382243752479553223e-01
-7.591629028320312500e-01
-9.117942452430725098e-01
