1.633502244949340820e-01
6.335067562758922577e-03
-5.003225058317184448e-02
-1.153304353356361389e-01
-1.006674766540527344e-02
6.661177426576614380e-02
2.072142809629440308e-01
-7.498928159475326538e-02
-1.519940942525863647e-01
2.877937257289886475e-02
2.593649923801422119e-02
-5.247371271252632141e-02
1.666669100522994995e-01
6.263985484838485718e-02
-5.611437838524580002e-03
-8.706992492079734802e-03
1.715581864118576050e-01
-1.076132953166961670e-01
-1.487762033939361572e-01
1.001013070344924927e-02
2.393453121185302734e-01
-3.054674901068210602e-02
-5.974914412945508957e-03
6.597567349672317505e-02
1.697755604982376099e-02
9.058979898691177368e-02
8.457823097705841064e-02
6.154832616448402405e-02
-2.940909378230571747e-02
3.638335689902305603e-02
-3.512774780392646790e-02
-1.211012899875640869e-01
6.213160976767539978e-02
-2.022760510444641113e-01
-8.341204375028610229e-02
