-8.519768118858337402e-01
-6.791165471076965332e-01
-1.072759509086608887e+00
-1.020048260688781738e+00
-1.565712839365005493e-01
-3.122895658016204834e-01
-4.631711542606353760e-01
-5.684211850166320801e-01
-6.222997903823852539e-01
-9.521224498748779297e-01
-8.083061575889587402e-01
-5.831999182701110840e-01
-7.636198401451110840e-01
-8.836048245429992676e-01
-5.499674081802368164e-01
-8.146067857742309570e-01
-4.911336004734039307e-01
-8.761901855468750000e-01
-8.851001262664794922e-01
-9.149842858314514160e-01
-7.586936950683593750e-01
-6.630623936653137207e-01
-8.163247704505920410e-01
-1.049659490585327148e+00
-9.154925942420959473e-01
-8.235780000686645508e-01
-7.401342391967773438e-01
-7.249695062637329102e-01
-1.172519445419311523e+00
-9.587000608444213867e-01
-4.127560555934906006e-01
-6.631360650062561035e-01
-6.445090770721435547e-01
-9.583203196525573730e-01
-7.692623138427734375e-01
-9.359444379806518555e-01
-7.638372778892517090e-01
-7.483305335044860840e-01
-9.188712835311889648e-01
-1.015308856964111328e+00
-2.648759484291076660e-01
-1.112359166145324707e+00
-8.137421011924743652e-01
-5.900232195854187012e-01
-8.562200069427490234e-01
-9.929623007774353027e-01
-7.207294106483459473e-01
-9.017780423164367676e-01
-5.867236852645874023e-01
-8.797781467437744141e-01
-2.931000888347625732e-01
-1.036378145217895508e+00
-7.119985818862915039e-01
-2.518296837806701660e-01
-5.224775075912475586e-01
-9.236776232719421387e-01
-6.553806066513061523e-01
-2.782323062419891357e-01
-7.466702461242675781e-01
-5.185420513153076172e-01
-9.011886715888977051e-01
-5.674172043800354004e-01
-9.149903059005737305e-01
-5.493717789649963379e-01
-8.477734923362731934e-01
-3.152381777763366699e-01
-4.155918061733245850e-01
-5.254119038581848145e-01
-8.373019099235534668e-01
-8.033901453018188477e-01
-6.600113511085510254e-01
-9.022002220153808594e-01
-7.286732792854309082e-01
-6.462827920913696289e-01
-7.892540097236633301e-01
-7.147082686424255371e-01
-4.532228410243988037e-01
-2.965640425682067871e-01
-4.951639473438262939e-01
-5.603292584419250488e-01
-4.975547790527343750e-01
-5.559307336807250977e-01
-7.673003077507019043e-01
-5.635547637939453125e-01
-1.044505357742309570e+00
-5.667413473129272461e-01
-4.065938889980316162e-01
-8.461340069770812988e-01
-5.155741572380065918e-01
-6.125268936157226562e-01
-7.793983221054077148e-01
-1.308065295219421387e+00
-5.658811330795288086e-01
-9.775373339653015137e-01
-4.550569057464599609e-01
-1.589490175247192383e-01
-5.571208596229553223e-01
-8.182425498962402344e-01
-6.249279975891113281e-01
-1.079375863075256348e+00
