3.605686873197555542e-02
6.321918964385986328e-02
-7.820922136306762695e-02
-1.320437490940093994e-01
3.041543252766132355e-02
-8.787827193737030029e-02
-3.895215317606925964e-02
-1.198469847440719604e-01
2.723155356943607330e-02
5.489647015929222107e-02
1.489039510488510132e-01
2.030512392520904541e-01
-3.455366939306259155e-02
1.811609566211700439e-01
1.244187876582145691e-01
-6.901955604553222656e-02
-1.423170268535614014e-01
7.469659298658370972e-02
-3.077391162514686584e-02
-2.821515314280986786e-02
-2.596198320388793945e-01
-1.805923581123352051e-01
1.120869219303131104e-01
-5.563479661941528320e-02
-4.390164092183113098e-02
-2.585046738386154175e-02
1.399681419134140015e-01
-1.445935219526290894e-01
3.395257294178009033e-01
5.027449503540992737e-02
3.546773195266723633e-01
-5.483110621571540833e-02
6.777883321046829224e-02
