-7.697175145149230957e-01
-1.031472921371459961e+00
-4.457408785820007324e-01
-5.713390707969665527e-01
-8.391141891479492188e-01
-1.390316724777221680e+00
-7.174060940742492676e-01
-4.809570908546447754e-01
-6.098157763481140137e-01
-9.811608791351318359e-01
-7.594946026802062988e-01
-7.175588607788085938e-01
-4.975395500659942627e-01
-8.518460988998413086e-01
-9.937379360198974609e-01
-1.327530145645141602e+00
-3.551732301712036133e-01
-7.062129974365234375e-01
-1.031098604202270508e+00
-7.220675945281982422e-01
-4.127975702285766602e-01
-6.122449636459350586e-01
-5.442130565643310547e-01
-8.261969089508056641e-01
-7.201335430145263672e-01
-1.680413931608200073e-01
-3.988433182239532471e-01
-1.114049077033996582e+00
-1.000922322273254395e+00
-9.716681838035583496e-01
-7.824831008911132812e-01
-7.514230608940124512e-01
-1.119697332382202148e+00
-8.087954521179199219e-01
-4.375261366367340088e-01
-6.709596514701843262e-01
-7.807614803314208984e-01
-7.457475662231445312e-01
-1.431781291961669922e+00
-7.229451537132263184e-01
-5.984945893287658691e-01
-4.131236672401428223e-01
-1.069873929023742676e+00
-5.989225506782531738e-01
-1.175815939903259277e+00
-7.769483327865600586e-01
-6.899854540824890137e-01
-6.913837790489196777e-01
-7.368141412734985352e-01
-7.171018719673156738e-01
-1.404143273830413818e-01
-7.621033191680908203e-01
-4.101821482181549072e-01
-4.564582705497741699e-01
-5.812731981277465820e-01
-7.270216941833496094e-01
-9.805180430412292480e-01
-6.455153226852416992e-01
-9.054970145225524902e-01
-1.174585223197937012e+00
-9.353821277618408203e-01
-5.946212410926818848e-01
-9.266526699066162109e-01
-5.802955031394958496e-01
-6.951141953468322754e-01
-2.980014681816101074e-01
-6.285006403923034668e-01
-3.690309822559356689e-01
-6.770400404930114746e-01
-4.683463573455810547e-01
-7.387749552726745605e-01
-5.394042730331420898e-01
-3.892273902893066406e-01
-3.677991628646850586e-01
-6.235948801040649414e-01
-4.336357712745666504e-01
-4.636369645595550537e-01
-4.327496886253356934e-01
-1.235756754875183105e+00
-5.549573898315429688e-01
-9.257242679595947266e-01
-6.958215236663818359e-01
-5.313420295715332031e-01
-1.195544600486755371e+00
-6.386212706565856934e-01
-6.740418076515197754e-01
-7.562543153762817383e-01
-5.760883092880249023e-01
-7.489210367202758789e-01
-1.294919013977050781e+00
-5.807429552078247070e-01
-5.876060724258422852e-01
-9.508468508720397949e-01
-7.897884845733642578e-01
-8.132168650627136230e-01
-9.421076774597167969e-01
-1.106739997863769531e+00
-7.397914528846740723e-01
-8.613098859786987305e-01
-5.159462094306945801e-01
