-3.075298070907592773e-01
-4.791907668113708496e-01
-7.083084583282470703e-01
-5.941056013107299805e-01
-6.830548644065856934e-01
-5.511499643325805664e-01
-7.487803697586059570e-01
-3.981210887432098389e-01
-3.173068165779113770e-01
-2.366987764835357666e-01
-5.282614231109619141e-01
-6.203784942626953125e-01
-4.025239348411560059e-01
-3.378534913063049316e-01
-3.946271836757659912e-01
-8.449417948722839355e-01
-3.707556426525115967e-01
-5.551396012306213379e-01
-5.670491456985473633e-01
-8.863429427146911621e-01
-7.011041641235351562e-01
-8.555134534835815430e-01
-8.776386976242065430e-01
-7.898325920104980469e-01
-1.022604823112487793e+00
-6.774055957794189453e-01
-7.242873311042785645e-01
-6.142507791519165039e-01
-6.804660558700561523e-01
-5.756903290748596191e-01
-9.560598731040954590e-01
-5.275630950927734375e-01
-5.840669870376586914e-01
-4.365321695804595947e-01
-5.860112309455871582e-01
-5.475826263427734375e-01
-1.007016181945800781e+00
-4.689250886440277100e-01
-7.151421904563903809e-01
-6.928092837333679199e-01
-5.440734028816223145e-01
-7.538784742355346680e-01
-8.991166949272155762e-01
-5.065762996673583984e-01
-6.745986938476562500e-01
-9.120682477951049805e-01
-4.004485309123992920e-01
-6.101529598236083984e-01
-9.551538228988647461e-01
-9.000112414360046387e-01
-8.846490383148193359e-01
-1.043376326560974121e+00
-8.574782013893127441e-01
-7.117988467216491699e-01
-9.458674788475036621e-01
-6.522241830825805664e-01
-9.729793667793273926e-01
-3.713584244251251221e-01
-7.543564438819885254e-01
-3.974482715129852295e-01
-5.668169260025024414e-01
-5.138061046600341797e-01
-8.753520846366882324e-01
-8.292145729064941406e-01
-5.801415443420410156e-01
-6.563055515289306641e-01
-6.717996597290039062e-01
-9.514696002006530762e-01
-3.537880480289459229e-01
-5.198693275451660156e-01
-7.739050388336181641e-01
-5.655518174171447754e-01
-7.927046418190002441e-01
-1.052879929542541504e+00
-6.755920648574829102e-01
-9.727488756179809570e-01
-6.511478424072265625e-01
-4.335395693778991699e-01
-5.793107748031616211e-01
-7.475996017456054688e-01
-6.855499148368835449e-01
-5.629425644874572754e-01
-6.474168300628662109e-01
-5.973739624023437500e-01
-5.704586505889892578e-01
-7.396838665008544922e-01
-6.112682819366455078e-01
-6.561358571052551270e-01
-3.187512457370758057e-01
-7.977498769760131836e-01
-7.845528721809387207e-01
-6.506831645965576172e-01
-6.919540166854858398e-01
-8.792563080787658691e-01
-1.052800178527832031e+00
-6.477091312408447266e-01
-1.033087253570556641e+00
-9.679207801818847656e-01
-1.060076951980590820e+00
-7.292276620864868164e-01
