4.104109853506088257e-02
-9.308587014675140381e-02
1.274112612009048462e-01
2.502513490617275238e-02
-2.230789214372634888e-01
7.142353802919387817e-02
6.671459972858428955e-02
2.432822883129119873e-01
-6.513494998216629028e-02
6.630554050207138062e-02
1.783222854137420654e-01
5.124017596244812012e-02
1.299514919519424438e-01
1.899929344654083252e-01
-1.415686905384063721e-01
4.825064912438392639e-02
-7.263540290296077728e-03
2.294212579727172852e-01
-6.369139254093170166e-02
-1.564157567918300629e-02
5.584478378295898438e-02
1.614063978195190430e-01
5.263103544712066650e-02
-6.368251144886016846e-02
5.324880033731460571e-02
1.400611400604248047e-01
1.187898293137550354e-01
-2.743717469274997711e-02
7.516352832317352295e-02
-1.363959163427352905e-01
3.299071639776229858e-02
-1.318716537207365036e-02
