8.173324167728424072e-02
-2.058321423828601837e-02
1.035893857479095459e-01
5.418001115322113037e-02
-8.849599212408065796e-02
1.307975035160779953e-02
-7.613334059715270996e-02
-1.456081569194793701e-01
-6.029857322573661804e-02
-2.783375978469848633e-01
-8.822946809232234955e-03
-1.483259946107864380e-01
1.823588609695434570e-01
7.560134679079055786e-02
2.516938559710979462e-02
9.525009989738464355e-02
-2.778468653559684753e-02
1.839535385370254517e-01
7.835870981216430664e-02
3.077126741409301758e-01
-5.291108414530754089e-02
3.484646975994110107e-02
3.466721996665000916e-02
2.548279762268066406e-01
2.635019719600677490e-01
9.609468281269073486e-02
-1.188466921448707581e-01
6.649187952280044556e-02
1.984001100063323975e-01
2.196826273575425148e-03
1.028547883033752441e-01
1.516848802566528320e-01
-4.258451238274574280e-02
