-7.158060669898986816e-01
-4.381335675716400146e-01
-7.988339066505432129e-01
-6.157873868942260742e-01
-6.896092295646667480e-01
-6.006262898445129395e-01
-6.777895689010620117e-01
-3.154995739459991455e-01
-4.790434241294860840e-01
-7.622691988945007324e-01
-7.989469766616821289e-01
-9.485920667648315430e-01
-5.742797851562500000e-01
-8.422566056251525879e-01
-9.955773353576660156e-01
-7.126104235649108887e-01
-1.767661273479461670e-01
-1.165260791778564453e+00
-5.614420771598815918e-01
-5.950413942337036133e-01
-8.776297569274902344e-01
-7.772420644760131836e-01
-3.719040155410766602e-01
-8.171917796134948730e-01
-4.950852394104003906e-01
-9.796043038368225098e-01
-4.348681569099426270e-01
-6.034657359123229980e-01
-4.924335777759552002e-01
-5.286858677864074707e-01
-7.338442206382751465e-01
-1.978186964988708496e-01
-4.818548560142517090e-01
-8.773291110992431641e-01
-1.115606784820556641e+00
-6.799642443656921387e-01
-7.951397299766540527e-01
-5.330715775489807129e-01
-6.493288278579711914e-01
-5.016552805900573730e-01
-4.084330499172210693e-01
-7.428601980209350586e-01
-5.032676458358764648e-01
-8.043590188026428223e-01
-4.045043289661407471e-01
-4.014135897159576416e-01
-5.783118009567260742e-01
-1.517053693532943726e-01
-8.980392217636108398e-01
-7.476928234100341797e-01
-6.742506623268127441e-01
-4.712291657924652100e-01
-8.594035506248474121e-01
-7.002981901168823242e-01
-2.757574319839477539e-01
-4.241554737091064453e-01
-4.030153453350067139e-01
-9.874851107597351074e-01
-6.389928460121154785e-01
-1.118265315890312195e-01
-5.158873200416564941e-01
-4.891569912433624268e-01
-1.107247710227966309e+00
-4.959173500537872314e-01
-1.023052215576171875e+00
-2.865228950977325439e-01
-2.345293909311294556e-01
-8.333759903907775879e-01
-1.023508310317993164e+00
-4.757559597492218018e-01
-6.780838370323181152e-01
-6.934463232755661011e-02
-1.184485435485839844e+00
-4.207686185836791992e-01
-8.248327374458312988e-01
-4.563105702400207520e-01
-8.554085493087768555e-01
-6.875384449958801270e-01
-1.141174793243408203e+00
-8.299975991249084473e-01
-9.953261017799377441e-01
-7.009447813034057617e-01
-5.821661949157714844e-01
-7.072224020957946777e-01
-2.974046766757965088e-01
-4.262740612030029297e-01
-2.048160284757614136e-01
-7.710121273994445801e-01
-6.829391121864318848e-01
-5.102924704551696777e-01
-9.331227540969848633e-01
-6.639915704727172852e-01
-1.210179448127746582e+00
-2.563036084175109863e-01
-1.038152933120727539e+00
-2.631076872348785400e-01
-4.145264625549316406e-01
-5.568642020225524902e-01
-7.680219411849975586e-01
-1.971198916435241699e-01
