-1.224972233176231384e-01
-2.140912562608718872e-01
-4.159324169158935547e-01
-4.449579715728759766e-01
-7.808372378349304199e-01
-5.159407854080200195e-01
-5.652326941490173340e-01
-4.060088694095611572e-01
-3.734700977802276611e-01
7.434808183461427689e-03
-2.672612369060516357e-01
-6.220445036888122559e-01
-1.831596046686172485e-01
-4.977829754352569580e-01
-4.348806738853454590e-01
-3.545317351818084717e-01
-4.476244002580642700e-02
-2.690677642822265625e-01
-5.735335946083068848e-01
-3.417598009109497070e-01
-7.407647967338562012e-01
-4.837042391300201416e-01
-8.657646179199218750e-01
-6.805513501167297363e-01
-4.272934794425964355e-01
-7.408815622329711914e-01
4.493068158626556396e-02
-6.553369164466857910e-01
-5.248790979385375977e-01
-4.954475462436676025e-01
-4.495191276073455811e-01
-3.268544673919677734e-01
-1.328293830156326294e-01
-5.129716396331787109e-01
-3.806831538677215576e-01
-6.396970748901367188e-01
-4.375843703746795654e-01
-6.949149370193481445e-01
-4.880552291870117188e-01
-6.140138506889343262e-01
-1.595722287893295288e-01
-4.342510402202606201e-01
-2.507840692996978760e-01
-4.493696391582489014e-01
-6.108158230781555176e-01
-1.935012936592102051e-01
7.822101004421710968e-03
-7.476917505264282227e-01
-4.933607578277587891e-01
-6.912304162979125977e-01
4.244575649499893188e-02
-6.612668037414550781e-01
-2.152781784534454346e-01
-2.052703499794006348e-01
-5.346629023551940918e-01
-4.751586616039276123e-01
-4.127186238765716553e-01
-2.429564893245697021e-01
-4.606077075004577637e-01
-4.011533856391906738e-01
-8.760876655578613281e-01
-8.468432426452636719e-01
-5.655452609062194824e-01
-7.228155732154846191e-01
-7.254207134246826172e-01
-3.454558849334716797e-01
-5.434399843215942383e-01
-8.631493449211120605e-01
-3.556438088417053223e-01
-5.685868263244628906e-01
-4.799154400825500488e-01
-4.144111275672912598e-01
-4.539542794227600098e-01
-7.488844990730285645e-01
-3.133931159973144531e-01
-6.443772912025451660e-01
-7.047873139381408691e-01
-4.199698865413665771e-01
-5.837092399597167969e-01
-6.111702322959899902e-01
-3.802591562271118164e-01
-4.437004923820495605e-01
-3.188923895359039307e-01
-2.635284960269927979e-01
-4.466491043567657471e-01
-5.612729191780090332e-01
-9.620991349220275879e-01
-4.557269811630249023e-01
-9.169718623161315918e-02
-7.681629657745361328e-01
-5.211613774299621582e-01
-5.236154794692993164e-01
-4.233703613281250000e-01
-6.792897582054138184e-01
-2.106009572744369507e-01
-6.117232441902160645e-01
-6.589065790176391602e-01
-7.723953723907470703e-01
-5.328528881072998047e-01
-2.844369411468505859e-01
