-8.259238302707672119e-02
-1.939920522272586823e-02
5.671834573149681091e-02
1.268390864133834839e-01
-9.623248130083084106e-02
-6.791365146636962891e-02
-7.327827811241149902e-02
7.149431854486465454e-02
2.940049767494201660e-01
1.354555338621139526e-01
7.964612916111946106e-03
2.176879793405532837e-01
7.717680931091308594e-02
1.109808683395385742e-01
-1.584275811910629272e-01
3.152204155921936035e-01
1.734537184238433838e-01
-1.762783154845237732e-02
1.205355450510978699e-01
-9.981337189674377441e-02
-1.084205806255340576e-01
2.081187218427658081e-01
-1.005778685212135315e-01
-8.774018287658691406e-02
-8.878231048583984375e-02
1.003283262252807617e-01
1.674900576472282410e-02
-1.992418989539146423e-02
-3.826236724853515625e-02
9.962765127420425415e-02
1.064310595393180847e-01
7.023090962320566177e-03
6.037604808807373047e-02
1.208890508860349655e-02
-1.817564517259597778e-01
-2.314074896275997162e-02
