1.067582741379737854e-01
-4.008096829056739807e-02
-1.038185954093933105e-01
-1.478355191648006439e-02
1.414495985954999924e-02
1.010741144418716431e-01
7.200486958026885986e-02
-5.004280060529708862e-02
-1.041957139968872070e-01
-4.663142189383506775e-02
2.400334775447845459e-01
8.497305959463119507e-02
-3.710473328828811646e-02
-1.822243779897689819e-01
8.430399931967258453e-03
1.239132136106491089e-01
1.710255146026611328e-01
7.770839333534240723e-02
1.697285771369934082e-01
2.475009709596633911e-01
-7.462280988693237305e-02
-2.335743419826030731e-02
-2.502656541764736176e-02
2.620945870876312256e-02
9.914202988147735596e-02
1.127086430788040161e-01
3.022782802581787109e-01
8.071344345808029175e-02
2.201498448848724365e-01
-1.075586974620819092e-01
1.207388043403625488e-01
-1.689958572387695312e-01
1.571786254644393921e-01
-1.383376270532608032e-01
