-8.504355549812316895e-01
-4.724725186824798584e-01
-4.745584726333618164e-01
-9.862122535705566406e-01
-5.569997429847717285e-01
-8.606806397438049316e-01
-3.223395347595214844e-01
-4.899146556854248047e-01
-5.596445202827453613e-01
-1.196501016616821289e+00
-6.504437923431396484e-01
-8.039692640304565430e-01
-1.100458741188049316e+00
-7.678665518760681152e-01
-7.271633148193359375e-01
-5.577070713043212891e-01
-6.107362508773803711e-01
-7.987304925918579102e-01
-1.463837027549743652e-01
-8.085336089134216309e-01
-6.671925783157348633e-01
-8.423370122909545898e-01
-6.784619688987731934e-01
-1.198939919471740723e+00
-6.932333111763000488e-01
-5.451411604881286621e-01
-4.718014299869537354e-01
-4.825520515441894531e-01
-3.976100087165832520e-01
-3.443641960620880127e-01
-4.160832762718200684e-01
-4.210166633129119873e-01
-4.771124720573425293e-01
-6.779336929321289062e-01
-7.105249166488647461e-01
-9.150876402854919434e-01
-5.848722457885742188e-01
-4.404766857624053955e-01
-9.304451942443847656e-01
-7.602544426918029785e-01
-6.797511577606201172e-01
-6.582252383232116699e-01
-6.854651570320129395e-01
-4.412556588649749756e-01
-4.042740464210510254e-01
-7.374308109283447266e-01
-5.898745059967041016e-01
-5.745425820350646973e-01
-7.288946509361267090e-01
-3.365576565265655518e-01
-8.297583460807800293e-01
-6.391708254814147949e-01
-7.035196423530578613e-01
-4.587818384170532227e-01
-7.696091532707214355e-01
-7.788364291191101074e-01
-7.618150115013122559e-01
-5.389562845230102539e-01
-3.726422786712646484e-01
-5.532485842704772949e-01
-5.305190086364746094e-01
-5.364742279052734375e-01
-9.875029921531677246e-01
-1.107569098472595215e+00
-5.397251844406127930e-01
-9.733029007911682129e-01
-7.782161235809326172e-01
-6.937209963798522949e-01
-3.332832753658294678e-01
-8.863027095794677734e-01
-4.988938570022583008e-01
-1.163073778152465820e+00
-5.259165763854980469e-01
-8.453407287597656250e-01
-7.540514469146728516e-01
-8.342600464820861816e-01
-1.516023278236389160e+00
-9.432150125503540039e-01
-1.898491531610488892e-01
-1.042404651641845703e+00
-7.832131385803222656e-01
-5.833684206008911133e-01
-9.003459811210632324e-01
-7.804039120674133301e-01
-4.963815510272979736e-01
-2.230560481548309326e-01
-1.804210692644119263e-01
-6.232628822326660156e-01
-1.043294429779052734e+00
-6.995503306388854980e-01
-4.292833507061004639e-01
-3.790717720985412598e-01
-4.064493775367736816e-01
-8.743089437484741211e-01
-6.187399029731750488e-01
-8.112484216690063477e-01
-1.774940788745880127e-01
-2.965083718299865723e-01
-1.003780484199523926e+00
-4.939408004283905029e-01
