-1.028482437133789062e+00
-8.498661518096923828e-01
-7.837583422660827637e-01
-8.526228070259094238e-01
-8.043129444122314453e-01
-6.817893385887145996e-01
-5.700432062149047852e-01
-6.625682711601257324e-01
-6.865904927253723145e-01
-5.393370389938354492e-01
-8.986533284187316895e-01
-6.511889696121215820e-01
-6.482665538787841797e-01
-6.659831404685974121e-01
-6.525070667266845703e-01
-9.771219491958618164e-01
-7.544912099838256836e-01
-2.695217132568359375e-01
-5.467665791511535645e-01
-1.156180739402770996e+00
-8.135389089584350586e-01
-8.869627118110656738e-01
-4.389635026454925537e-01
-6.400850415229797363e-01
-8.746683597564697266e-01
-1.159245729446411133e+00
-2.230476438999176025e-01
3.141416469588875771e-03
-7.428730130195617676e-01
-7.223808169364929199e-01
-4.218382537364959717e-01
1.832037717103958130e-01
-9.272872209548950195e-01
-3.473782837390899658e-01
-6.276657581329345703e-01
-1.042205095291137695e+00
-8.497428894042968750e-01
-8.174266815185546875e-01
-9.362812638282775879e-01
-1.613217592239379883e+00
-5.976679921150207520e-01
-5.945675373077392578e-01
-6.083049774169921875e-01
-1.264173269271850586e+00
-4.045515954494476318e-01
-6.909504532814025879e-01
-1.958104074001312256e-01
-4.318690001964569092e-01
-5.362786054611206055e-01
-8.444513082504272461e-01
-6.131828427314758301e-01
-8.714076280593872070e-01
-9.717010855674743652e-01
-7.280600070953369141e-01
-4.602113962173461914e-01
-4.844188094139099121e-01
-5.571138262748718262e-01
-5.814799070358276367e-01
-6.811411380767822266e-01
-8.862899541854858398e-01
-7.893646359443664551e-01
-1.066722512245178223e+00
-3.676158189773559570e-01
-6.505789160728454590e-01
-5.143811702728271484e-01
-5.997800230979919434e-01
-4.262509942054748535e-01
-5.722560361027717590e-02
-9.380900859832763672e-01
-4.546960890293121338e-01
-5.691422224044799805e-01
-7.892097234725952148e-01
-5.952632427215576172e-01
-6.483731865882873535e-01
-1.175489425659179688e+00
-5.287281274795532227e-01
-6.368818879127502441e-01
-5.749268531799316406e-01
-7.786902189254760742e-01
-6.464492678642272949e-01
-3.363991975784301758e-01
-9.966648221015930176e-01
-5.826956033706665039e-01
-6.622689962387084961e-01
-1.172990322113037109e+00
-9.885405898094177246e-01
-4.406338930130004883e-01
-9.058695435523986816e-01
-5.309448242187500000e-01
-4.896484911441802979e-01
-5.503805875778198242e-01
-8.228592872619628906e-01
-8.996400833129882812e-01
-3.741062581539154053e-01
-6.814882159233093262e-01
-5.688229799270629883e-01
-6.075459122657775879e-01
-8.402038812637329102e-01
-5.864349007606506348e-01
-3.847694993019104004e-01
