-1.162568807601928711e+00
-5.856630802154541016e-01
-3.133456408977508545e-01
-9.466373920440673828e-01
-6.964589357376098633e-01
-3.938145935535430908e-01
-4.562099874019622803e-01
-6.242774128913879395e-01
-6.431226730346679688e-01
-8.132783770561218262e-01
-6.405168175697326660e-01
-7.075363397598266602e-01
-7.065283656120300293e-01
-4.358107149600982666e-01
-6.130943894386291504e-01
-3.766263127326965332e-01
-5.272130966186523438e-01
-6.311560273170471191e-01
-9.148524403572082520e-01
-7.855859994888305664e-01
-5.928355455398559570e-01
-7.722927927970886230e-01
-8.390452861785888672e-01
-6.348081231117248535e-01
-8.190313577651977539e-01
-4.303405880928039551e-01
-7.580992579460144043e-01
-7.251458764076232910e-01
-8.546513915061950684e-01
-7.246316671371459961e-01
-6.493055224418640137e-01
-5.149956345558166504e-01
-6.798634529113769531e-01
-5.278398990631103516e-01
-7.240630388259887695e-01
-8.009703159332275391e-01
-5.750833749771118164e-01
-8.325637578964233398e-01
-1.022841930389404297e+00
-5.577308535575866699e-01
-7.990298271179199219e-01
-5.162929296493530273e-01
-6.990061402320861816e-01
-9.138645529747009277e-01
-6.789572238922119141e-01
-1.229248642921447754e+00
-3.045343458652496338e-01
-5.071832537651062012e-01
-3.365072011947631836e-01
-1.057143926620483398e+00
-4.416070580482482910e-01
-4.996900260448455811e-01
-8.105268478393554688e-01
-7.428126335144042969e-01
-1.573468297719955444e-01
-1.067340373992919922e+00
-5.769131183624267578e-01
-7.861999273300170898e-01
-8.567358851432800293e-01
-6.331899166107177734e-01
-7.513161897659301758e-01
-8.373479247093200684e-01
-8.830940127372741699e-01
-6.057206392288208008e-01
-7.464141249656677246e-01
-7.888836264610290527e-01
-7.390623092651367188e-01
-4.148997962474822998e-01
-5.099585056304931641e-01
-1.103770375251770020e+00
-5.749998688697814941e-01
-7.118434906005859375e-01
-1.125995993614196777e+00
-4.128930568695068359e-01
-4.883947968482971191e-01
-9.150847196578979492e-01
-6.950402855873107910e-01
-7.220619916915893555e-01
-8.629751801490783691e-01
-7.535500526428222656e-01
-9.118076562881469727e-01
-6.608951687812805176e-01
-2.818088531494140625e-01
-9.200980663299560547e-01
-8.743982315063476562e-01
-5.266172885894775391e-01
-6.503012180328369141e-01
-8.534314632415771484e-01
-8.954874277114868164e-01
-4.446128308773040771e-01
-9.510574340820312500e-01
-8.509948253631591797e-01
-6.897799968719482422e-01
-5.700082778930664062e-01
-9.008289575576782227e-01
-5.674509406089782715e-01
-7.012807726860046387e-01
-9.879969358444213867e-01
-7.752725481986999512e-01
-8.391887545585632324e-01
