6.584822549484670162e-04
-3.865430876612663269e-02
-6.016372516751289368e-02
9.471046738326549530e-03
-2.222707420587539673e-01
-4.513123258948326111e-02
2.502135559916496277e-02
-1.269220262765884399e-01
1.947491317987442017e-01
-4.406848549842834473e-02
-1.756259500980377197e-01
1.846834570169448853e-01
1.369009464979171753e-01
2.744823694229125977e-02
-5.236902832984924316e-02
2.880898714065551758e-01
1.890308856964111328e-01
3.792914748191833496e-02
3.546439111232757568e-02
-6.860947469249367714e-04
6.677920371294021606e-02
5.973365157842636108e-03
-1.665096879005432129e-01
-4.441652074456214905e-02
-7.526514679193496704e-02
1.042639389634132385e-01
3.615024685859680176e-02
-1.506426185369491577e-01
-2.352122664451599121e-01
1.283691637217998505e-02
-5.676721408963203430e-02
-8.990927040576934814e-02
2.879641950130462646e-01
1.240398883819580078e-01
9.276269003748893738e-03
