1.042530313134193420e-01
1.183005943894386292e-01
-7.196690887212753296e-02
1.746239513158798218e-01
3.114625215530395508e-01
-3.437852114439010620e-02
-6.469796597957611084e-02
2.561803720891475677e-02
1.433847695589065552e-01
-1.214399337768554688e-01
-1.477603167295455933e-01
-2.187770605087280273e-01
-1.819119751453399658e-01
3.056618385016918182e-02
2.793032117187976837e-02
7.568966597318649292e-02
1.737332157790660858e-02
4.991785809397697449e-02
-1.783173829317092896e-01
1.106695756316184998e-01
-1.020713988691568375e-02
-7.195026427507400513e-02
-5.545895546674728394e-02
3.558283299207687378e-02
3.067215681076049805e-01
1.176237463951110840e-01
1.102127879858016968e-01
1.107171252369880676e-01
1.237443163990974426e-01
1.415114104747772217e-01
3.300717100501060486e-02
5.478620529174804688e-02
1.626380383968353271e-01
