-1.527248416095972061e-02
-1.023402139544487000e-01
-1.144809797406196594e-01
1.004927679896354675e-01
-1.990995556116104126e-02
2.269313782453536987e-01
-9.325131773948669434e-02
4.863209649920463562e-02
5.941938236355781555e-02
1.055989861488342285e-01
-1.104941368103027344e-01
2.136538177728652954e-01
-8.313302695751190186e-02
5.868411436676979065e-02
1.580393910408020020e-01
5.091760307550430298e-02
2.910111844539642334e-02
1.332719228230416775e-03
-2.949165105819702148e-01
-2.466002665460109711e-02
-8.906076848506927490e-02
-2.939429879188537598e-02
1.734684705734252930e-01
6.802317500114440918e-02
-2.856224216520786285e-02
3.206832567229866982e-03
-2.110252343118190765e-02
-1.122200861573219299e-03
-1.345119178295135498e-01
6.557312607765197754e-02
1.659384816884994507e-01
-4.385636653751134872e-03
