-6.782705783843994141e-01
-6.708597540855407715e-01
-3.835885822772979736e-01
-5.981642007827758789e-01
-8.104355931282043457e-01
-1.011187553405761719e+00
-8.319672346115112305e-01
-4.891920983791351318e-01
-6.596645712852478027e-01
-5.032900571823120117e-01
-8.185126781463623047e-01
-5.930630564689636230e-01
-8.715869188308715820e-01
-3.902552723884582520e-01
-6.204261183738708496e-01
-2.802434265613555908e-01
-6.621748805046081543e-01
-6.439548730850219727e-01
-7.483766674995422363e-01
-4.905705451965332031e-01
-4.261428713798522949e-01
-7.641282081604003906e-01
-6.578002572059631348e-01
-7.640469670295715332e-01
-7.934479117393493652e-01
-3.236270844936370850e-01
-1.453003287315368652e-01
-5.610241889953613281e-01
-9.118158221244812012e-01
-3.510325849056243896e-01
-1.086032867431640625e+00
-7.772722840309143066e-01
-7.087402939796447754e-01
-5.169909000396728516e-01
-8.395398855209350586e-01
-6.798571944236755371e-01
-6.402436494827270508e-01
-8.084982037544250488e-01
-1.080611586570739746e+00
-4.589953422546386719e-01
-5.293403267860412598e-01
-8.224346041679382324e-01
-9.285202622413635254e-01
-4.599180817604064941e-01
-9.371320605278015137e-01
-6.170331239700317383e-01
-6.716403365135192871e-01
-7.343732714653015137e-01
-4.436382055282592773e-01
-5.485342741012573242e-01
-6.864976286888122559e-01
-2.867811620235443115e-01
-6.220822930335998535e-01
-3.265498280525207520e-01
-2.976954579353332520e-01
-8.110614418983459473e-01
-7.913123965263366699e-01
-6.014138460159301758e-01
-6.981710195541381836e-01
-3.264859318733215332e-01
-5.556216835975646973e-01
-5.805253982543945312e-01
-6.925107836723327637e-01
-1.031392693519592285e+00
-4.142538607120513916e-01
-2.955206334590911865e-01
-7.450927495956420898e-01
-5.794311165809631348e-01
-1.118886232376098633e+00
-5.837906599044799805e-01
-7.382111549377441406e-01
-7.737849950790405273e-01
-8.430729508399963379e-01
-7.491996884346008301e-01
-4.259595572948455811e-01
-1.067521214485168457e+00
-7.366618514060974121e-01
-7.142527103424072266e-01
-7.535840868949890137e-01
-5.220363140106201172e-01
-7.282561659812927246e-01
-8.078342080116271973e-01
-4.999294281005859375e-01
-6.177716851234436035e-01
-6.871732473373413086e-01
-8.753726482391357422e-01
-6.759198307991027832e-01
-7.006198763847351074e-01
-5.091847181320190430e-01
-7.672847509384155273e-01
-6.766101121902465820e-01
-7.824605703353881836e-01
-5.745603442192077637e-01
-1.181423902511596680e+00
-8.395771384239196777e-01
-6.892113089561462402e-01
-4.372111260890960693e-01
-3.408429622650146484e-01
-8.036245107650756836e-01
-4.284454584121704102e-01
