1.495013684034347534e-01
2.629436552524566650e-01
8.187447488307952881e-02
1.224767044186592102e-01
3.450643718242645264e-01
-2.187366485595703125e-01
2.054685652256011963e-01
-5.655550397932529449e-03
2.424788773059844971e-01
1.355422735214233398e-01
1.693971157073974609e-01
-1.152269318699836731e-01
1.297906637191772461e-01
1.836549192667007446e-01
1.554213464260101318e-01
8.026680350303649902e-02
-5.923993885517120361e-02
2.702027261257171631e-01
-5.449244379997253418e-02
-1.488531082868576050e-01
2.253323346376419067e-01
1.107744500041007996e-01
-7.895899936556816101e-03
-9.911936521530151367e-02
6.851707398891448975e-02
1.039901226758956909e-01
6.907169520854949951e-02
2.042875140905380249e-01
3.607987612485885620e-02
-3.886099904775619507e-02
-1.624042242765426636e-01
1.953734159469604492e-01
