-3.126986026763916016e-01
-8.071809411048889160e-01
-9.449130892753601074e-01
-8.100869059562683105e-01
-6.327934861183166504e-01
-6.950944662094116211e-01
-5.450760722160339355e-01
-4.532882571220397949e-01
-7.874255776405334473e-01
-3.788697719573974609e-01
-6.885198950767517090e-01
-8.074631690979003906e-01
-8.304071426391601562e-01
-5.078888535499572754e-01
-7.686179280281066895e-01
-6.344100832939147949e-01
-6.581639647483825684e-01
-8.769890069961547852e-01
-6.311094164848327637e-01
-4.365072250366210938e-01
-6.608268022537231445e-01
-4.182736277580261230e-01
-7.338442802429199219e-01
-1.235213398933410645e+00
-4.383795857429504395e-01
-5.442926287651062012e-01
-6.429181694984436035e-01
-4.500760138034820557e-01
-9.677867293357849121e-01
-4.903542995452880859e-01
-6.738933920860290527e-01
-7.489617466926574707e-01
-8.981578350067138672e-01
-8.547214269638061523e-01
-7.980184555053710938e-01
-7.995809316635131836e-01
-6.033819913864135742e-01
-6.305405497550964355e-01
-3.825189173221588135e-01
-4.541458487510681152e-01
-3.082251548767089844e-01
-4.656010866165161133e-01
-4.933766126632690430e-01
-4.195064902305603027e-01
-8.675464987754821777e-01
-4.941497147083282471e-01
-6.463212966918945312e-01
-5.730730295181274414e-01
-2.322133183479309082e-01
-9.288749098777770996e-01
-9.504092335700988770e-01
-7.011395692825317383e-01
-4.620384275913238525e-01
-5.195195674896240234e-01
-9.904748797416687012e-01
-9.192814230918884277e-01
-9.277513027191162109e-01
-8.612059950828552246e-01
-5.004357099533081055e-01
-6.475855112075805664e-01
-1.081073641777038574e+00
-5.824578404426574707e-01
-1.049561947584152222e-01
-5.535306334495544434e-01
-3.054405152797698975e-01
-5.574424266815185547e-01
-8.638664484024047852e-01
-5.139127373695373535e-01
-4.297591447830200195e-01
-9.040464162826538086e-01
-6.626506447792053223e-01
-9.000952839851379395e-01
-1.029408693313598633e+00
-3.432663381099700928e-01
-7.705484628677368164e-01
-3.911989033222198486e-01
-7.234969139099121094e-01
-9.637237787246704102e-01
-6.739068627357482910e-01
-5.009774565696716309e-01
-5.387100577354431152e-01
-9.413940310478210449e-01
-3.963291645050048828e-01
-5.388113260269165039e-01
-9.725693464279174805e-01
-6.575198769569396973e-01
-7.181498408317565918e-01
-4.005813300609588623e-01
-6.285855174064636230e-01
-7.554925680160522461e-01
-5.058757066726684570e-01
-8.934127688407897949e-01
-5.930002927780151367e-01
-7.936587929725646973e-01
-7.489345073699951172e-01
-6.119938492774963379e-01
-1.029868006706237793e+00
-7.910149693489074707e-01
-6.525202393531799316e-01
-5.429036617279052734e-01
