-8.310049772262573242e-01
-3.903187513351440430e-01
-9.102964997291564941e-01
-7.163638472557067871e-01
-7.501308321952819824e-01
-6.724662780761718750e-01
-8.345074653625488281e-01
-2.772552073001861572e-01
-9.210578203201293945e-01
-8.035843372344970703e-01
-5.452820658683776855e-01
-7.445699572563171387e-01
-5.931652784347534180e-01
-3.047938346862792969e-01
-4.731427431106567383e-01
-4.068208038806915283e-01
-3.407590985298156738e-01
-3.130630552768707275e-01
-3.901909291744232178e-01
-4.197060167789459229e-01
-6.844742298126220703e-01
-7.086326479911804199e-01
-5.368133187294006348e-01
-6.103165149688720703e-01
-6.088031530380249023e-01
-4.878988265991210938e-01
-6.913390755653381348e-01
-4.830371737480163574e-01
-4.296740889549255371e-01
-8.266046047210693359e-01
-7.639903426170349121e-01
-3.295488953590393066e-01
-8.316732645034790039e-01
-6.342864632606506348e-01
-5.402482151985168457e-01
-5.254563093185424805e-01
-6.259875297546386719e-01
-5.387718677520751953e-01
-5.450361371040344238e-01
-5.205274820327758789e-01
-7.904167771339416504e-01
-4.609751701354980469e-01
-4.936546981334686279e-01
-4.853098690509796143e-01
-3.503294885158538818e-01
-5.405777096748352051e-01
-6.418235898017883301e-01
-4.446477890014648438e-01
-4.971263408660888672e-01
-6.065894961357116699e-01
-8.482431769371032715e-01
-4.541063904762268066e-01
-1.724917143583297729e-01
-5.651749968528747559e-01
-6.691127419471740723e-01
-5.967651605606079102e-01
-6.566278338432312012e-01
-5.038992166519165039e-01
-3.910570144653320312e-01
-4.163096547126770020e-01
-8.108849525451660156e-01
-2.583459615707397461e-01
-8.268729448318481445e-01
-2.753776907920837402e-01
-5.254320502281188965e-01
-5.268132090568542480e-01
-5.647609829902648926e-01
-8.078683614730834961e-01
-6.015360355377197266e-01
-4.809347987174987793e-01
-1.519387215375900269e-01
-5.014287829399108887e-01
-8.475819230079650879e-01
-3.341496884822845459e-01
-8.720716834068298340e-01
-5.291032791137695312e-01
-8.069863319396972656e-01
-5.099772214889526367e-01
-2.566487789154052734e-01
-5.422688722610473633e-01
-1.657402664422988892e-01
-2.843025922775268555e-01
-5.768482089042663574e-01
-3.023808598518371582e-01
-4.897750914096832275e-01
-4.137060046195983887e-01
-4.076387882232666016e-01
-2.301933020353317261e-01
-7.355898022651672363e-01
-6.978984475135803223e-01
-4.332307279109954834e-01
-7.366662621498107910e-01
-4.743138253688812256e-01
-6.904500722885131836e-01
-3.747496604919433594e-01
-5.136368870735168457e-01
-5.079449415206909180e-01
-5.211043953895568848e-01
-3.219505846500396729e-01
-3.165596127510070801e-01
