-7.382093667984008789e-01
-6.473163366317749023e-01
-7.299088835716247559e-01
-6.473448276519775391e-01
-8.400174379348754883e-01
-6.942664980888366699e-01
-1.742228269577026367e-01
-6.530488133430480957e-01
-7.372238636016845703e-01
-8.700469732284545898e-01
-4.879256188869476318e-01
-4.963964223861694336e-01
-3.126715719699859619e-01
-3.277836143970489502e-01
-5.607523918151855469e-01
-7.960053086280822754e-01
-7.431883215904235840e-01
-9.554945230484008789e-01
-9.390933513641357422e-01
-7.716645598411560059e-01
-7.516225576400756836e-01
-1.312201499938964844e+00
-1.292634844779968262e+00
-7.079436779022216797e-01
-6.720071434974670410e-01
-8.944522738456726074e-01
-2.435653954744338989e-01
-8.920862674713134766e-01
-5.648536086082458496e-01
-7.130970358848571777e-01
-8.657952547073364258e-01
-8.399683833122253418e-01
-6.138173341751098633e-01
-6.851422190666198730e-01
-1.233695149421691895e+00
-1.151559233665466309e+00
-1.119464278221130371e+00
-6.727885603904724121e-01
-9.269618988037109375e-01
-8.043469190597534180e-01
-8.246163129806518555e-01
-4.501884579658508301e-01
-6.364269852638244629e-01
-6.319383382797241211e-01
-1.205864310264587402e+00
-8.691042661666870117e-01
-1.142379283905029297e+00
-7.794180512428283691e-01
-5.202577710151672363e-01
-5.989900231361389160e-01
-8.999052047729492188e-01
-5.903295278549194336e-01
-4.410003721714019775e-01
-3.858743906021118164e-01
-5.123442411422729492e-01
-6.821873188018798828e-01
-4.612050354480743408e-01
-6.131919026374816895e-01
-1.230232596397399902e+00
-4.697614610195159912e-01
-5.568230748176574707e-01
-5.582478642463684082e-01
-4.199539422988891602e-01
-8.157134652137756348e-01
-1.002639889717102051e+00
-7.831372022628784180e-01
-1.058592319488525391e+00
-9.019718170166015625e-01
-4.499076604843139648e-01
-1.029983878135681152e+00
-8.110650777816772461e-01
-1.023090958595275879e+00
-7.871776223182678223e-01
-9.663692712783813477e-01
-7.261853814125061035e-01
-3.004531264305114746e-01
-9.886815547943115234e-01
-9.758439064025878906e-01
-3.976199924945831299e-01
-9.769613742828369141e-01
-8.098361492156982422e-01
-8.137394189834594727e-01
-7.904552817344665527e-01
-6.216069459915161133e-01
-3.270895183086395264e-01
-5.059015154838562012e-01
-9.437907934188842773e-01
-5.238656997680664062e-01
-3.248820900917053223e-01
-1.656561940908432007e-01
-8.223896622657775879e-01
-6.854806542396545410e-01
-7.018237709999084473e-01
-1.032742857933044434e+00
-7.463781237602233887e-01
-7.747968435287475586e-01
-8.512617945671081543e-01
-9.785906672477722168e-01
-4.656551033258438110e-02
-1.006499171257019043e+00
