6.230336148291826248e-04
6.229951977729797363e-04
6.229565478861331940e-04
6.229179562069475651e-04
6.228792481124401093e-04
6.228405982255935669e-04
6.228018901310861111e-04
6.227629492059350014e-04
6.227240664884448051e-04
6.226851837709546089e-04
6.226463010534644127e-04
6.226072437129914761e-04
6.225681863725185394e-04
6.225290708243846893e-04
6.224899552762508392e-04
6.224507233127951622e-04
6.224114331416785717e-04
6.223721429705619812e-04
6.223328527994453907e-04
6.222933880053460598e-04
6.222539232112467289e-04
6.222143420018255711e-04
6.221748190000653267e-04
6.221351795829832554e-04
6.220955401659011841e-04
6.220557843334972858e-04
6.220160285010933876e-04
6.219761562533676624e-04
6.219362257979810238e-04
6.218962953425943851e-04
6.218563066795468330e-04
6.218162016011774540e-04
6.217759801074862480e-04
6.217358750291168690e-04
6.216955953277647495e-04
6.216553738340735435e-04
6.216149195097386837e-04
6.215745233930647373e-04
6.215340690687298775e-04
6.214935565367341042e-04
6.214529275894165039e-04
6.214121822267770767e-04
6.213714368641376495e-04
6.213306332938373089e-04
6.212897715158760548e-04
6.212487933225929737e-04
6.212077569216489792e-04
6.211667205207049847e-04
6.211256259121000767e-04
6.210844730958342552e-04
6.210430874489247799e-04
6.210018182173371315e-04
6.209604325704276562e-04
6.209189305081963539e-04
6.208773702383041382e-04
6.208358099684119225e-04
6.207941332831978798e-04
6.207522819750010967e-04
6.207104888744652271e-04
6.206685211509466171e-04
6.206266116350889206e-04
6.205845857039093971e-04
6.205424433574080467e-04
6.205003010109066963e-04
6.204578676261007786e-04
6.204156670719385147e-04
6.203731754794716835e-04
6.203306838870048523e-04
6.202880176715552807e-04
6.202454678714275360e-04
6.202026270329952240e-04
6.201598444022238255e-04
6.201168871484696865e-04
6.200738716870546341e-04
6.200308562256395817e-04
6.199876661412417889e-04
6.199444178491830826e-04
6.199011113494634628e-04
6.198576884344220161e-04
6.198141491040587425e-04
6.197705515660345554e-04
6.197269540280103683e-04
6.196831818670034409e-04
6.196392932906746864e-04
6.195953465066850185e-04
6.195513415150344372e-04
6.195072201080620289e-04
6.194629240781068802e-04
6.194186280481517315e-04
6.193741573952138424e-04
6.193296867422759533e-04
6.192850996740162373e-04
6.192403961904346943e-04
6.191955762915313244e-04
6.191506981849670410e-04
6.191056454554200172e-04
6.190605345182120800e-04
6.190153071656823158e-04
6.189700798131525517e-04
6.189246196299791336e-04
6.188791012391448021e-04
6.188334664329886436e-04
6.187878316268324852e-04
6.187418475747108459e-04
6.186959799379110336e-04
6.186498794704675674e-04
6.186037207953631878e-04
6.185574457049369812e-04
6.185109959915280342e-04
6.184645462781190872e-04
6.184179219417273998e-04
6.183711811900138855e-04
6.183242658153176308e-04
6.182772922329604626e-04
6.182301440276205540e-04
6.181829376146197319e-04
6.181356729939579964e-04
6.180881755426526070e-04
6.180405616760253906e-04
6.179928313940763474e-04
6.179449846968054771e-04
6.178969633765518665e-04
6.178489420562982559e-04
6.178006879054009914e-04
6.177523173391819000e-04
6.177038303576409817e-04
6.176551687531173229e-04
6.176063325256109238e-04
6.175574380904436111e-04
6.175084272399544716e-04
6.174591835588216782e-04
6.174098816700279713e-04
6.173604051582515240e-04
6.173108122311532497e-04
6.172611028887331486e-04
6.172111025080084801e-04
6.171611021272838116e-04
6.171108107082545757e-04
6.170605774968862534e-04
6.170099950395524502e-04
6.169593543745577335e-04
6.169084808789193630e-04
6.168575491756200790e-04
6.168063846416771412e-04
6.167551036924123764e-04
6.167035899125039577e-04
6.166520179249346256e-04
6.166001548990607262e-04
6.165481754578649998e-04
6.164960796013474464e-04
6.164437509141862392e-04
6.163913058117032051e-04
6.163386278785765171e-04
6.162857753224670887e-04
6.162327481433749199e-04
6.161794881336390972e-04
6.161261117085814476e-04
6.160726188682019711e-04
6.160188349895179272e-04
6.159648764878511429e-04
6.159106851555407047e-04
6.158564356155693531e-04
6.158018368296325207e-04
6.157471798360347748e-04
6.156921735964715481e-04
6.156371091492474079e-04
6.155817536637187004e-04
6.155261653475463390e-04
6.154705188237130642e-04
6.154145230539143085e-04
6.153584108687937260e-04
6.153020076453685760e-04
6.152453133836388588e-04
6.151885609142482281e-04
6.151314009912312031e-04
6.150742410682141781e-04
6.150166736915707588e-04
6.149589898996055126e-04
6.149011314846575260e-04
6.148428656160831451e-04
6.147844251245260239e-04
6.147257518023252487e-04
6.146668456494808197e-04
6.146076484583318233e-04
6.145482184365391731e-04
6.144885555841028690e-04
6.144286016933619976e-04
6.143684149719774723e-04
6.143079954199492931e-04
6.142473430372774601e-04
6.141862832009792328e-04
6.141249905340373516e-04
6.140635232441127300e-04
6.140017649158835411e-04
6.139397155493497849e-04
6.138773169368505478e-04
6.138146272860467434e-04
6.137517048045992851e-04
6.136884912848472595e-04
6.136249285191297531e-04
6.135611329227685928e-04
6.134970462881028652e-04
6.134326104074716568e-04
6.133678252808749676e-04
6.133027491159737110e-04
6.132374983280897141e-04
6.131716072559356689e-04
6.131056579761207104e-04
6.130391848273575306e-04
6.129725952632725239e-04
6.129055982455611229e-04
6.128381937742233276e-04
6.127704400569200516e-04
6.127023953013122082e-04
6.126338848844170570e-04
6.125651998445391655e-04
6.124961073510348797e-04
6.124264909885823727e-04
6.123566417954862118e-04
6.122863851487636566e-04
6.122157210484147072e-04
6.121446494944393635e-04
6.120732286944985390e-04
6.120014004409313202e-04
6.119291647337377071e-04
6.118565215729176998e-04
6.117835291661322117e-04
6.117099546827375889e-04
6.116360891610383987e-04
6.115617579780519009e-04
6.114870193414390087e-04
6.114118150435388088e-04
6.113362032920122147e-04
6.112600094638764858e-04
6.111835828050971031e-04
6.111066322773694992e-04
6.110290414653718472e-04
6.109511014074087143e-04
6.108726374804973602e-04
6.107937660999596119e-04
6.107143126428127289e-04
6.106344517320394516e-04
6.105540087446570396e-04
6.104730418883264065e-04
6.103916093707084656e-04
6.103096529841423035e-04
6.102271145209670067e-04
6.101440521888434887e-04
6.100604659877717495e-04
6.099762395024299622e-04
6.098914891481399536e-04
6.098062731325626373e-04
6.097204168327152729e-04
6.096339202485978603e-04
6.095468415878713131e-04
6.094592390581965446e-04
6.093709380365908146e-04
6.092820549383759499e-04
6.091925897635519505e-04
6.091023678891360760e-04
6.090115639381110668e-04
6.089201197028160095e-04
6.088280351832509041e-04
6.087352521717548370e-04
6.086418288759887218e-04
6.085477070882916451e-04
6.084527703933417797e-04
6.083572516217827797e-04
6.082610343582928181e-04
6.081640021875500679e-04
6.080663879401981831e-04
6.079677841626107693e-04
6.078685983084142208e-04
6.077684811316430569e-04
6.076678400859236717e-04
6.075661513023078442e-04
6.074637640267610550e-04
6.073606200516223907e-04
6.072566029615700245e-04
6.071517709642648697e-04
6.070461240597069263e-04
6.069394876249134541e-04
6.068320944905281067e-04
6.067237118259072304e-04
6.066146306693553925e-04
6.065045017749071121e-04
6.063934415578842163e-04
6.062814500182867050e-04
6.061685271561145782e-04
6.060546729713678360e-04
6.059398292563855648e-04
6.058239960111677647e-04
6.057071150280535221e-04
6.055893027223646641e-04
6.054705008864402771e-04
6.053506513126194477e-04
6.052295793779194355e-04
6.051075761206448078e-04
6.049843505024909973e-04
6.048601353541016579e-04
6.047348724678158760e-04
6.046083290129899979e-04
6.044807378202676773e-04
6.043519242666661739e-04
6.042218883521854877e-04
6.040908046998083591e-04
6.039584404788911343e-04
6.038247374817728996e-04
6.036899285390973091e-04
6.035538390278816223e-04
6.034164107404649258e-04
6.032777600921690464e-04
6.031377706676721573e-04
6.029964424669742584e-04
6.028536590747535229e-04
6.027096533216536045e-04
6.025642505846917629e-04
6.024173926562070847e-04
6.022690795361995697e-04
6.021192530170083046e-04
6.019682623445987701e-04
6.018155836500227451e-04
6.016614497639238834e-04
6.015056860633194447e-04
6.013484671711921692e-04
6.011897348798811436e-04
6.010293145664036274e-04
6.008674390614032745e-04
6.007039337418973446e-04
6.005387404002249241e-04
6.003719172440469265e-04
6.002033478580415249e-04
6.000332068651914597e-04
5.998612614348530769e-04
5.996875697746872902e-04
5.995120736770331860e-04
5.993349477648735046e-04
5.991559592075645924e-04
5.989751080051064491e-04
5.987925687804818153e-04
5.986079922877252102e-04
5.984216695651412010e-04
5.982333677820861340e-04
5.980432615615427494e-04
5.978511762805283070e-04
5.976571119390428066e-04
5.974610685370862484e-04
5.972631042823195457e-04
5.970629863440990448e-04
5.968609475530683994e-04
5.966568714939057827e-04
5.964507581666111946e-04
5.962425493635237217e-04
5.960322450846433640e-04
5.958197871223092079e-04
5.956052336841821671e-04
5.953885265626013279e-04
5.951696075499057770e-04
5.949486512690782547e-04
5.947254248894751072e-04
5.944999284110963345e-04
5.942723364569246769e-04
5.940425326116383076e-04
5.938104586675763130e-04
5.935761728323996067e-04
5.933396168984472752e-04
5.931008490733802319e-04
5.928597529418766499e-04
5.926163867115974426e-04
5.923708085902035236e-04
5.921228439547121525e-04
5.918726674281060696e-04
5.916201625950634480e-04
5.913654458709061146e-04
5.911084008403122425e-04
5.908489692956209183e-04
5.905874422751367092e-04
5.903234705328941345e-04
5.900572286918759346e-04
5.897888913750648499e-04
5.895181675441563129e-04
5.892452318221330643e-04
5.889699677936732769e-04
5.886926082894206047e-04
5.884129786863923073e-04
5.881311371922492981e-04
5.878472002223134041e-04
5.875610513612627983e-04
5.872727488167583942e-04
5.869823507964611053e-04
5.866899155080318451e-04
5.863953847438097000e-04
5.860988749191164970e-04
5.858002696186304092e-04
5.854996852576732635e-04
5.851971800439059734e-04
5.848929286003112793e-04
5.845866398885846138e-04
5.842786049470305443e-04
5.839687655679881573e-04
5.836571799591183662e-04
5.833439645357429981e-04
5.830290028825402260e-04
5.827124696224927902e-04
5.823944229632616043e-04
5.820748046971857548e-04
5.817537894472479820e-04
5.814313772134482861e-04
5.811076262034475803e-04
5.807825364172458649e-04
5.804562824778258801e-04
5.801287479698657990e-04
5.798001657240092754e-04
5.794704775325953960e-04
5.791397998109459877e-04
5.788082489743828773e-04
5.784758832305669785e-04
5.781425861641764641e-04
5.778085906058549881e-04
5.774739547632634640e-04
5.771386786364018917e-04
5.768028204329311848e-04
5.764665547758340836e-04
5.761298234574496746e-04
5.757927428930997849e-04
5.754554294981062412e-04
5.751177668571472168e-04
5.747801042161881924e-04
5.744422669522464275e-04
5.741044296883046627e-04
5.737665924243628979e-04
5.734288133680820465e-04
5.730913253501057625e-04
5.727540119551122189e-04
5.724169313907623291e-04
5.720802582800388336e-04
5.717438762076199055e-04
5.714080180041491985e-04
5.710727418772876263e-04
5.707379314117133617e-04
5.704038776457309723e-04
5.700703477486968040e-04
5.697376909665763378e-04
5.694056744687259197e-04
5.690745892934501171e-04
5.687442608177661896e-04
5.684149800799787045e-04
5.680866306647658348e-04
5.677592125721275806e-04
5.674328422173857689e-04
5.671076942235231400e-04
5.667835357598960400e-04
5.664605996571481228e-04
5.661390023306012154e-04
5.658185109496116638e-04
5.654991837218403816e-04
5.651813116855919361e-04
5.648647202178835869e-04
5.645495257340371609e-04
5.642357864417135715e-04
5.639233859255909920e-04
5.636124406009912491e-04
5.633030086755752563e-04
5.629949737340211868e-04
5.626885686069726944e-04
5.623836768791079521e-04
5.620802985504269600e-04
5.617783754132688046e-04
5.614782567135989666e-04
5.611797096207737923e-04
5.608826759271323681e-04
5.605873302556574345e-04
5.602936726063489914e-04
5.600015865638852119e-04
5.597112467512488365e-04
5.594225367531180382e-04
5.591356894001364708e-04
5.588502972386777401e-04
5.585667677223682404e-04
5.582849844358861446e-04
5.580048309639096260e-04
5.577265401370823383e-04
5.574498209170997143e-04
5.571748479269444942e-04
5.569016793742775917e-04
5.566303152590990067e-04
5.563606391660869122e-04
5.560927675105631351e-04
5.558265838772058487e-04
5.555620882660150528e-04
5.552993970923125744e-04
5.550385685637593269e-04
5.547793116420507431e-04
5.545219173654913902e-04
5.542662111110985279e-04
5.540122510865330696e-04
5.537600954994559288e-04
5.535096279345452785e-04
5.532609065994620323e-04
5.530138732865452766e-04
