5.424073897302150726e-04
5.423710099421441555e-04
5.423346301540732384e-04
5.422981339506804943e-04
5.422614631243050098e-04
5.422247922979295254e-04
5.421879468485713005e-04
5.421509849838912487e-04
5.421139649115502834e-04
5.420767120085656643e-04
5.420394008979201317e-04
5.420020315796136856e-04
5.419644876383244991e-04
5.419267690740525723e-04
5.418889340944588184e-04
5.418511573225259781e-04
5.418130313046276569e-04
5.417749052867293358e-04
5.417367210611701012e-04
5.416982457973062992e-04
5.416597123257815838e-04
5.416212370619177818e-04
5.415824125520884991e-04
5.415434716269373894e-04
5.415044142864644527e-04
5.414652987383306026e-04
5.414260085672140121e-04
5.413866019807755947e-04
5.413470207713544369e-04
5.413073231466114521e-04
5.412674508988857269e-04
5.412275786511600018e-04
5.411873571574687958e-04
5.411471356637775898e-04
5.411067977547645569e-04
5.410662852227687836e-04
5.410256562754511833e-04
5.409847944974899292e-04
5.409439327195286751e-04
5.409027799032628536e-04
5.408615688793361187e-04
5.408201832324266434e-04
5.407786229625344276e-04
5.407368880696594715e-04
5.406950949691236019e-04
5.406531272456049919e-04
5.406109266914427280e-04
5.405686097219586372e-04
5.405261763371527195e-04
5.404835101217031479e-04
5.404407274909317493e-04
5.403977702371776104e-04
5.403546965681016445e-04
5.403114482760429382e-04
5.402680253610014915e-04
5.402244278229773045e-04
5.401805974543094635e-04
5.401366506703197956e-04
5.400925292633473873e-04
5.400482332333922386e-04
5.400037625804543495e-04
5.399591173045337200e-04
5.399142974056303501e-04
5.398693610914051533e-04
5.398241919465363026e-04
5.397787899710237980e-04
5.397332133725285530e-04
5.396875203587114811e-04
5.396415945142507553e-04
5.395954940468072891e-04
5.395492771640419960e-04
5.395027110353112221e-04
5.394560866989195347e-04
5.394092295318841934e-04
5.393620813265442848e-04
5.393148167058825493e-04
5.392673774622380733e-04
5.392196471802890301e-04
5.391718004830181599e-04
5.391237791627645493e-04
5.390754668042063713e-04
5.390270380303263664e-04
5.389782600104808807e-04
5.389293073676526546e-04
5.388801801018416882e-04
5.388307617977261543e-04
5.387812852859497070e-04
5.387314013205468655e-04
5.386815173551440239e-04
5.386311677284538746e-04
5.385807598941028118e-04
5.385300610214471817e-04
5.384791293181478977e-04
5.384279647842049599e-04
5.383766256272792816e-04
5.383249372243881226e-04
5.382730741985142231e-04
5.382210365496575832e-04
5.381686496548354626e-04
5.381160299293696880e-04
5.380631773732602596e-04
5.380100337788462639e-04
5.379567737691104412e-04
5.379031063057482243e-04
5.378492642194032669e-04
5.377951893024146557e-04
5.377408233471214771e-04
5.376861663535237312e-04
5.376313347369432449e-04
5.375760956667363644e-04
5.375206237658858299e-04
5.374649772420525551e-04
5.374089232645928860e-04
5.373526364564895630e-04
5.372961168177425861e-04
5.372392479330301285e-04
5.371821462176740170e-04
5.371246370486915112e-04
5.370669532567262650e-04
5.370089784264564514e-04
5.369507125578820705e-04
5.368921556510031223e-04
5.368331912904977798e-04
5.367739940993487835e-04
5.367144476622343063e-04
5.366546101868152618e-04
5.365944234654307365e-04
5.365340039134025574e-04
5.364732933230698109e-04
5.364121170714497566e-04
5.363507079891860485e-04
5.362888914532959461e-04
5.362268420867621899e-04
5.361645016819238663e-04
5.361016956157982349e-04
5.360385985113680363e-04
5.359751521609723568e-04
5.359113565646111965e-04
5.358472117222845554e-04
5.357827758416533470e-04
5.357178742997348309e-04
5.356526817195117474e-04
5.355871398933231831e-04
5.355211324058473110e-04
5.354548920877277851e-04
5.353883025236427784e-04
5.353211308829486370e-04
5.352537846192717552e-04
5.351860309019684792e-04
5.351176951080560684e-04
5.350491264835000038e-04
5.349802086129784584e-04
5.349108250811696053e-04
5.348410340957343578e-04
5.347708938643336296e-04
5.347002297639846802e-04
5.346292164176702499e-04
5.345577956177294254e-04
5.344860255718231201e-04
5.344137316569685936e-04
5.343410302884876728e-04
5.342679214663803577e-04
5.341943469829857349e-04
5.341203650459647179e-04
5.340459174476563931e-04
5.339710041880607605e-04
5.338956834748387337e-04
5.338198971003293991e-04
5.337436450645327568e-04
5.336669855751097202e-04
5.335897440090775490e-04
5.335120949894189835e-04
5.334339803084731102e-04
5.333553417585790157e-04
5.332762957550585270e-04
5.331966676749289036e-04
5.331166321411728859e-04
5.330360145308077335e-04
5.329549894668161869e-04
5.328733241185545921e-04
5.327913095243275166e-04
5.327087128534913063e-04
5.326256505213677883e-04
5.325419479049742222e-04
5.324577214196324348e-04
5.323730292730033398e-04
5.322878132574260235e-04
5.322020733729004860e-04
5.321156349964439869e-04
5.320287891663610935e-04
5.319413612596690655e-04
5.318532930687069893e-04
5.317648174241185188e-04
5.316757014952600002e-04
5.315858870744705200e-04
5.314956652000546455e-04
5.314048030413687229e-04
5.313133005984127522e-04
5.312212742865085602e-04
5.311286658979952335e-04
5.310353008098900318e-04
5.309414118528366089e-04
5.308469990268349648e-04
5.307518295012414455e-04
5.306561361066997051e-04
5.305598024278879166e-04
5.304627702571451664e-04
5.303651560097932816e-04
5.302669596858322620e-04
5.301680066622793674e-04
5.300684715621173382e-04
5.299681797623634338e-04
5.298673640936613083e-04
5.297657917253673077e-04
5.296635790728032589e-04
5.295606679283082485e-04
5.294570000842213631e-04
5.293528083711862564e-04
5.292477435432374477e-04
5.291422130540013313e-04
5.290357512421905994e-04
5.289286491461098194e-04
5.288209067657589912e-04
5.287123494781553745e-04
5.286031519062817097e-04
5.284932558424770832e-04
5.283826030790805817e-04
5.282710772007703781e-04
5.281589692458510399e-04
5.280461045913398266e-04
5.279324250295758247e-04
5.278179887682199478e-04
5.277027958072721958e-04
5.275868461467325687e-04
5.274701979942619801e-04
5.273527349345386028e-04
5.272344569675624371e-04
5.271154805086553097e-04
5.269956309348344803e-04
5.268750246614217758e-04
5.267536034807562828e-04
5.266314256004989147e-04
5.265083746053278446e-04
5.263845669105648994e-04
5.262598861008882523e-04
5.261345650069415569e-04
5.260081961750984192e-04
5.258811288513243198e-04
5.257532466202974319e-04
5.256244912743568420e-04
5.254949210211634636e-04
5.253645358607172966e-04
5.252333357930183411e-04
5.251012044027447701e-04
5.249683163128793240e-04
5.248345551081001759e-04
5.246998625807464123e-04
5.245644715614616871e-04
5.244280328042805195e-04
5.242908373475074768e-04
5.241528269834816456e-04
5.240139435045421124e-04
5.238741869106888771e-04
5.237334989942610264e-04
5.235919961705803871e-04
5.234496202319860458e-04
5.233063129708170891e-04
5.231622490100562572e-04
5.230171955190598965e-04
5.228713271208107471e-04
5.227245273999869823e-04
5.225769709795713425e-04
5.224285414442420006e-04
5.222790641710162163e-04
5.221287719905376434e-04
5.219776066951453686e-04
5.218255100771784782e-04
5.216726567596197128e-04
5.215189303271472454e-04
5.213642725721001625e-04
5.212087417021393776e-04
5.210522795096039772e-04
5.208950606174767017e-04
5.207369104027748108e-04
5.205778870731592178e-04
5.204180488362908363e-04
5.202572792768478394e-04
5.200956366024911404e-04
5.199332372285425663e-04
5.197698483243584633e-04
5.196057027205824852e-04
5.194406840018928051e-04
5.192747339606285095e-04
5.191080272197723389e-04
5.189404473640024662e-04
5.187721108086407185e-04
5.186029011383652687e-04
5.184328765608370304e-04
5.182619788683950901e-04
5.180902662687003613e-04
5.179177969694137573e-04
5.177445127628743649e-04
5.175702972337603569e-04
5.173953832127153873e-04
5.172197124920785427e-04
5.170432850718498230e-04
5.168660427443683147e-04
5.166879855096340179e-04
5.165092297829687595e-04
5.163297173567116261e-04
5.161494482308626175e-04
5.159684224054217339e-04
5.157866398803889751e-04
5.156042170710861683e-04
5.154210375621914864e-04
5.152371595613658428e-04
5.150525830686092377e-04
5.148673080839216709e-04
5.146813928149640560e-04
5.144947790540754795e-04
5.143075250089168549e-04
5.141195724718272686e-04
5.139310960657894611e-04
5.137418629601597786e-04
5.135520477779209614e-04
5.133615923114120960e-04
5.131706129759550095e-04
5.129790515638887882e-04
5.127868498675525188e-04
5.125941825099289417e-04
5.124008166603744030e-04
5.122071015648543835e-04
5.120127461850643158e-04
5.118178669363260269e-04
5.116225220263004303e-04
5.114266532473266125e-04
5.112302023917436600e-04
5.110334604978561401e-04
5.108361947350203991e-04
5.106384051032364368e-04
5.104403244331479073e-04
5.102417781017720699e-04
5.100428243167698383e-04
5.098435212858021259e-04
5.096436361782252789e-04
5.094436346553266048e-04
5.092432256788015366e-04
5.090423510409891605e-04
5.088412435725331306e-04
5.086397868581116199e-04
5.084380391053855419e-04
5.082360003143548965e-04
5.080336704850196838e-04
5.078311078250408173e-04
5.076281959190964699e-04
5.074251675978302956e-04
5.072219064459204674e-04
5.070183542557060719e-04
5.068147438578307629e-04
5.066107260063290596e-04
5.064067663624882698e-04
5.062025738880038261e-04
5.059982067905366421e-04
5.057937814854085445e-04
5.055891233496367931e-04
5.053844070062041283e-04
5.051796324551105499e-04
5.049747414886951447e-04
5.047698505222797394e-04
5.045647849328815937e-04
5.043597193434834480e-04
5.041547119617462158e-04
5.039496463723480701e-04
5.037445807829499245e-04
5.035394569858908653e-04
5.033344496041536331e-04
5.031293840147554874e-04
5.029244348406791687e-04
5.027194856666028500e-04
5.025145364925265312e-04
5.023098783567547798e-04
5.021052202209830284e-04
5.019006202928721905e-04
5.016961949877440929e-04
5.014918278902769089e-04
5.012876354157924652e-04
5.010836757719516754e-04
5.008797161281108856e-04
5.006759893149137497e-04
5.004724371246993542e-04
5.002691177651286125e-04
5.000659730285406113e-04
4.998631193302571774e-04
4.996603820472955704e-04
4.994579358026385307e-04
4.992556641809642315e-04
4.990537418052554131e-04
4.988519940525293350e-04
4.986505373381078243e-04
4.984494298696517944e-04
4.982484970241785049e-04
4.980479716323316097e-04
4.978476790711283684e-04
4.976477357558906078e-04
4.974481998942792416e-04
4.972489550709724426e-04
4.970499430783092976e-04
4.968514549545943737e-04
4.966531414538621902e-04
4.964554100297391415e-04
4.962578532285988331e-04
4.960608202964067459e-04
4.958640784025192261e-04
4.956678603775799274e-04
4.954719333909451962e-04
4.952764720655977726e-04
4.950814181938767433e-04
4.948867717757821083e-04
4.946925910189747810e-04
4.944988759234547615e-04
4.943056264892220497e-04
4.941126680932939053e-04
4.939204081892967224e-04
4.937284393236041069e-04
4.935370525345206261e-04
4.933461314067244530e-04
4.931556177325546741e-04
4.929656279273331165e-04
4.927761037833988667e-04
4.925871035084128380e-04
4.923986853100359440e-04
4.922107327729463577e-04
4.920233041048049927e-04
4.918363410979509354e-04
4.916499019600450993e-04
4.914640448987483978e-04
4.912787117063999176e-04
4.910939023829996586e-04
4.909096751362085342e-04
4.907259135507047176e-04
4.905427340418100357e-04
4.903601366095244884e-04
4.901781212538480759e-04
4.899966297671198845e-04
4.898157203570008278e-04
4.896352766081690788e-04
4.894555313512682915e-04
4.892763099633157253e-04
4.890977288596332073e-04
4.889197298325598240e-04
4.887422546744346619e-04
4.885653615929186344e-04
4.883890505880117416e-04
4.882132925558835268e-04
4.880382621195167303e-04
4.878636973444372416e-04
4.876898310612887144e-04
4.875164595432579517e-04
4.873437283094972372e-04
4.871716373600065708e-04
4.870001284871250391e-04
4.868291725870221853e-04
4.866588569711893797e-04
4.864892107434570789e-04
4.863201174885034561e-04
4.861516063101589680e-04
4.859837645199149847e-04
4.858165339101105928e-04
4.856498271692544222e-04
4.854837898164987564e-04
4.853184800595045090e-04
4.851536359637975693e-04
4.849894030485302210e-04
4.848258977290242910e-04
4.846629744861274958e-04
4.845006042160093784e-04
4.843389615416526794e-04
4.841778136324137449e-04
4.840173642151057720e-04
4.838574968744069338e-04
4.836982116103172302e-04
4.835396248381584883e-04
4.833815910387784243e-04
4.832241975236684084e-04
4.830675025004893541e-04
4.829113022424280643e-04
4.827558004762977362e-04
4.826008807867765427e-04
4.824465722776949406e-04
4.822929040528833866e-04
4.821397888008505106e-04
4.819873429369181395e-04
4.818355082534253597e-04
4.816841974388808012e-04
4.815336142200976610e-04
4.813836130779236555e-04
4.812342231161892414e-04
4.810853861272335052e-04
4.809371894225478172e-04
4.807896038983017206e-04
