4.883857909590005875e-04
4.883836954832077026e-04
4.883815417997539043e-04
4.883794463239610195e-04
4.883772344328463078e-04
4.883751389570534229e-04
4.883731016889214516e-04
4.883709480054676533e-04
4.883687943220138550e-04
4.883666988462209702e-04
4.883645451627671719e-04
4.883625661022961140e-04
4.883602960035204887e-04
4.883582005277276039e-04
4.883561050519347191e-04
4.883538931608200073e-04
4.883517976850271225e-04
4.883497022092342377e-04
4.883476067334413528e-04
4.883455112576484680e-04
4.883433575741946697e-04
4.883412620984017849e-04
4.883391084149479866e-04
4.883370129391551018e-04
4.883349174633622169e-04
4.883327637799084187e-04
4.883306683041155338e-04
4.883285146206617355e-04
4.883264191448688507e-04
4.883243236690759659e-04
4.883221699856221676e-04
4.883199580945074558e-04
4.883179208263754845e-04
4.883157671429216862e-04
4.883137298747897148e-04
4.883116343989968300e-04
4.883094807155430317e-04
4.883072688244283199e-04
4.883052315562963486e-04
4.883030778728425503e-04
4.883009823970496655e-04
4.882988869212567806e-04
4.882967914454638958e-04
4.882945795543491840e-04
4.882924840785562992e-04
4.882903886027634144e-04
4.882882349193096161e-04
4.882861394435167313e-04
4.882840439677238464e-04
4.882818902842700481e-04
4.882798239123076200e-04
4.882776702288538218e-04
4.882755747530609369e-04
4.882735374849289656e-04
4.882713255938142538e-04
4.882692883256822824e-04
4.882670764345675707e-04
4.882649809587746859e-04
4.882629436906427145e-04
4.882607317995280027e-04
4.882586363237351179e-04
4.882565990556031466e-04
4.882544453721493483e-04
4.882523498963564634e-04
4.882501962129026651e-04
4.882480716332793236e-04
4.882460052613168955e-04
4.882437642663717270e-04
4.882417269982397556e-04
4.882396315224468708e-04
4.882375360466539860e-04
4.882353823632001877e-04
4.882332286797463894e-04
4.882311332039535046e-04
4.882289795204997063e-04
4.882268840447068214e-04
4.882247303612530231e-04
4.882226930931210518e-04
4.882205976173281670e-04
4.882184148300439119e-04
4.882162902504205704e-04
4.882142529822885990e-04
4.882120992988348007e-04
4.882100038230419159e-04
4.882079083472490311e-04
4.882057546637952328e-04
4.882037173956632614e-04
4.882015346083790064e-04
4.881994682364165783e-04
4.881973727606236935e-04
4.881952190771698952e-04
4.881931236013770103e-04
4.881909990217536688e-04
4.881888744421303272e-04
4.881867789663374424e-04
4.881846543867141008e-04
4.881825589109212160e-04
4.881804052274674177e-04
4.881783388555049896e-04
4.881761560682207346e-04
4.881740605924278498e-04
4.881719942204654217e-04
4.881698696408420801e-04
4.881677741650491953e-04
4.881657077930867672e-04
4.881635541096329689e-04
4.881613713223487139e-04
4.881593340542167425e-04
4.881571803707629442e-04
4.881550848949700594e-04
4.881529894191771746e-04
4.881508357357233763e-04
4.881487984675914049e-04
4.881466738879680634e-04
4.881445493083447218e-04
4.881423956248909235e-04
4.881403583567589521e-04
4.881382046733051538e-04
4.881361091975122690e-04
4.881339555140584707e-04
4.881319182459264994e-04
4.881297645624727011e-04
4.881276108790189028e-04
4.881255154032260180e-04
4.881234781350940466e-04
4.881212662439793348e-04
4.881192289758473635e-04
4.881171626038849354e-04
4.881150671280920506e-04
4.881129134446382523e-04
4.881107306573539972e-04
4.881086933892220259e-04
4.881066270172595978e-04
4.881045315414667130e-04
4.881023487541824579e-04
4.881002823822200298e-04
4.880981578025966883e-04
4.880960332229733467e-04
4.880939086433500051e-04
4.880918422713875771e-04
4.880897467955946922e-04
4.880875640083104372e-04
4.880855558440089226e-04
4.880834021605551243e-04
4.880812775809317827e-04
4.880791530013084412e-04
4.880771157331764698e-04
4.880750202573835850e-04
4.880728374700993299e-04
4.880707710981369019e-04
4.880686174146831036e-04
4.880665801465511322e-04
4.880644846707582474e-04
4.880623309873044491e-04
4.880602937191724777e-04
4.880581400357186794e-04
4.880559863522648811e-04
4.880538908764719963e-04
4.880517954006791115e-04
4.880497581325471401e-04
4.880475462414324284e-04
4.880455089733004570e-04
4.880432970821857452e-04
4.880412598140537739e-04
4.880391643382608891e-04
4.880370688624680042e-04
4.880349733866751194e-04
4.880328779108822346e-04
4.880307533312588930e-04
4.880286578554660082e-04
4.880265332758426666e-04
4.880244378000497818e-04
4.880223132204264402e-04
4.880201886408030987e-04
4.880181222688406706e-04
4.880159976892173290e-04
4.880138731095939875e-04
4.880117776338011026e-04
4.880097403656691313e-04
4.880075866822153330e-04
4.880054912064224482e-04
4.880033957306295633e-04
4.880013002548366785e-04
4.879991465713828802e-04
4.879971384070813656e-04
4.879949556197971106e-04
4.879928601440042257e-04
4.879908228758722544e-04
4.879886691924184561e-04
4.879865737166255713e-04
4.879844782408326864e-04
4.879823245573788881e-04
4.879802581854164600e-04
4.879781336057931185e-04
4.879760672338306904e-04
4.879739717580378056e-04
4.879718180745840073e-04
4.879696934949606657e-04
4.879675980191677809e-04
4.879655316472053528e-04
4.879634361714124680e-04
4.879612824879586697e-04
4.879590997006744146e-04
4.879571497440338135e-04
4.879550542682409286e-04
4.879529005847871304e-04
4.879508051089942455e-04
4.879487096332013607e-04
4.879466141574084759e-04
4.879445186816155910e-04
4.879423649981617928e-04
4.879402695223689079e-04
4.879382031504064798e-04
4.879361076746135950e-04
4.879339830949902534e-04
4.879318294115364552e-04
4.879297630395740271e-04
4.879276384599506855e-04
4.879255720879882574e-04
4.879234184045344591e-04
4.879212938249111176e-04
4.879192274529486895e-04
4.879171319771558046e-04
4.879150365013629198e-04
4.879129410255700350e-04
4.879108455497771502e-04
4.879087791778147221e-04
4.879066545981913805e-04
4.879045591223984957e-04
4.879024636466056108e-04
4.879003972746431828e-04
4.878982435911893845e-04
4.878961481153964996e-04
4.878940526396036148e-04
4.878919571638107300e-04
4.878899198956787586e-04
4.878878244198858738e-04
4.878856707364320755e-04
4.878836625721305609e-04
4.878814797848463058e-04
4.878793843090534210e-04
4.878773179370909929e-04
4.878751642536371946e-04
4.878730687778443098e-04
4.878709733020514250e-04
4.878688778262585402e-04
4.878667823504656553e-04
4.878646286670118570e-04
4.878625913988798857e-04
4.878604959230870008e-04
4.878584004472941160e-04
4.878563340753316879e-04
4.878541803918778896e-04
4.878520849160850048e-04
4.878499603364616632e-04
4.878478648606687784e-04
4.878457984887063503e-04
4.878437903244048357e-04
4.878416075371205807e-04
4.878395120613276958e-04
4.878375038970261812e-04
4.878353502135723829e-04
4.878332256339490414e-04
4.878311301581561565e-04
4.878290055785328150e-04
4.878269683104008436e-04
4.878249310422688723e-04
4.878226900473237038e-04
4.878206236753612757e-04
4.878185281995683908e-04
4.878164327237755060e-04
4.878143372479826212e-04
4.878123290836811066e-04
4.878101754002273083e-04
4.878080799244344234e-04
4.878059262409806252e-04
4.878038889728486538e-04
4.878018517047166824e-04
4.877996398136019707e-04
4.877976025454699993e-04
4.877955361735075712e-04
4.877934406977146864e-04
4.877913452219218016e-04
4.877892497461289167e-04
4.877870960626751184e-04
4.877850005868822336e-04
4.877829924225807190e-04
4.877808969467878342e-04
4.877787141595035791e-04
4.877766477875411510e-04
4.877745523117482662e-04
4.877724568359553814e-04
4.877703613601624966e-04
4.877683240920305252e-04
4.877661704085767269e-04
4.877641331404447556e-04
4.877620667684823275e-04
4.877599712926894426e-04
4.877578176092356443e-04
4.877557221334427595e-04
4.877535684499889612e-04
4.877515893895179033e-04
4.877494939137250185e-04
4.877473402302712202e-04
4.877452738583087921e-04
4.877431492786854506e-04
4.877410829067230225e-04
4.877389874309301376e-04
4.877368919551372528e-04
4.877347964793443680e-04
4.877327010035514832e-04
4.877306055277585983e-04
4.877285391557961702e-04
4.877264436800032854e-04
4.877242899965494871e-04
4.877222527284175158e-04
4.877201572526246309e-04
4.877180035691708326e-04
4.877159080933779478e-04
4.877138126175850630e-04
4.877117753494530916e-04
4.877096507698297501e-04
4.877075552940368652e-04
4.877054598182439804e-04
4.877034225501120090e-04
4.877013270743191242e-04
4.876992315985262394e-04
4.876971361227333546e-04
4.876950406469404697e-04
4.876929160673171282e-04
4.876908205915242434e-04
4.876887251157313585e-04
4.876866296399384737e-04
4.876845923718065023e-04
4.876824968960136175e-04
4.876804014202207327e-04
4.876783350482583046e-04
4.876762395724654198e-04
4.876740858890116215e-04
4.876720486208796501e-04
4.876698949374258518e-04
4.876678576692938805e-04
4.876657912973314524e-04
4.876636376138776541e-04
4.876615421380847692e-04
4.876595048699527979e-04
4.876574093941599131e-04
4.876553139183670282e-04
4.876532475464046001e-04
4.876510647591203451e-04
4.876490565948188305e-04
4.876469611190259457e-04
4.876448656432330608e-04
4.876427701674401760e-04
4.876407037954777479e-04
4.876386083196848631e-04
4.876365128438919783e-04
4.876344755757600069e-04
4.876323800999671221e-04
4.876302846241742373e-04
4.876281600445508957e-04
4.876260354649275541e-04
4.876239690929651260e-04
4.876219318248331547e-04
4.876198654528707266e-04
4.876177408732473850e-04
4.876155871897935867e-04
4.876135790254920721e-04
4.876114835496991873e-04
4.876093880739063025e-04
4.876072925981134176e-04
4.876051971223205328e-04
4.876031016465276480e-04
4.876010352745652199e-04
4.875989397987723351e-04
4.875969025306403637e-04
4.875947488471865654e-04
4.875927115790545940e-04
4.875905869994312525e-04
4.875885497312992811e-04
4.875863960478454828e-04
4.875843878835439682e-04
4.875822633039206266e-04
4.875801969319581985e-04
4.875781014561653137e-04
4.875760641880333424e-04
4.875739105045795441e-04
4.875718150287866592e-04
4.875697486568242311e-04
4.875676240772008896e-04
4.875655577052384615e-04
4.875635495409369469e-04
4.875614249613136053e-04
4.875593294855207205e-04
4.875573213212192059e-04
4.875551676377654076e-04
4.875530721619725227e-04
4.875510348938405514e-04
4.875489103142172098e-04
4.875469312537461519e-04
4.875447775702923536e-04
4.875426820944994688e-04
4.875405866187065840e-04
4.875385202467441559e-04
4.875363956671208143e-04
4.875342710874974728e-04
4.875322920270264149e-04
4.875301965512335300e-04
4.875280719716101885e-04
4.875260347034782171e-04
4.875239392276853323e-04
4.875219310633838177e-04
4.875197773799300194e-04
4.875176528003066778e-04
4.875156446360051632e-04
4.875135491602122784e-04
4.875114536844193935e-04
4.875093873124569654e-04
4.875072918366640806e-04
4.875052545685321093e-04
4.875031590927392244e-04
4.875010345131158829e-04
4.874989390373229980e-04
4.874968435615301132e-04
4.874947480857372284e-04
4.874927108176052570e-04
4.874906153418123722e-04
4.874885489698499441e-04
4.874865117017179728e-04
4.874844162259250879e-04
4.874823498539626598e-04
4.874802543781697750e-04
4.874781589023768902e-04
4.874760634265840054e-04
4.874739679507911205e-04
4.874719597864896059e-04
4.874698643106967211e-04
4.874677688349038363e-04
4.874656733591109514e-04
4.874635778833180666e-04
4.874615697190165520e-04
4.874594742432236671e-04
4.874573787674307823e-04
4.874553123954683542e-04
4.874532751273363829e-04
4.874511214438825846e-04
4.874490841757506132e-04
4.874469304922968149e-04
4.874449223279953003e-04
4.874427686445415020e-04
4.874407313764095306e-04
4.874386359006166458e-04
4.874365695286542177e-04
4.874345322605222464e-04
4.874324658885598183e-04
4.874303704127669334e-04
4.874282749369740486e-04
4.874261794611811638e-04
4.874241712968796492e-04
4.874220467172563076e-04
4.874199803452938795e-04
4.874179430771619081e-04
4.874157893937081099e-04
4.874137521255761385e-04
4.874116275459527969e-04
4.874095320701599121e-04
4.874074948020279408e-04
4.874054575338959694e-04
4.874033329542726278e-04
4.874012374784797430e-04
4.873992002103477716e-04
4.873971920460462570e-04
4.873950092587620020e-04
4.873929137829691172e-04
4.873908474110066891e-04
4.873888101428747177e-04
4.873868019785732031e-04
4.873846482951194048e-04
4.873826110269874334e-04
4.873805446550250053e-04
4.873784200754016638e-04
4.873762954957783222e-04
4.873743164353072643e-04
4.873722209595143795e-04
4.873700963798910379e-04
4.873680591117590666e-04
4.873659636359661818e-04
4.873638972640037537e-04
4.873618017882108688e-04
4.873598227277398109e-04
4.873576690442860126e-04
4.873556026723235846e-04
4.873535071965306997e-04
4.873514699283987284e-04
4.873493162449449301e-04
4.873473080806434155e-04
4.873452126048505306e-04
4.873432044405490160e-04
4.873411089647561312e-04
4.873390134889632463e-04
