2.990485401824116707e-03
2.989144995808601379e-03
2.987805753946304321e-03
2.986467676237225533e-03
2.985130529850721359e-03
2.983794314786791801e-03
2.982458798214793205e-03
2.981124911457300186e-03
2.979791490361094475e-03
2.978459233418107033e-03
2.977127907797694206e-03
2.975797513499855995e-03
2.974467817693948746e-03
2.973139518871903419e-03
2.971812151372432709e-03
2.970485482364892960e-03
2.969159977510571480e-03
2.967835403978824615e-03
2.966511761769652367e-03
2.965188818052411079e-03
2.963867271319031715e-03
2.962546423077583313e-03
2.961226273328065872e-03
2.959907753393054008e-03
2.958589466288685799e-03
2.957272343337535858e-03
2.955956384539604187e-03
2.954640658572316170e-03
2.953327028080821037e-03
2.952013397589325905e-03
2.950700931251049042e-03
2.949389629065990448e-03
2.948079025372862816e-03
2.946768887341022491e-03
2.945460146293044090e-03
2.944152336567640305e-03
2.942845458164811134e-03
2.941539278253912926e-03
2.940234262496232986e-03
2.938929712399840355e-03
2.937626559287309647e-03
2.936324337497353554e-03
2.935022814199328423e-03
2.933721989393234253e-03
2.932421863079071045e-03
2.931123366579413414e-03
2.929825102910399437e-03
2.928528003394603729e-03
2.927232068032026291e-03
2.925936598330736160e-03
2.924642059952020645e-03
2.923348220065236092e-03
2.922055544331669807e-03
2.920763567090034485e-03
2.919472521170973778e-03
2.918182639405131340e-03
2.916892990469932556e-03
2.915604505687952042e-03
2.914316719397902489e-03
2.913030330091714859e-03
2.911744173616170883e-03
2.910459181293845177e-03
2.909174887463450432e-03
2.907891524955630302e-03
2.906608860939741135e-03
2.905326895415782928e-03
2.904046326875686646e-03
2.902765991166234016e-03
2.901487052440643311e-03
2.900208346545696259e-03
2.898931037634611130e-03
2.897653961554169655e-03
2.896378049626946449e-03
2.895102836191654205e-03
2.893828554078936577e-03
2.892554970458149910e-03
2.891282318159937859e-03
2.890010364353656769e-03
2.888739109039306641e-03
2.887468319386243820e-03
2.886199392378330231e-03
2.884930232539772987e-03
2.883662469685077667e-03
2.882394939661026001e-03
2.881128806620836258e-03
2.879862906411290169e-03
2.878598403185606003e-03
2.877334132790565491e-03
2.876070560887455940e-03
2.874808385968208313e-03
2.873546443879604340e-03
2.872285433113574982e-03
2.871024888008832932e-03
2.869765507057309151e-03
2.868506824597716331e-03
2.867248840630054474e-03
2.865991322323679924e-03
2.864734735339879990e-03
2.863479079678654671e-03
2.862224122509360313e-03
2.860969631001353264e-03
2.859716070815920830e-03
2.858463209122419357e-03
2.857211045920848846e-03
2.855959581211209297e-03
2.854708582162857056e-03
2.853458747267723083e-03
2.852209378033876419e-03
2.850961172953248024e-03
2.849713200703263283e-03
2.848466159775853157e-03
2.847219584509730339e-03
2.845973940566182137e-03
2.844728762283921242e-03
2.843484515324234962e-03
2.842240966856479645e-03
2.840997884050011635e-03
2.839755499735474586e-03
2.838513813912868500e-03
2.837272593751549721e-03
2.836032770574092865e-03
2.834793180227279663e-03
2.833554288372397423e-03
2.832315629348158836e-03
2.831078367307782173e-03
2.829841105267405510e-03
2.828605240210890770e-03
2.827369142323732376e-03
2.826134208589792252e-03
2.824899973347783089e-03
2.823666203767061234e-03
2.822433365508913994e-03
2.821200527250766754e-03
2.819969085976481438e-03
2.818737877532839775e-03
2.817507367581129074e-03
2.816277323290705681e-03
2.815047977492213249e-03
2.813819563016295433e-03
2.812591614201664925e-03
2.811363898217678070e-03
2.810137113556265831e-03
2.808910794556140900e-03
2.807685174047946930e-03
2.806460019201040268e-03
2.805235562846064568e-03
2.804011572152376175e-03
2.802788512781262398e-03
2.801565686240792274e-03
2.800343558192253113e-03
2.799122128635644913e-03
2.797900931909680367e-03
2.796680899336934090e-03
2.795461099594831467e-03
2.794241532683372498e-03
2.793022897094488144e-03
2.791804727166891098e-03
2.790587255731225014e-03
2.789370017126202583e-03
2.788153477013111115e-03
2.786937635391950607e-03
2.785722259432077408e-03
2.784507349133491516e-03
2.783292904496192932e-03
2.782078925520181656e-03
2.780865877866744995e-03
2.779653063043951988e-03
2.778440946713089943e-03
2.777229063212871552e-03
2.776018111035227776e-03
2.774807391688227654e-03
2.773596905171871185e-03
2.772387582808732986e-03
2.771178493276238441e-03
2.769969636574387550e-03
2.768761478364467621e-03
2.767553785815834999e-03
2.766346791759133339e-03
2.765140030533075333e-03
2.763933502137660980e-03
2.762727672234177589e-03
2.761522773653268814e-03
2.760317642241716385e-03
2.759113442152738571e-03
2.757909474894404411e-03
2.756706206128001213e-03
2.755503403022885323e-03
2.754301065579056740e-03
2.753098728135228157e-03
2.751897089183330536e-03
2.750695915892720222e-03
2.749495208263397217e-03
2.748295199126005173e-03
2.747095189988613129e-03
2.745895879343152046e-03
2.744696801528334618e-03
2.743498655036091805e-03
2.742300042882561684e-03
2.741102594882249832e-03
2.739905612543225288e-03
2.738708630204200745e-03
2.737512113526463509e-03
2.736316062510013580e-03
2.735120477154850960e-03
2.733925357460975647e-03
2.732730936259031296e-03
2.731536515057086945e-03
2.730342326685786247e-03
2.729148603975772858e-03
2.727955346927046776e-03
2.726762555539608002e-03
2.725570229813456535e-03
2.724378136917948723e-03
2.723186509683728218e-03
2.721995115280151367e-03
2.720804186537861824e-03
2.719613723456859589e-03
2.718423726037144661e-03
2.717233728617429733e-03
2.716043964028358459e-03
2.714855363592505455e-03
2.713666530326008797e-03
2.712478162720799446e-03
2.711290260776877403e-03
2.710102358832955360e-03
2.708915155380964279e-03
2.707728417590260506e-03
2.706541446968913078e-03
2.705355174839496613e-03
2.704169368371367455e-03
2.702983794733881950e-03
2.701798919588327408e-03
2.700613811612129211e-03
2.699429402127861977e-03
2.698245225474238396e-03
2.697061048820614815e-03
2.695877570658922195e-03
2.694694790989160538e-03
2.693511312827467918e-03
2.692328765988349915e-03
2.691146684810519218e-03
2.689964370802044868e-03
2.688782988116145134e-03
2.687601838260889053e-03
2.686420921236276627e-03
2.685240237042307854e-03
2.684060018509626389e-03
2.682879567146301270e-03
2.681700047105550766e-03
2.680520759895443916e-03
2.679341705515980721e-03
2.678162883967161179e-03
2.676984528079628944e-03
2.675806405022740364e-03
2.674628747627139091e-03
2.673451090231537819e-03
2.672273665666580200e-03
2.671097172424197197e-03
2.669920446351170540e-03
2.668744185939431190e-03
2.667567925527691841e-03
2.666392596438527107e-03
2.665217034518718719e-03
2.664042171090841293e-03
2.662867307662963867e-03
2.661692909896373749e-03
2.660518744960427284e-03
2.659345045685768127e-03
2.658171579241752625e-03
2.656998345628380775e-03
2.655825577676296234e-03
2.654652809724211693e-03
2.653480507433414459e-03
2.652308903634548187e-03
2.651137067005038261e-03
2.649965928867459297e-03
2.648795023560523987e-03
2.647624118253588676e-03
2.646454144269227982e-03
2.645283937454223633e-03
2.644114196300506592e-03
2.642944687977433205e-03
2.641775645315647125e-03
2.640607068315148354e-03
2.639438956975936890e-03
2.638270612806081772e-03
2.637102967128157616e-03
2.635935554280877113e-03
2.634768374264240265e-03
2.633601659908890724e-03
2.632435644045472145e-03
2.631269628182053566e-03
2.630104077979922295e-03
2.628938760608434677e-03
2.627773908898234367e-03
2.626609057188034058e-03
2.625444903969764709e-03
2.624281216412782669e-03
2.623117528855800629e-03
2.621954772621393204e-03
2.620791783556342125e-03
2.619629492983222008e-03
2.618467435240745544e-03
2.617306075990200043e-03
2.616144949570298195e-03
2.614984055981040001e-03
2.613823628053069115e-03
2.612663665786385536e-03
2.611504169180989265e-03
2.610345371067523956e-03
2.609186107292771339e-03
2.608027774840593338e-03
2.606870140880346298e-03
2.605712506920099258e-03
2.604555571451783180e-03
2.603399101644754410e-03
2.602242631837725639e-03
2.601087093353271484e-03
2.599931787699460983e-03
2.598776947706937790e-03
2.597622573375701904e-03
2.596468664705753326e-03
2.595315454527735710e-03
2.594162477180361748e-03
2.593010198324918747e-03
2.591858152300119400e-03
2.590707037597894669e-03
2.589555690065026283e-03
2.588405506685376167e-03
2.587255556136369705e-03
2.586106304079294205e-03
2.584957517683506012e-03
2.583808964118361473e-03
2.582661341875791550e-03
2.581514418125152588e-03
2.580367727205157280e-03
2.579221269115805626e-03
2.578075742349028587e-03
2.576930681243538857e-03
2.575786318629980087e-03
2.574642421677708626e-03
2.573499223217368126e-03
2.572356956079602242e-03
2.571214688941836357e-03
2.570073120296001434e-03
2.568932250142097473e-03
2.567792078480124474e-03
2.566652605310082436e-03
2.565513597801327705e-03
2.564375288784503937e-03
2.563237678259611130e-03
2.562100766226649284e-03
2.560964319854974747e-03
2.559829037636518478e-03
2.558693755418062210e-03
2.557559870183467865e-03
2.556426217779517174e-03
2.555293031036853790e-03
2.554160775616765022e-03
2.553029917180538177e-03
2.551899058744311333e-03
2.550768665969371796e-03
2.549639670178294182e-03
2.548511140048503876e-03
2.547383541241288185e-03
2.546256175264716148e-03
2.545130206272006035e-03
2.544004470109939575e-03
2.542879432439804077e-03
2.541755791753530502e-03
2.540632616728544235e-03
2.539510373026132584e-03
2.538388594985008240e-03
2.537267981097102165e-03
2.536147832870483398e-03
2.535028848797082901e-03
2.533910796046257019e-03
2.532793208956718445e-03
2.531676786020398140e-03
2.530560828745365143e-03
2.529446035623550415e-03
2.528332406654953957e-03
2.527218777686357498e-03
2.526106545701622963e-03
2.524995012208819389e-03
2.523884177207946777e-03
2.522774972021579742e-03
2.521666232496500015e-03
2.520557958632707596e-03
2.519451314583420753e-03
2.518345369026064873e-03
2.517240354791283607e-03
2.516136271879076958e-03
2.515032887458801270e-03
2.513930900022387505e-03
2.512829378247261047e-03
2.511729020625352859e-03
2.510629594326019287e-03
2.509531099349260330e-03
2.508433535695075989e-03
2.507336903363466263e-03
2.506241668015718460e-03
2.505146898329257965e-03
2.504053525626659393e-03
2.502961084246635437e-03
2.501869574189186096e-03
2.500778762623667717e-03
2.499689580872654915e-03
2.498600864782929420e-03
2.497513545677065849e-03
2.496426925063133240e-03
2.495341701433062553e-03
2.494257409125566483e-03
2.493174048140645027e-03
2.492091385647654533e-03
2.491010352969169617e-03
2.489930018782615662e-03
2.488850615918636322e-03
2.487772842869162560e-03
2.486695768311619759e-03
2.485619625076651573e-03
2.484544645994901657e-03
2.483470831066370010e-03
2.482398180291056633e-03
2.481326228007674217e-03
2.480255672708153725e-03
2.479186514392495155e-03
2.478118054568767548e-03
2.477050758898258209e-03
2.475984627380967140e-03
2.474919194355607033e-03
2.473855391144752502e-03
2.472792286425828934e-03
2.471730345860123634e-03
2.470670035108923912e-03
2.469610422849655151e-03
2.468551741912961006e-03
2.467494690790772438e-03
2.466437872499227524e-03
2.465383149683475494e-03
2.464329125359654427e-03
2.463276498019695282e-03
2.462224336341023445e-03
2.461174037307500839e-03
2.460124669596552849e-03
2.459076000377535820e-03
2.458028728142380714e-03
2.456982852891087532e-03
2.455937676131725311e-03
2.454894129186868668e-03
2.453851280733942986e-03
2.452810062095522881e-03
2.451769541949033737e-03
2.450730418786406517e-03
2.449692226946353912e-03
2.448655432090163231e-03
2.447619568556547165e-03
2.446585102006793022e-03
2.445551566779613495e-03
2.444519428536295891e-03
2.443487988784909248e-03
2.442457946017384529e-03
2.441429067403078079e-03
2.440401352941989899e-03
2.439374569803476334e-03
2.438349649310112000e-03
2.437325194478034973e-03
2.436301903799176216e-03
2.435279777273535728e-03
2.434259047731757164e-03
2.433239482343196869e-03
2.432220848277211189e-03
2.431203378364443779e-03
2.430187305435538292e-03
2.429172163829207420e-03
2.428158419206738472e-03
2.427145373076200485e-03
2.426133723929524422e-03
2.425123238936066628e-03
2.424114150926470757e-03
2.423105994239449501e-03
2.422099001705646515e-03
2.421092940494418144e-03
2.420088276267051697e-03
2.419084310531616211e-03
2.418081974610686302e-03
2.417080570012331009e-03
2.416080562397837639e-03
2.415081486105918884e-03
2.414083573967218399e-03
2.413086825981736183e-03
2.412091242149472237e-03
2.411096589639782906e-03
2.410103334113955498e-03
2.409111009910702705e-03
2.408119849860668182e-03
2.407129621133208275e-03
2.406141022220253944e-03
2.405153354629874229e-03
2.404166851192712784e-03
