5.489409668371081352e-04
5.486789741553366184e-04
5.484157591126859188e-04
5.481513799168169498e-04
5.478858947753906250e-04
5.476190708577632904e-04
5.473512574099004269e-04
5.470823962241411209e-04
5.468124290928244591e-04
5.465415888465940952e-04
5.462697008624672890e-04
5.459969397634267807e-04
5.457234219647943974e-04
5.454489146359264851e-04
5.451737670227885246e-04
5.448978045023977757e-04
5.446211434900760651e-04
5.443440168164670467e-04
5.440661334432661533e-04
5.437877844087779522e-04
5.435089115053415298e-04
5.432295729406177998e-04
5.429498851299285889e-04
5.426697316579520702e-04
5.423892289400100708e-04
5.421084933914244175e-04
5.418275832198560238e-04
5.415466148406267166e-04
5.412652390077710152e-04
5.409838631749153137e-04
5.407024873420596123e-04
5.404210533015429974e-04
5.401397356763482094e-04
5.398585344664752483e-04
5.395772750489413738e-04
5.392963648773729801e-04
5.390155129134654999e-04
5.387348937802016735e-04
5.384546821005642414e-04
5.381747032515704632e-04
5.378951900638639927e-04
5.376160843297839165e-04
5.373373278416693211e-04
5.370590952225029469e-04
5.367813282646238804e-04
5.365042015910148621e-04
5.362275405786931515e-04
5.359514616429805756e-04
5.356761976145207882e-04
5.354015156626701355e-04
5.351275904104113579e-04
5.348542472347617149e-04
5.345818935893476009e-04
5.343101802282035351e-04
5.340393399819731712e-04
5.337693728506565094e-04
5.335002788342535496e-04
5.332319997251033783e-04
5.329647101461887360e-04
5.326983518898487091e-04
5.324329831637442112e-04
5.321686039678752422e-04
5.319052143022418022e-04
5.316428141668438911e-04
5.313814617693424225e-04
5.311212735250592232e-04
5.308620166033506393e-04
5.306039820425212383e-04
5.303469952195882797e-04
5.300912307575345039e-04
5.298365722410380840e-04
5.295830778777599335e-04
5.293306312523782253e-04
5.290794651955366135e-04
5.288295797072350979e-04
5.285808583721518517e-04
5.283333011902868748e-04
5.280870245769619942e-04
5.278419703245162964e-04
5.275981966406106949e-04
5.273556453175842762e-04
5.271143163554370403e-04
5.268744425848126411e-04
5.266356747597455978e-04
5.263983039185404778e-04
5.261621554382145405e-04
5.259273457340896130e-04
5.256938165985047817e-04
5.254615680314600468e-04
5.252308328635990620e-04
5.250012618489563465e-04
5.247729714028537273e-04
5.245461361482739449e-04
5.243205814622342587e-04
5.240963655523955822e-04
5.238734302110970020e-04
5.236520082689821720e-04
5.234316922724246979e-04
5.232128896750509739e-04
5.229953094385564327e-04
5.227791843935847282e-04
5.225643399171531200e-04
5.223508924245834351e-04
5.221387837082147598e-04
5.219279555603861809e-04
5.217185243964195251e-04
5.215103155933320522e-04
5.213036783970892429e-04
5.210981471464037895e-04
5.208940710872411728e-04
5.206913338042795658e-04
5.204899935051798820e-04
5.202898173592984676e-04
5.200910381972789764e-04
5.198935396037995815e-04
5.196974962018430233e-04
5.195026169531047344e-04
5.193091346882283688e-04
5.191169911995530128e-04
5.189260700717568398e-04
5.187364295125007629e-04
5.185481277294456959e-04
5.183611065149307251e-04
5.181753658689558506e-04
5.179908475838601589e-04
5.178076680749654770e-04
5.176258273422718048e-04
5.174452089704573154e-04
5.172657547518610954e-04
5.170875811018049717e-04
5.169107462279498577e-04
5.167350755073130131e-04
5.165606271475553513e-04
5.163875757716596127e-04
5.162155139259994030e-04
5.160447326488792896e-04
5.158751737326383591e-04
5.157068371772766113e-04
5.155396647751331329e-04
5.153737147338688374e-04
5.152089288458228111e-04
5.150454235263168812e-04
5.148829659447073936e-04
5.147216725163161755e-04
5.145614850334823132e-04
5.144025781191885471e-04
5.142447189427912235e-04
5.140880239196121693e-04
5.139324348419904709e-04
5.137779517099261284e-04
5.136246909387409687e-04
5.134724196977913380e-04
5.133211961947381496e-04
5.131710786372423172e-04
5.130221252329647541e-04
5.128743359819054604e-04
5.127273616380989552e-04
5.125815514475107193e-04
5.124368472024798393e-04
5.122931906953454018e-04
5.121504655107855797e-04
5.120088462717831135e-04
5.118682165630161762e-04
5.117286927998065948e-04
5.115901003591716290e-04
5.114525556564331055e-04
5.113159422762691975e-04
5.111802020110189915e-04
5.110456258989870548e-04
5.109119229018688202e-04
5.107792094349861145e-04
5.106474854983389378e-04
5.105166346766054630e-04
5.103868315927684307e-04
5.102578434161841869e-04
5.101297865621745586e-04
5.100027192384004593e-04
5.098764668218791485e-04
5.097512039355933666e-04
5.096268723718822002e-04
5.095032393001019955e-04
5.093806539662182331e-04
5.092588253319263458e-04
5.091379862278699875e-04
5.090180202387273312e-04
5.088988109491765499e-04
5.087805911898612976e-04
5.086629535071551800e-04
5.085463053546845913e-04
5.084304139018058777e-04
5.083154537715017796e-04
5.082011921331286430e-04
5.080879200249910355e-04
5.079752882011234760e-04
5.078634712845087051e-04
5.077524110674858093e-04
5.076420493423938751e-04
5.075326771475374699e-04
5.074240034446120262e-04
5.073160282336175442e-04
5.072088097222149372e-04
5.071022897027432919e-04
5.069966427981853485e-04
5.068916361778974533e-04
5.067873862572014332e-04
5.066838930360972881e-04
5.065810400992631912e-04
5.064789438620209694e-04
5.063774879090487957e-04
5.062767886556684971e-04
5.061767296865582466e-04
5.060774274170398712e-04
5.059787654317915440e-04
5.058808601461350918e-04
5.057835369370877743e-04
5.056868540123105049e-04
5.055908113718032837e-04
5.054954672232270241e-04
5.054007633589208126e-04
5.053066997788846493e-04
5.052132764831185341e-04
5.051204934716224670e-04
5.050282343290746212e-04
5.049367318861186504e-04
5.048457533121109009e-04
5.047554150223731995e-04
5.046656588092446327e-04
5.045766010880470276e-04
5.044880672357976437e-04
5.044001154601573944e-04
5.043126293458044529e-04
5.042258999310433865e-04
5.041396943852305412e-04
5.040539545007050037e-04
5.039688549004495144e-04
5.038843373768031597e-04
5.038002855144441128e-04
5.037168739363551140e-04
5.036339862272143364e-04
5.035515059716999531e-04
5.034697242081165314e-04
5.033884663134813309e-04
5.033076158724725246e-04
5.032274057157337666e-04
5.031477194279432297e-04
5.030683823861181736e-04
5.029897438362240791e-04
5.029115127399563789e-04
5.028337473049759865e-04
5.027565639466047287e-04
5.026797880418598652e-04
5.026034777984023094e-04
5.025276914238929749e-04
5.024523707106709480e-04
5.023776320740580559e-04
5.023033008910715580e-04
5.022293771617114544e-04
5.021558608859777451e-04
5.020829266868531704e-04
5.020104581490159035e-04
5.019383388571441174e-04
5.018667434342205524e-04
5.017955554649233818e-04
5.017248331569135189e-04
5.016545765101909637e-04
5.015846109017729759e-04
5.015151691623032093e-04
5.014460766687989235e-04
5.013775662519037724e-04
5.013093468733131886e-04
5.012417095713317394e-04
5.011742468923330307e-04
5.011072498746216297e-04
5.010407185181975365e-04
5.009745364077389240e-04
5.009088781662285328e-04
5.008435109630227089e-04
5.007784930057823658e-04
5.007139407098293304e-04
5.006497958675026894e-04
5.005859420634806156e-04
5.005224957130849361e-04
5.004594568163156509e-04
5.003967089578509331e-04
5.003344267606735229e-04
5.002723773941397667e-04
5.002108518965542316e-04
5.001495592296123505e-04
5.000886740162968636e-04
5.000282544642686844e-04
4.999680095352232456e-04
4.999082302674651146e-04
4.998486838303506374e-04
4.997896030545234680e-04
4.997307551093399525e-04
4.996723146177828312e-04
4.996141651645302773e-04
4.995564231649041176e-04
4.994988557882606983e-04
4.994416958652436733e-04
4.993849433958530426e-04
4.993283073417842388e-04
4.992722533643245697e-04
4.992163740098476410e-04
4.991607856936752796e-04
4.991055466234683990e-04
4.990505985915660858e-04
4.989958833903074265e-04
4.989416338503360748e-04
4.988875589333474636e-04
4.988338332623243332e-04
4.987804568372666836e-04
4.987273132428526878e-04
4.986744606867432594e-04
4.986218409612774849e-04
4.985695704817771912e-04
4.985175910405814648e-04
4.984659608453512192e-04
4.984144470654428005e-04
4.983633407391607761e-04
4.983124672435224056e-04
4.982618847861886024e-04
4.982115933671593666e-04
4.981615347787737846e-04
4.981118254363536835e-04
4.980621743015944958e-04
4.980130470357835293e-04
4.979639779776334763e-04
4.979151999577879906e-04
4.978667711839079857e-04
4.978185170330107212e-04
4.977706121280789375e-04
4.977228236384689808e-04
4.976753261871635914e-04
4.976281779818236828e-04
4.975812043994665146e-04
4.975344636477530003e-04
4.974879557266831398e-04
4.974417388439178467e-04
4.973957547917962074e-04
4.973499453626573086e-04
4.973044269718229771e-04
4.972591414116322994e-04
4.972140886820852757e-04
4.971692105755209923e-04
4.971245652996003628e-04
4.970802110619843006e-04
4.970360896550118923e-04
4.969920264557003975e-04
4.969484289176762104e-04
4.969048313796520233e-04
4.968615830875933170e-04
4.968185676261782646e-04
4.967756685800850391e-04
4.967331187799572945e-04
4.966906271874904633e-04
4.966484266333281994e-04
4.966064589098095894e-04
4.965646076016128063e-04
4.965229891240596771e-04
4.964816616848111153e-04
4.964404506608843803e-04
4.963994724676012993e-04
4.963586688973009586e-04
4.963181563653051853e-04
4.962777602486312389e-04
4.962375387549400330e-04
4.961975500918924809e-04
4.961577942594885826e-04
4.961182130500674248e-04
4.960786900483071804e-04
4.960394580848515034e-04
4.960004589520394802e-04
4.959616344422101974e-04
4.959229263477027416e-04
4.958844510838389397e-04
4.958460922352969646e-04
4.958079080097377300e-04
4.957699566148221493e-04
4.957322962582111359e-04
4.956946941092610359e-04
4.956572665832936764e-04
4.956199554726481438e-04
4.955828771926462650e-04
4.955460317432880402e-04
4.955093027092516422e-04
4.954726900905370712e-04
4.954363685101270676e-04
4.954001633450388908e-04
4.953640745952725410e-04
4.953282186761498451e-04
4.952925373800098896e-04
4.952569142915308475e-04
4.952215240336954594e-04
4.951862501911818981e-04
4.951512091793119907e-04
4.951162263751029968e-04
4.950815928168594837e-04
4.950469010509550571e-04
4.950125003233551979e-04
4.949781578034162521e-04
4.949441063217818737e-04
4.949099966324865818e-04
4.948762361891567707e-04
4.948425339534878731e-04
4.948090063408017159e-04
4.947756533510982990e-04
4.947423585690557957e-04
4.947092966176569462e-04
4.946763510815799236e-04
4.946435219608247280e-04
4.946108092553913593e-04
4.945783293806016445e-04
4.945459077134728432e-04
4.945137188769876957e-04
4.944815300405025482e-04
4.944496904499828815e-04
4.944177926518023014e-04
4.943861276842653751e-04
4.943545791320502758e-04
4.943231469951570034e-04
4.942918894812464714e-04
4.942607483826577663e-04
4.942297236993908882e-04
4.941988736391067505e-04
4.941680817864835262e-04
4.941374063491821289e-04
4.941070219501852989e-04
4.940766375511884689e-04
4.940463695675134659e-04
4.940161597914993763e-04
4.939862992614507675e-04
4.939564387314021587e-04
4.939266946166753769e-04
4.938970669172704220e-04
4.938676138408482075e-04
4.938382189720869064e-04
4.938090569339692593e-04
4.937798366881906986e-04
4.937508492730557919e-04
4.937219782732427120e-04
4.936932818964123726e-04
4.936646437272429466e-04
4.936360055580735207e-04
4.936076002195477486e-04
4.935793112963438034e-04
4.935511387884616852e-04
4.935229662805795670e-04
4.934951430186629295e-04
4.934673197567462921e-04
4.934395547024905682e-04
4.934119060635566711e-04
4.933843738399446011e-04
4.933569580316543579e-04
4.933296586386859417e-04
4.933024756610393524e-04
4.932754673063755035e-04
4.932484589517116547e-04
4.932215670123696327e-04
4.931947914883494377e-04
4.931681905873119831e-04
4.931416478939354420e-04
4.931151634082198143e-04
4.930888535454869270e-04
4.930625436827540398e-04
4.930363502353429794e-04
4.930103896185755730e-04
4.929844872094690800e-04
4.929585848003625870e-04
4.929329152218997478e-04
4.929071874357759953e-04
4.928817506879568100e-04
4.928563139401376247e-04
4.928309936076402664e-04
4.928057314828038216e-04
4.927805857732892036e-04
4.927554982714354992e-04
4.927305853925645351e-04
4.927056143060326576e-04
4.926808178424835205e-04
4.926562542095780373e-04
4.926315741613507271e-04
4.926071269437670708e-04
4.925826797261834145e-04
4.925583489239215851e-04
4.925342509523034096e-04
4.925100365653634071e-04
4.924860550090670586e-04
4.924620734527707100e-04
4.924382083117961884e-04
4.924144595861434937e-04
4.923907108604907990e-04
4.923671367578208447e-04
4.923435626551508904e-04
4.923201631754636765e-04
4.922968219034373760e-04
4.922735970467329025e-04
4.922504303976893425e-04
4.922273219563066959e-04
4.922042717225849628e-04
