3.842970763798803091e-04
3.842950391117483377e-04
3.842930309474468231e-04
3.842909936793148518e-04
3.842889564111828804e-04
3.842869191430509090e-04
3.842848818749189377e-04
3.842829028144478798e-04
3.842808655463159084e-04
3.842788282781839371e-04
3.842767910100519657e-04
3.842747828457504511e-04
3.842727746814489365e-04
3.842706792056560516e-04
3.842687001451849937e-04
3.842666628770530224e-04
3.842646256089210510e-04
3.842626174446195364e-04
3.842605510726571083e-04
3.842585429083555937e-04
3.842565056402236223e-04
3.842544683720916510e-04
3.842524602077901363e-04
3.842504520434886217e-04
3.842483856715261936e-04
3.842463775072246790e-04
3.842443693429231644e-04
3.842423320747911930e-04
3.842403530143201351e-04
3.842382866423577070e-04
3.842362784780561924e-04
3.842342703137546778e-04
3.842322039417922497e-04
3.842301666736602783e-04
3.842281294055283070e-04
3.842261212412267923e-04
3.842240257654339075e-04
3.842220176011323929e-04
3.842200385406613350e-04
3.842180303763598204e-04
3.842159640043973923e-04
3.842139849439263344e-04
3.842119476757943630e-04
3.842098813038319349e-04
3.842079022433608770e-04
3.842058649752289057e-04
3.842038277070969343e-04
3.842018486466258764e-04
3.841997531708329916e-04
3.841977741103619337e-04
3.841957368422299623e-04
3.841937286779284477e-04
3.841916914097964764e-04
3.841896832454949617e-04
3.841876168735325336e-04
3.841856378130614758e-04
3.841835714410990477e-04
3.841815923806279898e-04
3.841795260086655617e-04
3.841774887405335903e-04
3.841754805762320757e-04
3.841734724119305611e-04
3.841714351437985897e-04
3.841693978756666183e-04
3.841673897113651037e-04
3.841653815470635891e-04
3.841633442789316177e-04
3.841613070107996464e-04
3.841592988464981318e-04
3.841572906821966171e-04
3.841552825178951025e-04
3.841532452497631311e-04
3.841512079816311598e-04
3.841491998173296452e-04
3.841472207568585873e-04
3.841451543848961592e-04
3.841431462205946445e-04
3.841410798486322165e-04
3.841391007881611586e-04
3.841370635200291872e-04
3.841350262518972158e-04
3.841329889837652445e-04
3.841309808194637299e-04
3.841289435513317585e-04
3.841269353870302439e-04
3.841249563265591860e-04
3.841228608507663012e-04
3.841208817902952433e-04
3.841188736259937286e-04
3.841168654616922140e-04
3.841148281935602427e-04
3.841127909254282713e-04
3.841108118649572134e-04
3.841087454929947853e-04
3.841067082248628139e-04
3.841047582682222128e-04
3.841026918962597847e-04
3.841007128357887268e-04
3.840986173599958420e-04
3.840966091956943274e-04
3.840946301352232695e-04
3.840925928670912981e-04
3.840905847027897835e-04
3.840885474346578121e-04
3.840865392703562975e-04
3.840845020022243261e-04
3.840824938379228115e-04
3.840804565697908401e-04
3.840784775093197823e-04
3.840764402411878109e-04
3.840744320768862963e-04
3.840723948087543249e-04
3.840703866444528103e-04
3.840683784801512957e-04
3.840662830043584108e-04
3.840643039438873529e-04
3.840623248834162951e-04
3.840603458229452372e-04
3.840582794509828091e-04
3.840562712866812944e-04
3.840542340185493231e-04
3.840521967504173517e-04
3.840502176899462938e-04
3.840481804218143225e-04
3.840461431536823511e-04
3.840441640932112932e-04
3.840421268250793219e-04
3.840401186607778072e-04
3.840380813926458359e-04
3.840361023321747780e-04
3.840340068563818932e-04
3.840320277959108353e-04
3.840299905277788639e-04
3.840279823634773493e-04
3.840259450953453779e-04
3.840239660348743200e-04
3.840219869744032621e-04
3.840199206024408340e-04
3.840178833343088627e-04
3.840158751700073481e-04
3.840138670057058334e-04
3.840118297375738621e-04
3.840098797809332609e-04
3.840078425128012896e-04
3.840058343484997749e-04
3.840038261841982603e-04
3.840017889160662889e-04
3.839997807517647743e-04
3.839977434836328030e-04
3.839957353193312883e-04
3.839936980511993170e-04
3.839917189907282591e-04
3.839896817225962877e-04
3.839877026621252298e-04
3.839856071863323450e-04
3.839836281258612871e-04
3.839816199615597725e-04
3.839796117972582579e-04
3.839775745291262865e-04
3.839755663648247719e-04
3.839735873043537140e-04
3.839715500362217426e-04
3.839695418719202280e-04
3.839675337076187134e-04
3.839655255433171988e-04
3.839634882751852274e-04
3.839614510070532560e-04
3.839594428427517414e-04
3.839574928861111403e-04
3.839554847218096256e-04
3.839534183498471975e-04
3.839514101855456829e-04
3.839493438135832548e-04
3.839473647531121969e-04
3.839453565888106823e-04
3.839433775283396244e-04
3.839413693640381098e-04
3.839393029920756817e-04
3.839373239316046238e-04
3.839352575596421957e-04
3.839333367068320513e-04
3.839312412310391665e-04
3.839292621705681086e-04
3.839272831100970507e-04
3.839252458419650793e-04
3.839232085738331079e-04
3.839212295133620501e-04
3.839192213490605354e-04
3.839171840809285641e-04
3.839151759166270494e-04
3.839131968561559916e-04
3.839111595880240202e-04
3.839091514237225056e-04
3.839071723632514477e-04
3.839051350951194763e-04
3.839031269308179617e-04
3.839010605588555336e-04
3.838991106022149324e-04
3.838971024379134178e-04
3.838950942736119032e-04
3.838930861093103886e-04
3.838910488411784172e-04
3.838890697807073593e-04
3.838870325125753880e-04
3.838850534521043301e-04
3.838830161839723587e-04
3.838810080196708441e-04
3.838789707515388727e-04
3.838769916910678148e-04
3.838749835267663002e-04
3.838729753624647856e-04
3.838709671981632710e-04
3.838690172415226698e-04
3.838669508695602417e-04
3.838649427052587271e-04
3.838629345409572124e-04
3.838609554804861546e-04
3.838589473161846399e-04
3.838568809442222118e-04
3.838548727799206972e-04
3.838528646156191826e-04
3.838508273474872112e-04
3.838488773908466101e-04
3.838468401227146387e-04
3.838448610622435808e-04
3.838427946902811527e-04
3.838408156298100948e-04
3.838388074655085802e-04
3.838367701973766088e-04
3.838347911369055510e-04
3.838327538687735796e-04
3.838307748083025217e-04
3.838287957478314638e-04
3.838267584796994925e-04
3.838248085230588913e-04
3.838227130472660065e-04
3.838207339867949486e-04
3.838187549263238907e-04
3.838167176581919193e-04
3.838147094938904047e-04
3.838127013295888901e-04
3.838107222691178322e-04
3.838087432086467743e-04
3.838066768366843462e-04
3.838046686723828316e-04
3.838026896119117737e-04
3.838006523437798023e-04
3.837986441794782877e-04
3.837966360151767731e-04
3.837946860585361719e-04
3.837926487904042006e-04
3.837906697299331427e-04
3.837886033579707146e-04
3.837866534013301134e-04
3.837846452370285988e-04
3.837826370727270842e-04
3.837806289084255695e-04
3.837785916402935982e-04
3.837765834759920835e-04
3.837746044155210257e-04
3.837726253550499678e-04
3.837705880869179964e-04
3.837685508187860250e-04
3.837665426544845104e-04
3.837645344901829958e-04
3.837625554297119379e-04
3.837605472654104233e-04
3.837585682049393654e-04
3.837565891444683075e-04
3.837545518763363361e-04
3.837525437120348215e-04
3.837505064439028502e-04
3.837484691757708788e-04
3.837464901152998209e-04
3.837445401586592197e-04
3.837425028905272484e-04
3.837405238300561905e-04
3.837384865619242191e-04
3.837365366052836180e-04
3.837344993371516466e-04
3.837324911728501320e-04
3.837305412162095308e-04
3.837285330519080162e-04
3.837264957837760448e-04
3.837244876194745302e-04
3.837225085590034723e-04
3.837205294985324144e-04
3.837184922304004431e-04
3.837164549622684717e-04
3.837144467979669571e-04
3.837124968413263559e-04
3.837104595731943846e-04
3.837085387203842402e-04
3.837064432445913553e-04
3.837044932879507542e-04
3.837024560198187828e-04
3.837004769593477249e-04
3.836984396912157536e-04
3.836964606307446957e-04
3.836944233626127243e-04
3.836924151983112097e-04
3.836904070340096951e-04
3.836884279735386372e-04
3.836864489130675793e-04
3.836844407487660646e-04
3.836824034806340933e-04
3.836804535239934921e-04
3.836784744635224342e-04
3.836764371953904629e-04
3.836744290310889482e-04
3.836724208667874336e-04
3.836704127024859190e-04
3.836684336420148611e-04
3.836663963738828897e-04
3.836644173134118319e-04
3.836624091491103172e-04
3.836604009848088026e-04
3.836584219243377447e-04
3.836564428638666868e-04
3.836544055957347155e-04
3.836524265352636576e-04
3.836503892671316862e-04
3.836484393104910851e-04
3.836464311461895704e-04
3.836444520857185125e-04
3.836424148175865412e-04
3.836403775494545698e-04
3.836384275928139687e-04
3.836363903246819973e-04
3.836344403680413961e-04
3.836324322037398815e-04
3.836304531432688236e-04
3.836284449789673090e-04
3.836264368146657944e-04
3.836243995465338230e-04
3.836224495898932219e-04
3.836204414255917072e-04
3.836184623651206493e-04
3.836164542008191347e-04
3.836144460365176201e-04
3.836124378722161055e-04
3.836104297079145908e-04
3.836084506474435329e-04
3.836064715869724751e-04
3.836044343188405037e-04
3.836025134660303593e-04
3.836005053017288446e-04
3.835984680335968733e-04
3.835964598692953587e-04
3.835945099126547575e-04
3.835924726445227861e-04
3.835904353763908148e-04
3.835885145235806704e-04
3.835864481516182423e-04
3.835844981949776411e-04
3.835825191345065832e-04
3.835804818663746119e-04
3.835785028059035540e-04
3.835764946416020393e-04
3.835745446849614382e-04
3.835725074168294668e-04
3.835705283563584089e-04
3.835684910882264376e-04
3.835665120277553797e-04
3.835645329672843218e-04
3.835625539068132639e-04
3.835605166386812925e-04
3.835585375782102346e-04
3.835565294139087200e-04
3.835545212496072054e-04
3.835525421891361475e-04
3.835505631286650896e-04
3.835485258605331182e-04
3.835465759038925171e-04
3.835445968434214592e-04
3.835425886791199446e-04
3.835405514109879732e-04
3.835385723505169153e-04
3.835365641862154007e-04
3.835345851257443428e-04
3.835326060652732849e-04
3.835305979009717703e-04
3.835285897366702557e-04
3.835266688838601112e-04
3.835246025118976831e-04
3.835226525552570820e-04
3.835206152871251106e-04
3.835186653304845095e-04
3.835166280623525381e-04
3.835146198980510235e-04
3.835126699414104223e-04
3.835106326732784510e-04
3.835086245089769363e-04
3.835066454485058784e-04
3.835046663880348206e-04
3.835026582237333059e-04
3.835006791632622480e-04
3.834987001027911901e-04
3.834967210423201323e-04
3.834947128780186176e-04
3.834927629213780165e-04
3.834907256532460451e-04
3.834887465927749872e-04
3.834867675323039293e-04
3.834847593680024147e-04
3.834827803075313568e-04
3.834807139355689287e-04
3.834788221865892410e-04
3.834768431261181831e-04
3.834747767541557550e-04
3.834727976936846972e-04
3.834708186332136393e-04
3.834688395727425814e-04
3.834668023046106100e-04
3.834648232441395521e-04
3.834628732874989510e-04
3.834608651231974363e-04
3.834588860627263784e-04
3.834568196907639503e-04
3.834548988379538059e-04
3.834528615698218346e-04
3.834508825093507767e-04
3.834489034488797188e-04
3.834469243884086609e-04
3.834449453279376030e-04
3.834429371636360884e-04
3.834409581031650305e-04
3.834389790426939726e-04
3.834369999822229147e-04
3.834349627140909433e-04
3.834329836536198854e-04
3.834310045931488276e-04
3.834290255326777697e-04
3.834270173683762550e-04
3.834250092040747404e-04
3.834230592474341393e-04
3.834210510831326246e-04
3.834190720226615667e-04
3.834170638583600521e-04
3.834151139017194510e-04
3.834131057374179363e-04
3.834110684692859650e-04
3.834090894088149071e-04
3.834071394521743059e-04
3.834051312878727913e-04
3.834030940197408199e-04
3.834011440631002188e-04
3.833991941064596176e-04
3.833971568383276463e-04
3.833951777778565884e-04
3.833931987173855305e-04
3.833912487607449293e-04
3.833892405964434147e-04
3.833872033283114433e-04
3.833853115793317556e-04
3.833832452073693275e-04
3.833812661468982697e-04
3.833792579825967550e-04
3.833772789221256971e-04
3.833752998616546392e-04
3.833732916973531246e-04
3.833713417407125235e-04
3.833693335764110088e-04
3.833673836197704077e-04
3.833654045592993498e-04
3.833634254988282919e-04
3.833613882306963205e-04
3.833593800663948059e-04
3.833574301097542048e-04
3.833554219454526901e-04
3.833534719888120890e-04
3.833514638245105743e-04
3.833494556602090597e-04
3.833474765997380018e-04
3.833454975392669439e-04
3.833435184787958860e-04
3.833415394183248281e-04
3.833395603578537703e-04
3.833375812973827124e-04
3.833355731330811977e-04
3.833335940726101398e-04
3.833315859083086252e-04
3.833296068478375673e-04
3.833276568911969662e-04
3.833256487268954515e-04
3.833236696664243937e-04
3.833216906059533358e-04
3.833196824416518211e-04
3.833176742773503065e-04
3.833156952168792486e-04
3.833137452602386475e-04
3.833117661997675896e-04
3.833097580354660749e-04
3.833078080788254738e-04
3.833057999145239592e-04
3.833038208540529013e-04
3.833018126897513866e-04
3.832998627331107855e-04
3.832979127764701843e-04
3.832958755083382130e-04
