4.750283434987068176e-03
4.746892023831605911e-03
4.743505269289016724e-03
4.740122240036725998e-03
4.736742936074733734e-03
4.733368754386901855e-03
4.729997832328081131e-03
4.726631101220846176e-03
4.723268561065196991e-03
4.719909746199846268e-03
4.716555122286081314e-03
4.713205154985189438e-03
4.709858447313308716e-03
4.706515930593013763e-03
4.703177139163017273e-03
4.699842538684606552e-03
4.696511663496494293e-03
4.693185444921255112e-03
4.689863417297601700e-03
4.686544649302959442e-03
4.683229140937328339e-03
4.679917823523283005e-03
4.676611162722110748e-03
4.673308692872524261e-03
4.670009016990661621e-03
4.666713997721672058e-03
4.663422703742980957e-03
4.660135600715875626e-03
4.656851757317781448e-03
4.653573036193847656e-03
4.650296643376350403e-03
4.647024907171726227e-03
4.643756430596113205e-03
4.640492144972085953e-03
4.637232050299644470e-03
4.633975680917501450e-03
4.630723036825656891e-03
4.627473652362823486e-03
4.624228458851575851e-03
4.620986990630626678e-03
4.617749247699975967e-03
4.614515695720911026e-03
4.611285869032144547e-03
4.608058836311101913e-03
4.604836925864219666e-03
4.601617809385061264e-03
4.598402883857488632e-03
4.595191683620214462e-03
4.591984208673238754e-03
4.588779993355274200e-03
4.585579503327608109e-03
4.582383204251527786e-03
4.579190164804458618e-03
4.576001781970262527e-03
4.572816193103790283e-03
4.569634329527616501e-03
4.566456656903028488e-03
4.563282243907451630e-03
4.560110624879598618e-03
4.556944128125905991e-03
4.553780891001224518e-03
4.550620447844266891e-03
4.547464661300182343e-03
4.544311668723821640e-03
4.541161935776472092e-03
4.538016859441995621e-03
4.534875508397817612e-03
4.531736951321363449e-03
4.528601653873920441e-03
4.525471013039350510e-03
4.522343166172504425e-03
4.519218578934669495e-03
4.516098648309707642e-03
4.512981977313756943e-03
4.509868100285530090e-03
4.506757948547601700e-03
4.503651987761259079e-03
4.500548355281352997e-03
4.497448913753032684e-03
4.494353663176298141e-03
4.491260740906000137e-03
4.488172009587287903e-03
4.485086537897586823e-03
4.482004325836896896e-03
4.478925839066505432e-03
4.475850611925125122e-03
4.472778644412755966e-03
4.469711333513259888e-03
4.466646350920200348e-03
4.463584627956151962e-03
4.460526630282402039e-03
4.457471892237663269e-03
4.454421345144510269e-03
4.451373126357793808e-03
4.448329098522663116e-03
4.445287864655256271e-03
4.442249890416860580e-03
4.439215641468763351e-03
4.436184652149677277e-03
4.433157388120889664e-03
4.430132452398538589e-03
4.427111707627773285e-03
4.424094688147306442e-03
4.421080462634563446e-03
4.418069496750831604e-03
4.415062721818685532e-03
4.412057343870401382e-03
4.409056622534990311e-03
4.406058695167303085e-03
4.403064958751201630e-03
4.400073550641536713e-03
4.397085867822170258e-03
4.394101444631814957e-03
4.391120281070470810e-03
4.388141911476850510e-03
4.385167267173528671e-03
4.382195882499217987e-03
4.379227291792631149e-03
4.376262892037630081e-03
4.373300820589065552e-03
4.370342474430799484e-03
4.367386456578969955e-03
4.364434629678726196e-03
4.361485131084918976e-03
4.358539357781410217e-03
4.355596844106912613e-03
4.352658055722713470e-03
4.349721595644950867e-03
4.346788860857486725e-03
4.343858920037746429e-03
4.340931773185729980e-03
4.338007885962724686e-03
4.335087724030017853e-03
4.332170356065034866e-03
4.329256247729063034e-03
4.326344933360815048e-03
4.323436878621578217e-03
4.320532083511352539e-03
4.317630548030138016e-03
4.314731806516647339e-03
4.311836324632167816e-03
4.308944102376699448e-03
4.306054674088954926e-03
4.303168971091508865e-03
4.300285130739212036e-03
4.297405015677213669e-03
4.294527694582939148e-03
4.291653633117675781e-03
4.288783296942710876e-03
4.285914823412895203e-03
4.283050075173377991e-03
4.280188586562871933e-03
4.277329426258802414e-03
4.274473525583744049e-03
4.271620884537696838e-03
4.268771968781948090e-03
4.265925381332635880e-03
4.263081587851047516e-03
4.260240588337182999e-03
4.257402848452329636e-03
4.254568368196487427e-03
4.251736681908369064e-03
4.248907323926687241e-03
4.246082156896591187e-03
4.243258852511644363e-03
4.240438807755708694e-03
4.237622488290071487e-03
4.234808031469583511e-03
4.231996834278106689e-03
4.229189362376928329e-03
4.226383753120899200e-03
4.223581869155168533e-03
4.220782313495874405e-03
4.217986483126878738e-03
4.215192981064319611e-03
4.212401807308197021e-03
4.209614358842372894e-03
4.206829238682985306e-03
4.204047843813896179e-03
4.201268777251243591e-03
4.198492504656314850e-03
4.195719491690397263e-03
4.192948807030916214e-03
4.190181847661733627e-03
4.187417216598987579e-03
4.184655379503965378e-03
4.181896802037954330e-03
4.179140552878379822e-03
4.176387097686529160e-03
4.173637367784976959e-03
4.170889500528573990e-03
4.168144892901182175e-03
4.165403544902801514e-03
4.162664059549570084e-03
4.159928299486637115e-03
4.157195333391427994e-03
4.154463764280080795e-03
4.151735920459032059e-03
4.149011801928281784e-03
4.146290011703968048e-03
4.143570084124803543e-03
4.140853881835937500e-03
4.138140007853507996e-03
4.135428462177515030e-03
4.132720641791820526e-03
4.130015149712562561e-03
4.127312451601028442e-03
4.124613013118505478e-03
4.121916368603706360e-03
4.119221586734056473e-03
4.116530064493417740e-03
4.113840870559215546e-03
4.111154936254024506e-03
4.108472261577844620e-03
4.105790983885526657e-03
4.103112965822219849e-03
4.100437741726636887e-03
4.097765311598777771e-03
4.095095675438642502e-03
4.092428367584943771e-03
4.089764785021543503e-03
4.087103065103292465e-03
4.084444604814052582e-03
4.081788007169961929e-03
4.079135134816169739e-03
4.076484125107526779e-03
4.073835909366607666e-03
4.071190487593412399e-03
4.068547859787940979e-03
4.065908491611480713e-03
4.063270986080169678e-03
4.060636274516582489e-03
4.058003891259431839e-03
4.055374767631292343e-03
4.052748437970876694e-03
4.050124436616897583e-03
4.047502763569355011e-03
4.044884350150823593e-03
4.042268265038728714e-03
4.039655439555644989e-03
4.037044476717710495e-03
4.034436307847499847e-03
4.031830467283725739e-03
4.029228817671537399e-03
4.026627633720636368e-03
4.024030640721321106e-03
4.021435510367155075e-03
4.018843639642000198e-03
4.016254097223281860e-03
4.013667348772287369e-03
4.011082928627729416e-03
4.008500836789608002e-03
4.005922004580497742e-03
4.003345500677824020e-03
4.000771325081586838e-03
3.998199943453073502e-03
3.995631355792284012e-03
3.993065096437931061e-03
3.990501631051301956e-03
3.987941425293684006e-03
3.985382616519927979e-03
3.982826601713895798e-03
3.980273380875587463e-03
3.977722954005002975e-03
3.975175321102142334e-03
3.972629550844430923e-03
3.970086574554443359e-03
3.967545926570892334e-03
3.965008538216352463e-03
3.962473478168249130e-03
3.959940746426582336e-03
3.957410342991352081e-03
3.954883199185132980e-03
3.952358383685350418e-03
3.949835430830717087e-03
3.947316203266382217e-03
3.944798838347196579e-03
3.942283801734447479e-03
3.939771093428134918e-03
3.937262576073408127e-03
3.934754524379968643e-03
3.932250197976827621e-03
3.929748199880123138e-03
3.927248995751142502e-03
3.924751654267311096e-03
3.922257106751203537e-03
3.919764887541532516e-03
3.917275462299585342e-03
3.914788831025362015e-03
3.912304528057575226e-03
3.909823019057512283e-03
3.907343372702598572e-03
3.904866520315408707e-03
3.902392229065299034e-03
3.899919800460338593e-03
3.897451097145676613e-03
3.894984023645520210e-03
3.892519744113087654e-03
3.890057792887091637e-03
3.887597937136888504e-03
3.885141806676983833e-03
3.882687306031584740e-03
3.880235366523265839e-03
3.877786220982670784e-03
3.875339170917868614e-03
3.872894681990146637e-03
3.870452987030148506e-03
3.868013387545943260e-03
3.865576116368174553e-03
3.863141639158129692e-03
3.860709723085165024e-03
3.858279902487993240e-03
3.855852875858545303e-03
3.853428177535533905e-03
3.851006273180246353e-03
3.848586231470108032e-03
3.846169216558337212e-03
3.843754529953002930e-03
3.841341705992817879e-03
3.838932374492287636e-03
3.836524905636906624e-03
3.834120230749249458e-03
3.831717185676097870e-03
3.829317167401313782e-03
3.826919477432966232e-03
3.824524348601698875e-03
3.822131780907511711e-03
3.819741541519761086e-03
3.817353397607803345e-03
3.814968047663569450e-03
3.812585026025772095e-03
3.810204332694411278e-03
3.807826666161417961e-03
3.805450862273573875e-03
3.803077386692166328e-03
3.800706937909126282e-03
3.798337886109948158e-03
3.795971628278493881e-03
3.793608397245407104e-03
3.791247494518756866e-03
3.788888454437255859e-03
3.786532208323478699e-03
3.784178057685494423e-03
3.781826701015233994e-03
3.779477672651410103e-03
3.777130972594022751e-03
3.774786368012428284e-03
3.772444557398557663e-03
3.770104609429836273e-03
3.767767688259482384e-03
3.765433095395565033e-03
3.763100365176796913e-03
3.760770428925752640e-03
3.758443053811788559e-03
3.756118007004261017e-03
3.753795288503170013e-03
3.751475131139159203e-03
3.749156836420297623e-03
3.746841335669159889e-03
3.744527930393815041e-03
3.742216853424906731e-03
3.739908104762434959e-03
3.737602150067687035e-03
3.735297825187444687e-03
3.732996759936213493e-03
3.730697557330131531e-03
3.728401148691773415e-03
3.726106602698564529e-03
3.723814385011792183e-03
3.721524728462100029e-03
3.719237633049488068e-03
3.716952865943312645e-03
3.714669728651642799e-03
3.712389850988984108e-03
3.710112068802118301e-03
3.707836149260401726e-03
3.705563256517052650e-03
3.703292459249496460e-03
3.701023524627089500e-03
3.698757151141762733e-03
3.696493571624159813e-03
3.694231854751706123e-03
3.691973164677619934e-03
3.689716337248682976e-03
3.687461139634251595e-03
3.685208968818187714e-03
3.682958893477916718e-03
3.680711379274725914e-03
3.678465960547327995e-03
3.676223335787653923e-03
3.673982340842485428e-03
3.671743674203753471e-03
3.669508034363389015e-03
3.667274024337530136e-03
3.665042575448751450e-03
3.662813454866409302e-03
3.660586662590503693e-03
3.658361732959747314e-03
3.656139364466071129e-03
3.653919324278831482e-03
3.651701379567384720e-03
3.649485763162374496e-03
3.647272940725088120e-03
3.645061980932950974e-03
3.642852883785963058e-03
3.640646813437342644e-03
3.638442605733871460e-03
3.636240726336836815e-03
3.634041175246238708e-03
3.631843486800789833e-03
3.629648592323064804e-03
3.627455793321132660e-03
3.625265089794993401e-03
3.623076714575290680e-03
3.620890434831380844e-03
3.618706949055194855e-03
3.616525325924158096e-03
3.614345565438270569e-03
3.612168598920106888e-03
3.609993727877736092e-03
3.607820486649870872e-03
3.605650039389729500e-03
3.603482153266668320e-03
3.601316129788756371e-03
3.599151968955993652e-03
3.596991067752242088e-03
3.594831097871065140e-03
3.592674154788255692e-03
3.590518841519951820e-03
3.588365856558084488e-03
3.586215898394584656e-03
3.584067104384303093e-03
3.581921337172389030e-03
3.579777199774980545e-03
3.577635157853364944e-03
3.575495211407542229e-03
3.573357826098799706e-03
3.571222769096493721e-03
3.569089574739336967e-03
3.566958708688616753e-03
3.564829938113689423e-03
3.562703030183911324e-03
3.560578916221857071e-03
3.558456432074308395e-03
3.556336276233196259e-03
3.554218215867877007e-03
3.552102949470281601e-03
3.549988847225904465e-03
3.547877073287963867e-03
3.545767860487103462e-03
3.543660277500748634e-03
3.541555022820830345e-03
3.539452329277992249e-03
3.537351265549659729e-03
3.535252762958407402e-03
3.533155890181660652e-03
3.531061112880706787e-03
3.528968896716833115e-03
3.526878776028752327e-03
3.524790285155177116e-03
3.522704355418682098e-03
3.520620055496692657e-03
3.518537851050496101e-03
3.516458207741379738e-03
3.514380659908056259e-03
3.512304741889238358e-03
3.510231385007500648e-03
3.508159657940268517e-03
3.506090259179472923e-03
3.504022955894470215e-03
3.501957748085260391e-03
3.499894402921199799e-03
3.497833153232932091e-03
3.495773300528526306e-03
3.493716474622488022e-03
3.491661511361598969e-03
3.489608410745859146e-03
3.487557871267199516e-03
3.485508728772401810e-03
3.483461681753396988e-03
3.481416730210185051e-03
3.479373641312122345e-03
3.477333113551139832e-03
3.475294448435306549e-03
3.473257413133978844e-03
3.471222706139087677e-03
3.469189396128058434e-03
3.467158414423465729e-03
3.465129761025309563e-03
3.463103203102946281e-03
3.461078274995088577e-03
3.459055442363023758e-03
3.457034705206751823e-03
3.455015830695629120e-03
3.452998818829655647e-03
3.450983436778187752e-03
3.448970848694443703e-03
3.446959191933274269e-03
3.444950561970472336e-03
3.442943096160888672e-03
