4.838450986426323652e-04
4.838430322706699371e-04
4.838410241063684225e-04
4.838389868382364511e-04
4.838370368815958500e-04
4.838349705096334219e-04
4.838329332415014505e-04
4.838308668695390224e-04
4.838289169128984213e-04
4.838268796447664499e-04
4.838248132728040218e-04
4.838229215238243341e-04
4.838208551518619061e-04
4.838188178837299347e-04
4.838168679270893335e-04
4.838147724512964487e-04
4.838128224946558475e-04
4.838106979150325060e-04
4.838087188545614481e-04
4.838067106902599335e-04
4.838047025259584188e-04
4.838026943616569042e-04
4.838006861973553896e-04
4.837985907215625048e-04
4.837965825572609901e-04
4.837946034967899323e-04
4.837925953324884176e-04
4.837905871681869030e-04
4.837884916923940182e-04
4.837865417357534170e-04
4.837845917791128159e-04
4.837825254071503878e-04
4.837804881390184164e-04
4.837784799747169018e-04
4.837764136027544737e-04
4.837744636461138725e-04
4.837724263779819012e-04
4.837703600060194731e-04
4.837684682570397854e-04
4.837664600927382708e-04
4.837644228246062994e-04
4.837623564526438713e-04
4.837603482883423567e-04
4.837583983317017555e-04
4.837563610635697842e-04
4.837542946916073561e-04
4.837523447349667549e-04
4.837503074668347836e-04
4.837483284063637257e-04
4.837462911382317543e-04
4.837442829739302397e-04
4.837422457057982683e-04
4.837401793338358402e-04
4.837382293771952391e-04
4.837362212128937244e-04
4.837341257371008396e-04
4.837321175727993250e-04
4.837301385123282671e-04
4.837281303480267525e-04
4.837261221837252378e-04
4.837242013309150934e-04
4.837221058551222086e-04
4.837200103793293238e-04
4.837180022150278091e-04
4.837160522583872080e-04
4.837140149902552366e-04
4.837120650336146355e-04
4.837100568693131208e-04
4.837079904973506927e-04
4.837060405407100916e-04
4.837038868572562933e-04
4.837019369006156921e-04
4.836999869439750910e-04
4.836979787796735764e-04
4.836959706153720617e-04
4.836939915549010038e-04
4.836919833905994892e-04
4.836899170186370611e-04
4.836878797505050898e-04
4.836858715862035751e-04
4.836838634219020605e-04
4.836818552576005459e-04
4.836798761971294880e-04
4.836777807213366032e-04
4.836758598685264587e-04
4.836738226003944874e-04
4.836717562284320593e-04
4.836698644794523716e-04
4.836677981074899435e-04
4.836658481508493423e-04
4.836637526750564575e-04
4.836616863030940294e-04
4.836597945541143417e-04
4.836577863898128271e-04
4.836557491216808558e-04
4.836537700612097979e-04
4.836517327930778265e-04
4.836497246287763119e-04
4.836477164644747972e-04
4.836457374040037394e-04
4.836437292397022247e-04
4.836417210754007101e-04
4.836396838072687387e-04
4.836377047467976809e-04
4.836356092710047960e-04
4.836336593143641949e-04
4.836316511500626802e-04
4.836296429857611656e-04
4.836276639252901077e-04
4.836255975533276796e-04
4.836235893890261650e-04
4.836216103285551071e-04
4.836195439565926790e-04
4.836175939999520779e-04
4.836155276279896498e-04
4.836134903598576784e-04
4.836115404032170773e-04
4.836095322389155626e-04
4.836074949707835913e-04
4.836055159103125334e-04
4.836034786421805620e-04
4.836015286855399609e-04
4.835994332097470760e-04
4.835974832531064749e-04
4.835954750888049603e-04
4.835934669245034456e-04
4.835914587602019310e-04
4.835894505959004164e-04
4.835873551201075315e-04
4.835854051634669304e-04
4.835833969991654158e-04
4.835813888348639011e-04
4.835793515667319298e-04
4.835774016100913286e-04
4.835753352381289005e-04
4.835733270738273859e-04
4.835713480133563280e-04
4.835693398490548134e-04
4.835673898924142122e-04
4.835653817281126976e-04
4.835632862523198128e-04
4.835613362956792116e-04
4.835593281313776970e-04
4.835573199670761824e-04
4.835553118027746677e-04
4.835532745346426964e-04
4.835513245780020952e-04
4.835493164137005806e-04
4.835473082493990660e-04
4.835453582927584648e-04
4.835432919207960367e-04
4.835412546526640654e-04
4.835393337998539209e-04
4.835372965317219496e-04
4.835352883674204350e-04
4.835332802031189203e-04
4.835312720388174057e-04
4.835292929783463478e-04
4.835272848140448332e-04
4.835252184420824051e-04
4.835232684854418039e-04
4.835212603211402893e-04
4.835192230530083179e-04
4.835172148887068033e-04
4.835152649320662022e-04
4.835131985601037741e-04
4.835112486034631729e-04
4.835092404391616583e-04
4.835072613786906004e-04
4.835052532143890858e-04
4.835031868424266577e-04
4.835012077819555998e-04
4.834992287214845419e-04
4.834972496610134840e-04
4.834952414967119694e-04
4.834931460209190845e-04
4.834912251681089401e-04
4.834892170038074255e-04
4.834871797356754541e-04
4.834851715713739395e-04
4.834831343032419682e-04
4.834811261389404535e-04
4.834791761822998524e-04
4.834771680179983377e-04
4.834751016460359097e-04
4.834732098970562220e-04
4.834712017327547073e-04
4.834691935684531927e-04
4.834671563003212214e-04
4.834651481360197067e-04
4.834632272832095623e-04
4.834611900150775909e-04
4.834592691622674465e-04
4.834571736864745617e-04
4.834552237298339605e-04
4.834532155655324459e-04
4.834511782974004745e-04
4.834492283407598734e-04
4.834471619687974453e-04
4.834451538044959307e-04
4.834432038478553295e-04
4.834411665797233582e-04
4.834391584154218435e-04
4.834372084587812424e-04
4.834352585021406412e-04
4.834331921301782131e-04
4.834311839658766985e-04
4.834291466977447271e-04
4.834272258449345827e-04
4.834251303691416979e-04
4.834232386201620102e-04
4.834212304558604956e-04
4.834191931877285242e-04
4.834171850234270096e-04
4.834151768591254950e-04
4.834132269024848938e-04
4.834112187381833792e-04
4.834091232623904943e-04
4.834071150980889797e-04
4.834051942452788353e-04
4.834032151848077774e-04
4.834012070205062628e-04
4.833992570638656616e-04
4.833971906919032335e-04
4.833951825276017189e-04
4.833931452594697475e-04
4.833912826143205166e-04
4.833892453461885452e-04
4.833871789742261171e-04
4.833851708099246025e-04
4.833832790609449148e-04
4.833812126889824867e-04
4.833792627323418856e-04
4.833772545680403709e-04
4.833752172999083996e-04
4.833732091356068850e-04
4.833712591789662838e-04
4.833692510146647692e-04
4.833672137465327978e-04
4.833652928937226534e-04
4.833632556255906820e-04
4.833613347727805376e-04
4.833592392969876528e-04
4.833572311326861382e-04
4.833552811760455370e-04
4.833532730117440224e-04
4.833512648474425077e-04
4.833492857869714499e-04
4.833472776226699352e-04
4.833452694583684206e-04
4.833432321902364492e-04
4.833413113374263048e-04
4.833393031731247902e-04
4.833372659049928188e-04
4.833352577406913042e-04
4.833332495763897896e-04
4.833312996197491884e-04
4.833292914554476738e-04
4.833272541873157024e-04
4.833253333345055580e-04
4.833233251702040434e-04
4.833213752135634422e-04
4.833193670492619276e-04
4.833173879887908697e-04
4.833153216168284416e-04
4.833133716601878405e-04
4.833113634958863258e-04
4.833094135392457247e-04
4.833073471672832966e-04
4.833053972106426954e-04
4.833035054616630077e-04
4.833014099858701229e-04
4.832994600292295218e-04
4.832974518649280071e-04
4.832954437006264925e-04
4.832934355363249779e-04
4.832914855796843767e-04
4.832894774153828621e-04
4.832875274587422609e-04
4.832854319829493761e-04
4.832834820263087749e-04
4.832814738620072603e-04
4.832794656977057457e-04
4.832774575334042311e-04
4.832755075767636299e-04
4.832734994124621153e-04
4.832714621443301439e-04
4.832695412915199995e-04
4.832675331272184849e-04
4.832655540667474270e-04
4.832635459024459124e-04
4.832615959458053112e-04
4.832595877815037966e-04
4.832575796172022820e-04
4.832555423490703106e-04
4.832535632885992527e-04
4.832515842281281948e-04
4.832496633753180504e-04
4.832476261071860790e-04
4.832456179428845644e-04
4.832436679862439632e-04
4.832415725104510784e-04
4.832396516576409340e-04
4.832376434933394194e-04
4.832356353290379047e-04
4.832336853723973036e-04
4.832317354157567024e-04
4.832296981476247311e-04
4.832276899833232164e-04
4.832256818190217018e-04
4.832237609662115574e-04
4.832218110095709562e-04
4.832197155337780714e-04
4.832177655771374702e-04
4.832157574128359556e-04
4.832138074561953545e-04
4.832117701880633831e-04
4.832097911275923252e-04
4.832078411709517241e-04
4.832058330066502094e-04
4.832038830500096083e-04
4.832018457818776369e-04
4.831998376175761223e-04
4.831979167647659779e-04
4.831959377042949200e-04
4.831938713323324919e-04
4.831918631680309772e-04
4.831899132113903761e-04
4.831879632547497749e-04
4.831858968827873468e-04
4.831840051338076591e-04
4.831819678656756878e-04
4.831799597013741732e-04
4.831779515370726585e-04
4.831760306842625141e-04
4.831740516237914562e-04
4.831720434594899416e-04
4.831700352951884270e-04
4.831680271308869123e-04
4.831660189665853977e-04
4.831641272176057100e-04
4.831620608456432819e-04
4.831601108890026808e-04
4.831581027247011662e-04
4.831562109757214785e-04
4.831542028114199638e-04
4.831521073356270790e-04
4.831501864828169346e-04
4.831482365261763334e-04
4.831461992580443621e-04
4.831442784052342176e-04
4.831422702409327030e-04
4.831403202842921019e-04
4.831382830161601305e-04
4.831362748518586159e-04
4.831343539990484715e-04
4.831323749385774136e-04
4.831303667742758989e-04
4.831283004023134708e-04
4.831264086533337831e-04
4.831244004890322685e-04
4.831223632209002972e-04
4.831204423680901527e-04
4.831184342037886381e-04
4.831164260394871235e-04
4.831145342905074358e-04
4.831124388147145510e-04
4.831104888580739498e-04
4.831085097976028919e-04
4.831065307371318340e-04
4.831045225728303194e-04
4.831025144085288048e-04
4.831005935557186604e-04
4.830985562875866890e-04
4.830966063309460878e-04
4.830945981666445732e-04
4.830925900023430586e-04
4.830906982533633709e-04
4.830886900890618563e-04
4.830865946132689714e-04
4.830846737604588270e-04
4.830826655961573124e-04
4.830807738471776247e-04
4.830787656828761101e-04
4.830766702070832253e-04
4.830748075619339943e-04
4.830728576052933931e-04
4.830708494409918785e-04
4.830688412766903639e-04
4.830668913200497627e-04
4.830648831557482481e-04
4.830629331991076469e-04
4.830609250348061323e-04
4.830589750781655312e-04
4.830570251215249300e-04
4.830549587495625019e-04
4.830530087929219007e-04
4.830509715247899294e-04
4.830490506719797850e-04
4.830471007153391838e-04
4.830451507586985826e-04
4.830430843867361546e-04
4.830411926377564669e-04
4.830390971619635820e-04
4.830371763091534376e-04
4.830351972486823797e-04
4.830331890843808651e-04
4.830312391277402639e-04
4.830292600672692060e-04
4.830272227991372347e-04
4.830253019463270903e-04
4.830233519896864891e-04
4.830213438253849745e-04
4.830193647649139166e-04
4.830173566006124020e-04
4.830153484363108873e-04
4.830133984796702862e-04
4.830113903153687716e-04
4.830093821510672569e-04
4.830074321944266558e-04
4.830055113416165113e-04
4.830035322811454535e-04
4.830015241168439388e-04
4.829995741602033377e-04
4.829975950997322798e-04
4.829956160392612219e-04
4.829936078749597073e-04
4.829916579183191061e-04
4.829896497540175915e-04
4.829875833820551634e-04
4.829857207369059324e-04
4.829836834687739611e-04
4.829817917197942734e-04
4.829798126593232155e-04
4.829777753911912441e-04
4.829758545383810997e-04
4.829739045817404985e-04
4.829718673136085272e-04
4.829699173569679260e-04
4.829679091926664114e-04
4.829659010283648968e-04
4.829640383832156658e-04
4.829620011150836945e-04
4.829599347431212664e-04
4.829579265788197517e-04
4.829560348298400640e-04
4.829540848731994629e-04
4.829521058127284050e-04
4.829501267522573471e-04
4.829482058994472027e-04
4.829461977351456881e-04
4.829441895708441734e-04
4.829421523027122021e-04
4.829402314499020576e-04
4.829381941817700863e-04
4.829362733289599419e-04
4.829342360608279705e-04
4.829323734156787395e-04
4.829303652513772249e-04
4.829283570870757103e-04
4.829264653380960226e-04
4.829244280699640512e-04
4.829224199056625366e-04
4.829204990528523922e-04
4.829184908885508776e-04
4.829165409319102764e-04
4.829145327676087618e-04
4.829125537071377039e-04
4.829105746466666460e-04
4.829087120015174150e-04
4.829067329410463572e-04
4.829047247767448425e-04
4.829027166124433279e-04
4.829007666558027267e-04
4.828988166991621256e-04
4.828968085348606110e-04
4.828948585782200098e-04
4.828928504139184952e-04
4.828909004572778940e-04
4.828888922929763794e-04
4.828869714401662350e-04
4.828849923796951771e-04
4.828829842153936625e-04
4.828809760510921478e-04
4.828790260944515467e-04
4.828770761378109455e-04
4.828750679735094309e-04
4.828731471206992865e-04
4.828711389563977718e-04
4.828691598959267139e-04
4.828671808354556561e-04
4.828652017749845982e-04
4.828632809221744537e-04
4.828612727578729391e-04
4.828592645935714245e-04
4.828572855331003666e-04
4.828553064726293087e-04
4.828533565159887075e-04
4.828514065593481064e-04
4.828495148103684187e-04
