5.390587612055242062e-04
5.390329170040786266e-04
5.390069563873112202e-04
5.389808793552219868e-04
5.389548605307936668e-04
5.389287252910435200e-04
5.389025900512933731e-04
5.388763383962213993e-04
5.388501449488103390e-04
5.388238350860774517e-04
5.387973506003618240e-04
5.387709825299680233e-04
5.387445562519133091e-04
5.387179553508758545e-04
5.386913544498383999e-04
5.386646371334791183e-04
5.386378616094589233e-04
5.386111442930996418e-04
5.385842523537576199e-04
5.385573604144155979e-04
5.385303520597517490e-04
5.385032854974269867e-04
5.384763353504240513e-04
5.384490941651165485e-04
5.384218529798090458e-04
5.383946700021624565e-04
5.383671959862112999e-04
5.383398965932428837e-04
5.383123643696308136e-04
5.382849485613405704e-04
5.382572417147457600e-04
5.382296512834727764e-04
5.382019444368779659e-04
5.381740629673004150e-04
5.381461814977228642e-04
5.381183000281453133e-04
5.380903021432459354e-04
5.380622460506856441e-04
5.380340735428035259e-04
5.380059010349214077e-04
5.379776121117174625e-04
5.379493231885135174e-04
5.379208014346659184e-04
5.378923378884792328e-04
5.378637579269707203e-04
5.378351197578012943e-04
5.378064233809709549e-04
5.377776105888187885e-04
5.377486231736838818e-04
5.377198103815317154e-04
5.376907065510749817e-04
5.376616609282791615e-04
5.376324406825006008e-04
5.376031622290611267e-04
5.375738837756216526e-04
5.375444306991994381e-04
5.375149776227772236e-04
5.374853499233722687e-04
5.374557222239673138e-04
5.374260363169014454e-04
5.373961175791919231e-04
5.373662570491433144e-04
5.373362801037728786e-04
5.373061867430806160e-04
5.372761515900492668e-04
5.372457671910524368e-04
5.372154992073774338e-04
5.371849983930587769e-04
5.371545557864010334e-04
5.371239385567605495e-04
5.370932631194591522e-04
5.370625294744968414e-04
5.370315629988908768e-04
5.370005965232849121e-04
5.369694554246962070e-04
5.369383725337684155e-04
5.369071732275187969e-04
5.368757992982864380e-04
5.368443089537322521e-04
5.368127604015171528e-04
5.367810954339802265e-04
5.367493722587823868e-04
5.367175326682627201e-04
5.366855766624212265e-04
5.366534460335969925e-04
5.366213154047727585e-04
5.365891265682876110e-04
5.365567631088197231e-04
5.365242250263690948e-04
5.364917451515793800e-04
5.364589742384850979e-04
5.364262033253908157e-04
5.363933159969747066e-04
5.363602540455758572e-04
5.363271920941770077e-04
5.362939555197954178e-04
5.362606025300920010e-04
5.362270749174058437e-04
5.361934308893978596e-04
5.361597286537289619e-04
5.361260264180600643e-04
5.360919749364256859e-04
5.360579234547913074e-04
5.360237555578351021e-04
5.359895294532179832e-04
5.359550123102962971e-04
5.359204951673746109e-04
5.358856869861483574e-04
5.358509952202439308e-04
5.358160706236958504e-04
5.357809714041650295e-04
5.357457557693123817e-04
5.357104237191379070e-04
5.356749752536416054e-04
5.356393521651625633e-04
5.356036126613616943e-04
5.355676985345780849e-04
5.355317262001335621e-04
5.354955792427062988e-04
5.354592576622962952e-04
5.354228778742253780e-04
5.353862070478498936e-04
5.353494780138134956e-04
5.353126325644552708e-04
5.352755542844533920e-04
5.352383595891296864e-04
5.352010484784841537e-04
5.351635045371949673e-04
5.351259023882448673e-04
5.350881256163120270e-04
5.350501742213964462e-04
5.350121064111590385e-04
5.349738057702779770e-04
5.349353305064141750e-04
5.348967388272285461e-04
5.348580307327210903e-04
5.348190315999090672e-04
5.347800324670970440e-04
5.347407422959804535e-04
5.347012775018811226e-04
5.346616380847990513e-04
5.346218240447342396e-04
5.345818353816866875e-04
5.345417303033173084e-04
5.345013341866433620e-04
5.344608216546475887e-04
5.344201344996690750e-04
5.343793309293687344e-04
5.343381781131029129e-04
5.342969088815152645e-04
5.342554068192839622e-04
5.342137301340699196e-04
5.341719370335340500e-04
5.341298528946936131e-04
5.340875359252095222e-04
5.340451607480645180e-04
5.340024363249540329e-04
5.339595372788608074e-04
5.339165218174457550e-04
5.338731571100652218e-04
5.338297924026846886e-04
5.337859620340168476e-04
5.337420734576880932e-04
5.336978356353938580e-04
5.336534231901168823e-04
5.336087779141962528e-04
5.335639580152928829e-04
5.335189052857458591e-04
5.334736197255551815e-04
5.334280431270599365e-04
5.333821754902601242e-04
5.333361914381384850e-04
5.332899163477122784e-04
5.332433502189815044e-04
5.331966094672679901e-04
5.331495194695889950e-04
5.331022548489272594e-04
5.330547573976218700e-04
5.330069107003509998e-04
5.329588893800973892e-04
5.329105770215392113e-04
5.328619736246764660e-04
5.328131373971700668e-04
5.327638937160372734e-04
5.327145336195826530e-04
5.326647660695016384e-04
5.326148821040987968e-04
5.325645324774086475e-04
5.325138918124139309e-04
5.324631347320973873e-04
5.324119119904935360e-04
5.323603982105851173e-04
5.323086516000330448e-04
5.322566139511764050e-04
5.322042270563542843e-04
5.321514909155666828e-04
5.320984637364745140e-04
5.320450291037559509e-04
5.319913616403937340e-04
5.319373449310660362e-04
5.318830371834337711e-04
5.318283219821751118e-04
5.317733157426118851e-04
5.317179020494222641e-04
5.316621391102671623e-04
5.316060851328074932e-04
5.315496237017214298e-04
5.314928712323307991e-04
5.314357113093137741e-04
5.313780275173485279e-04
5.313201691024005413e-04
5.312618450261652470e-04
5.312032299116253853e-04
5.311440327204763889e-04
5.310846609063446522e-04
5.310247070156037807e-04
5.309644038788974285e-04
5.309036932885646820e-04
5.308425752446055412e-04
5.307811079546809196e-04
5.307191167958080769e-04
5.306567181833088398e-04
5.305939703248441219e-04
5.305306403897702694e-04
5.304669030010700226e-04
5.304027581587433815e-04
5.303381476551294327e-04
5.302730714902281761e-04
5.302074714563786983e-04
5.301414639689028263e-04
5.300749326124787331e-04
5.300079355947673321e-04
5.299404147081077099e-04
5.298724863678216934e-04
5.298039177432656288e-04
5.297348834574222565e-04
5.296653253026306629e-04
5.295953014865517616e-04
5.295246955938637257e-04
5.294535658322274685e-04
5.293819122016429901e-04
5.293096182867884636e-04
5.292368587106466293e-04
5.291635752655565739e-04
5.290895351208746433e-04
5.290150293149054050e-04
5.289399414323270321e-04
5.288642714731395245e-04
5.287880194373428822e-04
5.287110107019543648e-04
5.286335363052785397e-04
5.285554216243326664e-04
5.284765502437949181e-04
5.283971549943089485e-04
5.283170030452311039e-04
5.282362690195441246e-04
5.281547782942652702e-04
5.280727637000381947e-04
5.279899341985583305e-04
5.279064644128084183e-04
5.278222379274666309e-04
5.277374293655157089e-04
5.276518058963119984e-04
5.275653675198554993e-04
5.274782888591289520e-04
5.273903952911496162e-04
5.273018614389002323e-04
5.272123962640762329e-04
5.271222325973212719e-04
5.270312540233135223e-04
5.269394605420529842e-04
5.268469103612005711e-04
5.267534870654344559e-04
5.266592488624155521e-04
5.265641957521438599e-04
5.264683277346193790e-04
5.263714701868593693e-04
5.262737395241856575e-04
5.261751939542591572e-04
5.260757170617580414e-04
5.259753088466823101e-04
5.258740857243537903e-04
5.257718148641288280e-04
5.256685544736683369e-04
5.255643627606332302e-04
5.254592979326844215e-04
5.253531271591782570e-04
5.252460250630974770e-04
5.251378752291202545e-04
5.250286776572465897e-04
5.249184323474764824e-04
5.248073139227926731e-04
5.246949149295687675e-04
5.245814681984484196e-04
5.244669737294316292e-04
5.243513733148574829e-04
5.242346669547259808e-04
5.241167382337152958e-04
5.239977617748081684e-04
5.238776211626827717e-04
5.237562581896781921e-04
5.236336728557944298e-04
5.235099233686923981e-04
5.233850097283720970e-04
5.232587573118507862e-04
5.231312825344502926e-04
5.230024689808487892e-04
5.228724912740290165e-04
5.227411747910082340e-04
5.226085195317864418e-04
5.224745254963636398e-04
5.223391344770789146e-04
5.222024628892540932e-04
5.220645689405500889e-04
5.219250451773405075e-04
5.217841826379299164e-04
5.216418649069964886e-04
5.214981501922011375e-04
5.213528638705611229e-04
5.212062969803810120e-04
5.210581002756953239e-04
5.209083901718258858e-04
5.207572248764336109e-04
5.206044879741966724e-04
5.204502376727759838e-04
5.202943575568497181e-04
5.201369058340787888e-04
5.199778825044631958e-04
5.198172293603420258e-04
5.196548299863934517e-04
5.194909754209220409e-04
5.193253164179623127e-04
5.191580276004970074e-04
5.189890507608652115e-04
5.188183858990669250e-04
5.186458001844584942e-04
5.184716428630053997e-04
5.182957393117249012e-04
5.181179731152951717e-04
5.179385188966989517e-04
5.177572020329535007e-04
5.175740225240588188e-04
5.173890967853367329e-04
5.172023084014654160e-04
5.170137155801057816e-04
5.168231436982750893e-04
5.166307673789560795e-04
5.164365284144878387e-04
5.162404268048703671e-04
5.160423461347818375e-04
5.158422281965613365e-04
5.156403640285134315e-04
5.154364625923335552e-04
5.152307567186653614e-04
5.150229553692042828e-04
5.148132331669330597e-04
5.146015901118516922e-04
5.143879097886383533e-04
5.141722504049539566e-04
5.139547865837812424e-04
5.137351690791547298e-04
5.135134560987353325e-04
5.132900550961494446e-04
5.130645004101097584e-04
5.128369666635990143e-04
5.126074538566172123e-04
5.123759619891643524e-04
5.121424910612404346e-04
5.119070992805063725e-04
5.116697284393012524e-04
5.114303785376250744e-04
5.111891077831387520e-04
5.109457997605204582e-04
5.107006290927529335e-04
5.104535375721752644e-04
5.102045251987874508e-04
5.099536501802504063e-04
5.097007961012423038e-04
5.094461957924067974e-04
5.091896746307611465e-04
5.089314072392880917e-04
5.086712772026658058e-04
5.084094009362161160e-04
5.081457202322781086e-04
5.078802932985126972e-04
5.076131201349198818e-04
5.073443171568214893e-04
5.070738261565566063e-04
5.068018217571079731e-04
5.065280711278319359e-04
5.062528653070330620e-04
5.059760296717286110e-04
5.056977970525622368e-04
5.054180510342121124e-04
5.051369080320000648e-04
5.048543098382651806e-04
5.045703728683292866e-04
5.042852717451751232e-04
5.039987736381590366e-04
5.037110531702637672e-04
5.034221685491502285e-04
5.031321779824793339e-04
5.028410232625901699e-04
5.025488790124654770e-04
5.022558034397661686e-04
5.019616801291704178e-04
5.016666837036609650e-04
5.013708723708987236e-04
5.010742461308836937e-04
5.007768631912767887e-04
5.004787235520780087e-04
5.001799436286091805e-04
4.998806980438530445e-04
4.995807539671659470e-04
4.992804606445133686e-04
4.989796434529125690e-04
4.986784188076853752e-04
4.983769031241536140e-04
4.980750381946563721e-04
4.977729986421763897e-04
4.974707844667136669e-04
4.971684538759291172e-04
4.968659486621618271e-04
4.965635016560554504e-04
4.962609964422881603e-04
4.959586658515036106e-04
4.956563352607190609e-04
4.953543539158999920e-04
4.950524307787418365e-04
4.947508568875491619e-04
4.944495158270001411e-04
4.941485822200775146e-04
4.938480560667812824e-04
4.935479955747723579e-04
4.932484007440507412e-04
4.929493297822773457e-04
4.926508408971130848e-04
4.923530505038797855e-04
4.920557257719337940e-04
4.917592741549015045e-04
4.914635210298001766e-04
4.911685828119516373e-04
4.908742848783731461e-04
4.905809182673692703e-04
4.902884829789400101e-04
4.899969790130853653e-04
4.897062899544835091e-04
4.894166486337780952e-04
4.891279968433082104e-04
4.888403927907347679e-04
4.885538364760577679e-04
4.882683861069381237e-04
4.879840416833758354e-04
4.877007449977099895e-04
4.874186997767537832e-04
4.871377896051853895e-04
4.868581308983266354e-04
4.865796654485166073e-04
4.863023641519248486e-04
4.860265180468559265e-04
4.857518069911748171e-04
4.854784929193556309e-04
4.852063721045851707e-04
4.849357064813375473e-04
4.846664087381213903e-04
4.843982751481235027e-04
4.841316840611398220e-04
4.838664608541876078e-04
4.836026055272668600e-04
4.833401180803775787e-04
4.830791440326720476e-04
4.828195669688284397e-04
4.825614450965076685e-04
4.823046620003879070e-04
4.820495087187737226e-04
4.817957524210214615e-04
4.815434513147920370e-04
4.812925762962549925e-04
4.810433019883930683e-04
4.807954246643930674e-04
4.805490607395768166e-04
4.803042393177747726e-04
4.800607566721737385e-04
4.798189620487391949e-04
4.795786517206579447e-04
4.793397965840995312e-04
4.791023675352334976e-04
4.788665683008730412e-04
4.786321660503745079e-04
4.783993645105510950e-04
4.781681054737418890e-04
4.779382725246250629e-04
4.777098656632006168e-04
4.774831759277731180e-04
4.772578831762075424e-04
4.770339874085038900e-04
4.768117505591362715e-04
4.765909106936305761e-04
4.763716133311390877e-04
4.761537129525095224e-04
