1.192291965708136559e-03
1.192085444927215576e-03
1.191878924146294594e-03
1.191672170534729958e-03
1.191465416923165321e-03
1.191258896142244339e-03
1.191052026115357876e-03
1.190845272503793240e-03
1.190638518892228603e-03
1.190431765280663967e-03
1.190224895253777504e-03
1.190017908811569214e-03
1.189810805954039097e-03
1.189603819511830807e-03
1.189396716654300690e-03
1.189189497381448746e-03
1.188982510939240456e-03
1.188775291666388512e-03
1.188567955978214741e-03
1.188360736705362797e-03
1.188153284601867199e-03
1.187945832498371601e-03
1.187738380394876003e-03
1.187530928291380405e-03
1.187323243357241154e-03
1.187115442007780075e-03
1.186907873488962650e-03
1.186700072139501572e-03
1.186492387205362320e-03
1.186284353025257587e-03
1.186076551675796509e-03
1.185868401080369949e-03
1.185660366900265217e-03
1.185452216304838657e-03
1.185243949294090271e-03
1.185035915113985538e-03
1.184827531687915325e-03
1.184619031846523285e-03
1.184410648420453072e-03
1.184202032163739204e-03
1.183993299491703510e-03
1.183784683234989643e-03
1.183576066978275776e-03
1.183366985060274601e-03
1.183158252388238907e-03
1.182949170470237732e-03
1.182739972136914730e-03
1.182531006634235382e-03
1.182321808300912380e-03
1.182112260721623898e-03
1.181903062388300896e-03
1.181693514809012413e-03
1.181484083645045757e-03
1.181274303235113621e-03
1.181064522825181484e-03
1.180854625999927521e-03
1.180644845589995384e-03
1.180434832349419594e-03
1.180224702693521976e-03
1.180014573037624359e-03
1.179804210551083088e-03
1.179593848064541817e-03
1.179383252747356892e-03
1.179172773845493793e-03
1.178962062112987041e-03
1.178751233965158463e-03
1.178540405817329884e-03
1.178329344838857651e-03
1.178118283860385418e-03
1.177907106466591358e-03
1.177695696242153645e-03
1.177484169602394104e-03
1.177272759377956390e-03
1.177061232738196850e-03
1.176849356852471828e-03
1.176637364551424980e-03
1.176425488665699959e-03
1.176213147118687630e-03
1.176000921986997128e-03
1.175788580439984798e-03
1.175576006062328815e-03
1.175363664515316486e-03
1.175150740891695023e-03
1.174937700852751732e-03
1.174725010059773922e-03
1.174511853605508804e-03
1.174298580735921860e-03
1.174085075035691261e-03
1.173871452920138836e-03
1.173657947219908237e-03
1.173443975858390331e-03
1.173230004496872425e-03
1.173016033135354519e-03
1.172801712527871132e-03
1.172587391920387745e-03
1.172372838482260704e-03
1.172158168628811836e-03
1.171943149529397488e-03
1.171728130429983139e-03
1.171513227745890617e-03
1.171297742985188961e-03
1.171082258224487305e-03
1.170866540633141994e-03
1.170650823041796684e-03
1.170434872619807720e-03
1.170218689367175102e-03
1.170002389699220657e-03
1.169785857200622559e-03
1.169569208286702633e-03
1.169352326542139053e-03
1.169135328382253647e-03
1.168918097391724586e-03
1.168700749985873699e-03
1.168483286164700985e-03
1.168265589512884617e-03
1.168047543615102768e-03
1.167829497717320919e-03
1.167610986158251762e-03
1.167392591014504433e-03
1.167173846624791622e-03
1.166954985819756985e-03
1.166735892184078693e-03
1.166516449302434921e-03
1.166297006420791149e-03
1.166077214293181896e-03
1.165857422165572643e-03
1.165637164376676083e-03
1.165416790172457695e-03
1.165196066722273827e-03
1.164975343272089958e-03
1.164754154160618782e-03
1.164532965049147606e-03
1.164311426691710949e-03
1.164089655503630638e-03
1.163867767900228500e-03
1.163645414635539055e-03
1.163423061370849609e-03
1.163200358860194683e-03
1.162977423518896103e-03
1.162754255346953869e-03
1.162530737929046154e-03
1.162307104095816612e-03
1.162083004601299763e-03
1.161858905106782913e-03
1.161634456366300583e-03
1.161409658379852772e-03
1.161184743978083134e-03
1.160959480330348015e-03
1.160733751021325588e-03
1.160508021712303162e-03
1.160281943157315254e-03
1.160055398941040039e-03
1.159828854724764824e-03
1.159601728431880474e-03
1.159374485723674297e-03
1.159147010184824467e-03
1.158919185400009155e-03
1.158690778538584709e-03
1.158462371677160263e-03
1.158233615569770336e-03
1.158004626631736755e-03
1.157775172032415867e-03
1.157545601017773151e-03
1.157315215095877647e-03
1.157084829173982143e-03
1.156854210421442986e-03
1.156623126007616520e-03
1.156391692347824574e-03
1.156160025857388973e-03
1.155927893705666065e-03
1.155695295892655849e-03
1.155462581664323807e-03
1.155229401774704456e-03
1.154995989054441452e-03
1.154762227088212967e-03
1.154527883045375347e-03
1.154293189756572247e-03
1.154058263637125492e-03
1.153822755441069603e-03
1.153587014414370060e-03
1.153350807726383209e-03
1.153114368207752705e-03
1.152877346612513065e-03
1.152639975771307945e-03
1.152402255684137344e-03
1.152164186351001263e-03
1.151925418525934219e-03
1.151686301454901695e-03
1.151447067968547344e-03
1.151207252405583858e-03
1.150966854766011238e-03
1.150726224295794964e-03
1.150485011748969555e-03
1.150243333540856838e-03
1.150001306086778641e-03
1.149758812971413136e-03
1.149515854194760323e-03
1.149272313341498375e-03
1.149028423242270947e-03
1.148784067481756210e-03
1.148539129644632339e-03
1.148293609730899334e-03
1.148047973401844501e-03
1.147801522165536880e-03
1.147554605267941952e-03
1.147307339124381542e-03
1.147059258073568344e-03
1.146810944192111492e-03
1.146561931818723679e-03
1.146312453784048557e-03
1.146062510088086128e-03
1.145811984315514565e-03
1.145560876466333866e-03
1.145309419371187687e-03
1.145057147368788719e-03
1.144804409705102444e-03
1.144551089964807034e-03
1.144297304563224316e-03
1.144042820669710636e-03
1.143787521868944168e-03
1.143531990237534046e-03
1.143275876529514790e-03
1.143019064329564571e-03
1.142761553637683392e-03
1.142503460869193077e-03
1.142244902439415455e-03
1.141985529102385044e-03
1.141725573688745499e-03
1.141465036198496819e-03
1.141203683800995350e-03
1.140941982157528400e-03
1.140679349191486835e-03
1.140416134148836136e-03
1.140152220614254475e-03
1.139887841418385506e-03
1.139622647315263748e-03
1.139356638304889202e-03
1.139089930802583694e-03
1.138822757638990879e-03
1.138554885983467102e-03
1.138285966590046883e-03
1.138016465120017529e-03
1.137746381573379040e-03
1.137475366704165936e-03
1.137203653343021870e-03
1.136931357905268669e-03
1.136658247560262680e-03
1.136384322308003902e-03
1.136109349317848682e-03
1.135834027081727982e-03
1.135557889938354492e-03
1.135280705057084560e-03
1.135002938099205494e-03
1.134724239818751812e-03
1.134444726631045341e-03
1.134164398536086082e-03
1.133883488364517689e-03
1.133601530455052853e-03
1.133318874053657055e-03
1.133035053499042988e-03
1.132750650867819786e-03
1.132465316914021969e-03
1.132179168052971363e-03
1.131892087869346142e-03
1.131604192778468132e-03
1.131315482780337334e-03
1.131025608628988266e-03
1.130735152401030064e-03
1.130443532019853592e-03
1.130151329562067986e-03
1.129857846535742283e-03
1.129563665017485619e-03
1.129268435761332512e-03
1.128972275182604790e-03
1.128675066865980625e-03
1.128377276472747326e-03
1.128078438341617584e-03
1.127778319641947746e-03
1.127477386035025120e-03
1.127175521105527878e-03
1.126872724853456020e-03
1.126568880863487720e-03
1.126263989135622978e-03
1.125958282500505447e-03
1.125651411712169647e-03
1.125343726016581059e-03
1.125034759752452374e-03
1.124724745750427246e-03
1.124413916841149330e-03
1.124102040193974972e-03
1.123788999393582344e-03
1.123475027270615101e-03
1.123160123825073242e-03
1.122844172641634941e-03
1.122526708059012890e-03
1.122208661399781704e-03
1.121889334172010422e-03
1.121569075621664524e-03
1.121247652918100357e-03
1.120925182476639748e-03
1.120601547881960869e-03
1.120276981964707375e-03
1.119951251894235611e-03
1.119624474085867405e-03
1.119296532124280930e-03
1.118967658840119839e-03
1.118637504987418652e-03
1.118306303396821022e-03
1.117974054068326950e-03
1.117640757001936436e-03
1.117306295782327652e-03
1.116970786824822426e-03
1.116634113714098930e-03
1.116296160034835339e-03
1.115957391448318958e-03
1.115617342293262482e-03
1.115276478230953217e-03
1.114934100769460201e-03
1.114590791985392570e-03
1.114246319048106670e-03
1.113900914788246155e-03
1.113554229959845543e-03
1.113206497393548489e-03
1.112857600674033165e-03
1.112507772631943226e-03
1.112156896851956844e-03
1.111804740503430367e-03
1.111451536417007446e-03
1.111097284592688084e-03
1.110742101445794106e-03
1.110385754145681858e-03
1.110028242692351341e-03
1.109669916331768036e-03
1.109310309402644634e-03
1.108949654735624790e-03
1.108587952330708504e-03
1.108225202187895775e-03
1.107861404307186604e-03
1.107496675103902817e-03
1.107131014578044415e-03
1.106764073483645916e-03
1.106396433897316456e-03
1.106027513742446899e-03
1.105657778680324554e-03
1.105287112295627594e-03
1.104915398173034191e-03
1.104542752727866173e-03
1.104169059544801712e-03
1.103794667869806290e-03
1.103419112041592598e-03
1.103042741306126118e-03
1.102665439248085022e-03
1.102287322282791138e-03
1.101908273994922638e-03
1.101528410799801350e-03
1.101147499866783619e-03
1.100766123272478580e-03
1.100383582524955273e-03
1.100000343285501003e-03
1.099616289138793945e-03
1.099231420084834099e-03
1.098845968954265118e-03
1.098459586501121521e-03
1.098072505556046963e-03
1.097684842534363270e-03
1.097296248190104961e-03
1.096907188184559345e-03
1.096517429687082767e-03
1.096126739867031574e-03
1.095735700801014900e-03
1.095343963243067265e-03
1.094951410777866840e-03
1.094558625482022762e-03
1.094165025278925896e-03
1.093770959414541721e-03
1.093376311473548412e-03
1.092981197871267796e-03
1.092585618607699871e-03
1.092189457267522812e-03
1.091792946681380272e-03
1.091395970433950424e-03
1.090998412109911442e-03
1.090600620955228806e-03
1.090202364139258862e-03
1.089803641662001610e-03
1.089404802769422531e-03
1.089005498215556145e-03
1.088605960831046104e-03
1.088206074200570583e-03
1.087805954739451408e-03
1.087405602447688580e-03
1.087004900909960270e-03
1.086603966541588306e-03
1.086203032173216343e-03
1.085801748558878899e-03
1.085400348529219627e-03
1.084998832084238529e-03
1.084597082808613777e-03
1.084195449948310852e-03
1.083793584257364273e-03
1.083391718566417694e-03
1.082989736460149288e-03
1.082587870769202709e-03
1.082185772247612476e-03
1.081783673726022243e-03
1.081381691619753838e-03
1.080979709513485432e-03
1.080577843822538853e-03
1.080176094546914101e-03
1.079774345271289349e-03
1.079372828826308250e-03
1.078971312381327152e-03
1.078570028766989708e-03
1.078168745152652264e-03
1.077767810784280300e-03
1.077366876415908337e-03
1.076966524124145508e-03
1.076565706171095371e-03
1.076165819540619850e-03
1.075765816494822502e-03
1.075366162694990635e-03
1.074966625310480595e-03
1.074567553587257862e-03
1.074168831110000610e-03
1.073770341463387012e-03
1.073372201062738895e-03
1.072974293492734432e-03
1.072576735168695450e-03
1.072179642505943775e-03
1.071782899089157581e-03
1.071386621333658695e-03
1.070990809239447117e-03
1.070595113560557365e-03
1.070200116373598576e-03
1.069805352017283440e-03
1.069411053322255611e-03
1.069017220288515091e-03
1.068623969331383705e-03
1.068231067620217800e-03
1.067838747985661030e-03
1.067446777597069740e-03
1.067055389285087585e-03
1.066664466634392738e-03
1.066274126060307026e-03
1.065884134732186794e-03
1.065494725480675697e-03
1.065106014721095562e-03
1.064717653207480907e-03
1.064329873770475388e-03
1.063942676410079002e-03
1.063555944710969925e-03
1.063169911503791809e-03
1.062784343957901001e-03
1.062399242073297501e-03
1.062014955095946789e-03
1.061631250195205212e-03
1.061247778125107288e-03
1.060865120962262154e-03
1.060482929460704327e-03
1.060101552866399288e-03
1.059720525518059731e-03
1.059340429492294788e-03
1.058960566297173500e-03
1.058581401593983173e-03
1.058202818967401981e-03
1.057824818417429924e-03
1.057447399944067001e-03
1.057070796377956867e-03
1.056694658473134041e-03
1.056319102644920349e-03
1.055944012477993965e-03
1.055569853633642197e-03
1.055196044035255909e-03
1.054822816513478756e-03
1.054450171068310738e-03
1.054078340530395508e-03
1.053706742823123932e-03
1.053336076438426971e-03
1.052965875715017319e-03
1.052596140652894974e-03
1.052227220498025417e-03
1.051858882419764996e-03
1.051491010002791882e-03
1.051123486831784248e-03
1.050756778568029404e-03
1.050390768796205521e-03
1.050024875439703465e-03
1.049660029821097851e-03
1.049295533448457718e-03
1.048931735567748547e-03
1.048568286933004856e-03
1.048205420374870300e-03
1.047843019478023052e-03
1.047481433488428593e-03
1.047120196744799614e-03
1.046759425662457943e-03
1.046399353072047234e-03
1.046039629727602005e-03
1.045680372044444084e-03
1.045321812853217125e-03
