4.906896501779556274e-04
4.906874382868409157e-04
4.906852846033871174e-04
4.906831309199333191e-04
4.906808608211576939e-04
4.906787653453648090e-04
4.906764952465891838e-04
4.906742833554744720e-04
4.906721296720206738e-04
4.906699177809059620e-04
4.906677058897912502e-04
4.906656104139983654e-04
4.906633403152227402e-04
4.906612448394298553e-04
4.906589747406542301e-04
4.906568792648613453e-04
4.906546091660857201e-04
4.906523972749710083e-04
4.906502435915172100e-04
4.906480317004024982e-04
4.906458198092877865e-04
4.906436661258339882e-04
4.906414542347192764e-04
4.906392423436045647e-04
4.906370886601507664e-04
4.906349931843578815e-04
4.906327230855822563e-04
4.906305694021284580e-04
4.906282993033528328e-04
4.906261456198990345e-04
4.906239919364452362e-04
4.906218382529914379e-04
4.906196845695376396e-04
4.906173562631011009e-04
4.906152025796473026e-04
4.906131071038544178e-04
4.906108952127397060e-04
4.906086833216249943e-04
4.906065296381711960e-04
4.906043759547173977e-04
4.906022222712635994e-04
4.906000103801488876e-04
4.905978566966950893e-04
4.905955283902585506e-04
4.905934329144656658e-04
4.905912210233509541e-04
4.905890673398971558e-04
4.905868554487824440e-04
4.905847017653286457e-04
4.905824898742139339e-04
4.905803943984210491e-04
4.905780660919845104e-04
4.905759124085307121e-04
4.905737587250769138e-04
4.905716050416231155e-04
4.905693931505084038e-04
4.905671230517327785e-04
4.905650275759398937e-04
4.905628156848251820e-04
4.905606037937104702e-04
4.905584501102566719e-04
4.905562964268028736e-04
4.905540263280272484e-04
4.905519308522343636e-04
4.905497189611196518e-04
4.905476234853267670e-04
4.905453533865511417e-04
4.905431997030973434e-04
4.905409878119826317e-04
4.905387759208679199e-04
4.905366222374141216e-04
4.905344685539603233e-04
4.905322566628456116e-04
4.905300447717308998e-04
4.905278910882771015e-04
4.905257374048233032e-04
4.905235837213695049e-04
4.905213136225938797e-04
4.905192181468009949e-04
4.905168898403644562e-04
4.905147943645715714e-04
4.905125824734568596e-04
4.905104869976639748e-04
4.905082751065492630e-04
4.905061214230954647e-04
4.905038513243198395e-04
4.905018140561878681e-04
4.904994857497513294e-04
4.904973320662975311e-04
4.904951201751828194e-04
4.904929664917290211e-04
4.904908710159361362e-04
4.904886009171605110e-04
4.904865054413676262e-04
4.904842935502529144e-04
4.904821398667991161e-04
4.904798697680234909e-04
4.904777742922306061e-04
4.904755624011158943e-04
4.904733505100011826e-04
4.904711968265473843e-04
4.904690431430935860e-04
4.904668312519788742e-04
4.904646193608641624e-04
4.904624656774103642e-04
4.904603119939565659e-04
4.904580418951809406e-04
4.904559464193880558e-04
4.904537927359342575e-04
4.904516390524804592e-04
4.904493689537048340e-04
4.904472152702510357e-04
4.904451197944581509e-04
4.904427914880216122e-04
4.904406960122287273e-04
4.904384841211140156e-04
4.904363886453211308e-04
4.904342349618673325e-04
4.904320230707526207e-04
4.904298111796379089e-04
4.904275992885231972e-04
4.904255038127303123e-04
4.904232337139546871e-04
4.904211382381618023e-04
4.904189263470470905e-04
4.904168308712542057e-04
4.904145607724785805e-04
4.904124070890247822e-04
4.904101951979100704e-04
4.904080415144562721e-04
4.904058296233415604e-04
4.904036759398877621e-04
4.904015222564339638e-04
4.903993685729801655e-04
4.903971566818654537e-04
4.903949447907507420e-04
4.903928493149578571e-04
4.903905792161822319e-04
4.903884255327284336e-04
4.903862718492746353e-04
4.903840599581599236e-04
4.903819062747061253e-04
4.903797525912523270e-04
4.903775407001376152e-04
4.903753870166838169e-04
4.903732333332300186e-04
4.903710214421153069e-04
4.903688677586615086e-04
4.903666558675467968e-04
4.903645603917539120e-04
4.903623485006392002e-04
4.903601366095244884e-04
4.903580411337316036e-04
4.903558292426168919e-04
4.903536755591630936e-04
4.903514636680483818e-04
4.903494263999164104e-04
4.903471563011407852e-04
4.903450026176869869e-04
4.903427325189113617e-04
4.903406370431184769e-04
4.903384833596646786e-04
4.903362714685499668e-04
4.903340595774352551e-04
4.903319641016423702e-04
4.903298104181885719e-04
4.903275403194129467e-04
4.903255030512809753e-04
4.903232329525053501e-04
4.903211374767124653e-04
4.903188091702759266e-04
4.903167136944830418e-04
4.903145018033683300e-04
4.903123481199145317e-04
4.903101362287998199e-04
4.903080407530069351e-04
4.903058288618922234e-04
4.903036169707775116e-04
4.903015214949846268e-04
4.902993096038699150e-04
4.902971559204161167e-04
4.902949440293014050e-04
4.902928485535085201e-04
4.902906366623938084e-04
4.902884247712790966e-04
4.902863292954862118e-04
4.902841756120324135e-04
4.902819055132567883e-04
4.902798100374639034e-04
4.902775981463491917e-04
4.902753862552344799e-04
4.902732325717806816e-04
4.902710206806659698e-04
4.902689834125339985e-04
4.902667715214192867e-04
4.902645596303045750e-04
4.902625223621726036e-04
4.902603104710578918e-04
4.902580985799431801e-04
4.902559448964893818e-04
4.902537912130355835e-04
4.902515793219208717e-04
4.902494256384670734e-04
4.902472719550132751e-04
4.902450018562376499e-04
4.902429063804447651e-04
4.902406944893300533e-04
4.902385990135371685e-04
4.902364453300833702e-04
4.902341752313077450e-04
4.902320797555148602e-04
4.902298678644001484e-04
4.902277723886072636e-04
4.902255604974925518e-04
4.902234650216996670e-04
4.902211949229240417e-04
4.902190412394702435e-04
4.902169457636773586e-04
4.902147338725626469e-04
4.902125219814479351e-04
4.902103682979941368e-04
4.902081564068794250e-04
4.902060027234256268e-04
4.902038490399718285e-04
4.902016953565180302e-04
4.901995416730642319e-04
4.901974461972713470e-04
4.901952925138175488e-04
4.901931388303637505e-04
4.901908687315881252e-04
4.901887150481343269e-04
4.901866195723414421e-04
4.901843494735658169e-04
4.901823122054338455e-04
4.901800421066582203e-04
4.901778302155435085e-04
4.901756765320897102e-04
4.901735810562968254e-04
4.901713109575212002e-04
4.901692154817283154e-04
4.901671200059354305e-04
4.901649081148207188e-04
4.901627544313669205e-04
4.901605425402522087e-04
4.901584470644593239e-04
4.901561769656836987e-04
4.901540814898908138e-04
4.901519278064370155e-04
4.901497159153223038e-04
4.901475040242075920e-04
4.901454085484147072e-04
4.901431966572999954e-04
4.901411011815071106e-04
4.901388892903923988e-04
4.901367938145995140e-04
4.901345819234848022e-04
4.901324864476919174e-04
4.901302745565772057e-04
4.901281208731234074e-04
4.901259089820086956e-04
4.901238135062158108e-04
4.901216016151010990e-04
4.901194479316473007e-04
4.901172942481935024e-04
4.901150823570787907e-04
4.901130450889468193e-04
4.901108331978321075e-04
4.901086795143783092e-04
4.901064676232635975e-04
4.901043721474707127e-04
4.901022184640169144e-04
4.901000647805631161e-04
4.900978528894484043e-04
4.900956409983336926e-04
4.900935455225408077e-04
4.900913336314260960e-04
4.900891217403113842e-04
4.900870844721794128e-04
4.900848725810647011e-04
4.900827188976109028e-04
4.900806234218180180e-04
4.900784697383642197e-04
4.900761414319276810e-04
4.900739877484738827e-04
4.900718922726809978e-04
4.900697385892271996e-04
4.900675266981124878e-04
4.900654312223196030e-04
4.900632775388658047e-04
4.900610656477510929e-04
4.900589701719582081e-04
4.900567582808434963e-04
4.900545463897287846e-04
4.900523927062749863e-04
4.900502972304821014e-04
4.900480853393673897e-04
4.900459898635745049e-04
4.900437779724597931e-04
4.900416242890059948e-04
4.900395288132131100e-04
4.900373169220983982e-04
4.900352214463055134e-04
4.900330095551908016e-04
4.900309140793979168e-04
4.900286439806222916e-04
4.900265485048294067e-04
4.900243948213756084e-04
4.900222411379218102e-04
4.900200874544680119e-04
4.900178173556923866e-04
4.900157218798995018e-04
4.900136264041066170e-04
4.900114145129919052e-04
4.900093190371990204e-04
4.900070489384233952e-04
4.900050116702914238e-04
4.900027997791767120e-04
4.900007043033838272e-04
4.899985506199300289e-04
4.899963387288153172e-04
4.899941268377006054e-04
4.899919731542468071e-04
4.899897030554711819e-04
4.899876657873392105e-04
4.899854538962244987e-04
4.899834166280925274e-04
4.899812047369778156e-04
4.899790510535240173e-04
4.899768973700702190e-04
4.899747436866164207e-04
4.899725317955017090e-04
4.899703781120479107e-04
4.899682244285941124e-04
4.899661289528012276e-04
4.899639752693474293e-04
4.899618215858936310e-04
4.899597261101007462e-04
4.899575142189860344e-04
4.899553605355322361e-04
4.899532068520784378e-04
4.899509949609637260e-04
4.899487830698490143e-04
4.899467458017170429e-04
4.899445339106023312e-04
4.899424384348094463e-04
4.899402847513556480e-04
4.899380728602409363e-04
4.899359191767871380e-04
4.899338237009942532e-04
4.899316700175404549e-04
4.899294581264257431e-04
4.899273626506328583e-04
4.899252089671790600e-04
4.899229970760643482e-04
4.899209016002714634e-04
4.899186897091567516e-04
4.899165942333638668e-04
4.899144987575709820e-04
4.899122868664562702e-04
4.899101331830024719e-04
4.899080377072095871e-04
4.899058258160948753e-04
4.899036721326410770e-04
4.899015184491872787e-04
4.898994229733943939e-04
4.898972692899405956e-04
4.898950573988258839e-04
4.898929037153720856e-04
4.898906918242573738e-04
4.898885381408035755e-04
4.898864426650106907e-04
4.898842307738959789e-04
4.898821935057640076e-04
4.898799816146492958e-04
4.898778279311954975e-04
4.898756742477416992e-04
4.898735205642879009e-04
4.898714250884950161e-04
4.898692131973803043e-04
4.898670013062655926e-04
4.898649058304727077e-04
4.898628103546798229e-04
4.898605984635651112e-04
4.898585029877722263e-04
4.898563493043184280e-04
4.898541374132037163e-04
4.898519255220890045e-04
4.898498300462961197e-04
4.898475599475204945e-04
4.898455808870494366e-04
4.898433689959347248e-04
4.898412153124809265e-04
4.898391198366880417e-04
4.898369079455733299e-04
4.898348124697804451e-04
4.898326587863266468e-04
4.898304468952119350e-04
4.898283514194190502e-04
4.898261977359652519e-04
4.898240440525114536e-04
4.898218903690576553e-04
4.898196784779429436e-04
4.898175830021500587e-04
4.898154293186962605e-04
4.898132756352424622e-04
4.898111219517886639e-04
4.898089682683348656e-04
4.898068727925419807e-04
4.898047191090881824e-04
4.898025072179734707e-04
4.898004117421805859e-04
4.897981998510658741e-04
4.897960461676120758e-04
4.897938924841582775e-04
4.897917970083653927e-04
4.897897015325725079e-04
4.897875478491187096e-04
4.897853359580039978e-04
4.897831240668892860e-04
4.897810285910964012e-04
4.897789331153035164e-04
4.897767794318497181e-04
4.897746257483959198e-04
4.897724720649421215e-04
4.897702601738274097e-04
4.897681064903736115e-04
4.897660110145807266e-04
4.897638573311269283e-04
4.897617618553340435e-04
4.897595499642193317e-04
4.897573962807655334e-04
4.897553590126335621e-04
4.897530889138579369e-04
4.897510516457259655e-04
4.897488397546112537e-04
4.897467442788183689e-04
4.897446488030254841e-04
4.897424369119107723e-04
4.897402250207960606e-04
4.897380713373422623e-04
4.897359758615493774e-04
4.897338803857564926e-04
4.897316684946417809e-04
4.897295730188488960e-04
4.897273611277341843e-04
4.897252074442803860e-04
4.897229955531656742e-04
4.897209582850337029e-04
4.897188046015799046e-04
4.897166509181261063e-04
4.897145554423332214e-04
4.897124017588794231e-04
4.897101898677647114e-04
4.897081525996327400e-04
4.897058825008571148e-04
4.897038452327251434e-04
4.897016915492713451e-04
4.896994796581566334e-04
4.896973841823637486e-04
4.896952304989099503e-04
4.896930768154561520e-04
4.896909231320023537e-04
4.896888858638703823e-04
4.896866157650947571e-04
4.896845784969627857e-04
4.896823666058480740e-04
4.896801547147333622e-04
4.896780592389404774e-04
4.896759055554866791e-04
4.896738100796937943e-04
4.896717146039009094e-04
4.896695609204471111e-04
4.896673490293323994e-04
4.896651953458786011e-04
4.896630998700857162e-04
4.896608879789710045e-04
4.896587925031781197e-04
4.896566388197243214e-04
4.896545433439314365e-04
4.896524478681385517e-04
4.896502359770238400e-04
4.896480822935700417e-04
4.896459868177771568e-04
4.896437749266624451e-04
4.896416212432086468e-04
4.896395257674157619e-04
4.896373720839619637e-04
4.896351601928472519e-04
4.896330647170543671e-04
4.896309110336005688e-04
4.896287573501467705e-04
4.896267200820147991e-04
4.896245081909000874e-04
4.896224709227681160e-04
4.896202008239924908e-04
4.896181053481996059e-04
4.896160098724067211e-04
4.896138561889529228e-04
4.896116442978382111e-04
4.896095488220453262e-04
