6.866240291856229305e-04
6.866219919174909592e-04
6.866198382340371609e-04
6.866178009659051895e-04
6.866157636977732182e-04
6.866136100143194199e-04
6.866115727461874485e-04
6.866095936857163906e-04
6.866074982099235058e-04
6.866054027341306210e-04
6.866033654659986496e-04
6.866012699902057648e-04
6.865991745144128799e-04
6.865971372462809086e-04
6.865949835628271103e-04
6.865929462946951389e-04
6.865907926112413406e-04
6.865886971354484558e-04
6.865866598673164845e-04
6.865846808068454266e-04
6.865825853310525417e-04
6.865805480629205704e-04
6.865783943794667721e-04
6.865763571113348007e-04
6.865742616355419159e-04
6.865722825750708580e-04
6.865701288916170597e-04
6.865680334158241749e-04
6.865659961476922035e-04
6.865639006718993187e-04
6.865618634037673473e-04
6.865597679279744625e-04
6.865576724521815777e-04
6.865555769763886929e-04
6.865535979159176350e-04
6.865514442324638367e-04
6.865494069643318653e-04
6.865473114885389805e-04
6.865451578050851822e-04
6.865430623292922974e-04
6.865410250611603260e-04
6.865391042083501816e-04
6.865370087325572968e-04
6.865348550491034985e-04
6.865328177809715271e-04
6.865306640975177288e-04
6.865286268293857574e-04
6.865267059765756130e-04
6.865245522931218147e-04
6.865225150249898434e-04
6.865204195491969585e-04
6.865183240734040737e-04
6.865162285976111889e-04
6.865142495371401310e-04
6.865121540613472462e-04
6.865100585855543613e-04
6.865079631097614765e-04
6.865058094263076782e-04
6.865038885734975338e-04
6.865017348900437355e-04
6.864996976219117641e-04
6.864976603537797928e-04
6.864955648779869080e-04
6.864934694021940231e-04
6.864914903417229652e-04
6.864893366582691669e-04
6.864872993901371956e-04
6.864852039143443108e-04
6.864831084385514259e-04
6.864810129627585411e-04
6.864790339022874832e-04
6.864769384264945984e-04
6.864748429507017136e-04
6.864728056825697422e-04
6.864707684144377708e-04
6.864686729386448860e-04
6.864665774628520012e-04
6.864645401947200298e-04
6.864625029265880585e-04
6.864603492431342602e-04
6.864583701826632023e-04
6.864562747068703175e-04
6.864540628157556057e-04
6.864520837552845478e-04
6.864499882794916630e-04
6.864479510113596916e-04
6.864459137432277203e-04
6.864438764750957489e-04
6.864417809993028641e-04
6.864396855235099792e-04
6.864375318400561810e-04
6.864355527795851231e-04
6.864335737191140652e-04
6.864314200356602669e-04
6.864293827675282955e-04
6.864272872917354107e-04
6.864252500236034393e-04
6.864232127554714680e-04
6.864211754873394966e-04
6.864190800115466118e-04
6.864169263280928135e-04
6.864148890599608421e-04
6.864128517918288708e-04
6.864106981083750725e-04
6.864086608402431011e-04
6.864066235721111298e-04
6.864045863039791584e-04
6.864024908281862736e-04
6.864003953523933887e-04
6.863984162919223309e-04
6.863963208161294460e-04
6.863942835479974747e-04
6.863921880722045898e-04
6.863900925964117050e-04
6.863879971206188202e-04
6.863859016448259354e-04
6.863839225843548775e-04
6.863818853162229061e-04
6.863797316327691078e-04
6.863776943646371365e-04
6.863755988888442516e-04
6.863735616207122803e-04
6.863716407679021358e-04
6.863694870844483376e-04
6.863674498163163662e-04
6.863652961328625679e-04
6.863633170723915100e-04
6.863612215965986252e-04
6.863591261208057404e-04
6.863570888526737690e-04
6.863549933768808842e-04
6.863530143164098263e-04
6.863508606329560280e-04
6.863488233648240566e-04
6.863466114737093449e-04
6.863446906208992004e-04
6.863427115604281425e-04
6.863404996693134308e-04
6.863384041935205460e-04
6.863364251330494881e-04
6.863343878649175167e-04
6.863323505967855453e-04
6.863302551209926605e-04
6.863282178528606892e-04
6.863261223770678043e-04
6.863240269012749195e-04
6.863220478408038616e-04
6.863198941573500633e-04
6.863177986815571785e-04
6.863157614134252071e-04
6.863138405606150627e-04
6.863117450848221779e-04
6.863096496090292931e-04
6.863075541332364082e-04
6.863054586574435234e-04
6.863034213893115520e-04
6.863013841211795807e-04
6.862993468530476093e-04
6.862973095849156380e-04
6.862951559014618397e-04
6.862931768409907818e-04
6.862910813651978970e-04
6.862890440970659256e-04
6.862870068289339542e-04
6.862848531454801559e-04
6.862829322926700115e-04
6.862807204015552998e-04
6.862787413410842419e-04
6.862766458652913570e-04
6.862747250124812126e-04
6.862725713290274143e-04
6.862704758532345295e-04
6.862683803774416447e-04
6.862663431093096733e-04
6.862643640488386154e-04
6.862622103653848171e-04
6.862601730972528458e-04
6.862581358291208744e-04
6.862560985609889030e-04
6.862540612928569317e-04
6.862519658170640469e-04
6.862498703412711620e-04
6.862478330731391907e-04
6.862457958050072193e-04
6.862437003292143345e-04
6.862416630610823631e-04
6.862396257929503918e-04
6.862375303171575069e-04
6.862354930490255356e-04
6.862334557808935642e-04
6.862313020974397659e-04
6.862293230369687080e-04
6.862273439764976501e-04
6.862252485007047653e-04
6.862231530249118805e-04
6.862210575491189957e-04
6.862190202809870243e-04
6.862169830128550529e-04
6.862149457447230816e-04
6.862128502689301968e-04
6.862108130007982254e-04
6.862088339403271675e-04
6.862066802568733692e-04
6.862046429887413979e-04
6.862025475129485130e-04
6.862005102448165417e-04
6.861985311843454838e-04
6.861963775008916855e-04
6.861943984404206276e-04
6.861923029646277428e-04
6.861902656964957714e-04
6.861882284283638000e-04
6.861861911602318287e-04
6.861840374767780304e-04
6.861819420009851456e-04
6.861800211481750011e-04
6.861779838800430298e-04
6.861758884042501450e-04
6.861736765131354332e-04
6.861716974526643753e-04
6.861697183921933174e-04
6.861676811240613461e-04
6.861655274406075478e-04
6.861635483801364899e-04
6.861615693196654320e-04
6.861594156362116337e-04
6.861573201604187489e-04
6.861552246846258640e-04
6.861531874164938927e-04
6.861511501483619213e-04
6.861491710878908634e-04
6.861471338197588921e-04
6.861450383439660072e-04
6.861429428681731224e-04
6.861409056000411510e-04
6.861388683319091797e-04
6.861368310637772083e-04
6.861347937956452370e-04
6.861326983198523521e-04
6.861307192593812943e-04
6.861286819912493229e-04
6.861265283077955246e-04
6.861244910396635532e-04
6.861225119791924953e-04
6.861203582957386971e-04
6.861183210276067257e-04
6.861163419671356678e-04
6.861142464913427830e-04
6.861120928078889847e-04
6.861100555397570133e-04
6.861080764792859554e-04
6.861060974188148975e-04
6.861040019430220127e-04
6.861019646748900414e-04
6.860999856144189835e-04
6.860978319309651852e-04
6.860957946628332138e-04
6.860938156023621559e-04
6.860917201265692711e-04
6.860896828584372997e-04
6.860876455903053284e-04
6.860854919068515301e-04
6.860834546387195587e-04
6.860815337859094143e-04
6.860793801024556160e-04
6.860773428343236446e-04
6.860753637738525867e-04
6.860732100903987885e-04
6.860712310299277306e-04
6.860691937617957592e-04
6.860670400783419609e-04
6.860650610178709030e-04
6.860630237497389317e-04
6.860609864816069603e-04
6.860588327981531620e-04
6.860568537376821041e-04
6.860548746772110462e-04
6.860527209937572479e-04
6.860506837256252766e-04
6.860485882498323917e-04
6.860466673970222473e-04
6.860445719212293625e-04
6.860424764454364777e-04
6.860404391773045063e-04
6.860384601168334484e-04
6.860363646410405636e-04
6.860342691652476788e-04
6.860322318971157074e-04
6.860301946289837360e-04
6.860282155685126781e-04
6.860261200927197933e-04
6.860240828245878220e-04
6.860219291411340237e-04
6.860198918730020523e-04
6.860179128125309944e-04
6.860158173367381096e-04
6.860138382762670517e-04
6.860116845928132534e-04
6.860097055323421955e-04
6.860076100565493107e-04
6.860056309960782528e-04
6.860036519356071949e-04
6.860014982521533966e-04
6.859994027763605118e-04
6.859973655082285404e-04
6.859953864477574825e-04
6.859933491796255112e-04
6.859912537038326263e-04
6.859891582280397415e-04
6.859871209599077702e-04
6.859850836917757988e-04
6.859831046313047409e-04
6.859810673631727695e-04
6.859790883027017117e-04
6.859769928269088268e-04
6.859748973511159420e-04
6.859729182906448841e-04
6.859708228148519993e-04
6.859688437543809414e-04
6.859666900709271431e-04
6.859646528027951717e-04
6.859626737423241138e-04
6.859605782665312290e-04
6.859585992060601711e-04
6.859565037302672863e-04
6.859545246697962284e-04
6.859523709863424301e-04
6.859502755105495453e-04
6.859482964500784874e-04
6.859462591819465160e-04
6.859442219138145447e-04
6.859421846456825733e-04
6.859403220005333424e-04
6.859381101094186306e-04
6.859360146336257458e-04
6.859339773654937744e-04
6.859319400973618031e-04
6.859298446215689182e-04
6.859279819764196873e-04
6.859257700853049755e-04
6.859237910248339176e-04
6.859216955490410328e-04
6.859197164885699749e-04
6.859176792204380035e-04
6.859157001599669456e-04
6.859136628918349743e-04
6.859114510007202625e-04
6.859094719402492046e-04
6.859074346721172333e-04
6.859053974039852619e-04
6.859033601358532906e-04
6.859013228677213192e-04
6.858992855995893478e-04
6.858971319161355495e-04
6.858951528556644917e-04
6.858931737951934338e-04
6.858911365270614624e-04
6.858890410512685776e-04
6.858870037831366062e-04
6.858850247226655483e-04
6.858829292468726635e-04
6.858809501864016056e-04
6.858787965029478073e-04
6.858768756501376629e-04
6.858748965896666050e-04
6.858728011138737202e-04
6.858706474304199219e-04
6.858686683699488640e-04
6.858665728941559792e-04
6.858644774183630943e-04
6.858625565655529499e-04
6.858605192974209785e-04
6.858584238216280937e-04
6.858564447611570358e-04
6.858544074930250645e-04
6.858523702248930931e-04
6.858503329567611217e-04
6.858482374809682369e-04
6.858462584204971790e-04
6.858441629447042942e-04
6.858421256765723228e-04
6.858399719931185246e-04
6.858381093479692936e-04
6.858360138721764088e-04
6.858339766040444374e-04
6.858319393359124660e-04
6.858299602754414082e-04
6.858278647996485233e-04
6.858257693238556385e-04
6.858237902633845806e-04
6.858217529952526093e-04
6.858197157271206379e-04
6.858176202513277531e-04
6.858156411908566952e-04
6.858137203380465508e-04
6.858116248622536659e-04
6.858094711787998676e-04
6.858074921183288097e-04
6.858053966425359249e-04
6.858034175820648670e-04
6.858013221062719822e-04
6.857992848381400108e-04
6.857972475700080395e-04
6.857952685095369816e-04
6.857931730337440968e-04
6.857911357656121254e-04
6.857892149128019810e-04
6.857870612293481827e-04
6.857850821688771248e-04
6.857830449007451534e-04
6.857810658402740955e-04
6.857789703644812107e-04
6.857768748886883259e-04
6.857748376205563545e-04
6.857728003524243832e-04
6.857708212919533253e-04
6.857687840238213539e-04
6.857668049633502960e-04
6.857647094875574112e-04
6.857626722194254398e-04
6.857606349512934685e-04
6.857585976831614971e-04
6.857565604150295258e-04
6.857545813545584679e-04
6.857525440864264965e-04
6.857504486106336117e-04
6.857484113425016403e-04
6.857463740743696690e-04
6.857443368062376976e-04
6.857423577457666397e-04
6.857403204776346684e-04
6.857382250018417835e-04
6.857362459413707256e-04
6.857341504655778408e-04
6.857321714051067829e-04
6.857300759293138981e-04
6.857280386611819267e-04
6.857260013930499554e-04
6.857239059172570705e-04
6.857219268567860126e-04
6.857200060039758682e-04
6.857180269435048103e-04
6.857158732600510120e-04
6.857138359919190407e-04
6.857118569314479828e-04
6.857098196633160114e-04
6.857077241875231266e-04
6.857056869193911552e-04
6.857037660665810108e-04
6.857016705907881260e-04
6.856995751149952412e-04
6.856975378468632698e-04
6.856956169940531254e-04
6.856935215182602406e-04
6.856914260424673557e-04
6.856894469819962978e-04
6.856874679215252399e-04
6.856853724457323551e-04
6.856834515929222107e-04
6.856814143247902393e-04
6.856793188489973545e-04
6.856772233732044697e-04
6.856752443127334118e-04
6.856732652522623539e-04
6.856711115688085556e-04
6.856691325083374977e-04
6.856671534478664398e-04
6.856650579720735550e-04
6.856629624962806702e-04
6.856610416434705257e-04
6.856590043753385544e-04
6.856569088995456696e-04
6.856549298390746117e-04
6.856528925709426403e-04
6.856509135104715824e-04
6.856488762423396111e-04
6.856467807665467262e-04
6.856447434984147549e-04
6.856427062302827835e-04
6.856406107544898987e-04
6.856386899016797543e-04
6.856366526335477829e-04
6.856345571577548981e-04
6.856325780972838402e-04
6.856305408291518688e-04
6.856284453533589840e-04
6.856264080852270126e-04
6.856244290247559547e-04
6.856225081719458103e-04
6.856204709038138390e-04
6.856183172203600407e-04
6.856162799522280693e-04
6.856143008917570114e-04
6.856122054159641266e-04
6.856102263554930687e-04
6.856081890873610973e-04
6.856062100268900394e-04
6.856041727587580681e-04
6.856021354906260967e-04
6.856000982224941254e-04
