3.837026015389710665e-04
3.837005642708390951e-04
3.836985561065375805e-04
3.836965188384056091e-04
3.836945106741040945e-04
3.836925025098025799e-04
3.836904943455010653e-04
3.836884861811995506e-04
3.836865362245589495e-04
3.836844989564269781e-04
3.836824616882950068e-04
3.836804826278239489e-04
3.836784744635224342e-04
3.836764954030513763e-04
3.836744872387498617e-04
3.836724208667874336e-04
3.836704709101468325e-04
3.836684336420148611e-04
3.836664545815438032e-04
3.836644755210727453e-04
3.836624091491103172e-04
3.836603718809783459e-04
3.836584219243377447e-04
3.836564137600362301e-04
3.836544055957347155e-04
3.836523974314332008e-04
3.836503310594707727e-04
3.836482937913388014e-04
3.836462856270372868e-04
3.836443356703966856e-04
3.836423275060951710e-04
3.836402902379631996e-04
3.836382820736616850e-04
3.836363030131906271e-04
3.836343239527195692e-04
3.836322866845875978e-04
3.836303076241165400e-04
3.836283285636454821e-04
3.836262912955135107e-04
3.836243122350424528e-04
3.836222749669104815e-04
3.836202668026089668e-04
3.836182877421379089e-04
3.836162795778363943e-04
3.836142423097044230e-04
3.836122923530638218e-04
3.836102550849318504e-04
3.836082469206303358e-04
3.836062096524983644e-04
3.836042305920273066e-04
3.836022515315562487e-04
3.836002433672547340e-04
3.835981769952923059e-04
3.835962270386517048e-04
3.835942188743501902e-04
3.835922107100486755e-04
3.835902316495776176e-04
3.835882234852761030e-04
3.835862444248050451e-04
3.835842071566730738e-04
3.835821989923715591e-04
3.835802199319005013e-04
3.835781535599380732e-04
3.835761744994670153e-04
3.835742245428264141e-04
3.835721872746944427e-04
3.835701791103929281e-04
3.835681709460914135e-04
3.835662500932812691e-04
3.835641837213188410e-04
3.835621755570173264e-04
3.835601673927158117e-04
3.835581883322447538e-04
3.835561801679432392e-04
3.835541720036417246e-04
3.835521347355097532e-04
3.835501847788691521e-04
3.835481475107371807e-04
3.835461684502661228e-04
3.835441311821341515e-04
3.835421230178326368e-04
3.835401439573615789e-04
3.835381648968905210e-04
3.835361858364194632e-04
3.835341485682874918e-04
3.835320821963250637e-04
3.835301322396844625e-04
3.835281240753829479e-04
3.835261450149118900e-04
3.835241659544408321e-04
3.835221286863088608e-04
3.835201205220073462e-04
3.835181705653667450e-04
3.835161624010652304e-04
3.835141542367637157e-04
3.835121751762926579e-04
3.835101379081606865e-04
3.835081006400287151e-04
3.835061506833881140e-04
3.835041425190865993e-04
3.835021634586155415e-04
3.835001552943140268e-04
3.834981471300125122e-04
3.834961389657109976e-04
3.834942472167313099e-04
3.834921808447688818e-04
3.834901726804673672e-04
3.834881645161658525e-04
3.834862145595252514e-04
3.834841772913932800e-04
3.834821982309222221e-04
3.834801609627902508e-04
3.834782692138105631e-04
3.834762028418481350e-04
3.834741946775466204e-04
3.834721574094146490e-04
3.834701492451131344e-04
3.834681992884725332e-04
3.834661911241710186e-04
3.834641829598695040e-04
3.834622038993984461e-04
3.834601957350969315e-04
3.834582457784563303e-04
3.834562376141548157e-04
3.834541712421923876e-04
3.834521630778908730e-04
3.834502131212502718e-04
3.834482049569487572e-04
3.834462258964776993e-04
3.834442468360066414e-04
3.834422095678746700e-04
3.834402596112340689e-04
3.834382514469325542e-04
3.834362723864614964e-04
3.834342933259904385e-04
3.834322560578584671e-04
3.834303352050483227e-04
3.834282397292554379e-04
3.834263188764452934e-04
3.834242816083133221e-04
3.834222734440118074e-04
3.834202652797102928e-04
3.834182571154087782e-04
3.834163071587681770e-04
3.834143280982971191e-04
3.834122908301651478e-04
3.834103117696940899e-04
3.834082745015621185e-04
3.834063245449215174e-04
3.834043454844504595e-04
3.834023373201489449e-04
3.834003582596778870e-04
3.833983209915459156e-04
3.833963710349053144e-04
3.833943919744342566e-04
3.833923838101327419e-04
3.833903465420007706e-04
3.833883965853601694e-04
3.833863593172281981e-04
3.833843802567571402e-04
3.833824303001165390e-04
3.833804512396454811e-04
3.833784139715135098e-04
3.833763475995510817e-04
3.833743976429104805e-04
3.833724476862698793e-04
3.833704686257988214e-04
3.833684604614973068e-04
3.833664522971957922e-04
3.833644732367247343e-04
3.833624650724232197e-04
3.833604860119521618e-04
3.833585360553115606e-04
3.833565278910100460e-04
3.833544615190476179e-04
3.833524824585765600e-04
3.833505033981055021e-04
3.833485534414649010e-04
3.833465452771633863e-04
3.833445662166923285e-04
3.833425580523908138e-04
3.833406080957502127e-04
3.833385999314486980e-04
3.833365626633167267e-04
3.833346418105065823e-04
3.833326045423746109e-04
3.833306254819035530e-04
3.833286464214324951e-04
3.833266673609614372e-04
3.833246300928294659e-04
3.833227092400193214e-04
3.833206719718873501e-04
3.833186929114162922e-04
3.833167138509452343e-04
3.833147056866437197e-04
3.833127557300031185e-04
3.833107184618711472e-04
3.833087394014000893e-04
3.833067312370985746e-04
3.833047521766275167e-04
3.833027731161564589e-04
3.833007940556854010e-04
3.832987858913838863e-04
3.832967195194214582e-04
3.832947695627808571e-04
3.832928196061402559e-04
3.832908114418387413e-04
3.832888323813676834e-04
3.832868533208966255e-04
3.832848451565951109e-04
3.832828951999545097e-04
3.832808870356529951e-04
3.832789079751819372e-04
3.832768998108804226e-04
3.832748916465789080e-04
3.832729416899383068e-04
3.832709335256367922e-04
3.832690126728266478e-04
3.832670045085251331e-04
3.832650254480540752e-04
3.832629881799221039e-04
3.832610673271119595e-04
3.832590591628104448e-04
3.832570218946784735e-04
3.832550428342074156e-04
3.832530637737363577e-04
3.832510847132652998e-04
3.832491056527942419e-04
3.832471265923231840e-04
3.832451475318521261e-04
3.832431102637201548e-04
3.832411603070795536e-04
3.832391230389475822e-04
3.832371730823069811e-04
3.832351649180054665e-04
3.832331567537039518e-04
3.832311485894024372e-04
3.832291986327618361e-04
3.832272195722907782e-04
3.832252987194806337e-04
3.832232905551791191e-04
3.832213114947080612e-04
3.832193033304065466e-04
3.832173242699354887e-04
3.832153743132948875e-04
3.832133661489933729e-04
3.832113579846918583e-04
3.832093789242208004e-04
3.832073707599192858e-04
3.832054499071091413e-04
3.832034126389771700e-04
3.832014626823365688e-04
3.831994836218655109e-04
3.831975045613944530e-04
3.831954672932624817e-04
3.831934882327914238e-04
3.831915382761508226e-04
3.831895301118493080e-04
3.831875219475477934e-04
3.831856010947376490e-04
3.831835638266056776e-04
3.831816138699650764e-04
3.831796057056635618e-04
3.831776557490229607e-04
3.831756475847214460e-04
3.831736685242503881e-04
3.831716894637793303e-04
3.831697104033082724e-04
3.831677313428372145e-04
3.831657522823661566e-04
3.831637732218950987e-04
3.831617650575935841e-04
3.831598151009529829e-04
3.831578360404819250e-04
3.831557696685194969e-04
3.831538779195398092e-04
3.831518115475773811e-04
3.831498615909367800e-04
3.831479116342961788e-04
3.831458452623337507e-04
3.831439535133540630e-04
3.831419453490525484e-04
3.831399953924119473e-04
3.831379872281104326e-04
3.831360372714698315e-04
3.831340291071683168e-04
3.831320209428668022e-04
3.831300709862262011e-04
3.831280628219246864e-04
3.831260546576231718e-04
3.831241047009825706e-04
3.831221547443419695e-04
3.831201465800404549e-04
3.831181384157389402e-04
3.831162175629287958e-04
3.831142385024577379e-04
3.831122885458171368e-04
3.831102803815156221e-04
3.831082722172141075e-04
3.831063222605735064e-04
3.831043140962719917e-04
3.831023350358009338e-04
3.831003559753298759e-04
3.830984060186892748e-04
3.830963978543877602e-04
3.830944187939167023e-04
3.830924397334456444e-04
3.830904897768050432e-04
3.830884816125035286e-04
3.830865025520324707e-04
3.830845234915614128e-04
3.830825444310903549e-04
3.830805944744497538e-04
3.830785863101482391e-04
3.830766072496771812e-04
3.830746281892061234e-04
3.830726782325655222e-04
3.830706700682640076e-04
3.830686910077929497e-04
3.830667410511523485e-04
3.830647037830203772e-04
3.830627538263797760e-04
3.830607456620782614e-04
3.830587957054376602e-04
3.830568457487970591e-04
3.830548666883260012e-04
3.830528294201940298e-04
3.830509085673838854e-04
3.830489295069128275e-04
3.830469504464417696e-04
3.830449422821402550e-04
3.830429923254996538e-04
3.830410132650285959e-04
3.830390342045575380e-04
3.830370551440864801e-04
3.830350469797849655e-04
3.830331261269748211e-04
3.830310888588428497e-04
3.830291389022022486e-04
3.830271598417311907e-04
3.830251807812601328e-04
3.830231726169586182e-04
3.830212226603180170e-04
3.830192435998469591e-04
3.830172936432063580e-04
3.830153436865657568e-04
3.830133355222642422e-04
3.830113273579627275e-04
3.830093482974916697e-04
3.830074274446815252e-04
3.830054192803800106e-04
3.830034693237394094e-04
3.830015193670988083e-04
3.829994820989668369e-04
3.829975612461566925e-04
3.829955530818551779e-04
3.829936031252145767e-04
3.829915949609130621e-04
3.829895867966115475e-04
3.829876368399709463e-04
3.829856868833303452e-04
3.829836787190288305e-04
3.829817287623882294e-04
3.829798079095780849e-04
3.829777706414461136e-04
3.829757915809750557e-04
3.829738125205039978e-04
3.829718334600329399e-04
3.829699126072227955e-04
3.829679044429212809e-04
3.829659544862806797e-04
3.829640045296400785e-04
3.829620254691690207e-04
3.829600173048675060e-04
3.829580673482269049e-04
3.829560882877558470e-04
3.829540801234543324e-04
3.829521301668137312e-04
3.829501511063426733e-04
3.829481720458716154e-04
3.829462220892310143e-04
3.829442139249294996e-04
3.829422348644584417e-04
3.829402849078178406e-04
3.829382476396858692e-04
3.829363267868757248e-04
3.829343768302351236e-04
3.829323686659336090e-04
3.829304478131234646e-04
3.829283814411610365e-04
3.829264605883508921e-04
3.829245106317102909e-04
3.829225315712392330e-04
3.829205816145986319e-04
3.829186316579580307e-04
3.829166525974869728e-04
3.829146444331854582e-04
3.829126944765448570e-04
3.829107154160737991e-04
3.829087363556027412e-04
3.829067572951316833e-04
3.829048073384910822e-04
3.829027991741895676e-04
3.829008492175489664e-04
3.828988992609083652e-04
3.828969202004373074e-04
3.828949411399662495e-04
3.828929329756647348e-04
3.828909539151936769e-04
3.828890039585530758e-04
3.828870248980820179e-04
3.828850749414414167e-04
3.828831249848008156e-04
3.828811750281602144e-04
3.828791668638586998e-04
3.828772169072180986e-04
3.828752378467470407e-04
3.828732587862759829e-04
3.828712797258049250e-04
3.828693006653338671e-04
3.828673507086932659e-04
3.828653716482222080e-04
3.828634216915816069e-04
3.828614135272800922e-04
3.828594926744699478e-04
3.828575718216598034e-04
3.828555054496973753e-04
3.828536137007176876e-04
3.828516346402466297e-04
3.828496555797755718e-04
3.828476765193045139e-04
3.828457556664943695e-04
3.828437183983623981e-04
3.828417684417217970e-04
3.828397893812507391e-04
3.828378685284405947e-04
3.828358603641390800e-04
3.828339104074984789e-04
3.828319604508578777e-04
3.828299522865563631e-04
3.828280023299157619e-04
3.828260232694447041e-04
3.828240733128041029e-04
3.828220942523330450e-04
3.828201151918619871e-04
3.828181361313909292e-04
3.828161861747503281e-04
3.828142071142792702e-04
3.828122280538082123e-04
3.828103072009980679e-04
3.828082990366965532e-04
3.828064072877168655e-04
3.828044282272458076e-04
3.828024491667747498e-04
3.828004701063036919e-04
3.827985201496630907e-04
3.827965119853615761e-04
3.827945329248905182e-04
3.827925829682499170e-04
3.827906621154397726e-04
3.827886830549687147e-04
3.827867039944976568e-04
3.827847540378570557e-04
3.827827749773859978e-04
3.827808541245758533e-04
3.827788459602743387e-04
3.827769251074641943e-04
3.827749169431626797e-04
3.827729669865220785e-04
3.827709879260510206e-04
3.827690670732408762e-04
3.827671171166002750e-04
3.827651089522987604e-04
3.827631589956581593e-04
3.827611508313566446e-04
3.827592008747160435e-04
3.827572218142449856e-04
3.827553009614348412e-04
3.827533219009637833e-04
3.827513428404927254e-04
3.827493928838521242e-04
3.827474720310419798e-04
3.827454638667404652e-04
3.827434557024389505e-04
3.827415348496288061e-04
3.827395848929882050e-04
3.827376349363476038e-04
3.827356849797070026e-04
3.827336768154054880e-04
3.827317268587648869e-04
3.827297769021242857e-04
3.827278269454836845e-04
3.827258478850126266e-04
3.827238979283720255e-04
3.827218897640705109e-04
3.827199980150908232e-04
3.827179898507893085e-04
3.827159816864877939e-04
3.827140899375081062e-04
3.827121399808675051e-04
