3.861158911604434252e-04
3.861137665808200836e-04
3.861116711050271988e-04
3.861096047330647707e-04
3.861073928419500589e-04
3.861052682623267174e-04
3.861032600980252028e-04
3.861010482069104910e-04
3.860988945234566927e-04
3.860967990476638079e-04
3.860947035718709230e-04
3.860925789922475815e-04
3.860904253087937832e-04
3.860883589368313551e-04
3.860862343572080135e-04
3.860840806737542152e-04
3.860819851979613304e-04
3.860798897221684456e-04
3.860777651425451040e-04
3.860755823552608490e-04
3.860734868794679642e-04
3.860713622998446226e-04
3.860693250317126513e-04
3.860671422444283962e-04
3.860650176648050547e-04
3.860628639813512564e-04
3.860607685055583715e-04
3.860585857182741165e-04
3.860565775539726019e-04
3.860543656628578901e-04
3.860522992908954620e-04
3.860501747112721205e-04
3.860479919239878654e-04
3.860458964481949806e-04
3.860438009724020958e-04
3.860416763927787542e-04
3.860395809169858694e-04
3.860373981297016144e-04
3.860353317577391863e-04
3.860332362819463015e-04
3.860311408061534166e-04
3.860290162265300751e-04
3.860268334392458200e-04
3.860247961711138487e-04
3.860227006953209639e-04
3.860204597003757954e-04
3.860184224322438240e-04
3.860162978526204824e-04
3.860141441691666842e-04
3.860121069010347128e-04
3.860099532175809145e-04
3.860078286379575729e-04
3.860056749545037746e-04
3.860035794787108898e-04
3.860014548990875483e-04
3.859993303194642067e-04
3.859972348436713219e-04
3.859951975755393505e-04
3.859929856844246387e-04
3.859908902086317539e-04
3.859887947328388691e-04
3.859866410493850708e-04
3.859845455735921860e-04
3.859824500977993011e-04
3.859802964143455029e-04
3.859781718347221613e-04
3.859760181512683630e-04
3.859739517793059349e-04
3.859718271996825933e-04
3.859697026200592518e-04
3.859675489366054535e-04
3.859654534608125687e-04
3.859632706735283136e-04
3.859612625092267990e-04
3.859591961372643709e-04
3.859569842461496592e-04
3.859548596665263176e-04
3.859527932945638895e-04
3.859506978187710047e-04
3.859485150314867496e-04
3.859464486595243216e-04
3.859443240799009800e-04
3.859421995002776384e-04
3.859401040244847536e-04
3.859380085486918688e-04
3.859358839690685272e-04
3.859337884932756424e-04
3.859315766021609306e-04
3.859294811263680458e-04
3.859274438582360744e-04
3.859252901747822762e-04
3.859231364913284779e-04
3.859210410155355930e-04
3.859189164359122515e-04
3.859168791677802801e-04
3.859146963804960251e-04
3.859126009047031403e-04
3.859105054289102554e-04
3.859084390569478273e-04
3.859062853734940290e-04
3.859041316900402308e-04
3.859020653180778027e-04
3.858999407384544611e-04
3.858978452626615763e-04
3.858957206830382347e-04
3.858935961034148932e-04
3.858914424199610949e-04
3.858893760479986668e-04
3.858872514683753252e-04
3.858851559925824404e-04
3.858829732052981853e-04
3.858809359371662140e-04
3.858788113575428724e-04
3.858766576740890741e-04
3.858745621982961893e-04
3.858724376186728477e-04
3.858703421428799629e-04
3.858682757709175348e-04
3.858661511912941933e-04
3.858640557155013084e-04
3.858618729282170534e-04
3.858598065562546253e-04
3.858576819766312838e-04
3.858556156046688557e-04
3.858534037135541439e-04
3.858513664454221725e-04
3.858491836581379175e-04
3.858470881823450327e-04
3.858450218103826046e-04
3.858428972307592630e-04
3.858408017549663782e-04
3.858386480715125799e-04
3.858365816995501518e-04
3.858344571199268103e-04
3.858323325403034687e-04
3.858302952721714973e-04
3.858281706925481558e-04
3.858260170090943575e-04
3.858239506371319294e-04
3.858217969536781311e-04
3.858197305817157030e-04
3.858176351059228182e-04
3.858154523186385632e-04
3.858134150505065918e-04
3.858112904708832502e-04
3.858091367874294519e-04
3.858069540001451969e-04
3.858048876281827688e-04
3.858027921523898840e-04
3.858007548842579126e-04
3.857986594084650278e-04
3.857965057250112295e-04
3.857943520415574312e-04
3.857922856695950031e-04
3.857901610899716616e-04
3.857880365103483200e-04
3.857859701383858919e-04
3.857838746625930071e-04
3.857817500829696655e-04
3.857796546071767807e-04
3.857775591313838959e-04
3.857753763440996408e-04
3.857732226606458426e-04
3.857712144963443279e-04
3.857690899167209864e-04
3.857669653370976448e-04
3.857647825498133898e-04
3.857627161778509617e-04
3.857606207020580769e-04
3.857585543300956488e-04
3.857564006466418505e-04
3.857543342746794224e-04
3.857521805912256241e-04
3.857500560116022825e-04
3.857479605358093977e-04
3.857458650600165129e-04
3.857437695842236280e-04
3.857417323160916567e-04
3.857395495288074017e-04
3.857374540530145168e-04
3.857353294733911753e-04
3.857332339975982904e-04
3.857311385218054056e-04
3.857290139421820641e-04
3.857269184663891792e-04
3.857248229905962944e-04
3.857226693071424961e-04
3.857205447275191545e-04
3.857184783555567265e-04
3.857164119835942984e-04
3.857142874039709568e-04
3.857122210320085287e-04
3.857100964523851871e-04
3.857079718727618456e-04
3.857058181893080473e-04
3.857037518173456192e-04
3.857016272377222776e-04
3.856995608657598495e-04
3.856974071823060513e-04
3.856952534988522530e-04
3.856932162307202816e-04
3.856910916510969400e-04
3.856890252791345119e-04
3.856868424918502569e-04
3.856847761198878288e-04
3.856826806440949440e-04
3.856805560644716024e-04
3.856784896925091743e-04
3.856763651128858328e-04
3.856742405332624912e-04
3.856721450574696064e-04
3.856699913740158081e-04
3.856678958982229233e-04
3.856658586300909519e-04
3.856637340504676104e-04
3.856616385746747255e-04
3.856595139950513840e-04
3.856573894154280424e-04
3.856552939396351576e-04
3.856532275676727295e-04
3.856510447803884745e-04
3.856489784084260464e-04
3.856468829326331615e-04
3.856447583530098200e-04
3.856426628772169352e-04
3.856405965052545071e-04
3.856384719256311655e-04
3.856363182421773672e-04
3.856341936625540257e-04
3.856321854982525110e-04
3.856301191262900829e-04
3.856279654428362846e-04
3.856258699670433998e-04
3.856237744912505150e-04
3.856216790154576302e-04
3.856195253320038319e-04
3.856174589600414038e-04
3.856152761727571487e-04
3.856131806969642639e-04
3.856110270135104656e-04
3.856090188492089510e-04
3.856069233734160662e-04
3.856047987937927246e-04
3.856027033179998398e-04
3.856005787383764982e-04
3.855984832625836134e-04
3.855964168906211853e-04
3.855942923109978437e-04
3.855921677313745022e-04
3.855900431517511606e-04
3.855879767797887325e-04
3.855858230963349342e-04
3.855837567243725061e-04
3.855816321447491646e-04
3.855795657727867365e-04
3.855774994008243084e-04
3.855754039250314236e-04
3.855733084492385387e-04
3.855711547657847404e-04
3.855690883938223124e-04
3.855669929180294275e-04
3.855648392345756292e-04
3.855627437587827444e-04
3.855606191791594028e-04
3.855585819110274315e-04
3.855564864352345467e-04
3.855544491671025753e-04
3.855522954836487770e-04
3.855502000078558922e-04
3.855480463244020939e-04
3.855459217447787523e-04
3.855438844766467810e-04
3.855417890008538961e-04
3.855396644212305546e-04
3.855375398416072130e-04
3.855354443658143282e-04
3.855334070976823568e-04
3.855313116218894720e-04
3.855291288346052170e-04
3.855270042549818754e-04
3.855249087791889906e-04
3.855228424072265625e-04
3.855207760352641344e-04
3.855186514556407928e-04
3.855165268760174513e-04
3.855144605040550232e-04
3.855123650282621384e-04
3.855102113448083401e-04
3.855081449728459120e-04
3.855059621855616570e-04
3.855039249174296856e-04
3.855018003378063440e-04
3.854997339658439159e-04
3.854976384900510311e-04
3.854955721180886030e-04
3.854934475384652615e-04
3.854913520626723766e-04
3.854892856907099485e-04
3.854871611110866070e-04
3.854850656352937222e-04
3.854829992633312941e-04
3.854807873722165823e-04
3.854787210002541542e-04
3.854766546282917261e-04
3.854745300486683846e-04
3.854724054690450430e-04
3.854703682009130716e-04
3.854683018289506435e-04
3.854662063531577587e-04
3.854640526697039604e-04
3.854619862977415323e-04
3.854598326142877340e-04
3.854577662423253059e-04
3.854556707665324211e-04
3.854536043945699930e-04
3.854514216072857380e-04
3.854493843391537666e-04
3.854472888633608818e-04
3.854452224913984537e-04
3.854431270156055689e-04
3.854410315398126841e-04
3.854389360640197992e-04
3.854368114843964577e-04
3.854347451124340296e-04
3.854326787404716015e-04
3.854305832646787167e-04
3.854284004773944616e-04
3.854263341054320335e-04
3.854242386296391487e-04
3.854221722576767206e-04
3.854199894703924656e-04
3.854178939945995808e-04
3.854158567264676094e-04
3.854137903545051813e-04
3.854116657748818398e-04
3.854095411952584982e-04
3.854074166156351566e-04
3.854053211398422718e-04
3.854033129755407572e-04
3.854012174997478724e-04
3.853990638162940741e-04
3.853969683405011892e-04
3.853949019685387611e-04
3.853928064927458763e-04
3.853907401207834482e-04
3.853886446449905634e-04
3.853865491691976786e-04
3.853844245895743370e-04
3.853823000099509954e-04
3.853801754303276539e-04
3.853781090583652258e-04
3.853760135825723410e-04
3.853739472106099129e-04
3.853717935271561146e-04
3.853697853628546000e-04
3.853676025755703449e-04
3.853655362036079168e-04
3.853634116239845753e-04
3.853613743558526039e-04
3.853592497762292624e-04
3.853572125080972910e-04
3.853551752399653196e-04
3.853529924526810646e-04
3.853509551845490932e-04
3.853487432934343815e-04
3.853467351291328669e-04
3.853446105495095253e-04
3.853425441775470972e-04
3.853404778055846691e-04
3.853383241221308708e-04
3.853362577501684427e-04
3.853341622743755579e-04
3.853319794870913029e-04
3.853299422189593315e-04
3.853278758469969034e-04
3.853257512673735619e-04
3.853236848954111338e-04
3.853215312119573355e-04
3.853195230476558208e-04
3.853174275718629360e-04
3.853153320960700512e-04
3.853132366202771664e-04
3.853111120406538248e-04
3.853090165648609400e-04
3.853069792967289686e-04
3.853048256132751703e-04
3.853027301374822855e-04
3.853006055578589439e-04
3.852985973935574293e-04
3.852965019177645445e-04
3.852943191304802895e-04
3.852922236546874046e-04
3.852901572827249765e-04
3.852880618069320917e-04
3.852859954349696636e-04
3.852838999591767788e-04
3.852818335872143507e-04
3.852797090075910091e-04
3.852776135317981243e-04
3.852755180560052395e-04
3.852734516840428114e-04
3.852713271044194698e-04
3.852693189401179552e-04
3.852671943604946136e-04
3.852651279885321856e-04
3.852630034089088440e-04
3.852608788292855024e-04
3.852588706649839878e-04
3.852567751891911030e-04
3.852546506095677614e-04
3.852525260299444199e-04
3.852504596579819918e-04
3.852483059745281935e-04
3.852462396025657654e-04
3.852441732306033373e-04
3.852421068586409092e-04
3.852400404866784811e-04
3.852378868032246828e-04
3.852357622236013412e-04
3.852336667478084564e-04
3.852316003758460283e-04
3.852295340038836002e-04
3.852274094242602587e-04
3.852253721561282873e-04
3.852233057841658592e-04
3.852211812045425177e-04
3.852190275210887194e-04
3.852169611491262913e-04
3.852148656733334064e-04
3.852127993013709784e-04
3.852107620332390070e-04
3.852085792459547520e-04
3.852065710816532373e-04
3.852044465020298958e-04
3.852023219224065542e-04
3.852003137581050396e-04
3.851982473861426115e-04
3.851960354950278997e-04
3.851939691230654716e-04
3.851919318549335003e-04
3.851898363791406155e-04
3.851877117995172739e-04
3.851856163237243891e-04
3.851836081594228745e-04
3.851815126836299896e-04
3.851793881040066481e-04
3.851773217320442200e-04
3.851752262562513351e-04
3.851731016766279936e-04
3.851710935123264790e-04
3.851689689327031374e-04
3.851669025607407093e-04
3.851648070849478245e-04
3.851626825053244829e-04
3.851606161333620548e-04
3.851584915537387133e-04
3.851564542856067419e-04
3.851543588098138571e-04
3.851523215416818857e-04
3.851501387543976307e-04
3.851480723824352026e-04
3.851459478028118610e-04
3.851438523270189762e-04
3.851418150588870049e-04
3.851396904792636633e-04
3.851376241073012352e-04
3.851355286315083504e-04
3.851334622595459223e-04
3.851313958875834942e-04
3.851293295156210661e-04
3.851271758321672678e-04
3.851251676678657532e-04
3.851230721920728683e-04
3.851209767162799835e-04
3.851189103443175554e-04
3.851167566608637571e-04
3.851147193927317858e-04
3.851125948131084442e-04
3.851105284411460161e-04
3.851084038615226746e-04
3.851063374895602465e-04
3.851042129099369049e-04
3.851021756418049335e-04
3.851001092698425055e-04
3.850979846902191639e-04
3.850959183182567358e-04
3.850938519462943077e-04
3.850917564705014229e-04
3.850896900985389948e-04
3.850875946227461100e-04
3.850854991469532251e-04
3.850834327749907970e-04
3.850813664030283689e-04
3.850792127195745707e-04
3.850771463476121426e-04
3.850750799756497145e-04
3.850729844998568296e-04
3.850708890240639448e-04
3.850687935482710600e-04
3.850667271763086319e-04
