3.813347429968416691e-04
3.813328221440315247e-04
3.813308139797300100e-04
3.813288640230894089e-04
3.813268849626183510e-04
3.813249350059777498e-04
3.813229850493371487e-04
3.813210059888660908e-04
3.813190851360559464e-04
3.813171060755848885e-04
3.813151270151138306e-04
3.813131479546427727e-04
3.813112562056630850e-04
3.813093062490224838e-04
3.813072980847209692e-04
3.813053772319108248e-04
3.813033690676093102e-04
3.813014482147991657e-04
3.812995273619890213e-04
3.812975483015179634e-04
3.812955401372164488e-04
3.812936192844063044e-04
3.812916693277657032e-04
3.812897484749555588e-04
3.812877112068235874e-04
3.812857903540134430e-04
3.812838695012032986e-04
3.812818613369017839e-04
3.812799113802611828e-04
3.812779905274510384e-04
3.812760696746408939e-04
3.812740906141698360e-04
3.812720824498683214e-04
3.812701615970581770e-04
3.812681534327566624e-04
3.812662325799465179e-04
3.812643408309668303e-04
3.812623035628348589e-04
3.812603827100247145e-04
3.812584036495536566e-04
3.812564245890825987e-04
3.812545037362724543e-04
3.812525828834623098e-04
3.812505747191607952e-04
3.812486247625201941e-04
3.812466748058795929e-04
3.812447248492389917e-04
3.812427748925983906e-04
3.812408249359577894e-04
3.812388749793171883e-04
3.812368959188461304e-04
3.812349459622055292e-04
3.812330542132258415e-04
3.812311042565852404e-04
3.812291251961141825e-04
3.812271752394735813e-04
3.812251670751720667e-04
3.812232753261923790e-04
3.812212962657213211e-04
3.812193754129111767e-04
3.812173672486096621e-04
3.812154172919690609e-04
3.812134382314980030e-04
3.812115464825183153e-04
3.812096256297081709e-04
3.812076174654066563e-04
3.812056675087660551e-04
3.812036884482949972e-04
3.812017384916543961e-04
3.811997594311833382e-04
3.811978676822036505e-04
3.811958886217325926e-04
3.811939677689224482e-04
3.811919887084513903e-04
3.811900387518107891e-04
3.811880887951701880e-04
3.811861388385295868e-04
3.811841597780585289e-04
3.811822680290788412e-04
3.811802598647773266e-04
3.811783390119671822e-04
3.811763890553265810e-04
3.811744099948555231e-04
3.811725182458758354e-04
3.811705391854047775e-04
3.811685601249337196e-04
3.811666101682931185e-04
3.811646602116525173e-04
3.811627393588423729e-04
3.811608185060322285e-04
3.811588394455611706e-04
3.811569476965814829e-04
3.811549104284495115e-04
3.811529895756393671e-04
3.811510687228292227e-04
3.811490896623581648e-04
3.811471106018871069e-04
3.811451606452465057e-04
3.811432397924363613e-04
3.811412316281348467e-04
3.811393107753247023e-04
3.811373608186841011e-04
3.811354108620434999e-04
3.811334318015724421e-04
3.811315400525927544e-04
3.811295609921216965e-04
3.811276401393115520e-04
3.811257483903318644e-04
3.811237402260303497e-04
3.811217902693897486e-04
3.811198403127491474e-04
3.811178903561085463e-04
3.811159695032984018e-04
3.811139904428273439e-04
3.811120404861867428e-04
3.811100905295461416e-04
3.811081405729055405e-04
3.811062197200953960e-04
3.811042406596243382e-04
3.811023780144751072e-04
3.811003407463431358e-04
3.810984198935329914e-04
3.810964990407228470e-04
3.810945199802517891e-04
3.810925700236111879e-04
3.810906200669705868e-04
3.810886992141604424e-04
3.810867492575198412e-04
3.810847701970487833e-04
3.810828493442386389e-04
3.810808993875980377e-04
3.810790076386183500e-04
3.810770285781472921e-04
3.810750495176762342e-04
3.810731286648660898e-04
3.810711496043950319e-04
3.810692578554153442e-04
3.810672787949442863e-04
3.810653579421341419e-04
3.810633788816630840e-04
3.810614580288529396e-04
3.810595080722123384e-04
3.810575872194021940e-04
3.810556372627615929e-04
3.810536582022905350e-04
3.810517664533108473e-04
3.810498164966702461e-04
3.810478374361991882e-04
3.810458874795585871e-04
3.810439375229179859e-04
3.810420166701078415e-04
3.810400376096367836e-04
3.810380876529961824e-04
3.810361376963555813e-04
3.810342459473758936e-04
3.810322668869048357e-04
3.810302878264337778e-04
3.810283960774540901e-04
3.810264461208134890e-04
3.810245834756642580e-04
3.810225462075322866e-04
3.810205962508916855e-04
3.810186753980815411e-04
3.810167545452713966e-04
3.810148045886307955e-04
3.810128546319901943e-04
3.810109046753495932e-04
3.810089547187089920e-04
3.810070629697293043e-04
3.810050839092582464e-04
3.810031048487871885e-04
3.810012130998075008e-04
3.809992631431668997e-04
3.809973131865262985e-04
3.809953341260552406e-04
3.809934423770755529e-04
3.809914924204349518e-04
3.809895424637943506e-04
3.809875925071537495e-04
3.809856425505131483e-04
3.809837216977030039e-04
3.809817717410624027e-04
3.809797926805913448e-04
3.809779009316116571e-04
3.809759509749710560e-04
3.809739719144999981e-04
3.809720510616898537e-04
3.809701302088797092e-04
3.809681511484086514e-04
3.809662011917680502e-04
3.809643385466188192e-04
3.809623303823173046e-04
3.809603804256767035e-04
3.809584304690361023e-04
3.809565096162259579e-04
3.809546178672462702e-04
3.809526097029447556e-04
3.809507179539650679e-04
3.809487097896635532e-04
3.809468180406838655e-04
3.809448389802128077e-04
3.809429763350635767e-04
3.809410263784229755e-04
3.809391637332737446e-04
3.809371555689722300e-04
3.809352056123316288e-04
3.809332556556910276e-04
3.809312765952199697e-04
3.809293557424098253e-04
3.809274639934301376e-04
3.809255140367895365e-04
3.809235349763184786e-04
3.809216141235083342e-04
3.809196350630372763e-04
3.809177724178880453e-04
3.809158224612474442e-04
3.809138434007763863e-04
3.809119225479662418e-04
3.809100016951560974e-04
3.809081099461764097e-04
3.809061890933662653e-04
3.809042100328952074e-04
3.809022309724241495e-04
3.809002519119530916e-04
3.808983019553124905e-04
3.808964102063328028e-04
3.808945184573531151e-04
3.808925976045429707e-04
3.808906185440719128e-04
3.808886976912617683e-04
3.808867186307907104e-04
3.808847686741501093e-04
3.808828769251704216e-04
3.808808978646993637e-04
3.808789479080587626e-04
3.808770270552486181e-04
3.808751353062689304e-04
3.808732144534587860e-04
3.808712936006486416e-04
3.808693145401775837e-04
3.808673645835369825e-04
3.808654437307268381e-04
3.808635228779166937e-04
3.808616020251065493e-04
3.808596229646354914e-04
3.808577312156558037e-04
3.808557230513542891e-04
3.808538313023746014e-04
3.808519395533949137e-04
3.808499604929238558e-04
3.808480396401137114e-04
3.808461478911340237e-04
3.808441688306629658e-04
3.808422188740223646e-04
3.808402980212122202e-04
3.808383480645716190e-04
3.808364272117614746e-04
3.808344481512904167e-04
3.808325564023107290e-04
3.808306355495005846e-04
3.808286564890295267e-04
3.808267356362193823e-04
3.808248147834092379e-04
3.808228939305990934e-04
3.808209148701280355e-04
3.808190231211483479e-04
3.808171313721686602e-04
3.808150941040366888e-04
3.808132314588874578e-04
3.808113106060773134e-04
3.808093897532671690e-04
3.808073815889656544e-04
3.808054607361555099e-04
3.808035398833453655e-04
3.808016190305352211e-04
3.807996399700641632e-04
3.807977773249149323e-04
3.807957982644438744e-04
3.807938483078032732e-04
3.807919565588235855e-04
3.807900357060134411e-04
3.807880857493728399e-04
3.807861357927322388e-04
3.807842149399220943e-04
3.807822940871119499e-04
3.807803732343018055e-04
3.807784232776612043e-04
3.807765024248510599e-04
3.807745233643800020e-04
3.807726025115698576e-04
3.807706816587597132e-04
3.807687899097800255e-04
3.807668399531394243e-04
3.807648899964988232e-04
3.807629982475191355e-04
3.807610191870480776e-04
3.807591274380683899e-04
3.807571774814277887e-04
3.807552566286176443e-04
3.807533357758074999e-04
3.807514149229973555e-04
3.807495231740176678e-04
3.807475150097161531e-04
3.807455650530755520e-04
3.807436442002654076e-04
3.807417524512857199e-04
3.807398315984755754e-04
3.807378234341740608e-04
3.807359316851943731e-04
3.807340399362146854e-04
3.807321190834045410e-04
3.807301691267639399e-04
3.807282482739537954e-04
3.807263274211436510e-04
3.807243192568421364e-04
3.807223984040319920e-04
3.807205357588827610e-04
3.807185858022421598e-04
3.807166358456015587e-04
3.807147440966218710e-04
3.807127650361508131e-04
3.807109023910015821e-04
3.807089524343609810e-04
3.807070024777203798e-04
3.807050525210797787e-04
3.807031607721000910e-04
3.807012399192899466e-04
3.806992899626493454e-04
3.806973982136696577e-04
3.806954482570290565e-04
3.806934983003884554e-04
3.806916356552392244e-04
3.806896565947681665e-04
3.806877066381275654e-04
3.806858439929783344e-04
3.806838940363377333e-04
3.806819731835275888e-04
3.806800232268869877e-04
3.806781023740768433e-04
3.806761815212666988e-04
3.806742606684565544e-04
3.806723398156464100e-04
3.806703898590058088e-04
3.806684981100261211e-04
3.806665772572159767e-04
3.806645981967449188e-04
3.806626773439347744e-04
3.806607855949550867e-04
3.806588647421449423e-04
3.806568565778434277e-04
3.806550812441855669e-04
3.806530439760535955e-04
3.806510940194129944e-04
3.806491731666028500e-04
3.806472814176231623e-04
3.806453605648130178e-04
3.806433815043419600e-04
3.806415188591927290e-04
3.806395980063825846e-04
3.806376480497419834e-04
3.806357271969318390e-04
3.806338354479521513e-04
3.806318563874810934e-04
3.806299355346709490e-04
3.806279855780303478e-04
3.806260938290506601e-04
3.806242020800709724e-04
3.806222812272608280e-04
3.806203021667897701e-04
3.806184104178100824e-04
3.806164313573390245e-04
3.806145396083593369e-04
3.806125896517187357e-04
3.806106979027390480e-04
3.806088061537593603e-04
3.806068853009492159e-04
3.806049935519695282e-04
3.806030144914984703e-04
3.806010936386883259e-04
3.805992018897086382e-04
3.805972810368984938e-04
3.805953019764274359e-04
3.805934102274477482e-04
3.805914311669766903e-04
3.805895394179970026e-04
3.805876476690173149e-04
3.805856977123767138e-04
3.805838350672274828e-04
3.805818560067564249e-04
3.805799351539462805e-04
3.805779851973056793e-04
3.805761225521564484e-04
3.805741725955158472e-04
3.805722517427057028e-04
3.805703308898955584e-04
3.805684100370854139e-04
3.805665182881057262e-04
3.805645392276346684e-04
3.805626765824854374e-04
3.805606975220143795e-04
3.805587766692042351e-04
3.805568849202245474e-04
3.805549640674144030e-04
3.805530141107738018e-04
3.805510932579636574e-04
3.805492306128144264e-04
3.805472515523433685e-04
3.805453306995332241e-04
3.805433807428926229e-04
3.805414598900824785e-04
3.805395972449332476e-04
3.805376763921231031e-04
3.805356973316520452e-04
3.805338346865028143e-04
3.805319138336926699e-04
3.805299347732216120e-04
3.805280139204114676e-04
3.805261512752622366e-04
3.805242013186216354e-04
3.805223095696419477e-04
3.805203596130013466e-04
3.805184678640216589e-04
3.805165470112115145e-04
3.805146552622318268e-04
3.805126762017607689e-04
3.805108135566115379e-04
3.805088635999709368e-04
3.805069427471607924e-04
3.805050218943506479e-04
3.805031010415405035e-04
3.805012092925608158e-04
3.804992593359202147e-04
3.804973966907709837e-04
3.804954176302999258e-04
3.804934967774897814e-04
3.804916050285100937e-04
3.804896841756999493e-04
3.804877633228898048e-04
3.804858715739101171e-04
3.804839507210999727e-04
3.804820007644593716e-04
3.804801090154796839e-04
3.804782172664999962e-04
3.804762382060289383e-04
3.804743173532187939e-04
3.804724256042391062e-04
3.804705047514289618e-04
3.804686130024492741e-04
3.804666339419782162e-04
3.804647712968289852e-04
3.804628213401883841e-04
3.804608713835477829e-04
3.804589796345680952e-04
3.804570296779274940e-04
3.804551961366087198e-04
3.804532461799681187e-04
3.804512962233275175e-04
3.804493753705173731e-04
3.804474836215376854e-04
3.804455918725579977e-04
3.804436419159173965e-04
3.804417501669377089e-04
3.804398293141275644e-04
3.804379084613174200e-04
3.804359585046768188e-04
3.804340958595275879e-04
3.804321750067174435e-04
3.804302832577377558e-04
3.804283624049276114e-04
3.804263833444565535e-04
3.804244915954768658e-04
3.804225998464971781e-04
3.804206498898565769e-04
3.804187581408768892e-04
3.804168081842362881e-04
3.804149455390870571e-04
3.804129955824464560e-04
3.804110456258058548e-04
3.804091829806566238e-04
3.804072621278464794e-04
3.804053412750363350e-04
3.804034204222261906e-04
3.804014995694160461e-04
3.803996078204363585e-04
3.803976578637957573e-04
3.803957079071551561e-04
3.803938161581754684e-04
3.803919535130262375e-04
3.803900326602160931e-04
3.803881118074059486e-04
3.803862200584262609e-04
3.803842701017856598e-04
3.803823492489755154e-04
3.803804574999958277e-04
3.803785366471856833e-04
3.803766157943755388e-04
3.803747240453958511e-04
3.803727449849247932e-04
3.803709114436060190e-04
3.803689614869654179e-04
