5.913862260058522224e-04
5.913839559070765972e-04
5.913819186389446259e-04
5.913797649554908276e-04
5.913775530643761158e-04
5.913752829656004906e-04
5.913731292821466923e-04
5.913709173910319805e-04
5.913686472922563553e-04
5.913666100241243839e-04
5.913644563406705856e-04
5.913622444495558739e-04
5.913600907661020756e-04
5.913578788749873638e-04
5.913556669838726521e-04
5.913535715080797672e-04
5.913513596169650555e-04
5.913491477258503437e-04
5.913469358347356319e-04
5.913448403589427471e-04
5.913425702601671219e-04
5.913404165767133236e-04
5.913382628932595253e-04
5.913360510021448135e-04
5.913338973186910152e-04
5.913316854275763035e-04
5.913294735364615917e-04
5.913273780606687069e-04
5.913251661695539951e-04
5.913229542784392834e-04
5.913208005949854851e-04
5.913185887038707733e-04
5.913164350204169750e-04
5.913142231293022633e-04
5.913120694458484650e-04
5.913099157623946667e-04
5.913077620789408684e-04
5.913055501878261566e-04
5.913032800890505314e-04
5.913011846132576466e-04
5.912989727221429348e-04
5.912968772463500500e-04
5.912946071475744247e-04
5.912924534641206264e-04
5.912902997806668282e-04
5.912881460972130299e-04
5.912859342060983181e-04
5.912838387303054333e-04
5.912816268391907215e-04
5.912794149480760098e-04
5.912772612646222115e-04
5.912750493735074997e-04
5.912729538977146149e-04
5.912707420065999031e-04
5.912684719078242779e-04
5.912663182243704796e-04
5.912642227485775948e-04
5.912619526498019695e-04
5.912597989663481712e-04
5.912576452828943729e-04
5.912555498071014881e-04
5.912532797083258629e-04
5.912510678172111511e-04
5.912489141337573528e-04
5.912467604503035545e-04
5.912445485591888428e-04
5.912423366680741310e-04
5.912401247769594193e-04
5.912379710935056210e-04
5.912358756177127361e-04
5.912336637265980244e-04
5.912314518354833126e-04
5.912294145673513412e-04
5.912271444685757160e-04
5.912249325774610043e-04
5.912228371016681194e-04
5.912206834182143211e-04
5.912183551117777824e-04
5.912162596359848976e-04
5.912141059525310993e-04
5.912119522690773010e-04
5.912096821703016758e-04
5.912075284868478775e-04
5.912054330110549927e-04
5.912032793276011944e-04
5.912010674364864826e-04
5.911987973377108574e-04
5.911966436542570591e-04
5.911945481784641743e-04
5.911923944950103760e-04
5.911901243962347507e-04
5.911880289204418659e-04
5.911858170293271542e-04
5.911835469305515289e-04
5.911815096624195576e-04
5.911793559789657593e-04
5.911771440878510475e-04
5.911749904043972492e-04
5.911728367209434509e-04
5.911706248298287392e-04
5.911684129387140274e-04
5.911663174629211426e-04
5.911641055718064308e-04
5.911618936806917191e-04
5.911597399972379208e-04
5.911576445214450359e-04
5.911553744226694107e-04
5.911533371545374393e-04
5.911510670557618141e-04
5.911487969569861889e-04
5.911467596888542175e-04
5.911445477977395058e-04
5.911422776989638805e-04
5.911401822231709957e-04
5.911379703320562840e-04
5.911359912715852261e-04
5.911336047574877739e-04
5.911315092816948891e-04
5.911294138059020042e-04
5.911270854994654655e-04
5.911249318160116673e-04
5.911227781325578690e-04
5.911206244491040707e-04
5.911184125579893589e-04
5.911162588745355606e-04
5.911142216064035892e-04
5.911119515076279640e-04
5.911097396165132523e-04
5.911075859330594540e-04
5.911054322496056557e-04
5.911032203584909439e-04
5.911010666750371456e-04
5.910988547839224339e-04
5.910967593081295490e-04
5.910946056246757507e-04
5.910923937335610390e-04
5.910901818424463272e-04
5.910880281589925289e-04
5.910858744755387306e-04
5.910837207920849323e-04
5.910815671086311340e-04
5.910793552175164223e-04
5.910772597417235374e-04
5.910750478506088257e-04
5.910729523748159409e-04
5.910706240683794022e-04
5.910685285925865173e-04
5.910662584938108921e-04
5.910642212256789207e-04
5.910620093345642090e-04
5.910597974434494972e-04
5.910577019676566124e-04
5.910554318688809872e-04
5.910532781854271889e-04
5.910511827096343040e-04
5.910490290261805058e-04
5.910468171350657940e-04
5.910446052439510822e-04
5.910425679758191109e-04
5.910402978770434856e-04
5.910381441935896873e-04
5.910359323024749756e-04
5.910338368266820908e-04
5.910316249355673790e-04
5.910294130444526672e-04
5.910273175686597824e-04
5.910252220928668976e-04
5.910229519940912724e-04
5.910207983106374741e-04
5.910186446271836758e-04
5.910164909437298775e-04
5.910143954679369926e-04
5.910121835768222809e-04
5.910099716857075691e-04
5.910078762099146843e-04
5.910057225264608860e-04
5.910034524276852608e-04
5.910012987442314625e-04
5.909991450607776642e-04
5.909969913773238659e-04
5.909948959015309811e-04
5.909928004257380962e-04
5.909905885346233845e-04
5.909883766435086727e-04
5.909862229600548744e-04
5.909840692766010761e-04
5.909819155931472778e-04
5.909796454943716526e-04
5.909775500185787678e-04
5.909754545427858829e-04
5.909733008593320847e-04
5.909710307605564594e-04
5.909688770771026611e-04
5.909667233936488628e-04
5.909645697101950645e-04
5.909624160267412663e-04
5.909601459279656410e-04
5.909580504521727562e-04
5.909558967687189579e-04
5.909536848776042461e-04
5.909515311941504478e-04
5.909494357183575630e-04
5.909472238272428513e-04
5.909450701437890530e-04
5.909428582526743412e-04
5.909406463615596294e-04
5.909385508857667446e-04
5.909363972023129463e-04
5.909341853111982346e-04
5.909320898354053497e-04
5.909299943596124649e-04
5.909277242608368397e-04
5.909255705773830414e-04
5.909234751015901566e-04
5.909212632104754448e-04
5.909191677346825600e-04
5.909168976359069347e-04
5.909147439524531364e-04
5.909126484766602516e-04
5.909104365855455399e-04
5.909082246944308281e-04
5.909061292186379433e-04
5.909039755351841450e-04
5.909018800593912601e-04
5.908996681682765484e-04
5.908973980695009232e-04
5.908953025937080383e-04
5.908931489102542400e-04
5.908909952268004417e-04
5.908887833356857300e-04
5.908865714445710182e-04
5.908844759687781334e-04
5.908823222853243351e-04
5.908801686018705368e-04
5.908779567107558250e-04
5.908758030273020267e-04
5.908737075515091419e-04
5.908715538680553436e-04
5.908692837692797184e-04
5.908670718781650066e-04
5.908650346100330353e-04
5.908628227189183235e-04
5.908607272431254387e-04
5.908585735596716404e-04
5.908564780838787556e-04
5.908542661927640438e-04
5.908520543016493320e-04
5.908499006181955338e-04
5.908478051424026489e-04
5.908456514589488506e-04
5.908434977754950523e-04
5.908412858843803406e-04
5.908390739932656288e-04
5.908369785174727440e-04
5.908348830416798592e-04
5.908326129429042339e-04
5.908305174671113491e-04
5.908283055759966373e-04
5.908261518925428391e-04
5.908240564167499542e-04
5.908217863179743290e-04
5.908196908421814442e-04
5.908174789510667324e-04
5.908153252676129341e-04
5.908132879994809628e-04
5.908110761083662510e-04
5.908088642172515392e-04
5.908066523261368275e-04
5.908045568503439426e-04
5.908024031668901443e-04
5.908003076910972595e-04
5.907981540076434612e-04
5.907960003241896629e-04
5.907937884330749512e-04
5.907916929572820663e-04
5.907895392738282681e-04
5.907873273827135563e-04
5.907852319069206715e-04
5.907829618081450462e-04
5.907808081246912479e-04
5.907787126488983631e-04
5.907765589654445648e-04
5.907744634896516800e-04
5.907721933908760548e-04
5.907700979150831699e-04
5.907678860239684582e-04
5.907657905481755733e-04
5.907635786570608616e-04
5.907613667659461498e-04
5.907593294978141785e-04
5.907570593990385532e-04
5.907550221309065819e-04
5.907528102397918701e-04
5.907507147639989853e-04
5.907485610805451870e-04
5.907463491894304752e-04
5.907442537136375904e-04
5.907420418225228786e-04
5.907399463467299938e-04
5.907377344556152821e-04
5.907355225645005703e-04
5.907334270887076855e-04
5.907312734052538872e-04
5.907291197218000889e-04
5.907269660383462906e-04
5.907248705625534058e-04
5.907226586714386940e-04
5.907205631956458092e-04
5.907183513045310974e-04
5.907161976210772991e-04
5.907140439376235008e-04
5.907119484618306160e-04
5.907097947783768177e-04
5.907075246796011925e-04
5.907053709961473942e-04
5.907032173126935959e-04
5.907011218369007111e-04
5.906990263611078262e-04
5.906968144699931145e-04
5.906946025788784027e-04
5.906924488954246044e-04
5.906903534196317196e-04
5.906881415285170078e-04
5.906859878450632095e-04
5.906838923692703247e-04
5.906817968934774399e-04
5.906795267947018147e-04
5.906774313189089298e-04
5.906753358431160450e-04
5.906731821596622467e-04
5.906710866838693619e-04
5.906688165850937366e-04
5.906666629016399384e-04
5.906645674258470535e-04
5.906623555347323418e-04
5.906602600589394569e-04
5.906581063754856586e-04
5.906559526920318604e-04
5.906536825932562351e-04
5.906515871174633503e-04
5.906494916416704655e-04
5.906472215428948402e-04
5.906451842747628689e-04
5.906429723836481571e-04
5.906408187001943588e-04
5.906387232244014740e-04
5.906365113332867622e-04
5.906344158574938774e-04
5.906323203817009926e-04
5.906301666982471943e-04
5.906280712224543095e-04
5.906258593313395977e-04
5.906237638555467129e-04
5.906214937567710876e-04
5.906193982809782028e-04
5.906173028051853180e-04
5.906151491217315197e-04
5.906129954382777214e-04
5.906107835471630096e-04
5.906086880713701248e-04
5.906064761802554131e-04
5.906043807044625282e-04
5.906022270210087299e-04
5.906000733375549316e-04
5.905979196541011333e-04
5.905957077629864216e-04
5.905936122871935368e-04
5.905915168114006519e-04
5.905892467126250267e-04
5.905872094444930553e-04
5.905850557610392570e-04
5.905828438699245453e-04
5.905806901864707470e-04
5.905785365030169487e-04
5.905764410272240639e-04
5.905742873437702656e-04
5.905721918679773808e-04
5.905699799768626690e-04
5.905677680857479572e-04
5.905656726099550724e-04
5.905635189265012741e-04
5.905613652430474758e-04
5.905592697672545910e-04
5.905569996684789658e-04
5.905549041926860809e-04
5.905528087168931961e-04
5.905505968257784843e-04
5.905485013499855995e-04
5.905463476665318012e-04
5.905441939830780029e-04
5.905420402996242046e-04
5.905399448238313198e-04
5.905378493480384350e-04
5.905356374569237232e-04
5.905334837734699249e-04
5.905313882976770401e-04
5.905291764065623283e-04
5.905270227231085300e-04
5.905249272473156452e-04
5.905227153562009335e-04
5.905205616727471352e-04
5.905184661969542503e-04
5.905163125135004520e-04
5.905141588300466537e-04
5.905120633542537689e-04
5.905099096707999706e-04
5.905076977796852589e-04
5.905056023038923740e-04
5.905034486204385757e-04
5.905012949369847775e-04
5.904991994611918926e-04
5.904970457777380943e-04
5.904948920942842960e-04
5.904927966184914112e-04
5.904906429350376129e-04
5.904885474592447281e-04
5.904862773604691029e-04
5.904841236770153046e-04
5.904819699935615063e-04
5.904798745177686214e-04
5.904777790419757366e-04
5.904756835661828518e-04
5.904735298827290535e-04
5.904713761992752552e-04
5.904691643081605434e-04
5.904670688323676586e-04
5.904648569412529469e-04
5.904627032577991486e-04
5.904606077820062637e-04
5.904584540985524654e-04
5.904563004150986671e-04
5.904542049393057823e-04
5.904521094635128975e-04
5.904498975723981857e-04
5.904477438889443874e-04
5.904455902054905891e-04
5.904434947296977043e-04
5.904413410462439060e-04
5.904392455704510212e-04
5.904370336793363094e-04
5.904348217882215977e-04
5.904327845200896263e-04
5.904305726289749146e-04
5.904284771531820297e-04
5.904264398850500584e-04
5.904241697862744331e-04
5.904220743104815483e-04
5.904199788346886635e-04
5.904177087359130383e-04
5.904155550524592400e-04
5.904134595766663551e-04
5.904113641008734703e-04
5.904092104174196720e-04
5.904070567339658737e-04
5.904049030505120754e-04
5.904028657823801041e-04
5.904007120989263058e-04
5.903984420001506805e-04
5.903963465243577957e-04
5.903941928409039974e-04
5.903920391574501991e-04
5.903899436816573143e-04
5.903878482058644295e-04
5.903857527300715446e-04
5.903835408389568329e-04
5.903815035708248615e-04
5.903792916797101498e-04
5.903771379962563515e-04
5.903750425204634666e-04
5.903728888370096684e-04
5.903707351535558701e-04
5.903685814701020718e-04
5.903664859943091869e-04
5.903643323108553886e-04
5.903621204197406769e-04
5.903600831516087055e-04
5.903579876758158207e-04
5.903557757847011089e-04
5.903536803089082241e-04
5.903514684177935123e-04
5.903493147343397141e-04
5.903471610508859158e-04
5.903450655750930309e-04
5.903429700993001461e-04
5.903408164158463478e-04
5.903386045247316360e-04
5.903365090489387512e-04
5.903344135731458664e-04
5.903322598896920681e-04
5.903302226215600967e-04
5.903280107304453850e-04
5.903259152546525002e-04
5.903236451558768749e-04
5.903215496800839901e-04
5.903193377889692783e-04
5.903173005208373070e-04
5.903152050450444221e-04
5.903131095692515373e-04
5.903108976781368256e-04
5.903088022023439407e-04
