5.856755306012928486e-04
5.856736097484827042e-04
5.856715724803507328e-04
5.856695352122187614e-04
5.856674397364258766e-04
5.856654606759548187e-04
5.856633652001619339e-04
5.856613279320299625e-04
5.856592906638979912e-04
5.856571951881051064e-04
5.856550997123122215e-04
5.856532370671629906e-04
5.856510833837091923e-04
5.856491043232381344e-04
5.856470088474452496e-04
5.856449133716523647e-04
5.856429343111813068e-04
5.856408388353884220e-04
5.856389179825782776e-04
5.856368225067853928e-04
5.856347270309925079e-04
5.856327479705214500e-04
5.856307107023894787e-04
5.856286734342575073e-04
5.856265779584646225e-04
5.856245406903326511e-04
5.856225034222006798e-04
5.856204661540687084e-04
5.856184288859367371e-04
5.856163916178047657e-04
5.856144125573337078e-04
5.856122006662189960e-04
5.856102216057479382e-04
5.856081843376159668e-04
5.856061470694839954e-04
5.856041098013520241e-04
5.856021307408809662e-04
5.855999770574271679e-04
5.855979979969561100e-04
5.855960189364850521e-04
5.855939816683530807e-04
5.855919444002211094e-04
5.855899071320891380e-04
5.855878698639571667e-04
5.855857743881642818e-04
5.855836789123713970e-04
5.855816416442394257e-04
5.855796625837683678e-04
5.855776835232973099e-04
5.855755880475044250e-04
5.855735507793724537e-04
5.855714553035795689e-04
5.855693598277866840e-04
5.855674389749765396e-04
5.855654599145054817e-04
5.855633644387125969e-04
5.855613271705806255e-04
5.855592899024486542e-04
5.855572526343166828e-04
5.855551571585237980e-04
5.855531780980527401e-04
5.855511408299207687e-04
5.855490453541278839e-04
5.855470080859959126e-04
5.855450872331857681e-04
5.855429335497319698e-04
5.855409544892609119e-04
5.855388590134680271e-04
5.855368799529969692e-04
5.855347844772040844e-04
5.855328636243939400e-04
5.855308263562619686e-04
5.855286726728081703e-04
5.855266354046761990e-04
5.855247145518660545e-04
5.855226190760731697e-04
5.855205818079411983e-04
5.855185445398092270e-04
5.855164490640163422e-04
5.855145282112061977e-04
5.855123745277523994e-04
5.855103954672813416e-04
5.855083581991493702e-04
5.855063791386783123e-04
5.855042254552245140e-04
5.855021881870925426e-04
5.855001509189605713e-04
5.854981136508285999e-04
5.854961345903575420e-04
5.854940391145646572e-04
5.854920600540935993e-04
5.854900227859616280e-04
5.854879273101687431e-04
5.854860064573585987e-04
5.854839109815657139e-04
5.854818737134337425e-04
5.854799528606235981e-04
5.854777409695088863e-04
5.854758201166987419e-04
5.854737246409058571e-04
5.854716873727738857e-04
5.854696501046419144e-04
5.854675546288490295e-04
5.854655173607170582e-04
5.854635383002460003e-04
5.854615592397749424e-04
5.854595219716429710e-04
5.854575429111719131e-04
5.854553892277181149e-04
5.854533519595861435e-04
5.854513728991150856e-04
5.854493356309831142e-04
5.854472401551902294e-04
5.854452028870582581e-04
5.854431656189262867e-04
5.854411865584552288e-04
5.854390910826623440e-04
5.854371120221912861e-04
5.854351329617202282e-04
5.854330374859273434e-04
5.854309420101344585e-04
5.854289629496634007e-04
5.854269256815314293e-04
5.854250048287212849e-04
5.854229675605893135e-04
5.854208720847964287e-04
5.854187766090035439e-04
5.854167975485324860e-04
5.854148184880614281e-04
5.854127812199294567e-04
5.854106857441365719e-04
5.854086484760046005e-04
5.854066112078726292e-04
5.854045739397406578e-04
5.854025366716086864e-04
5.854004994034767151e-04
5.853984039276838303e-04
5.853964830748736858e-04
5.853944458067417145e-04
5.853924085386097431e-04
5.853903712704777718e-04
5.853883340023458004e-04
5.853862967342138290e-04
5.853842594660818577e-04
5.853823386132717133e-04
5.853802431374788284e-04
5.853782058693468571e-04
5.853761103935539722e-04
5.853741895407438278e-04
5.853721522726118565e-04
5.853701150044798851e-04
5.853680777363479137e-04
5.853660404682159424e-04
5.853640032000839710e-04
5.853619659319519997e-04
5.853599286638200283e-04
5.853579496033489704e-04
5.853558541275560856e-04
5.853538750670850277e-04
5.853517795912921429e-04
5.853498005308210850e-04
5.853477632626891136e-04
5.853456677868962288e-04
5.853437469340860844e-04
5.853415932506322861e-04
5.853396141901612282e-04
5.853375187143683434e-04
5.853355978615581989e-04
5.853335023857653141e-04
5.853315233252942562e-04
5.853295442648231983e-04
5.853275069966912270e-04
5.853254115208983421e-04
5.853234324604272842e-04
5.853214533999562263e-04
5.853193579241633415e-04
5.853174370713531971e-04
5.853153415955603123e-04
5.853133043274283409e-04
5.853112670592963696e-04
5.853092879988253117e-04
5.853071925230324268e-04
5.853050970472395420e-04
5.853031761944293976e-04
5.853011389262974262e-04
5.852990434505045414e-04
5.852970643900334835e-04
5.852950271219015121e-04
5.852930480614304543e-04
5.852909525856375694e-04
5.852889735251665115e-04
5.852869944646954536e-04
5.852848989889025688e-04
5.852829199284315109e-04
5.852808826602995396e-04
5.852789618074893951e-04
5.852768081240355968e-04
5.852748872712254524e-04
5.852727335877716541e-04
5.852708127349615097e-04
5.852687172591686249e-04
5.852667381986975670e-04
5.852647009305655956e-04
5.852625472471117973e-04
5.852606263943016529e-04
5.852586473338305950e-04
5.852565518580377102e-04
5.852546310052275658e-04
5.852525937370955944e-04
5.852504982613027096e-04
5.852484609931707382e-04
5.852464819326996803e-04
5.852444446645677090e-04
5.852424656040966511e-04
5.852403701283037663e-04
5.852384492754936218e-04
5.852364702150225639e-04
5.852342583239078522e-04
5.852323374710977077e-04
5.852302419953048229e-04
5.852283211424946785e-04
5.852262256667017937e-04
5.852241883985698223e-04
5.852222093380987644e-04
5.852201720699667931e-04
5.852180765941739082e-04
5.852162139490246773e-04
5.852141184732317924e-04
5.852120812050998211e-04
5.852100439369678497e-04
5.852081230841577053e-04
5.852060276083648205e-04
5.852039321325719357e-04
5.852019530721008778e-04
5.851999740116298199e-04
5.851979367434978485e-04
5.851958994753658772e-04
5.851938622072339058e-04
5.851919413544237614e-04
5.851898458786308765e-04
5.851878086104989052e-04
5.851857713423669338e-04
5.851838504895567894e-04
5.851818132214248180e-04
5.851797759532928467e-04
5.851776804774999619e-04
5.851757014170289040e-04
5.851736641488969326e-04
5.851716850884258747e-04
5.851697060279548168e-04
5.851676687598228455e-04
5.851655732840299606e-04
5.851635942235589027e-04
5.851614405401051044e-04
5.851595196872949600e-04
5.851575988344848156e-04
5.851555033586919308e-04
5.851534078828990459e-04
5.851514870300889015e-04
5.851494497619569302e-04
5.851473542861640453e-04
5.851453752256929874e-04
5.851433379575610161e-04
5.851413006894290447e-04
5.851393798366189003e-04
5.851373425684869289e-04
5.851352470926940441e-04
5.851332680322229862e-04
5.851313471794128418e-04
5.851292517036199570e-04
5.851272144354879856e-04
5.851251771673560143e-04
5.851231398992240429e-04
5.851211608387529850e-04
5.851191235706210136e-04
5.851170863024890423e-04
5.851151654496788979e-04
5.851131281815469265e-04
5.851110909134149551e-04
5.851089954376220703e-04
5.851070163771510124e-04
5.851049791090190411e-04
5.851030582562088966e-04
5.851010209880769253e-04
5.850989837199449539e-04
5.850969464518129826e-04
5.850949091836810112e-04
5.850929301232099533e-04
5.850909510627388954e-04
5.850887973792850971e-04
5.850869347341358662e-04
5.850848392583429813e-04
5.850828019902110100e-04
5.850808229297399521e-04
5.850787856616079807e-04
5.850768648087978363e-04
5.850747693330049515e-04
5.850727320648729801e-04
5.850707530044019222e-04
5.850687157362699509e-04
5.850667366757988930e-04
5.850646994076669216e-04
5.850627203471958637e-04
5.850606248714029789e-04
5.850586458109319210e-04
5.850566667504608631e-04
5.850545712746679783e-04
5.850526504218578339e-04
5.850505549460649490e-04
5.850486340932548046e-04
5.850464804098010063e-04
5.850445595569908619e-04
5.850425222888588905e-04
5.850405432283878326e-04
5.850384477525949478e-04
5.850364686921238899e-04
5.850344896316528320e-04
5.850325105711817741e-04
5.850305315107107162e-04
5.850284360349178314e-04
5.850263987667858601e-04
5.850244779139757156e-04
5.850224406458437443e-04
5.850204033777117729e-04
5.850184243172407150e-04
5.850165034644305706e-04
5.850143497809767723e-04
5.850123125128448009e-04
5.850102752447128296e-04
5.850083543919026852e-04
5.850062589161098003e-04
5.850042216479778290e-04
5.850022425875067711e-04
5.850002053193747997e-04
5.849982844665646553e-04
5.849962471984326839e-04
5.849942681379616261e-04
5.849921726621687412e-04
5.849901936016976833e-04
5.849882145412266254e-04
5.849861772730946541e-04
5.849841400049626827e-04
5.849821609444916248e-04
5.849801236763596535e-04
5.849781446158885956e-04
5.849761073477566242e-04
5.849740700796246529e-04
5.849720910191535950e-04
5.849700537510216236e-04
5.849680746905505657e-04
5.849661538377404213e-04
5.849640583619475365e-04
5.849620793014764786e-04
5.849601002410054207e-04
5.849580629728734493e-04
5.849559674970805645e-04
5.849540466442704201e-04
5.849519511684775352e-04
5.849500303156673908e-04
5.849479930475354195e-04
5.849459557794034481e-04
5.849438603036105633e-04
5.849418812431395054e-04
5.849399021826684475e-04
5.849379813298583031e-04
5.849358276464045048e-04
5.849338485859334469e-04
5.849318695254623890e-04
5.849298322573304176e-04
5.849278531968593597e-04
5.849258159287273884e-04
5.849238368682563305e-04
5.849217996001243591e-04
5.849198787473142147e-04
5.849178414791822433e-04
5.849158042110502720e-04
5.849138251505792141e-04
5.849118460901081562e-04
5.849098088219761848e-04
5.849077715538442135e-04
5.849057342857122421e-04
5.849037552252411842e-04
5.849016597494482994e-04
5.848997388966381550e-04
5.848977016285061836e-04
5.848957807756960392e-04
5.848936852999031544e-04
5.848917644470930099e-04
5.848896689713001251e-04
5.848875734955072403e-04
5.848857108503580093e-04
5.848836735822260380e-04
5.848816945217549801e-04
5.848796572536230087e-04
5.848776781931519508e-04
5.848756991326808929e-04
5.848736036568880081e-04
5.848715663887560368e-04
5.848695873282849789e-04
5.848676082678139210e-04
5.848655709996819496e-04
5.848635919392108917e-04
5.848616128787398338e-04
5.848596338182687759e-04
5.848576547577977180e-04
5.848555592820048332e-04
5.848535802215337753e-04
5.848515429534018040e-04
5.848495638929307461e-04
5.848475266247987747e-04
5.848455475643277168e-04
5.848435685038566589e-04
5.848414148204028606e-04
5.848394939675927162e-04
5.848375149071216583e-04
5.848354194313287735e-04
5.848334403708577156e-04
5.848314613103866577e-04
5.848295404575765133e-04
5.848273867741227150e-04
5.848255823366343975e-04
5.848234868608415127e-04
5.848215078003704548e-04
5.848194123245775700e-04
5.848174332641065121e-04
5.848154542036354542e-04
5.848134751431643963e-04
5.848114960826933384e-04
5.848095170222222805e-04
5.848074797540903091e-04
5.848053842782974243e-04
5.848034052178263664e-04
5.848013679496943951e-04
5.847993888892233372e-04
5.847974098287522793e-04
5.847952561452984810e-04
5.847933935001492500e-04
5.847914144396781921e-04
5.847893771715462208e-04
5.847873399034142494e-04
5.847853608429431915e-04
5.847833817824721336e-04
5.847813445143401623e-04
5.847793654538691044e-04
5.847773281857371330e-04
5.847753491252660751e-04
5.847733700647950172e-04
5.847713327966630459e-04
5.847693537361919880e-04
5.847672582603991032e-04
5.847653374075889587e-04
5.847634165547788143e-04
5.847612628713250160e-04
5.847592256031930447e-04
5.847573047503829002e-04
5.847553838975727558e-04
5.847532884217798710e-04
5.847513093613088131e-04
5.847493885084986687e-04
5.847473512403666973e-04
5.847453139722347260e-04
5.847433349117636681e-04
5.847413558512926102e-04
5.847393185831606388e-04
5.847372813150286674e-04
5.847353022545576096e-04
5.847333231940865517e-04
5.847312277182936668e-04
5.847293650731444359e-04
5.847273860126733780e-04
5.847254069522023201e-04
5.847232532687485218e-04
5.847213906235992908e-04
5.847192951478064060e-04
5.847173742949962616e-04
5.847153370268642902e-04
5.847132415510714054e-04
5.847113206982612610e-04
5.847092834301292896e-04
5.847073625773191452e-04
5.847053253091871738e-04
5.847032880410552025e-04
5.847012507729232311e-04
5.846992717124521732e-04
5.846973508596420288e-04
5.846953717991709709e-04
5.846933345310389996e-04
5.846913554705679417e-04
5.846893764100968838e-04
5.846873391419649124e-04
5.846853018738329411e-04
5.846834392286837101e-04
5.846813437528908253e-04
5.846793646924197674e-04
5.846773274242877960e-04
5.846752901561558247e-04
5.846732528880238533e-04
5.846713320352137089e-04
5.846692947670817375e-04
5.846673157066106796e-04
