5.896419170312583447e-04
5.896397051401436329e-04
5.896374932490289211e-04
5.896353977732360363e-04
5.896332440897822380e-04
5.896309157833456993e-04
5.896287620998919010e-04
5.896266666240990162e-04
5.896245129406452179e-04
5.896223010495305061e-04
5.896200891584157944e-04
5.896179936826229095e-04
5.896157817915081978e-04
5.896136281080543995e-04
5.896114162169396877e-04
5.896092625334858894e-04
5.896071088500320911e-04
5.896048387512564659e-04
5.896027432754635811e-04
5.896005895920097828e-04
5.895984359085559845e-04
5.895961658097803593e-04
5.895939539186656475e-04
5.895918002352118492e-04
5.895896465517580509e-04
5.895874928683042526e-04
5.895853391848504543e-04
5.895831272937357426e-04
5.895809736102819443e-04
5.895787617191672325e-04
5.895766662433743477e-04
5.895743961445987225e-04
5.895723006688058376e-04
5.895700305700302124e-04
5.895679350942373276e-04
5.895657814107835293e-04
5.895635113120079041e-04
5.895613576285541058e-04
5.895591457374393940e-04
5.895569920539855957e-04
5.895547801628708839e-04
5.895526846870779991e-04
5.895504727959632874e-04
5.895483773201704025e-04
5.895460490137338638e-04
5.895440117456018925e-04
5.895418580621480942e-04
5.895396461710333824e-04
5.895374924875795841e-04
5.895352223888039589e-04
5.895331269130110741e-04
5.895309150218963623e-04
5.895287031307816505e-04
5.895265494473278522e-04
5.895243957638740540e-04
5.895222420804202557e-04
5.895199719816446304e-04
5.895178765058517456e-04
5.895157228223979473e-04
5.895135109312832355e-04
5.895113572478294373e-04
5.895091453567147255e-04
5.895069334656000137e-04
5.895048379898071289e-04
5.895026843063533306e-04
5.895004724152386189e-04
5.894982605241239071e-04
5.894960486330091953e-04
5.894939531572163105e-04
5.894917994737625122e-04
5.894895875826478004e-04
5.894874338991940022e-04
5.894852802157402039e-04
5.894831265322864056e-04
5.894809728488326073e-04
5.894787609577178955e-04
5.894766072742640972e-04
5.894745117984712124e-04
5.894722999073565006e-04
5.894701462239027023e-04
5.894679343327879906e-04
5.894657806493341923e-04
5.894636269658803940e-04
5.894614150747656822e-04
5.894592031836509705e-04
5.894570495001971722e-04
5.894550122320652008e-04
5.894526839256286621e-04
5.894505302421748638e-04
5.894483765587210655e-04
5.894462228752672672e-04
5.894439527764916420e-04
5.894417990930378437e-04
5.894396454095840454e-04
5.894375499337911606e-04
5.894353380426764488e-04
5.894331261515617371e-04
5.894310306757688522e-04
5.894288769923150539e-04
5.894266651012003422e-04
5.894245114177465439e-04
5.894223577342927456e-04
5.894202040508389473e-04
5.894179921597242355e-04
5.894158384762704372e-04
5.894136847928166389e-04
5.894115311093628407e-04
5.894093774259090424e-04
5.894072819501161575e-04
5.894050118513405323e-04
5.894027999602258205e-04
5.894006462767720222e-04
5.893984925933182240e-04
5.893962807022035122e-04
5.893941270187497139e-04
5.893919733352959156e-04
5.893897614441812038e-04
5.893876659683883190e-04
5.893854540772736073e-04
5.893833586014807224e-04
5.893811467103660107e-04
5.893790512345731258e-04
5.893768393434584141e-04
5.893746856600046158e-04
5.893724155612289906e-04
5.893703200854361057e-04
5.893681664019823074e-04
5.893660127185285091e-04
5.893638590350747108e-04
5.893617053516209126e-04
5.893594934605062008e-04
5.893573397770524025e-04
5.893551860935986042e-04
5.893530324101448059e-04
5.893508205190300941e-04
5.893487250432372093e-04
5.893465713597834110e-04
5.893443594686686993e-04
5.893421475775539875e-04
5.893401103094220161e-04
5.893378402106463909e-04
5.893356283195316792e-04
5.893334746360778809e-04
5.893314373679459095e-04
5.893291672691702843e-04
5.893270135857164860e-04
5.893249181099236012e-04
5.893227062188088894e-04
5.893205525353550911e-04
5.893183988519012928e-04
5.893162451684474945e-04
5.893140914849936962e-04
5.893118795938789845e-04
5.893097841180860996e-04
5.893075722269713879e-04
5.893053603358566761e-04
5.893032648600637913e-04
5.893010529689490795e-04
5.892988992854952812e-04
5.892968038097023964e-04
5.892945919185876846e-04
5.892923800274729729e-04
5.892902263440191746e-04
5.892880726605653763e-04
5.892859189771115780e-04
5.892837652936577797e-04
5.892815534025430679e-04
5.892795743420720100e-04
5.892773042432963848e-04
5.892751505598425865e-04
5.892729968763887882e-04
5.892707849852740765e-04
5.892686313018202782e-04
5.892664194107055664e-04
5.892643239349126816e-04
5.892621702514588833e-04
5.892599583603441715e-04
5.892578628845512867e-04
5.892556509934365749e-04
5.892536137253046036e-04
5.892512854188680649e-04
5.892491899430751801e-04
5.892470362596213818e-04
5.892448825761675835e-04
5.892426706850528717e-04
5.892405170015990734e-04
5.892384797334671021e-04
5.892362678423523903e-04
5.892339977435767651e-04
5.892319022677838802e-04
5.892297485843300819e-04
5.892275366932153702e-04
5.892254412174224854e-04
5.892232293263077736e-04
5.892211338505148888e-04
5.892189801670610905e-04
5.892168264836072922e-04
5.892146728001534939e-04
5.892124609090387821e-04
5.892103072255849838e-04
5.892081535421311855e-04
5.892059416510164738e-04
5.892037879675626755e-04
5.892016924917697906e-04
5.891994806006550789e-04
5.891973269172012806e-04
5.891952314414083958e-04
5.891930777579545975e-04
5.891908658668398857e-04
5.891887703910470009e-04
5.891865584999322891e-04
5.891844048164784908e-04
5.891822511330246925e-04
5.891800974495708942e-04
5.891778855584561825e-04
5.891757900826632977e-04
5.891735781915485859e-04
5.891714245080947876e-04
5.891692708246409893e-04
5.891671171411871910e-04
5.891650216653943062e-04
5.891628097742795944e-04
5.891606560908257961e-04
5.891585024073719978e-04
5.891564069315791130e-04
5.891542532481253147e-04
5.891520413570106030e-04
5.891498294658958912e-04
5.891477339901030064e-04
5.891455220989882946e-04
5.891434266231954098e-04
5.891412147320806980e-04
5.891390610486268997e-04
5.891369073651731014e-04
5.891348118893802166e-04
5.891327164135873318e-04
5.891305627301335335e-04
5.891282344236969948e-04
5.891261971555650234e-04
5.891239852644503117e-04
5.891218897886574268e-04
5.891197361052036285e-04
5.891174660064280033e-04
5.891153705306351185e-04
5.891132168471813202e-04
5.891110631637275219e-04
5.891089676879346371e-04
5.891066975891590118e-04
5.891045439057052135e-04
5.891023902222514153e-04
5.891002947464585304e-04
5.890980828553438187e-04
5.890959873795509338e-04
5.890938919037580490e-04
5.890916800126433372e-04
5.890895263291895390e-04
5.890874308533966541e-04
5.890852189622819424e-04
5.890830652788281441e-04
5.890809698030352592e-04
5.890787579119205475e-04
5.890765460208058357e-04
5.890744505450129509e-04
5.890722968615591526e-04
5.890701431781053543e-04
5.890679894946515560e-04
5.890658358111977577e-04
5.890636821277439594e-04
5.890615866519510746e-04
5.890593747608363628e-04
5.890572210773825645e-04
5.890551256015896797e-04
5.890528555028140545e-04
5.890508182346820831e-04
5.890486645512282848e-04
5.890465690754354000e-04
5.890443571843206882e-04
5.890422035008668900e-04
5.890400498174130917e-04
5.890378379262983799e-04
5.890358006581664085e-04
5.890335887670516968e-04
5.890314350835978985e-04
5.890293396078050137e-04
5.890271859243512154e-04
5.890249740332365036e-04
5.890228203497827053e-04
5.890206666663289070e-04
5.890184547752141953e-04
5.890163592994213104e-04
5.890142638236284256e-04
5.890121101401746273e-04
5.890098982490599155e-04
5.890078609809279442e-04
5.890055908821523190e-04
5.890034954063594341e-04
5.890013417229056358e-04
5.889991298317909241e-04
5.889970343559980392e-04
5.889949388802051544e-04
5.889927851967513561e-04
5.889905733056366444e-04
5.889884778298437595e-04
5.889863241463899612e-04
5.889841122552752495e-04
5.889820167794823647e-04
5.889798630960285664e-04
5.889776512049138546e-04
5.889755557291209698e-04
5.889734602533280849e-04
5.889713065698742867e-04
5.889692110940814018e-04
5.889669992029666901e-04
5.889647291041910648e-04
5.889626918360590935e-04
5.889604799449443817e-04
5.889583844691514969e-04
5.889562889933586121e-04
5.889541353099048138e-04
5.889520398341119289e-04
5.889498279429972172e-04
5.889476160518825054e-04
5.889455205760896206e-04
5.889433086849749088e-04
5.889412132091820240e-04
5.889390595257282257e-04
5.889369640499353409e-04
5.889348685741424561e-04
5.889326566830277443e-04
5.889304447919130325e-04
5.889283493161201477e-04
5.889262538403272629e-04
5.889241001568734646e-04
5.889219464734196663e-04
5.889197927899658680e-04
5.889175808988511562e-04
5.889154272153973579e-04
5.889133899472653866e-04
5.889112362638115883e-04
5.889090243726968765e-04
5.889069288969039917e-04
5.889047752134501934e-04
5.889025633223354816e-04
5.889004678465425968e-04
5.888983141630887985e-04
5.888961604796350002e-04
5.888940650038421154e-04
5.888919113203883171e-04
5.888897576369345188e-04
5.888876039534807205e-04
5.888854502700269222e-04
5.888832965865731239e-04
5.888812011107802391e-04
5.888791056349873543e-04
5.888768937438726425e-04
5.888747982680797577e-04
5.888725863769650459e-04
5.888704326935112476e-04
5.888683372177183628e-04
5.888661835342645645e-04
5.888639716431498528e-04
5.888618761673569679e-04
5.888597224839031696e-04
5.888576270081102848e-04
5.888554733246564865e-04
5.888533196412026882e-04
5.888512241654098034e-04
5.888490122742950916e-04
5.888469167985022068e-04
5.888447631150484085e-04
5.888426094315946102e-04
5.888403975404798985e-04
5.888383020646870136e-04
5.888362647965550423e-04
5.888340529054403305e-04
5.888320156373083591e-04
5.888298037461936474e-04
5.888275918550789356e-04
5.888254381716251373e-04
5.888232844881713390e-04
5.888212472200393677e-04
5.888190935365855694e-04
5.888169398531317711e-04
5.888149025849997997e-04
5.888126906938850880e-04
5.888104788027703762e-04
5.888083251193165779e-04
5.888061714358627796e-04
5.888040759600698948e-04
5.888019222766160965e-04
5.887998268008232117e-04
5.887976731173694134e-04
5.887955776415765285e-04
5.887934239581227303e-04
5.887913284823298454e-04
5.887891165912151337e-04
5.887869629077613354e-04
5.887848092243075371e-04
5.887827137485146523e-04
5.887805600650608540e-04
5.887784645892679691e-04
5.887761944904923439e-04
5.887741572223603725e-04
5.887719453312456608e-04
5.887697916477918625e-04
5.887676961719989777e-04
5.887656006962060928e-04
5.887633888050913811e-04
5.887613515369594097e-04
5.887591978535056114e-04
5.887570441700518131e-04
5.887549486942589283e-04
5.887527950108051300e-04
5.887505831196904182e-04
5.887486040592193604e-04
5.887463339604437351e-04
5.887442384846508503e-04
5.887420848011970520e-04
5.887399311177432537e-04
5.887378356419503689e-04
5.887356819584965706e-04
5.887335864827036858e-04
5.887314327992498875e-04
5.887293373234570026e-04
5.887271254323422909e-04
5.887249717488884926e-04
5.887228180654346943e-04
5.887207225896418095e-04
5.887186271138489246e-04
5.887164152227342129e-04
5.887143779546022415e-04
5.887122824788093567e-04
5.887101287953555584e-04
5.887078004889190197e-04
5.887057632207870483e-04
5.887036677449941635e-04
5.887015140615403652e-04
5.886993603780865669e-04
5.886972649022936821e-04
5.886951112188398838e-04
5.886930739507079124e-04
5.886908038519322872e-04
5.886887083761394024e-04
5.886866129003465176e-04
5.886844592168927193e-04
5.886823055334389210e-04
5.886801518499851227e-04
5.886779981665313244e-04
5.886759026907384396e-04
5.886738072149455547e-04
5.886716535314917564e-04
5.886695580556988716e-04
5.886674625799059868e-04
5.886651924811303616e-04
5.886631552129983902e-04
5.886609433218836784e-04
5.886587896384298801e-04
5.886567523702979088e-04
5.886546568945050240e-04
5.886524450033903122e-04
5.886503495275974274e-04
5.886481958441436291e-04
5.886461003683507442e-04
5.886438302695751190e-04
5.886419094167649746e-04
5.886396975256502628e-04
5.886374856345355511e-04
5.886354483664035797e-04
5.886331782676279545e-04
5.886310827918350697e-04
5.886289873160421848e-04
5.886268336325883865e-04
5.886247381567955017e-04
5.886225844733417034e-04
5.886204889975488186e-04
5.886183935217559338e-04
5.886161234229803085e-04
5.886140279471874237e-04
5.886119324713945389e-04
5.886097787879407406e-04
5.886077415198087692e-04
5.886055878363549709e-04
5.886034923605620861e-04
5.886012804694473743e-04
5.885990685783326626e-04
5.885970313102006912e-04
5.885949358344078064e-04
5.885928403586149216e-04
5.885906284675002098e-04
5.885884747840464115e-04
5.885864957235753536e-04
5.885842838324606419e-04
5.885821883566677570e-04
5.885799764655530453e-04
5.885778809897601604e-04
5.885757273063063622e-04
5.885736900381743908e-04
5.885714781470596790e-04
5.885693826712667942e-04
5.885672289878129959e-04
