1.810934627428650856e-03
1.810409128665924072e-03
1.809884211979806423e-03
1.809359760954976082e-03
1.808835659176111221e-03
1.808311673812568188e-03
1.807787688449025154e-03
1.807264285162091255e-03
1.806740998290479183e-03
1.806217944249510765e-03
1.805695355869829655e-03
1.805173116736114025e-03
1.804650877602398396e-03
1.804128987714648247e-03
1.803607214242219925e-03
1.803086139261722565e-03
1.802564831450581551e-03
1.802044105716049671e-03
1.801523612812161446e-03
1.801003119908273220e-03
1.800483092665672302e-03
1.799963414669036865e-03
1.799443969503045082e-03
1.798924640752375126e-03
1.798405661247670650e-03
1.797886798158288002e-03
1.797368400730192661e-03
1.796850236132740974e-03
1.796332187950611115e-03
1.795814372599124908e-03
1.795296673662960529e-03
1.794779789634048939e-03
1.794262556359171867e-03
1.793745555914938450e-03
1.793229137547314167e-03
1.792712952010333538e-03
1.792196417227387428e-03
1.791680930182337761e-03
1.791165210306644440e-03
1.790649956092238426e-03
1.790134585462510586e-03
1.789619680494070053e-03
1.789104891940951347e-03
1.788590452633798122e-03
1.788076013326644897e-03
1.787562156096100807e-03
1.787048298865556717e-03
1.786534674465656281e-03
1.786021399311721325e-03
1.785508124157786369e-03
1.784995081834495068e-03
1.784482388757169247e-03
1.783969928510487080e-03
1.783457351848483086e-03
1.782945240847766399e-03
1.782433479093015194e-03
1.781921717338263988e-03
1.781410071998834610e-03
1.780898659490048885e-03
1.780387712642550468e-03
1.779876765795052052e-03
1.779365935362875462e-03
1.778855337761342525e-03
1.778344972990453243e-03
1.777835073880851269e-03
1.777324825525283813e-03
1.776815275661647320e-03
1.776305609382688999e-03
1.775796292349696159e-03
1.775287091732025146e-03
1.774777774699032307e-03
1.774269156157970428e-03
1.773760188370943069e-03
1.773251686245203018e-03
1.772743184119462967e-03
1.772235147655010223e-03
1.771727227605879307e-03
1.771219307556748390e-03
1.770711503922939301e-03
1.770203933119773865e-03
1.769696595147252083e-03
1.769189490005373955e-03
1.768682501278817654e-03
1.768175163306295872e-03
1.767668873071670532e-03
1.767161884345114231e-03
1.766655710525810719e-03
1.766149303875863552e-03
1.765643362887203693e-03
1.765137305483222008e-03
1.764631248079240322e-03
1.764125772751867771e-03
1.763619948178529739e-03
1.763114589266479015e-03
1.762609346769750118e-03
1.762103987857699394e-03
1.761598978191614151e-03
1.761094084940850735e-03
1.760589191690087318e-03
1.760084531269967556e-03
1.759579987265169621e-03
1.759075559675693512e-03
1.758571248501539230e-03
1.758067170158028603e-03
1.757562975399196148e-03
1.757058897055685520e-03
1.756555167958140373e-03
1.756051206029951572e-03
1.755547709763050079e-03
1.755044329911470413e-03
1.754540600813925266e-03
1.754037337377667427e-03
1.753533957526087761e-03
1.753030810505151749e-03
1.752527663484215736e-03
1.752024632878601551e-03
1.751521718688309193e-03
1.751018920913338661e-03
1.750516123138368130e-03
1.750013325363397598e-03
1.749510527588427067e-03
1.749008544720709324e-03
1.748505746945738792e-03
1.748003414832055569e-03
1.747501199133694172e-03
1.746998983435332775e-03
1.746496534906327724e-03
1.745994319207966328e-03
1.745492336340248585e-03
1.744990353472530842e-03
1.744488370604813099e-03
1.743986271321773529e-03
1.743484521284699440e-03
1.742982538416981697e-03
1.742480904795229435e-03
1.741978805512189865e-03
1.741477171890437603e-03
1.740975538268685341e-03
1.740473788231611252e-03
1.739972154609858990e-03
1.739470520988106728e-03
1.738968887366354465e-03
1.738467370159924030e-03
1.737965620122849941e-03
1.737463986501097679e-03
1.736962469294667244e-03
1.736460835672914982e-03
1.735959202051162720e-03
1.735457568429410458e-03
1.734955934807658195e-03
1.734454301185905933e-03
1.733952900394797325e-03
1.733451033942401409e-03
1.732949400320649147e-03
1.732447766698896885e-03
1.731946133077144623e-03
1.731444499455392361e-03
1.730942749418318272e-03
1.730440882965922356e-03
1.729939132928848267e-03
1.729437266476452351e-03
1.728935283608734608e-03
1.728433417156338692e-03
1.727931434288620949e-03
1.727429218590259552e-03
1.726927235722541809e-03
1.726425020024180412e-03
1.725922804325819016e-03
1.725420355796813965e-03
1.724918140098452568e-03
1.724415575154125690e-03
1.723913010209798813e-03
1.723410212434828281e-03
1.722907647490501404e-03
1.722404849715530872e-03
1.721901935525238514e-03
1.721398904919624329e-03
1.720895757898688316e-03
1.720392610877752304e-03
1.719889231026172638e-03
1.719385967589914799e-03
1.718882122077047825e-03
1.718378625810146332e-03
1.717874547466635704e-03
1.717370818369090557e-03
1.716866507194936275e-03
1.716362545266747475e-03
1.715858117677271366e-03
1.715353340841829777e-03
1.714848680421710014e-03
1.714344252832233906e-03
1.713839010335505009e-03
1.713333884254097939e-03
1.712828292511403561e-03
1.712323050014674664e-03
1.711817225441336632e-03
1.711311284452676773e-03
1.710805110633373260e-03
1.710298936814069748e-03
1.709792530164122581e-03
1.709285774268209934e-03
1.708778785541653633e-03
1.708271796815097332e-03
1.707764458842575550e-03
1.707256655208766460e-03
1.706748967990279198e-03
1.706241047941148281e-03
1.705732778646051884e-03
1.705224043689668179e-03
1.704715308733284473e-03
1.704206224530935287e-03
1.703697256743907928e-03
1.703187590464949608e-03
1.702677574940025806e-03
1.702167559415102005e-03
1.701657078228890896e-03
1.701146480627357960e-03
1.700635300949215889e-03
1.700124354101717472e-03
1.699612592346966267e-03
1.699100714176893234e-03
1.698588603176176548e-03
1.698076026514172554e-03
1.697563333436846733e-03
1.697050058282911777e-03
1.696536201052367687e-03
1.696022460237145424e-03
1.695508137345314026e-03
1.694993814453482628e-03
1.694478793069720268e-03
1.693963422439992428e-03
1.693447702564299107e-03
1.692931517027318478e-03
1.692415098659694195e-03
1.691898331046104431e-03
1.691380864940583706e-03
1.690863282419741154e-03
1.690345001406967640e-03
1.689826603978872299e-03
1.689307624474167824e-03
1.688788062892854214e-03
1.688268268480896950e-03
1.687748008407652378e-03
1.687227049842476845e-03
1.686705974861979485e-03
1.686184317804872990e-03
1.685662078671157360e-03
1.685139490291476250e-03
1.684616319835186005e-03
1.684092683717608452e-03
1.683568581938743591e-03
1.683044014498591423e-03
1.682518981397151947e-03
1.681993133388459682e-03
1.681467052549123764e-03
1.680940040387213230e-03
1.680413028225302696e-03
1.679885084740817547e-03
1.679356792010366917e-03
1.678827684372663498e-03
1.678298227488994598e-03
1.677768188528716564e-03
1.677237101830542088e-03
1.676706131547689438e-03
1.676174113526940346e-03
1.675641629844903946e-03
1.675108564086258411e-03
1.674574683420360088e-03
1.674040453508496284e-03
1.673505408689379692e-03
1.672969665378332138e-03
1.672433456405997276e-03
1.671896316111087799e-03
1.671358710154891014e-03
1.670820405706763268e-03
1.670281635597348213e-03
1.669741584919393063e-03
1.669201417826116085e-03
1.668660319410264492e-03
1.668118522502481937e-03
1.667575794272124767e-03
1.667032833211123943e-03
1.666488591581583023e-03
1.665943884290754795e-03
1.665398594923317432e-03
1.664852374233305454e-03
1.664305338636040688e-03
1.663757720962166786e-03
1.663209288381040096e-03
1.662660040892660618e-03
1.662110094912350178e-03
1.661559334024786949e-03
1.661007525399327278e-03
1.660455134697258472e-03
1.659901812672615051e-03
1.659347675740718842e-03
1.658792840316891670e-03
1.658237306401133537e-03
1.657680724747478962e-03
1.657123328186571598e-03
1.656565116718411446e-03
1.656006090342998505e-03
1.655446249060332775e-03
1.654885243624448776e-03
1.654323539696633816e-03
1.653761137276887894e-03
1.653197803534567356e-03
1.652633422054350376e-03
1.652068342082202435e-03
1.651502447202801704e-03
1.650935388170182705e-03
1.650367514230310917e-03
1.649798941798508167e-03
1.649229205213487148e-03
1.648658537305891514e-03
1.648087170906364918e-03
1.647515106014907360e-03
1.646941993385553360e-03
1.646367483772337437e-03
1.645792392082512379e-03
1.645216369070112705e-03
1.644639531150460243e-03
1.644061645492911339e-03
1.643482944928109646e-03
1.642903313040733337e-03
1.642322749830782413e-03
1.641741138882935047e-03
1.641158713027834892e-03
1.640575355850160122e-03
1.639990950934588909e-03
1.639405614696443081e-03
1.638819696381688118e-03
1.638232613913714886e-03
1.637644367292523384e-03
1.637055538594722748e-03
1.636465778574347496e-03
1.635875087231397629e-03
1.635283464565873146e-03
1.634690910577774048e-03
1.634097658097743988e-03
1.633503125049173832e-03
1.632908009923994541e-03
1.632311963476240635e-03
1.631714869290590286e-03
1.631116843782365322e-03
1.630518585443496704e-03
1.629918813705444336e-03
1.629318459890782833e-03
1.628717174753546715e-03
1.628115074709057808e-03
1.627511926926672459e-03
1.626908313482999802e-03
1.626303652301430702e-03
1.625698292627930641e-03
1.625092350877821445e-03
1.624485012143850327e-03
1.623877324163913727e-03
1.623268937692046165e-03
1.622659852728247643e-03
1.622049720026552677e-03
1.621439121663570404e-03
1.620827824808657169e-03
1.620215596631169319e-03
1.619602786377072334e-03
1.618989394046366215e-03
1.618375186808407307e-03
1.617760513909161091e-03
1.617145142517983913e-03
1.616529072634875774e-03
1.615912653505802155e-03
1.615295652300119400e-03
1.614677603356540203e-03
1.614059670828282833e-03
1.613440690562129021e-03
1.612821361050009727e-03
1.612201449461281300e-03
1.611581421457231045e-03
1.610960578545928001e-03
1.610339502803981304e-03
1.609717961400747299e-03
1.609095954336225986e-03
1.608473830856382847e-03
1.607850892469286919e-03
1.607227954082190990e-03
1.606604782864451408e-03
1.605981029570102692e-03
1.605357392691075802e-03
1.604733057320117950e-03
1.604108605533838272e-03
1.603484153747558594e-03
1.602859352715313435e-03
1.602234435267746449e-03
1.601609401404857635e-03
1.600984367541968822e-03
1.600359100848436356e-03
1.599733717739582062e-03
1.599108334630727768e-03
1.598482951521873474e-03
1.597857451997697353e-03
1.597232068888843060e-03
1.596606802195310593e-03
1.595981651917099953e-03
1.595356385223567486e-03
1.594731351360678673e-03
1.594106666743755341e-03
1.593481749296188354e-03
1.592857181094586849e-03
1.592232845723628998e-03
1.591608859598636627e-03
1.590984989888966084e-03
1.590361353009939194e-03
1.589738065376877785e-03
1.589115126989781857e-03
1.588492654263973236e-03
1.587870414368808270e-03
1.587248523719608784e-03
1.586627331562340260e-03
1.586006372235715389e-03
1.585385762155056000e-03
1.584765850566327572e-03
1.584146404638886452e-03
1.583527307957410812e-03
1.582908793352544308e-03
1.582290977239608765e-03
1.581673626787960529e-03
1.581056974828243256e-03
1.580441021360456944e-03
1.579825649969279766e-03
1.579211093485355377e-03
1.578596769832074642e-03
1.577983610332012177e-03
1.577371149323880672e-03
1.576759153977036476e-03
1.576148089952766895e-03
1.575537724420428276e-03
1.574928290210664272e-03
1.574319670908153057e-03
1.573711982928216457e-03
1.573104993440210819e-03
1.572498702444136143e-03
1.571893575601279736e-03
1.571289147250354290e-03
1.570685766637325287e-03
1.570083433762192726e-03
1.569481915794312954e-03
1.568881445564329624e-03
1.568281673826277256e-03
1.567683182656764984e-03
1.567085622809827328e-03
1.566489110700786114e-03
1.565893413498997688e-03
1.565298764035105705e-03
1.564705511555075645e-03
1.564113073982298374e-03
1.563521567732095718e-03
1.562931458465754986e-03
1.562342396937310696e-03
1.561754266731441021e-03
1.561167300678789616e-03
1.560581498779356480e-03
1.559996861033141613e-03
1.559413387440145016e-03
1.558831078000366688e-03
1.558249816298484802e-03
1.557669718749821186e-03
1.557090901769697666e-03
1.556513132527470589e-03
1.555936643853783607e-03
1.555361319333314896e-03
1.554787042550742626e-03
1.554214279167354107e-03
1.553642796352505684e-03
1.553072128444910049e-03
1.552502857521176338e-03
1.551934867165982723e-03
1.551368040964007378e-03
1.550802262499928474e-03
1.550237881019711494e-03
1.549674780108034611e-03
1.549113076180219650e-03
1.548552536405622959e-03
1.547993160784244537e-03
1.547434832900762558e-03
1.546878134831786156e-03
1.546322484500706196e-03
1.545768114738166332e-03
1.545215025544166565e-03
1.544663100503385067e-03
1.544112572446465492e-03
1.543563208542764187e-03
1.543015125207602978e-03
1.542468438856303692e-03
1.541922800242900848e-03
1.541378442198038101e-03
1.540835481137037277e-03
1.540293567813932896e-03
1.539752935059368610e-03
1.539213699288666248e-03
1.538675744086503983e-03
1.538139069452881813e-03
