5.934511427767574787e-04
5.934471264481544495e-04
5.934432265348732471e-04
5.934392102062702179e-04
5.934351938776671886e-04
5.934312939643859863e-04
5.934271612204611301e-04
5.934232613071799278e-04
5.934192449785768986e-04
5.934152868576347828e-04
5.934112705290317535e-04
5.934072542004287243e-04
5.934032960794866085e-04
5.933992797508835793e-04
5.933954380452632904e-04
5.933914217166602612e-04
5.933874053880572319e-04
5.933833890594542027e-04
5.933794309385120869e-04
5.933754728175699711e-04
5.933715729042887688e-04
5.933675565756857395e-04
5.933635984547436237e-04
5.933596985414624214e-04
5.933557986281812191e-04
5.933518987149000168e-04
5.933478823862969875e-04
5.933438660576939583e-04
5.933400243520736694e-04
5.933360662311315536e-04
5.933321663178503513e-04
5.933282081969082355e-04
5.933243082836270332e-04
5.933203501626849174e-04
5.933163920417428017e-04
5.933125503361225128e-04
5.933086504228413105e-04
5.933046340942382812e-04
5.933007923886179924e-04
5.932968342676758766e-04
5.932928761467337608e-04
5.932890344411134720e-04
5.932850763201713562e-04
5.932812346145510674e-04
5.932772764936089516e-04
5.932733765803277493e-04
5.932694766670465469e-04
5.932656931690871716e-04
5.932617932558059692e-04
5.932578933425247669e-04
5.932539352215826511e-04
5.932501517236232758e-04
5.932462518103420734e-04
5.932423518970608711e-04
5.932385683991014957e-04
5.932346102781593800e-04
5.932306521572172642e-04
5.932268104515969753e-04
5.932230269536375999e-04
5.932190688326954842e-04
5.932151689194142818e-04
5.932114436291158199e-04
5.932075437158346176e-04
5.932036438025534153e-04
5.931998020969331264e-04
5.931959603913128376e-04
5.931921186856925488e-04
5.931882187724113464e-04
5.931843770667910576e-04
5.931805353611707687e-04
5.931766354478895664e-04
5.931729101575911045e-04
5.931689520366489887e-04
5.931652267463505268e-04
5.931613850407302380e-04
5.931574269197881222e-04
5.931537016294896603e-04
5.931498017162084579e-04
5.931460182182490826e-04
5.931422929279506207e-04
5.931383930146694183e-04
5.931346677243709564e-04
5.931307678110897541e-04
5.931269843131303787e-04
5.931232590228319168e-04
5.931194173172116280e-04
5.931155756115913391e-04
5.931117921136319637e-04
5.931079504080116749e-04
5.931042251177132130e-04
5.931003834120929241e-04
5.930966581217944622e-04
5.930928164161741734e-04
5.930890329182147980e-04
5.930851912125945091e-04
5.930814659222960472e-04
5.930776242166757584e-04
5.930737825110554695e-04
5.930700572207570076e-04
5.930663319304585457e-04
5.930626066401600838e-04
5.930587649345397949e-04
5.930549814365804195e-04
5.930511397309601307e-04
5.930474144406616688e-04
5.930436891503632069e-04
5.930399638600647449e-04
5.930361803621053696e-04
5.930323968641459942e-04
5.930286133661866188e-04
5.930248298682272434e-04
5.930211627855896950e-04
5.930174374952912331e-04
5.930136539973318577e-04
5.930098704993724823e-04
5.930061452090740204e-04
5.930024199187755585e-04
5.929986946284770966e-04
5.929949693381786346e-04
5.929912440478801727e-04
5.929875187575817108e-04
5.929837934672832489e-04
5.929800099693238735e-04
5.929763428866863251e-04
5.929726175963878632e-04
5.929687758907675743e-04
5.929650506004691124e-04
5.929613835178315639e-04
5.929577164351940155e-04
5.929540493525564671e-04
5.929503240622580051e-04
5.929465987719595432e-04
5.929429316893219948e-04
5.929392063990235329e-04
5.929354811087250710e-04
5.929316976107656956e-04
5.929281469434499741e-04
5.929243052378296852e-04
5.929206963628530502e-04
5.929169710725545883e-04
5.929132457822561264e-04
5.929095786996185780e-04
5.929059116169810295e-04
5.929021281190216541e-04
5.928985192440450191e-04
5.928948521614074707e-04
5.928911850787699223e-04
5.928874597884714603e-04
5.928837344981729984e-04
5.928801256231963634e-04
5.928764585405588150e-04
5.928727332502603531e-04
5.928690661676228046e-04
5.928653990849852562e-04
5.928617320023477077e-04
5.928580067120492458e-04
5.928543978370726109e-04
5.928507889620959759e-04
5.928470636717975140e-04
5.928434547968208790e-04
5.928397295065224171e-04
5.928360624238848686e-04
5.928324535489082336e-04
5.928287864662706852e-04
5.928252357989549637e-04
5.928215105086565018e-04
5.928178434260189533e-04
5.928142345510423183e-04
5.928106256760656834e-04
5.928070168010890484e-04
5.928032333031296730e-04
5.927997408434748650e-04
5.927960155531764030e-04
5.927924066781997681e-04
5.927887978032231331e-04
5.927851889282464981e-04
5.927815800532698631e-04
5.927778547629714012e-04
5.927743623033165932e-04
5.927706952206790447e-04
5.927670281380414963e-04
5.927634774707257748e-04
5.927598103880882263e-04
5.927562015131115913e-04
5.927524762228131294e-04
5.927489837631583214e-04
5.927453166805207729e-04
5.927417660132050514e-04
5.927382153458893299e-04
5.927345482632517815e-04
5.927309975959360600e-04
5.927273887209594250e-04
5.927237798459827900e-04
5.927202291786670685e-04
5.927166203036904335e-04
5.927129532210528851e-04
5.927094607613980770e-04
5.927057354710996151e-04
5.927021848037838936e-04
5.926986923441290855e-04
5.926950252614915371e-04
5.926914745941758156e-04
5.926878657191991806e-04
5.926842568442225456e-04
5.926807643845677376e-04
5.926772137172520161e-04
5.926736630499362946e-04
5.926700541749596596e-04
5.926664452999830246e-04
5.926628364250063896e-04
5.926594021730124950e-04
5.926557350903749466e-04
5.926521844230592251e-04
5.926486337557435036e-04
5.926450830884277821e-04
5.926414742134511471e-04
5.926380399614572525e-04
5.926344310864806175e-04
5.926308804191648960e-04
5.926273297518491745e-04
5.926237790845334530e-04
5.926202284172177315e-04
5.926166777499020100e-04
5.926131852902472019e-04
5.926095764152705669e-04
5.926060839556157589e-04
5.926025332883000374e-04
5.925989826209843159e-04
5.925954901613295078e-04
5.925919394940137863e-04
5.925883888266980648e-04
5.925848963670432568e-04
5.925813456997275352e-04
5.925778532400727272e-04
5.925742443650960922e-04
5.925708101131021976e-04
5.925673176534473896e-04
5.925637087784707546e-04
5.925602163188159466e-04
5.925567820668220520e-04
5.925532896071672440e-04
5.925496807321906090e-04
5.925460718572139740e-04
5.925426376052200794e-04
5.925391451455652714e-04
5.925355944782495499e-04
5.925321602262556553e-04
5.925287259742617607e-04
5.925251753069460392e-04
5.925216828472912312e-04
5.925181321799755096e-04
5.925146979279816151e-04
5.925112054683268070e-04
5.925076548010110855e-04
5.925041623413562775e-04
5.925006698817014694e-04
5.924971774220466614e-04
5.924937431700527668e-04
5.924901925027370453e-04
5.924867582507431507e-04
5.924831493757665157e-04
5.924797733314335346e-04
5.924762808717787266e-04
5.924727884121239185e-04
5.924692959524691105e-04
5.924659199081361294e-04
5.924624274484813213e-04
5.924589349888265133e-04
5.924554425291717052e-04
5.924519500695168972e-04
5.924485158175230026e-04
5.924450815655291080e-04
5.924415308982133865e-04
5.924380966462194920e-04
5.924347206018865108e-04
5.924312863498926163e-04
5.924277938902378082e-04
5.924243596382439137e-04
5.924208671785891056e-04
5.924173747189342976e-04
5.924138822592794895e-04
5.924104480072855949e-04
5.924070719629526138e-04
5.924036377109587193e-04
5.924001452513039112e-04
5.923967109993100166e-04
5.923932767473161221e-04
5.923899007029831409e-04
5.923864082433283329e-04
5.923830321989953518e-04
5.923794815316796303e-04
5.923760472796857357e-04
5.923727294430136681e-04
5.923692951910197735e-04
5.923658609390258789e-04
5.923624266870319843e-04
5.923589924350380898e-04
5.923555581830441952e-04
5.923521239310503006e-04
5.923487478867173195e-04
5.923453136347234249e-04
5.923418793827295303e-04
5.923384451307356358e-04
5.923350108787417412e-04
5.923316348344087601e-04
5.923281423747539520e-04
5.923247663304209709e-04
5.923215067014098167e-04
5.923180142417550087e-04
5.923145799897611141e-04
5.923112039454281330e-04
5.923078279010951519e-04
5.923043354414403439e-04
5.923009593971073627e-04
5.922975833527743816e-04
5.922941491007804871e-04
5.922907148487865925e-04
5.922873970121145248e-04
5.922840209677815437e-04
5.922805867157876492e-04
5.922771524637937546e-04
5.922738346271216869e-04
5.922704003751277924e-04
5.922669661231338978e-04
5.922635900788009167e-04
5.922602140344679356e-04
5.922569544054567814e-04
5.922534619458019733e-04
5.922501441091299057e-04
5.922467098571360111e-04
5.922433920204639435e-04
5.922399577684700489e-04
5.922366399317979813e-04
5.922332638874650002e-04
5.922298878431320190e-04
5.922264535911381245e-04
5.922231939621269703e-04
5.922197597101330757e-04
5.922164418734610081e-04
5.922130658291280270e-04
5.922096897847950459e-04
5.922063719481229782e-04
5.922029376961290836e-04
5.921996198594570160e-04
5.921963020227849483e-04
5.921928677707910538e-04
5.921894917264580727e-04
5.921862320974469185e-04
5.921827978454530239e-04
5.921794800087809563e-04
5.921760457567870617e-04
5.921727861277759075e-04
5.921694100834429264e-04
5.921662086620926857e-04
5.921628326177597046e-04
5.921594565734267235e-04
5.921561387367546558e-04
5.921527626924216747e-04
5.921494448557496071e-04
5.921461270190775394e-04
5.921427509747445583e-04
5.921394331380724907e-04
5.921361735090613365e-04
5.921327974647283554e-04
5.921295378357172012e-04
5.921261035837233067e-04
5.921227275393903255e-04
5.921194679103791714e-04
5.921161500737071037e-04
5.921127740293741226e-04
5.921095144003629684e-04
5.921061383560299873e-04
5.921028205193579197e-04
5.920995026826858521e-04
5.920961848460137844e-04
5.920928670093417168e-04
5.920896073803305626e-04
5.920862895436584949e-04
5.920829717069864273e-04
5.920796538703143597e-04
5.920763360336422920e-04
5.920730764046311378e-04
5.920697003602981567e-04
5.920663825236260891e-04
5.920631228946149349e-04
5.920598050579428673e-04
5.920565454289317131e-04
5.920532275922596455e-04
5.920499097555875778e-04
5.920466501265764236e-04
5.920433322899043560e-04
5.920400144532322884e-04
5.920367548242211342e-04
5.920334951952099800e-04
5.920301773585379124e-04
5.920269177295267582e-04
5.920235998928546906e-04
5.920203402638435364e-04
5.920170806348323822e-04
5.920137627981603146e-04
5.920105031691491604e-04
5.920071853324770927e-04
5.920039257034659386e-04
5.920006078667938709e-04
5.919972900301218033e-04
5.919940304011106491e-04
5.919907707720994949e-04
5.919876275584101677e-04
5.919841933064162731e-04
5.919809918850660324e-04
5.919776158407330513e-04
5.919744726270437241e-04
5.919710965827107430e-04
5.919678951613605022e-04
5.919646937400102615e-04
5.919614341109991074e-04
5.919581162743270397e-04
5.919547984376549721e-04
5.919515970163047314e-04
5.919483373872935772e-04
5.919450777582824230e-04
5.919418763369321823e-04
5.919386167079210281e-04
5.919353570789098740e-04
5.919320974498987198e-04
5.919288378208875656e-04
5.919255781918764114e-04
5.919223767705261707e-04
5.919191753491759300e-04
5.919159157201647758e-04
5.919126560911536217e-04
5.919093964621424675e-04
5.919061368331313133e-04
5.919029354117810726e-04
5.918996175751090050e-04
5.918964161537587643e-04
5.918932147324085236e-04
5.918898968957364559e-04
5.918866954743862152e-04
5.918834940530359745e-04
5.918802344240248203e-04
5.918769747950136662e-04
5.918738315813243389e-04
5.918705137446522713e-04
5.918672541156411171e-04
5.918641109019517899e-04
5.918608512729406357e-04
5.918576498515903950e-04
5.918544484302401543e-04
5.918511305935680866e-04
5.918479873798787594e-04
5.918448441661894321e-04
5.918415845371782780e-04
5.918383249081671238e-04
5.918351234868168831e-04
5.918319802731275558e-04
5.918286042287945747e-04
5.918254610151052475e-04
5.918222595937550068e-04
5.918189999647438526e-04
5.918157985433936119e-04
5.918126553297042847e-04
5.918094539083540440e-04
5.918061942793428898e-04
5.918028764426708221e-04
5.917997914366424084e-04
5.917965900152921677e-04
5.917933303862810135e-04
5.917902453802525997e-04
5.917870439589023590e-04
5.917837843298912048e-04
5.917806411162018776e-04
5.917773232795298100e-04
5.917742382735013962e-04
5.917710368521511555e-04
5.917678354308009148e-04
5.917646340094506741e-04
5.917614325881004333e-04
5.917582311667501926e-04
5.917550879530608654e-04
5.917518865317106247e-04
5.917487433180212975e-04
5.917455418966710567e-04
5.917423404753208160e-04
5.917391972616314888e-04
5.917359376326203346e-04
5.917329108342528343e-04
5.917297094129025936e-04
5.917265079915523529e-04
5.917233065702021122e-04
5.917201633565127850e-04
5.917169037275016308e-04
5.917137023061513901e-04
5.917105590924620628e-04
5.917074158787727356e-04
5.917042144574224949e-04
5.917010712437331676e-04
5.916979280300438404e-04
5.916946684010326862e-04
5.916914669796824455e-04
