5.840048543177545071e-04
5.840029334649443626e-04
5.840009544044733047e-04
5.839988589286804199e-04
5.839968216605484486e-04
5.839949008077383041e-04
5.839927471242845058e-04
5.839908844791352749e-04
5.839888472110033035e-04
5.839868681505322456e-04
5.839847726747393608e-04
5.839828518219292164e-04
5.839808727614581585e-04
5.839788354933261871e-04
5.839768564328551292e-04
5.839748191647231579e-04
5.839727818965911865e-04
5.839707446284592152e-04
5.839688237756490707e-04
5.839667865075170994e-04
5.839647492393851280e-04
5.839627119712531567e-04
5.839607911184430122e-04
5.839588120579719543e-04
5.839566583745181561e-04
5.839547375217080116e-04
5.839528166688978672e-04
5.839507794007658958e-04
5.839489167556166649e-04
5.839467048645019531e-04
5.839447258040308952e-04
5.839426303282380104e-04
5.839407094754278660e-04
5.839386722072958946e-04
5.839366931468248367e-04
5.839346558786928654e-04
5.839326186105608940e-04
5.839307559654116631e-04
5.839286604896187782e-04
5.839267396368086338e-04
5.839247023686766624e-04
5.839226651005446911e-04
5.839207442477345467e-04
5.839187069796025753e-04
5.839166697114706039e-04
5.839146324433386326e-04
5.839126533828675747e-04
5.839107325300574303e-04
5.839085788466036320e-04
5.839067744091153145e-04
5.839046207256615162e-04
5.839027580805122852e-04
5.839007208123803139e-04
5.838986253365874290e-04
5.838967044837772846e-04
5.838946672156453133e-04
5.838926299475133419e-04
5.838907090947031975e-04
5.838886136189103127e-04
5.838866927661001682e-04
5.838847137056291103e-04
5.838826764374971390e-04
5.838806391693651676e-04
5.838787183165550232e-04
5.838766810484230518e-04
5.838746437802910805e-04
5.838726065121591091e-04
5.838706274516880512e-04
5.838686483912169933e-04
5.838667275384068489e-04
5.838645738549530506e-04
5.838627112098038197e-04
5.838606739416718483e-04
5.838586948812007904e-04
5.838566576130688190e-04
5.838546785525977612e-04
5.838526994921267033e-04
5.838506622239947319e-04
5.838486249558627605e-04
5.838465876877307892e-04
5.838447250425815582e-04
5.838426295667886734e-04
5.838407669216394424e-04
5.838386714458465576e-04
5.838367505930364132e-04
5.838346551172435284e-04
5.838326760567724705e-04
5.838306969963014126e-04
5.838286597281694412e-04
5.838266806676983833e-04
5.838247016072273254e-04
5.838227225467562675e-04
5.838206270709633827e-04
5.838187062181532383e-04
5.838167271576821804e-04
5.838146898895502090e-04
5.838126526214182377e-04
5.838107317686080933e-04
5.838086362928152084e-04
5.838067736476659775e-04
5.838046781718730927e-04
5.838026991114020348e-04
5.838006618432700634e-04
5.837986827827990055e-04
5.837967619299888611e-04
5.837946664541959763e-04
5.837926873937249184e-04
5.837907083332538605e-04
5.837887292727828026e-04
5.837866920046508312e-04
5.837847129441797733e-04
5.837826756760478020e-04
5.837807548232376575e-04
5.837787175551056862e-04
5.837767384946346283e-04
5.837748176418244839e-04
5.837727803736925125e-04
5.837708595208823681e-04
5.837688222527503967e-04
5.837667267769575119e-04
5.837647477164864540e-04
5.837627686560153961e-04
5.837607895955443382e-04
5.837588105350732803e-04
5.837567732669413090e-04
5.837547942064702511e-04
5.837528151459991932e-04
5.837507778778672218e-04
5.837487988173961639e-04
5.837468197569251060e-04
5.837447824887931347e-04
5.837428616359829903e-04
5.837408825755119324e-04
5.837387288920581341e-04
5.837369244545698166e-04
5.837348289787769318e-04
5.837329081259667873e-04
5.837309290654957294e-04
5.837288917973637581e-04
5.837268545292317867e-04
5.837248754687607288e-04
5.837228964082896709e-04
5.837208591401576996e-04
5.837189964950084686e-04
5.837168428115546703e-04
5.837149219587445259e-04
5.837128846906125546e-04
5.837109638378024101e-04
5.837089265696704388e-04
5.837070057168602943e-04
5.837049684487283230e-04
5.837028729729354382e-04
5.837009521201252937e-04
5.836989148519933224e-04
5.836969939991831779e-04
5.836950149387121201e-04
5.836929776705801487e-04
5.836909986101090908e-04
5.836889031343162060e-04
5.836869822815060616e-04
5.836850032210350037e-04
5.836829659529030323e-04
5.836811033077538013e-04
5.836790078319609165e-04
5.836770287714898586e-04
5.836751079186797142e-04
5.836730706505477428e-04
5.836710333824157715e-04
5.836691125296056271e-04
5.836670752614736557e-04
5.836650962010025978e-04
5.836631753481924534e-04
5.836611962877213955e-04
5.836592172272503376e-04
5.836571799591183662e-04
5.836551426909863949e-04
5.836531054228544235e-04
5.836511845700442791e-04
5.836492055095732212e-04
5.836472264491021633e-04
5.836453055962920189e-04
5.836432683281600475e-04
5.836412310600280762e-04
5.836392519995570183e-04
5.836372147314250469e-04
5.836351774632930756e-04
5.836332566104829311e-04
5.836313357576727867e-04
5.836292984895408154e-04
5.836273194290697575e-04
5.836253985762596130e-04
5.836233613081276417e-04
5.836214404553174973e-04
5.836193449795246124e-04
5.836173659190535545e-04
5.836154450662434101e-04
5.836134077981114388e-04
5.836113705299794674e-04
5.836094496771693230e-04
5.836074124090373516e-04
5.836053751409053802e-04
5.836034542880952358e-04
5.836014752276241779e-04
5.835994961671531200e-04
5.835975171066820621e-04
5.835955380462110043e-04
5.835935589857399464e-04
5.835915799252688885e-04
5.835895426571369171e-04
5.835875635966658592e-04
5.835855263285338879e-04
5.835835472680628300e-04
5.835815682075917721e-04
5.835795891471207142e-04
5.835776100866496563e-04
5.835757474415004253e-04
5.835737683810293674e-04
5.835716729052364826e-04
5.835696938447654247e-04
5.835677147842943668e-04
5.835657357238233089e-04
5.835636984556913376e-04
5.835616611875593662e-04
5.835597403347492218e-04
5.835577612742781639e-04
5.835557240061461926e-04
5.835538031533360481e-04
5.835517658852040768e-04
5.835497868247330189e-04
5.835478077642619610e-04
5.835458287037909031e-04
5.835438496433198452e-04
5.835418123751878738e-04
5.835398915223777294e-04
5.835378542542457581e-04
5.835358169861137867e-04
5.835338961333036423e-04
5.835318588651716709e-04
5.835298215970396996e-04
5.835279589518904686e-04
5.835260380990803242e-04
5.835240590386092663e-04
5.835220217704772949e-04
5.835199845023453236e-04
5.835180054418742657e-04
5.835160845890641212e-04
5.835140473209321499e-04
5.835121846757829189e-04
5.835100891999900341e-04
5.835080519318580627e-04
5.835061892867088318e-04
5.835042102262377739e-04
5.835022311657667160e-04
5.835001938976347446e-04
5.834982148371636868e-04
5.834962939843535423e-04
5.834942567162215710e-04
5.834923358634114265e-04
5.834902985952794552e-04
5.834883777424693108e-04
5.834863986819982529e-04
5.834843614138662815e-04
5.834823823533952236e-04
5.834804032929241657e-04
5.834784242324531078e-04
5.834763869643211365e-04
5.834744079038500786e-04
5.834724870510399342e-04
5.834704497829079628e-04
5.834684707224369049e-04
5.834664334543049335e-04
5.834644543938338757e-04
5.834625335410237312e-04
5.834605544805526733e-04
5.834586336277425289e-04
5.834565381519496441e-04
5.834546755068004131e-04
5.834525800310075283e-04
5.834506591781973839e-04
5.834486219100654125e-04
5.834468174725770950e-04
5.834447219967842102e-04
5.834428011439740658e-04
5.834407056681811810e-04
5.834387848153710365e-04
5.834367475472390652e-04
5.834347684867680073e-04
5.834328476339578629e-04
5.834308103658258915e-04
5.834288313053548336e-04
5.834267940372228622e-04
5.834248731844127178e-04
5.834228941239416599e-04
5.834207986481487751e-04
5.834190524183213711e-04
5.834170151501893997e-04
5.834150360897183418e-04
5.834130570292472839e-04
5.834109615534543991e-04
5.834090407006442547e-04
5.834071198478341103e-04
5.834051407873630524e-04
5.834032199345529079e-04
5.834012408740818501e-04
5.833992036059498787e-04
5.833971663378179073e-04
5.833952454850077629e-04
5.833932082168757915e-04
5.833911709487438202e-04
5.833893665112555027e-04
5.833873292431235313e-04
5.833852919749915600e-04
5.833832547068595886e-04
5.833813338540494442e-04
5.833792965859174728e-04
5.833774339407682419e-04
5.833754548802971840e-04
5.833735340274870396e-04
5.833714385516941547e-04
5.833695176988840103e-04
5.833674804307520390e-04
5.833655595779418945e-04
5.833635223098099232e-04
5.833616014569997787e-04
5.833596806041896343e-04
5.833576433360576630e-04
5.833556642755866051e-04
5.833536852151155472e-04
5.833516479469835758e-04
5.833497270941734314e-04
5.833478062413632870e-04
5.833458271808922291e-04
5.833439063280820847e-04
5.833418690599501133e-04
5.833398899994790554e-04
5.833378527313470840e-04
5.833358736708760262e-04
5.833338946104049683e-04
5.833319737575948238e-04
5.833299364894628525e-04
5.833280156366527081e-04
5.833259783685207367e-04
5.833239411003887653e-04
5.833220202475786209e-04
5.833200411871075630e-04
5.833181785419583321e-04
5.833161994814872742e-04
5.833142786286771297e-04
5.833121831528842449e-04
5.833102040924131870e-04
5.833082832396030426e-04
5.833063041791319847e-04
5.833043251186609268e-04
5.833023460581898689e-04
5.833003087900578976e-04
5.832983879372477531e-04
5.832964670844376087e-04
5.832944298163056374e-04
5.832923925481736660e-04
5.832904134877026081e-04
5.832885508425533772e-04
5.832865135744214058e-04
5.832845927216112614e-04
5.832826136611402035e-04
5.832806346006691456e-04
5.832785973325371742e-04
5.832766182720661163e-04
5.832747556269168854e-04
5.832727183587849140e-04
5.832707392983138561e-04
5.832687602378427982e-04
5.832668393850326538e-04
5.832648603245615959e-04
5.832629394717514515e-04
5.832608439959585667e-04
5.832588649354875088e-04
5.832569440826773643e-04
5.832550232298672199e-04
5.832530441693961620e-04
5.832510069012641907e-04
5.832490278407931328e-04
5.832470487803220749e-04
5.832450697198510170e-04
5.832430906593799591e-04
5.832411698065698147e-04
5.832391907460987568e-04
5.832372698932886124e-04
5.832352908328175545e-04
5.832332535646855831e-04
5.832313327118754387e-04
5.832293536514043808e-04
5.832273745909333229e-04
5.832254537381231785e-04
5.832234164699912071e-04
5.832213792018592358e-04
5.832195165567100048e-04
5.832174792885780334e-04
5.832155002281069756e-04
5.832135211676359177e-04
5.832115421071648598e-04
5.832096212543547153e-04
5.832076421938836575e-04
5.832056631334125996e-04
5.832037422806024551e-04
5.832016468048095703e-04
5.831996677443385124e-04
5.831978050991892815e-04
5.831958260387182236e-04
5.831938469782471657e-04
5.831918679177761078e-04
5.831898888573050499e-04
5.831879680044949055e-04
5.831859889440238476e-04
5.831840098835527897e-04
5.831819726154208183e-04
5.831801099702715874e-04
5.831780727021396160e-04
5.831760354340076447e-04
5.831741727888584137e-04
5.831721355207264423e-04
5.831702146679162979e-04
5.831682938151061535e-04
5.831663147546350956e-04
5.831643356941640377e-04
5.831622984260320663e-04
5.831604357808828354e-04
5.831585149280726910e-04
5.831565358676016331e-04
5.831544403918087482e-04
5.831524613313376904e-04
5.831505986861884594e-04
5.831485614180564880e-04
5.831466405652463436e-04
5.831446615047752857e-04
5.831426242366433144e-04
5.831407615914940834e-04
5.831387243233621120e-04
5.831368034705519676e-04
5.831348244100809097e-04
5.831327871419489384e-04
5.831308662891387939e-04
5.831288290210068226e-04
5.831269081681966782e-04
5.831248709000647068e-04
5.831230082549154758e-04
5.831210874021053314e-04
5.831190501339733601e-04
5.831170710735023022e-04
5.831150338053703308e-04
5.831131129525601864e-04
5.831112503074109554e-04
5.831092130392789841e-04
5.831072921864688396e-04
5.831052549183368683e-04
5.831033922731876373e-04
5.831014132127165794e-04
5.830993759445846081e-04
5.830973968841135502e-04
5.830954760313034058e-04
5.830934969708323479e-04
5.830915179103612900e-04
5.830895970575511456e-04
5.830875597894191742e-04
5.830856389366090298e-04
5.830836016684770584e-04
5.830816808156669140e-04
5.830797599628567696e-04
5.830777809023857117e-04
5.830758018419146538e-04
5.830738809891045094e-04
5.830718437209725380e-04
5.830699228681623936e-04
5.830680020153522491e-04
5.830660229548811913e-04
5.830640438944101334e-04
5.830620648339390755e-04
5.830601439811289310e-04
5.830580485053360462e-04
5.830561858601868153e-04
5.830542067997157574e-04
5.830522277392446995e-04
5.830502486787736416e-04
5.830482114106416702e-04
5.830462905578315258e-04
5.830444279126822948e-04
5.830424488522112370e-04
5.830404697917401791e-04
5.830384907312691212e-04
5.830365116707980633e-04
5.830345908179879189e-04
5.830326699651777744e-04
5.830306326970458031e-04
5.830286536365747452e-04
5.830266745761036873e-04
5.830248119309544563e-04
5.830228910781443119e-04
5.830207956023514271e-04
5.830188747495412827e-04
5.830168956890702248e-04
5.830150330439209938e-04
