5.012420006096363068e-04
5.012179608456790447e-04
5.011938046663999557e-04
5.011696484871208668e-04
5.011454341001808643e-04
5.011210450902581215e-04
5.010967142879962921e-04
5.010722670704126358e-04
5.010478198528289795e-04
5.010231980122625828e-04
5.009985761716961861e-04
5.009739543311297894e-04
5.009491578675806522e-04
5.009243031963706017e-04
5.008993903174996376e-04
5.008745356462895870e-04
5.008495063520967960e-04
5.008243606425821781e-04
5.007991567254066467e-04
5.007739528082311153e-04
5.007486324757337570e-04
5.007233121432363987e-04
5.006978753954172134e-04
5.006722640246152878e-04
5.006467108614742756e-04
5.006210994906723499e-04
5.005953134968876839e-04
5.005694692954421043e-04
5.005436250939965248e-04
5.005176644772291183e-04
5.004917038604617119e-04
5.004655104130506516e-04
5.004394333809614182e-04
5.004130653105676174e-04
5.003866972401738167e-04
5.003602709621191025e-04
5.003337864764034748e-04
5.003072437830269337e-04
5.002805264666676521e-04
5.002538091503083706e-04
5.002269754186272621e-04
5.002000834792852402e-04
5.001730169169604778e-04
5.001460085622966290e-04
5.001187673769891262e-04
5.000915261916816235e-04
5.000642267987132072e-04
5.000366945751011372e-04
5.000092787668108940e-04
4.999816883355379105e-04
4.999539814889431000e-04
4.999261582270264626e-04
4.998982767574489117e-04
4.998703370802104473e-04
4.998422809876501560e-04
4.998141084797680378e-04
4.997858777642250061e-04
4.997574724256992340e-04
4.997291252948343754e-04
4.997006035409867764e-04
4.996719071641564369e-04
4.996432107873260975e-04
4.996143979951739311e-04
4.995854687876999378e-04
4.995564231649041176e-04
4.995272611267864704e-04
4.994980408810079098e-04
4.994686460122466087e-04
4.994392511434853077e-04
4.994097980670630932e-04
4.993801121599972248e-04
4.993503098376095295e-04
4.993205075152218342e-04
4.992904723621904850e-04
4.992603790014982224e-04
4.992301110178232193e-04
4.991998430341482162e-04
4.991693422198295593e-04
4.991388996131718159e-04
4.991082823835313320e-04
4.990774905309081078e-04
4.990465822629630566e-04
4.990154993720352650e-04
4.989843582734465599e-04
4.989532171748578548e-04
4.989217850379645824e-04
4.988902364857494831e-04
4.988587461411952972e-04
4.988269065506756306e-04
4.987951251678168774e-04
4.987630527466535568e-04
4.987310385331511497e-04
4.986987332813441753e-04
4.986663116142153740e-04
4.986338899470865726e-04
4.986011772416532040e-04
4.985683481208980083e-04
4.985354607924818993e-04
4.985023406334221363e-04
4.984691622667014599e-04
4.984358674846589565e-04
4.984023398719727993e-04
4.983687540516257286e-04
4.983349354006350040e-04
4.983010585419833660e-04
4.982670070603489876e-04
4.982327809557318687e-04
4.981984384357929230e-04
4.981639212928712368e-04
4.981292877346277237e-04
4.980944795534014702e-04
4.980594385415315628e-04
4.980243975296616554e-04
4.979890072718262672e-04
4.979536752216517925e-04
4.979180521331727505e-04
4.978821962140500546e-04
4.978463402949273586e-04
4.978102515451610088e-04
4.977739299647510052e-04
4.977375501766800880e-04
4.977009375579655170e-04
4.976640921086072922e-04
4.976271884515881538e-04
4.975900519639253616e-04
4.975527408532798290e-04
4.975150804966688156e-04
4.974774783477187157e-04
4.974396433681249619e-04
4.974016337655484676e-04
4.973633331246674061e-04
4.973249160684645176e-04
4.972862661816179752e-04
4.972474998794496059e-04
4.972084425389766693e-04
4.971693269908428192e-04
4.971299204044044018e-04
4.970902809873223305e-04
4.970505251549184322e-04
4.970105364918708801e-04
4.969703149981796741e-04
4.969298606738448143e-04
4.968891153112053871e-04
4.968483117409050465e-04
4.968072171323001385e-04
4.967659479007124901e-04
4.967244458384811878e-04
4.966827109456062317e-04
4.966407432220876217e-04
4.965986008755862713e-04
4.965561674907803535e-04
4.965134430676698685e-04
4.964705440215766430e-04
4.964274703525006771e-04
4.963841638527810574e-04
4.963404498994350433e-04
4.962966195307672024e-04
4.962525563314557076e-04
4.962082020938396454e-04
4.961636150255799294e-04
4.961186205036938190e-04
4.960735095664858818e-04
4.960281075909733772e-04
4.959825309924781322e-04
4.959366051480174065e-04
4.958903882652521133e-04
4.958438803441822529e-04
4.957970813848078251e-04
4.957501078024506569e-04
4.957027267664670944e-04
4.956552293151617050e-04
4.956072079949080944e-04
4.955590702593326569e-04
4.955106414854526520e-04
4.954618634656071663e-04
4.954127944074571133e-04
4.953633761033415794e-04
4.953136667609214783e-04
4.952636663801968098e-04
4.952132585458457470e-04
4.951626760885119438e-04
4.951116861775517464e-04
4.950604052282869816e-04
4.950087750330567360e-04
4.949567955918610096e-04
4.949045251123607159e-04
4.948518471792340279e-04
4.947988200001418591e-04
4.947455599904060364e-04
4.946917761117219925e-04
4.946377594023942947e-04
4.945833934471011162e-04
4.945285618305206299e-04
4.944733809679746628e-04
4.944177926518023014e-04
4.943618550896644592e-04
4.943055682815611362e-04
4.942489904351532459e-04
4.941917723044753075e-04
4.941343213431537151e-04
4.940763465128839016e-04
4.940181388519704342e-04
4.939594655297696590e-04
4.939003265462815762e-04
4.938407219015061855e-04
4.937807680107653141e-04
4.937203484587371349e-04
4.936595214530825615e-04
4.935981123708188534e-04
4.935364122502505779e-04
4.934743046760559082e-04
4.934116150252521038e-04
4.933485179208219051e-04
4.932848969474434853e-04
4.932208685204386711e-04
4.931563162244856358e-04
4.930912400595843792e-04
4.930256982333958149e-04
4.929597489535808563e-04
4.928932175971567631e-04
4.928261623717844486e-04
4.927585832774639130e-04
4.926904221065342426e-04
4.926219116896390915e-04
4.925527027808129787e-04
4.924831446260213852e-04
4.924128297716379166e-04
4.923420492559671402e-04
4.922706284560263157e-04
4.921986837871372700e-04
4.921261570416390896e-04
4.920531064271926880e-04
4.919794155284762383e-04
4.919050261378288269e-04
4.918302292935550213e-04
4.917546175420284271e-04
4.916785983368754387e-04
4.916018224321305752e-04
4.915243480354547501e-04
4.914464079774916172e-04
4.913677112199366093e-04
4.912883741781115532e-04
4.912083386443555355e-04
4.911276628263294697e-04
4.910462885163724422e-04
4.909641575068235397e-04
4.908813280053436756e-04
4.907978582195937634e-04
4.907136899419128895e-04
4.906287067569792271e-04
4.905430250801146030e-04
4.904567031189799309e-04
4.903695662505924702e-04
4.902816144749522209e-04
4.901929059997200966e-04
4.901033826172351837e-04
4.900131025351583958e-04
4.899220657534897327e-04
4.898301558569073677e-04
4.897373728454113007e-04
4.896438913419842720e-04
4.895494203083217144e-04
4.894542507827281952e-04
4.893581499345600605e-04
4.892611759714782238e-04
4.891632706858217716e-04
4.890645504929125309e-04
4.889647825621068478e-04
4.888641997240483761e-04
4.887626855634152889e-04
4.886602400802075863e-04
4.885569214820861816e-04
4.884525551460683346e-04
4.883471992798149586e-04
4.882409120909869671e-04
4.881335771642625332e-04
4.880252818111330271e-04
4.879159096162766218e-04
4.878055187873542309e-04
4.876942257396876812e-04
4.875816230196505785e-04
4.874680889770388603e-04
4.873536236118525267e-04
4.872378485742956400e-04
4.871210549026727676e-04
4.870031843893229961e-04
4.868841788265854120e-04
4.867640382144600153e-04
4.866426461376249790e-04
4.865200899075716734e-04
4.863964568357914686e-04
4.862716305069625378e-04
4.861454945057630539e-04
4.860182816628366709e-04
4.858897591475397348e-04
4.857600142713636160e-04
4.856289306189864874e-04
4.854967119172215462e-04
4.853631835430860519e-04
4.852283454965800047e-04
4.850921686738729477e-04
4.849547403864562511e-04
4.848158278036862612e-04
4.846756928600370884e-04
4.845342191401869059e-04
4.843913484364748001e-04
4.842471098527312279e-04
4.841014451812952757e-04
4.839544417336583138e-04
4.838060413021594286e-04
4.836560110561549664e-04
4.835047584492713213e-04
4.833519924432039261e-04
4.831977421417832375e-04
4.830419202335178852e-04
4.828847304452210665e-04
4.827259399462491274e-04
4.825657815672457218e-04
4.824039351660758257e-04
4.822407208848744631e-04
4.820758476853370667e-04
4.819093737751245499e-04
4.817414155695587397e-04
4.815719148609787226e-04
4.814007261302322149e-04
4.812281113117933273e-04
4.810537793673574924e-04
4.808778758160769939e-04
4.807003424502909184e-04
4.805210628546774387e-04
4.803403862752020359e-04
4.801579925697296858e-04
4.799738526344299316e-04
4.797881701961159706e-04
4.796007124241441488e-04
4.794117412529885769e-04
4.792209074366837740e-04
4.790285602211952209e-04
4.788345249835401773e-04
4.786387435160577297e-04
4.784413904417306185e-04
4.782423493452370167e-04
4.780415911227464676e-04
4.778390866704285145e-04
4.776350397150963545e-04
4.774292465299367905e-04
4.772216780111193657e-04
4.770126251969486475e-04
4.768018261529505253e-04
4.765893099829554558e-04
4.763751931022852659e-04
4.761594173032790422e-04
4.759419825859367847e-04
4.757228016387671232e-04
4.755021946039050817e-04
4.752798413392156363e-04
4.750558873638510704e-04
4.748303908854722977e-04
4.746032645925879478e-04
4.743745666928589344e-04
4.741442098747938871e-04
4.739124851766973734e-04
4.736791015602648258e-04
4.734441754408180714e-04
4.732078523375093937e-04
4.729699576273560524e-04
4.727305786218494177e-04
4.724898317363113165e-04
4.722476587630808353e-04
4.720040305983275175e-04
4.717590927612036467e-04
4.715127579402178526e-04
4.712650843430310488e-04
4.710159846581518650e-04
4.707658372353762388e-04
4.705142928287386894e-04
4.702615842688828707e-04
4.700075078289955854e-04
4.697523545473814011e-04
4.694961535278707743e-04
4.692387592513114214e-04
4.689802590291947126e-04
4.687208274845033884e-04
4.684601735789328814e-04
4.681986465584486723e-04
4.679362755268812180e-04
4.676728276535868645e-04
4.674084775615483522e-04
4.671434289775788784e-04
4.668775654863566160e-04
4.666107706725597382e-04
4.663433064706623554e-04
4.660750855691730976e-04
4.658061952795833349e-04
4.655366938095539808e-04
4.652666102629154921e-04
4.649960028473287821e-04
4.647248715627938509e-04
4.644530708901584148e-04
4.641810082830488682e-04
4.639084218069911003e-04
4.636355442926287651e-04
4.633622302208095789e-04
4.630887124221771955e-04
4.628148162737488747e-04
4.625407163985073566e-04
4.622665292117744684e-04
4.619920800905674696e-04
4.617175145540386438e-04
4.614428034983575344e-04
4.611681506503373384e-04
4.608934978023171425e-04
4.606187867466360331e-04
4.603441338986158371e-04
4.600695683620870113e-04
4.597951483447104692e-04
4.595208156388252974e-04
4.592467448674142361e-04
4.589727905113250017e-04
4.586991271935403347e-04
4.584257549140602350e-04
4.581527318805456161e-04
4.578800289891660213e-04
4.576076462399214506e-04
4.573356709443032742e-04
4.570641613099724054e-04
4.567930591292679310e-04
4.565223644021898508e-04
4.562523390632122755e-04
4.559826920740306377e-04
4.557137144729495049e-04
4.554452025331556797e-04
4.551773599814623594e-04
4.549100995063781738e-04
4.546435375232249498e-04
4.543776158243417740e-04
4.541123926173895597e-04
4.538477805908769369e-04
4.535840416792780161e-04
4.533210885711014271e-04
4.530588048510253429e-04
4.527973651420325041e-04
4.525366821326315403e-04
4.522768431343138218e-04
4.520179645624011755e-04
4.517598135862499475e-04
4.515025066211819649e-04
4.512462473940104246e-04
4.509908321779221296e-04
4.507363191805779934e-04
4.504827375058084726e-04
4.502302035689353943e-04
4.499786300584673882e-04
4.497279296629130840e-04
4.494783061090856791e-04
4.492297302931547165e-04
4.489820566959679127e-04
4.487354890443384647e-04
4.484899400267750025e-04
4.482453805394470692e-04
4.480020143091678619e-04
4.477595794014632702e-04
4.475183377508074045e-04
4.472781147342175245e-04
4.470389976631850004e-04
4.468010447453707457e-04
4.465640522539615631e-04
4.463282530196011066e-04
4.460936470422893763e-04
4.458600596990436316e-04
4.456276365090161562e-04
4.453964356798678637e-04
4.451662534847855568e-04
4.449373809620738029e-04
4.447095270734280348e-04
4.444828082341700792e-04
4.442573990672826767e-04
4.440330958459526300e-04
4.438099276740103960e-04
4.435878654476255178e-04
4.433671128936111927e-04
4.431474662851542234e-04
4.429290420375764370e-04
4.427117819432169199e-04
4.424957151059061289e-04
4.422807833179831505e-04
4.420671320986002684e-04
4.418545868247747421e-04
4.416431766003370285e-04
4.414329596329480410e-04
4.412239941302686930e-04
4.410161927808076143e-04
4.408095846883952618e-04
4.406041698530316353e-04
4.403999773785471916e-04
4.401968035381287336e-04
4.399948520585894585e-04
4.397941520437598228e-04
4.395946161821484566e-04
4.393962444737553596e-04
