2.742944052442908287e-03
2.741841832175850868e-03
2.740740077570080757e-03
2.739638788625597954e-03
2.738538663834333420e-03
2.737438539043068886e-03
2.736339578405022621e-03
2.735241549089550972e-03
2.734143752604722977e-03
2.733047120273113251e-03
2.731950720772147179e-03
2.730855252593755722e-03
2.729760250076651573e-03
2.728666178882122040e-03
2.727572340518236160e-03
2.726479899138212204e-03
2.725387690588831902e-03
2.724296413362026215e-03
2.723205601796507835e-03
2.722115488722920418e-03
2.721026074141263962e-03
2.719937125220894814e-03
2.718849340453743935e-03
2.717761555686593056e-03
2.716674935072660446e-03
2.715589012950658798e-03
2.714503556489944458e-03
2.713419031351804733e-03
2.712334739044308662e-03
2.711250912398099899e-03
2.710168249905109406e-03
2.709086053073406219e-03
2.708004787564277649e-03
2.706923754885792732e-03
2.705843653529882431e-03
2.704764017835259438e-03
2.703685080632567406e-03
2.702607074752449989e-03
2.701528836041688919e-03
2.700451994314789772e-03
2.699375851079821587e-03
2.698299707844853401e-03
2.697224728763103485e-03
2.696149982511997223e-03
2.695076633244752884e-03
2.694003051146864891e-03
2.692930167540907860e-03
2.691858215257525444e-03
2.690786961466073990e-03
2.689715707674622536e-03
2.688645850867033005e-03
2.687575994059443474e-03
2.686507301405072212e-03
2.685438841581344604e-03
2.684371080249547958e-03
2.683303784579038620e-03
2.682237187400460243e-03
2.681171055883169174e-03
2.680106088519096375e-03
2.679040655493736267e-03
2.677976619452238083e-03
2.676912816241383553e-03
2.675850177183747292e-03
2.674787305295467377e-03
2.673725597560405731e-03
2.672664122655987740e-03
2.671603346243500710e-03
2.670542802661657333e-03
2.669483656063675880e-03
2.668424509465694427e-03
2.667366061359643936e-03
2.666307846084237099e-03
2.665250794962048531e-03
2.664193743839859962e-03
2.663137624040246010e-03
2.662081969901919365e-03
2.661026781424880028e-03
2.659972058609127998e-03
2.658917801454663277e-03
2.657864475622773170e-03
2.656811615452170372e-03
2.655758755281567574e-03
2.654707059264183044e-03
2.653655596077442169e-03
2.652604598551988602e-03
2.651554532349109650e-03
2.650504466146230698e-03
2.649455564096570015e-03
2.648406894877552986e-03
2.647358225658535957e-03
2.646310720592737198e-03
2.645263215526938438e-03
2.644216641783714294e-03
2.643170533701777458e-03
2.642124658450484276e-03
2.641079481691122055e-03
2.640034537762403488e-03
2.638990292325615883e-03
2.637946745380759239e-03
2.636903664097189903e-03
2.635860815644264221e-03
2.634818432852625847e-03
2.633776515722274780e-03
2.632735529914498329e-03
2.631694544106721878e-03
2.630654256790876389e-03
2.629614435136318207e-03
2.628574846312403679e-03
2.627535955980420113e-03
2.626497531309723854e-03
2.625459572300314903e-03
2.624422078952193260e-03
2.623385051265358925e-03
2.622348256409168243e-03
2.621311927214264870e-03
2.620276296511292458e-03
2.619240898638963699e-03
2.618205733597278595e-03
2.617171732708811760e-03
2.616137498989701271e-03
2.615104196593165398e-03
2.614070894196629524e-03
2.613038290292024612e-03
2.612005919218063354e-03
2.610974013805389404e-03
2.609942574054002762e-03
2.608911832794547081e-03
2.607881091535091400e-03
2.606850583106279373e-03
2.605821238830685616e-03
2.604791661724448204e-03
2.603762783110141754e-03
2.602733904495835304e-03
2.601705724373459816e-03
2.600678009912371635e-03
2.599650528281927109e-03
2.598623745143413544e-03
2.597596729174256325e-03
2.596570411697030067e-03
2.595544327050447464e-03
2.594518940895795822e-03
2.593493787571787834e-03
2.592469099909067154e-03
2.591444877907633781e-03
2.590420423075556755e-03
2.589396666735410690e-03
2.588373608887195587e-03
2.587350551038980484e-03
2.586327726021409035e-03
2.585305366665124893e-03
2.584283472970128059e-03
2.583261812105774879e-03
2.582240384072065353e-03
2.581219421699643135e-03
2.580198924988508224e-03
2.579178661108016968e-03
2.578158630058169365e-03
2.577138831838965416e-03
2.576119499281048775e-03
2.575100632384419441e-03
2.574081532657146454e-03
2.573062898591160774e-03
2.572044963017106056e-03
2.571027260273694992e-03
2.570009557530283928e-03
2.568992320448160172e-03
2.567975549027323723e-03
2.566958777606487274e-03
2.565942471846938133e-03
2.564926398918032646e-03
2.563910325989127159e-03
2.562894951552152634e-03
2.561879577115178108e-03
2.560864668339490891e-03
2.559849759563803673e-03
2.558835316449403763e-03
2.557821106165647507e-03
2.556807128712534904e-03
2.555793384090065956e-03
2.554780105128884315e-03
2.553766826167702675e-03
2.552753547206521034e-03
2.551740733906626701e-03
2.550728386268019676e-03
2.549715805798768997e-03
2.548703690990805626e-03
2.547691809013485909e-03
2.546680159866809845e-03
2.545668976381421089e-03
2.544657792896032333e-03
2.543646609410643578e-03
2.542635891586542130e-03
2.541625406593084335e-03
2.540615154430270195e-03
2.539604669436812401e-03
2.538594650104641914e-03
2.537585562095046043e-03
2.536575542762875557e-03
2.535566221922636032e-03
2.534556668251752853e-03
2.533547580242156982e-03
2.532538725063204765e-03
2.531530102714896202e-03
2.530521713197231293e-03
2.529513090848922729e-03
2.528504701331257820e-03
2.527497010305523872e-03
2.526489319279789925e-03
2.525481395423412323e-03
2.524473471567034721e-03
2.523466013371944427e-03
2.522458788007497787e-03
2.521452028304338455e-03
2.520444802939891815e-03
2.519438043236732483e-03
2.518431050702929497e-03
2.517424756661057472e-03
2.516417996957898140e-03
2.515411702916026115e-03
2.514405408874154091e-03
2.513399114832282066e-03
2.512393286451697350e-03
2.511387458071112633e-03
2.510381629690527916e-03
2.509376034140586853e-03
2.508370671421289444e-03
2.507365308701992035e-03
2.506359945982694626e-03
2.505354350432753563e-03
2.504349220544099808e-03
2.503344323486089706e-03
2.502339193597435951e-03
2.501334296539425850e-03
2.500329632312059402e-03
2.499324735254049301e-03
2.498320303857326508e-03
2.497315406799316406e-03
2.496311208233237267e-03
2.495306776836514473e-03
2.494302345439791679e-03
2.493298146873712540e-03
2.492293948307633400e-03
2.491289749741554260e-03
2.490285784006118774e-03
2.489281818270683289e-03
2.488278085365891457e-03
2.487274119630455971e-03
2.486270386725664139e-03
2.485266653820872307e-03
2.484262920916080475e-03
2.483259420841932297e-03
2.482255687937140465e-03
2.481252187862992287e-03
2.480248687788844109e-03
2.479245420545339584e-03
2.478241920471191406e-03
2.477238653227686882e-03
2.476235618814826012e-03
2.475232118740677834e-03
2.474229084327816963e-03
2.473225817084312439e-03
2.472223015502095222e-03
2.471219748258590698e-03
2.470216713845729828e-03
2.469213912263512611e-03
2.468211110681295395e-03
2.467208076268434525e-03
2.466205274686217308e-03
2.465202473104000092e-03
2.464199904352426529e-03
2.463197335600852966e-03
2.462194534018635750e-03
2.461192430928349495e-03
2.460189396515488625e-03
2.459186827763915062e-03
2.458184724673628807e-03
2.457182155922055244e-03
2.456179820001125336e-03
2.455177484080195427e-03
2.454175380989909172e-03
2.453173045068979263e-03
2.452170941978693008e-03
2.451168838888406754e-03
2.450166968628764153e-03
2.449164865538477898e-03
2.448162995278835297e-03
2.447161125019192696e-03
2.446159487590193748e-03
2.445157384499907494e-03
2.444155979901552200e-03
2.443154342472553253e-03
2.442152705043554306e-03
2.441151533275842667e-03
2.440150361508131027e-03
2.439148956909775734e-03
2.438147785142064095e-03
2.437146613374352455e-03
2.436145674437284470e-03
2.435144502669572830e-03
2.434143563732504845e-03
2.433143090456724167e-03
2.432142384350299835e-03
2.431141911074519157e-03
2.430141437798738480e-03
2.429141197353601456e-03
2.428140724077820778e-03
2.427140716463327408e-03
2.426140708848834038e-03
2.425140934064984322e-03
2.424141392111778259e-03
2.423141850158572197e-03
2.422142308205366135e-03
2.421143231913447380e-03
2.420144155621528625e-03
2.419145312160253525e-03
2.418146235868334770e-03
2.417147392407059669e-03
2.416149247437715530e-03
2.415150869637727737e-03
2.414152724668383598e-03
2.413155045360326767e-03
2.412157366052269936e-03
2.411159453913569450e-03
2.410162240266799927e-03
2.409165259450674057e-03
2.408168511465191841e-03
2.407171996310353279e-03
2.406175481155514717e-03
2.405178966000676155e-03
2.404183149337768555e-03
2.403187565505504608e-03
2.402192214503884315e-03
2.401196863502264023e-03
2.400201745331287384e-03
2.399207791313529015e-03
2.398213138803839684e-03
2.397219184786081314e-03
2.396225463598966599e-03
2.395231975242495537e-03
2.394238719716668129e-03
2.393245929852128029e-03
2.392253372818231583e-03
2.391261281445622444e-03
2.390269655734300613e-03
2.389278262853622437e-03
2.388286869972944260e-03
2.387296408414840698e-03
2.386305946856737137e-03
2.385315950959920883e-03
2.384326653555035591e-03
2.383337123319506645e-03
2.382348291575908661e-03
2.381359925493597984e-03
2.380372257903218269e-03
2.379384590312838554e-03
2.378397621214389801e-03
2.377410884946584702e-03
2.376424614340066910e-03
2.375439275056123734e-03
2.374453702941536903e-03
2.373469062149524689e-03
2.372484654188156128e-03
2.371500944718718529e-03
2.370517700910568237e-03
2.369534922763705254e-03
2.368552843108773232e-03
2.367570763453841209e-03
2.366589847952127457e-03
2.365609398111701012e-03
2.364628948271274567e-03
2.363649662584066391e-03
2.362670842558145523e-03
2.361692488193511963e-03
2.360714832320809364e-03
2.359737409278750420e-03
2.358760917559266090e-03
2.357785124331712723e-03
2.356809796765446663e-03
2.355835400521755219e-03
2.354861004278063774e-03
2.353887772187590599e-03
2.352915238589048386e-03
2.351942937821149826e-03
2.350971801206469536e-03
2.350000664591789246e-03
2.349030924960970879e-03
2.348061650991439819e-03
2.347093075513839722e-03
2.346124965697526932e-03
2.345157787203788757e-03
2.344191307201981544e-03
2.343225758522748947e-03
2.342260675504803658e-03
2.341296523809432983e-03
2.340333303436636925e-03
2.339370548725128174e-03
2.338408725336194038e-03
2.337447367608547211e-03
2.336487174034118652e-03
2.335527678951621056e-03
2.334568882361054420e-03
2.333611017093062401e-03
2.332653850317001343e-03
2.331697382032871246e-03
2.330742310732603073e-03
2.329787705093622208e-03
2.328833565115928650e-03
2.327880822122097015e-03
2.326928777620196342e-03
2.325977431610226631e-03
2.325027482584118843e-03
2.324077999219298363e-03
2.323129214346408844e-03
2.322181826457381248e-03
2.321234438568353653e-03
2.320289146155118942e-03
2.319343853741884232e-03
2.318399958312511444e-03
2.317456761375069618e-03
2.316514495760202408e-03
2.315573161467909813e-03
2.314632991328835487e-03
2.313693519681692123e-03
2.312754979357123375e-03
2.311817603185772896e-03
2.310881158336997032e-03
2.309945411980152130e-03
2.309010596945881844e-03
2.308076946064829826e-03
2.307144459336996078e-03
2.306212903931736946e-03
2.305282047018408775e-03
2.304352121427655220e-03
2.303423359990119934e-03
2.302495762705802917e-03
2.301569096744060516e-03
2.300643129274249077e-03
2.299718093127012253e-03
2.298794453963637352e-03
2.297871513292193413e-03
2.296949969604611397e-03
2.296029357239603996e-03
2.295109443366527557e-03
2.294190693646669388e-03
2.293273340910673141e-03
2.292356453835964203e-03
2.291440963745117188e-03
2.290526404976844788e-03
2.289613010361790657e-03
2.288700081408023834e-03
2.287789015099406242e-03
2.286878647282719612e-03
2.285968977957963943e-03
2.285061171278357506e-03
2.284153597429394722e-03
2.283247420564293861e-03
2.282342407852411270e-03
2.281438093632459641e-03
2.280535176396369934e-03
2.279633190482854843e-03
2.278732601553201675e-03
2.277832711115479469e-03
2.276933752000331879e-03
2.276035957038402557e-03
2.275139093399047852e-03
2.274243626743555069e-03
2.273349091410636902e-03
2.272455487400293350e-03
2.271563047543168068e-03
2.270671771839261055e-03
2.269781427457928658e-03
2.268892247229814529e-03
2.268003998324275017e-03
2.267116913571953773e-03
2.266230760142207146e-03
2.265345770865678787e-03
2.264462178573012352e-03
2.263579517602920532e-03
2.262697555124759674e-03
2.261816989630460739e-03
2.260937355458736420e-03
2.260058885440230370e-03
2.259181113913655281e-03
2.258304972201585770e-03
2.257429994642734528e-03
2.256555482745170593e-03
2.255682135000824928e-03
2.254809951409697533e-03
2.253938931971788406e-03
2.253068843856453896e-03
2.252200152724981308e-03
2.251331927254796028e-03
2.250465098768472672e-03
2.249599434435367584e-03
2.248734934255480766e-03
2.247871132567524910e-03
2.247008495032787323e-03
2.246147254481911659e-03
2.245286479592323303e-03
2.244427101686596870e-03
