-6.727240681648254395e-01
-9.418978095054626465e-01
-4.920510947704315186e-01
-6.122377514839172363e-01
-5.139741897583007812e-01
-7.062847018241882324e-01
-4.440728425979614258e-01
-4.707476496696472168e-01
-5.216161012649536133e-01
-8.980022668838500977e-01
-5.084092617034912109e-01
-6.769589185714721680e-01
-3.479899466037750244e-01
-5.509121417999267578e-01
-7.170400619506835938e-01
-6.889513134956359863e-01
-7.187358736991882324e-01
-5.836941599845886230e-01
-1.450639963150024414e-01
-5.300542712211608887e-01
-3.615577220916748047e-01
-6.871895790100097656e-01
-8.338344693183898926e-01
-5.887591838836669922e-01
-2.655861377716064453e-01
-5.116719007492065430e-01
-2.721852958202362061e-01
-6.037364602088928223e-01
-3.874902427196502686e-01
-4.168794751167297363e-01
-5.163307785987854004e-01
-6.960536241531372070e-01
-6.859264969825744629e-01
-4.075301885604858398e-01
-2.791360914707183838e-01
-3.164938986301422119e-01
-5.434928536415100098e-01
-7.937327027320861816e-01
-7.700213789939880371e-01
-5.458853840827941895e-01
-5.645618438720703125e-01
-4.205366373062133789e-01
-3.001260757446289062e-01
-2.377430051565170288e-01
-1.464427262544631958e-01
-6.405290961265563965e-01
-1.855187416076660156e-01
-4.291740655899047852e-01
-7.437524795532226562e-01
-6.657496094703674316e-01
-6.418636441230773926e-01
-5.425239205360412598e-01
-6.751053929328918457e-01
-4.899944365024566650e-01
-4.872991740703582764e-01
-3.337606787681579590e-01
-4.251563549041748047e-01
-3.622003495693206787e-01
-5.808477401733398438e-01
-8.331604599952697754e-01
-5.219678878784179688e-01
-8.259000778198242188e-01
-3.890633583068847656e-01
-7.716872692108154297e-01
-4.696896672248840332e-01
-9.632768630981445312e-01
-6.274382472038269043e-01
-6.194381713867187500e-01
-6.233356595039367676e-01
-9.432083964347839355e-01
-3.049597144126892090e-01
-7.635369300842285156e-01
-3.639000356197357178e-01
-7.025350928306579590e-01
-4.506424069404602051e-01
-6.142851710319519043e-01
-6.096791625022888184e-01
-7.780827879905700684e-01
-6.594135165214538574e-01
-5.666117668151855469e-01
-4.546867609024047852e-01
-8.366752862930297852e-01
-6.720128059387207031e-01
-3.658075630664825439e-01
-1.904447376728057861e-01
-6.443459987640380859e-01
-8.108090162277221680e-01
-6.577029228210449219e-01
-4.836204648017883301e-01
-2.809012532234191895e-01
-4.337795972824096680e-01
-5.365233421325683594e-01
-7.525724172592163086e-01
-3.227977156639099121e-01
-7.128729224205017090e-01
-5.623522996902465820e-01
-4.998641908168792725e-01
-2.083752602338790894e-01
-3.766725957393646240e-01
-6.034015417098999023e-01
