-2.279751300811767578e-01
-9.130760282278060913e-02
-2.527404427528381348e-01
-6.176890730857849121e-01
-1.929323971271514893e-01
-5.090905427932739258e-01
-3.004545867443084717e-01
-2.001139521598815918e-01
-5.023857355117797852e-01
-4.288907349109649658e-01
-3.224433064460754395e-01
-4.626627080142498016e-03
-8.648025989532470703e-02
-2.086500227451324463e-01
-4.469155073165893555e-01
-3.353291451930999756e-01
-5.150506496429443359e-01
-2.643044292926788330e-01
-5.596785545349121094e-01
-4.053544998168945312e-01
-4.988110065460205078e-01
-5.106130838394165039e-01
-5.582101345062255859e-01
-2.955742776393890381e-01
-2.105627506971359253e-01
-2.639984786510467529e-01
-5.015122890472412109e-01
-2.452089339494705200e-01
-4.250152111053466797e-01
-5.652349591255187988e-01
-7.594875991344451904e-02
-5.203028321266174316e-01
-4.533780217170715332e-01
-9.866356849670410156e-02
-2.261436730623245239e-01
-3.545493483543395996e-01
-3.671522140502929688e-01
-2.696310579776763916e-01
-2.375584840774536133e-01
-3.080051243305206299e-01
-6.915450096130371094e-01
-4.722064435482025146e-01
-4.529277980327606201e-01
-4.478954970836639404e-01
-3.778766691684722900e-01
-4.643449783325195312e-01
-1.855566650629043579e-01
-6.691302657127380371e-01
-5.121800303459167480e-01
-5.389752388000488281e-01
-4.420593678951263428e-01
-4.768588542938232422e-01
-4.356553256511688232e-01
-8.015903234481811523e-01
-4.133053719997406006e-01
-5.376902818679809570e-01
-6.694124937057495117e-01
-4.335597157478332520e-01
-5.186445713043212891e-01
-5.308853983879089355e-01
-5.714938044548034668e-01
-1.881242245435714722e-01
-3.567307591438293457e-01
-3.668483495712280273e-01
1.199675127863883972e-01
-4.897828996181488037e-01
-2.985595166683197021e-01
-3.120774626731872559e-01
-6.216639876365661621e-01
-3.486262857913970947e-01
-4.490890502929687500e-01
-3.244881033897399902e-01
1.072289794683456421e-02
-2.375368624925613403e-01
-1.965753287076950073e-01
-3.095882236957550049e-01
-5.219343304634094238e-01
-3.243843317031860352e-01
4.709749016910791397e-03
2.363940142095088959e-02
-3.265902400016784668e-01
-4.477941691875457764e-01
-2.182206809520721436e-01
-2.255786061286926270e-01
-1.755180805921554565e-01
-3.110844492912292480e-01
-3.652893602848052979e-01
-4.350207448005676270e-01
-2.829519212245941162e-01
-2.393462508916854858e-01
-4.761899411678314209e-01
-3.999282121658325195e-01
-3.841183781623840332e-01
-4.030394256114959717e-01
-4.755448400974273682e-01
-2.058125883340835571e-01
-4.034526050090789795e-01
-3.244063556194305420e-01
-3.648563325405120850e-01
-2.454625666141510010e-01
