-6.987195611000061035e-01
-3.750022351741790771e-01
-4.482360184192657471e-01
-4.231489300727844238e-01
-4.999169111251831055e-01
-8.675755858421325684e-01
-5.187209844589233398e-01
-3.859727680683135986e-01
-5.713513493537902832e-01
-2.477662414312362671e-01
-3.578270673751831055e-01
-7.398237586021423340e-01
-7.325328141450881958e-02
-5.987020134925842285e-01
-1.976773440837860107e-01
-3.123003430664539337e-02
-4.015393853187561035e-01
-6.493149995803833008e-01
-5.914078354835510254e-01
-6.736683249473571777e-01
-5.015366673469543457e-01
-5.252342820167541504e-01
-6.401244401931762695e-01
-6.537380218505859375e-01
-6.972793340682983398e-01
-7.031985521316528320e-01
-9.213306307792663574e-01
-3.718910217285156250e-01
-1.182234764099121094e+00
-7.631850242614746094e-01
-7.808954715728759766e-01
-9.539062380790710449e-01
-7.940825819969177246e-01
-7.018612623214721680e-01
-3.125758469104766846e-01
-7.225607037544250488e-01
-6.374303698539733887e-01
-5.399258732795715332e-01
-7.576282620429992676e-01
-3.303375542163848877e-01
-5.479699373245239258e-01
-7.848281860351562500e-01
-3.751277327537536621e-01
-5.893205404281616211e-01
-3.667565435171127319e-02
-5.773180723190307617e-01
-2.994132041931152344e-01
-8.683180212974548340e-01
-5.703722834587097168e-01
-7.655737400054931641e-01
-5.428012013435363770e-01
-8.428894281387329102e-01
-7.322748303413391113e-01
-5.928766727447509766e-01
-5.230506062507629395e-01
-5.293788313865661621e-01
-1.912268698215484619e-01
-5.388569831848144531e-01
-5.215202569961547852e-01
-5.337503552436828613e-01
-4.438975751399993896e-01
-4.188210964202880859e-01
-2.475312799215316772e-01
-1.386549174785614014e-01
-5.952450037002563477e-01
-6.373217701911926270e-01
-1.517529338598251343e-01
-7.449243217706680298e-02
-5.565691590309143066e-01
-4.056072235107421875e-01
-7.683903574943542480e-01
-4.362259805202484131e-01
-4.824372529983520508e-01
-8.278018832206726074e-01
-6.854075789451599121e-01
-2.691364884376525879e-01
-4.965762197971343994e-01
-7.052603363990783691e-01
-1.852777153253555298e-01
-3.628844618797302246e-01
-7.518990039825439453e-01
-8.826341032981872559e-01
-5.854230523109436035e-01
-7.200649976730346680e-01
-9.890727400779724121e-01
-8.095826208591461182e-02
-9.482913017272949219e-01
-4.154637157917022705e-01
-3.475705683231353760e-01
-4.307018816471099854e-01
-7.475759983062744141e-01
-7.070180177688598633e-01
-7.238202691078186035e-01
-8.601264953613281250e-01
-8.966241478919982910e-01
-9.531449079513549805e-01
-6.891241073608398438e-01
-3.872885107994079590e-01
-6.305707693099975586e-01
-3.479580283164978027e-01
