-8.615538477897644043e-01
-2.632320523262023926e-01
-5.549780130386352539e-01
-3.085679411888122559e-01
-6.411667466163635254e-01
-5.598605275154113770e-01
-2.165112346410751343e-01
-2.254159897565841675e-01
-5.775286555290222168e-01
-3.548222482204437256e-01
-5.041648745536804199e-01
-1.974456310272216797e-01
-4.282240867614746094e-01
-6.840397119522094727e-01
-5.628257393836975098e-01
-3.767046332359313965e-01
-4.611666202545166016e-01
-5.232172608375549316e-01
-5.476513504981994629e-01
-2.244028300046920776e-01
-4.162763655185699463e-01
-3.456260859966278076e-01
-6.220659613609313965e-01
-5.850278139114379883e-01
-5.770654082298278809e-01
-2.454490214586257935e-01
-6.650314927101135254e-01
-8.626833558082580566e-01
-4.094011783599853516e-01
-6.974101662635803223e-01
-2.628061771392822266e-01
-6.123501658439636230e-01
-1.170540228486061096e-01
-6.508163809776306152e-01
-6.230052113533020020e-01
-2.281775921583175659e-01
-5.226529836654663086e-01
-3.901636302471160889e-01
-1.115968227386474609e-01
-5.733963847160339355e-01
-4.785796105861663818e-01
-5.686330199241638184e-01
-6.427335739135742188e-01
-2.628083825111389160e-01
-1.701228916645050049e-01
-2.462103515863418579e-01
-3.503406643867492676e-01
-6.122662425041198730e-01
-4.586156904697418213e-01
-2.292889952659606934e-01
-3.110702335834503174e-01
-3.543758094310760498e-01
-6.739155650138854980e-01
-3.779643774032592773e-01
-4.699213206768035889e-01
-5.500023365020751953e-01
-4.380441606044769287e-01
-2.455430477857589722e-01
-1.209223046898841858e-01
-1.956827193498611450e-01
-4.715577960014343262e-01
-1.800499111413955688e-01
-5.269467234611511230e-01
-1.479928493499755859e-01
-2.848499715328216553e-01
-4.746248424053192139e-01
-4.182307124137878418e-01
-8.787373304367065430e-01
-2.302327454090118408e-01
-6.401382684707641602e-01
-4.463539123535156250e-01
-6.940913796424865723e-01
-3.091876208782196045e-01
-3.333193063735961914e-01
-4.194529056549072266e-01
-5.588251352310180664e-01
-1.492296904325485229e-01
-3.684091269969940186e-01
-8.945468068122863770e-01
-6.397878527641296387e-01
-4.784689247608184814e-01
-6.857862472534179688e-01
-4.397268593311309814e-01
-1.908219307661056519e-01
-3.563243150711059570e-01
-3.642503917217254639e-01
-8.348288536071777344e-01
-5.638858079910278320e-01
-5.709547400474548340e-01
-5.374553203582763672e-01
-4.631983935832977295e-01
-5.961087942123413086e-01
-4.459753334522247314e-01
-1.611589342355728149e-01
-4.879332184791564941e-01
-5.011739134788513184e-01
-3.100595474243164062e-01
-7.170141339302062988e-01
-4.144459366798400879e-01
-5.373551249504089355e-01
