-5.482382178306579590e-01
-6.652875542640686035e-01
-5.293284058570861816e-01
-3.171322643756866455e-01
-8.784733414649963379e-01
-4.735217690467834473e-01
-4.906858503818511963e-01
-5.287026762962341309e-01
-2.340161204338073730e-01
-5.820966958999633789e-01
-6.093255281448364258e-01
-3.798843324184417725e-01
-5.278226137161254883e-01
-7.878152132034301758e-01
-3.653668463230133057e-01
-5.574057102203369141e-01
-4.817096889019012451e-01
-6.287526488304138184e-01
-6.287019252777099609e-01
-7.346116900444030762e-01
-1.998796612024307251e-01
-7.370573282241821289e-01
-6.638275384902954102e-01
-4.982970952987670898e-01
-1.271751075983047485e-01
-5.738562941551208496e-01
-9.464201331138610840e-01
-3.820225000381469727e-01
-7.256917357444763184e-01
-4.422253966331481934e-01
-6.492704153060913086e-01
-6.354796886444091797e-01
-6.042751073837280273e-01
-3.947905600070953369e-01
-3.338269591331481934e-01
-5.428408384323120117e-01
-4.810373783111572266e-01
-2.892282009124755859e-01
-2.815174758434295654e-01
-4.975687265396118164e-01
-6.927980780601501465e-01
-3.370974063873291016e-01
-3.063957095146179199e-01
-1.903104335069656372e-01
-2.423354685306549072e-01
-5.104192495346069336e-01
-6.664755940437316895e-01
-3.642954528331756592e-01
-3.421153724193572998e-01
-4.838085770606994629e-01
-6.007189154624938965e-01
-6.829321980476379395e-01
-6.445022821426391602e-01
-4.913130998611450195e-01
-1.736962646245956421e-01
-3.235800266265869141e-01
-5.981610417366027832e-01
-4.431842863559722900e-01
-3.032553791999816895e-01
-2.392385154962539673e-01
-3.264920115470886230e-01
-7.556253075599670410e-01
-7.124190926551818848e-01
-4.022848010063171387e-01
-3.746444582939147949e-01
-5.252922177314758301e-01
-6.190445423126220703e-01
-5.492286086082458496e-01
-3.770677745342254639e-01
-4.594909548759460449e-01
-8.933706283569335938e-01
-7.968444228172302246e-01
-2.672595381736755371e-01
-6.247805356979370117e-01
-5.542990565299987793e-01
-6.678777337074279785e-01
-8.292808532714843750e-01
-6.345959901809692383e-01
-4.254910945892333984e-01
-3.040411472320556641e-01
-3.758167326450347900e-01
-6.398455500602722168e-01
-5.128664374351501465e-01
-3.205249011516571045e-01
-2.769111096858978271e-01
-3.760840594768524170e-01
-6.898565292358398438e-01
-1.467075943946838379e-01
-2.561427950859069824e-01
-6.409183740615844727e-01
-3.083170950412750244e-01
-4.640361368656158447e-01
-3.621205687522888184e-01
-5.909968614578247070e-01
-5.454732775688171387e-01
-5.931313633918762207e-01
-6.811011433601379395e-01
-6.813288331031799316e-01
-2.225983291864395142e-01
-5.083163976669311523e-01
