-4.932707846164703369e-01
-1.015687346458435059e+00
-4.584123790264129639e-01
-3.229019343852996826e-01
-4.886251688003540039e-01
-7.935340404510498047e-01
-7.387328743934631348e-01
-4.090011119842529297e-01
-2.557697296142578125e-01
-4.115578234195709229e-01
-6.660301089286804199e-01
-7.975251078605651855e-01
-6.149024963378906250e-01
-3.615119159221649170e-01
-4.515223801136016846e-01
-6.383835673332214355e-01
-6.041746735572814941e-01
-7.955100536346435547e-01
-2.470592856407165527e-01
-8.397002220153808594e-01
-6.457712650299072266e-01
-3.107366561889648438e-01
-3.300121724605560303e-01
-5.404350757598876953e-01
-1.711341142654418945e-01
-5.550920963287353516e-01
-7.862641811370849609e-01
-7.259405255317687988e-01
-5.964143872261047363e-01
-6.174570918083190918e-01
-4.485977292060852051e-01
-6.127743721008300781e-01
-6.161869764328002930e-01
-6.185867190361022949e-01
-6.396565437316894531e-01
-7.031519412994384766e-01
-2.999736964702606201e-01
-9.141952991485595703e-01
-6.692544221878051758e-01
-5.135293006896972656e-01
-7.258213162422180176e-01
-3.185699880123138428e-01
-6.266107559204101562e-01
-4.182660579681396484e-01
-4.299561679363250732e-01
-3.545567393302917480e-01
-6.138836741447448730e-01
-6.721136569976806641e-01
-7.096561789512634277e-01
-5.540366768836975098e-01
-4.312519133090972900e-01
-7.386721372604370117e-01
-5.642718076705932617e-01
-5.694898962974548340e-01
-4.041788876056671143e-01
-4.017142653465270996e-01
-6.036698818206787109e-01
-5.712238550186157227e-01
-3.302758038043975830e-01
-4.393735527992248535e-01
-3.724543154239654541e-01
-6.994494795799255371e-01
-8.428831696510314941e-01
-5.039915442466735840e-01
-4.375800490379333496e-01
-6.668761968612670898e-01
-3.642171919345855713e-01
-7.534388899803161621e-01
-1.603083163499832153e-01
-1.047901153564453125e+00
-7.088503241539001465e-01
-1.022020220756530762e+00
-4.402277767658233643e-01
-2.402299344539642334e-01
-7.596168518066406250e-01
-7.287243008613586426e-01
-1.026850819587707520e+00
-8.122888207435607910e-01
-6.904836893081665039e-01
-1.799635440111160278e-01
-4.425349235534667969e-01
-8.293163776397705078e-01
-6.279917955398559570e-01
-9.572848081588745117e-01
-4.799015522003173828e-01
-6.501588225364685059e-01
-9.773179888725280762e-01
-7.626157999038696289e-01
-6.435518860816955566e-01
-7.189311832189559937e-02
-5.163849592208862305e-01
-5.308607220649719238e-01
-7.210780382156372070e-01
-1.488705426454544067e-01
-7.582632899284362793e-01
-8.353067636489868164e-01
-6.141511797904968262e-01
-2.341723442077636719e-01
-5.259146094322204590e-01
-6.331190466880798340e-01
