6.179432570934295654e-02
-1.438457965850830078e-01
9.173189848661422729e-02
2.990559302270412445e-02
-6.053738296031951904e-02
1.164517775177955627e-01
1.364340260624885559e-02
-1.040485426783561707e-01
-7.513476884923875332e-04
2.224100381135940552e-01
-1.684072543866932392e-03
4.927406916976906359e-05
-1.353716254234313965e-01
-1.914061307907104492e-01
-1.322832982987165451e-02
5.913244560360908508e-02
1.317818760871887207e-01
-2.782039344310760498e-01
6.334304064512252808e-02
9.271770715713500977e-03
6.388094276189804077e-02
-4.796326532959938049e-02
-1.293536182492971420e-02
5.627326294779777527e-02
2.113943174481391907e-02
1.308770328760147095e-01
4.382444545626640320e-02
2.528198622167110443e-02
-1.257619354873895645e-02
4.804432392120361328e-02
8.749164640903472900e-02
1.139521896839141846e-01
-1.205044053494930267e-02
-5.831230431795120239e-03
-2.039013244211673737e-02
3.792473077774047852e-01
-1.703304350376129150e-01
2.286777645349502563e-01
