-3.499716520309448242e-01
-4.419805109500885010e-01
-3.717486262321472168e-01
-6.773551106452941895e-01
-6.293309330940246582e-01
-2.388670593500137329e-01
-5.188744068145751953e-01
-5.382162332534790039e-01
-4.177256524562835693e-01
-6.767744421958923340e-01
-6.118620634078979492e-01
-5.504363179206848145e-01
-4.659570157527923584e-01
-1.058676958084106445e+00
-8.462285399436950684e-01
-7.553275227546691895e-01
-4.175319075584411621e-01
-5.306150913238525391e-01
-4.470029175281524658e-01
-4.198148846626281738e-01
-6.032101511955261230e-01
-5.562065839767456055e-01
-1.625626981258392334e-01
-4.071464836597442627e-01
-5.544847249984741211e-01
-5.509301424026489258e-01
-5.056607723236083984e-01
-6.766959428787231445e-01
-8.570802211761474609e-01
-5.398270487785339355e-01
-4.878196716308593750e-01
-7.032836675643920898e-01
-5.526070594787597656e-01
-4.450576901435852051e-01
-3.778260946273803711e-01
-6.509832739830017090e-01
-8.291654586791992188e-01
-4.242115616798400879e-01
-6.472003459930419922e-01
-6.533573865890502930e-01
-3.870604336261749268e-01
-2.343408763408660889e-01
-6.089770197868347168e-01
-4.676217436790466309e-01
-5.680330395698547363e-01
-4.996131956577301025e-01
-2.075862139463424683e-01
-3.129749596118927002e-01
-4.165408313274383545e-01
-4.934895336627960205e-01
-4.954125881195068359e-01
-7.159775495529174805e-01
-5.199679732322692871e-01
-1.294369250535964966e-01
-3.518936932086944580e-01
3.645109012722969055e-02
-6.218177676200866699e-01
-5.999428629875183105e-01
-3.935945332050323486e-01
-6.817426085472106934e-01
-7.377999275922775269e-02
-4.568487703800201416e-01
-3.784562945365905762e-01
-2.812613248825073242e-01
-4.689974486827850342e-01
-5.754293799400329590e-01
-5.052253603935241699e-01
-4.838335216045379639e-01
-9.973890185356140137e-01
-5.173231959342956543e-01
-7.002674341201782227e-01
-5.374684333801269531e-01
-5.588665604591369629e-01
-4.753588736057281494e-01
-4.155968427658081055e-01
-6.477531045675277710e-02
-6.041033864021301270e-01
-5.658887028694152832e-01
-3.338620960712432861e-01
-7.939297556877136230e-01
-3.380700647830963135e-01
-6.002416610717773438e-01
-4.732146263122558594e-01
-4.071540236473083496e-01
-5.902997255325317383e-01
-1.086466759443283081e-01
-5.298272371292114258e-01
-6.491956710815429688e-01
-2.485776543617248535e-01
-6.448197960853576660e-01
-5.454772710800170898e-01
-6.090016961097717285e-01
-7.481102347373962402e-01
-7.400574088096618652e-01
-6.020459532737731934e-01
-7.538405060768127441e-01
-5.769262909889221191e-01
-5.181980729103088379e-01
-7.141109108924865723e-01
-8.777016997337341309e-01
