-3.326194882392883301e-01
-7.869012951850891113e-01
-5.312041044235229492e-01
-4.510635435581207275e-01
-1.935749799013137817e-01
-7.242745757102966309e-01
-7.825573086738586426e-01
-7.569105625152587891e-01
-5.670706033706665039e-01
-5.266441106796264648e-01
-4.180843830108642578e-01
-3.380938470363616943e-01
-6.477925181388854980e-01
-6.925393939018249512e-01
-3.885704278945922852e-01
-7.732981443405151367e-02
-5.469545125961303711e-01
-6.150292158126831055e-01
-4.102810323238372803e-01
-2.618798017501831055e-01
-4.631199538707733154e-01
-5.877673625946044922e-01
-3.916224837303161621e-01
-3.682508468627929688e-01
-3.003430068492889404e-01
-6.481982469558715820e-01
-5.003901124000549316e-01
-5.726538896560668945e-01
-5.447763204574584961e-01
-3.091188669204711914e-01
-5.722422003746032715e-01
-4.005343616008758545e-01
-4.246769249439239502e-01
-4.584730863571166992e-01
-4.976151287555694580e-01
-5.451609492301940918e-01
-5.218378901481628418e-01
-4.895429611206054688e-01
-3.709294199943542480e-01
-4.866786599159240723e-01
-2.927781641483306885e-01
-2.638481855392456055e-01
-4.100156724452972412e-01
-5.617980957031250000e-01
-5.056580305099487305e-01
-5.851774811744689941e-01
-5.644814372062683105e-01
-4.817473888397216797e-01
-5.561484098434448242e-01
-3.856554329395294189e-01
-1.806419491767883301e-01
-3.444314897060394287e-01
-3.658425211906433105e-01
-3.343280553817749023e-01
-3.841234147548675537e-01
-5.310283303260803223e-01
-4.207884967327117920e-01
-5.002723336219787598e-01
-5.224519371986389160e-01
-5.103969573974609375e-01
9.075767546892166138e-02
-2.529658675193786621e-01
-4.715698957443237305e-01
-4.025358557701110840e-01
-4.765087962150573730e-01
-5.725635886192321777e-01
-3.210651874542236328e-01
-1.183316782116889954e-01
-3.844830989837646484e-01
-4.442710578441619873e-01
-4.414643645286560059e-01
-7.947709560394287109e-01
-2.338496297597885132e-01
-3.214759826660156250e-01
-2.433087825775146484e-01
5.821026116609573364e-02
-4.994996786117553711e-01
-2.856572866439819336e-01
-3.609654726460576057e-03
-4.384271502494812012e-01
-3.343131840229034424e-01
-1.180247291922569275e-01
-3.454838693141937256e-01
-3.885382711887359619e-01
-4.902177453041076660e-01
-2.876252532005310059e-01
-2.132840640842914581e-02
-7.005259990692138672e-01
-2.899713814258575439e-01
-2.744178473949432373e-01
-4.528614878654479980e-01
-5.322378873825073242e-01
-2.598899900913238525e-01
-4.805961549282073975e-01
-3.168659806251525879e-01
-6.098176240921020508e-01
-6.308584213256835938e-01
-1.513896882534027100e-01
-4.914153814315795898e-01
-1.869379878044128418e-01
