-5.741439461708068848e-01
-3.624131977558135986e-01
-2.981224954128265381e-01
-7.354361414909362793e-01
-2.823706567287445068e-01
-8.194497227668762207e-01
-3.848021030426025391e-01
-4.741713106632232666e-01
-5.155111551284790039e-01
-5.463605523109436035e-01
-4.972993135452270508e-01
-9.474550485610961914e-01
-4.468552470207214355e-01
-7.328270077705383301e-01
-5.578101873397827148e-01
-9.565405845642089844e-01
-8.405302762985229492e-01
-7.747856378555297852e-01
-8.618036508560180664e-01
-7.082043886184692383e-01
-6.689186096191406250e-01
-1.841584444046020508e-01
-2.597229480743408203e-01
-4.701213538646697998e-01
-4.150366783142089844e-01
-6.405453681945800781e-01
-5.885847806930541992e-01
-6.686981916427612305e-01
-5.366338491439819336e-01
-3.070067465305328369e-01
-4.859772324562072754e-01
-7.446688413619995117e-01
-5.126628279685974121e-01
-5.933055281639099121e-01
-4.641539454460144043e-01
-3.267389237880706787e-01
-7.143587470054626465e-01
-6.932057142257690430e-01
-9.435166716575622559e-01
-5.200866460800170898e-01
-1.283659338951110840e-01
-6.080324053764343262e-01
3.600646182894706726e-02
-1.881953477859497070e-01
-6.092525720596313477e-01
-7.941567897796630859e-01
-3.531170189380645752e-01
-5.161797404289245605e-01
-4.802798032760620117e-01
-4.202339351177215576e-01
-1.368544995784759521e-01
-3.998959958553314209e-01
-6.646183729171752930e-01
-5.727722644805908203e-01
-6.777479052543640137e-01
-7.722033858299255371e-01
-7.697124481201171875e-01
-3.372719287872314453e-01
-7.704622149467468262e-01
-5.859154462814331055e-01
-3.791032731533050537e-01
-5.037254691123962402e-01
-3.987753093242645264e-01
-6.466926336288452148e-01
-3.943573534488677979e-01
-4.230374693870544434e-01
-3.537947535514831543e-01
-6.696947216987609863e-01
-7.036950588226318359e-01
-2.943907380104064941e-01
-6.593425273895263672e-01
-5.906734466552734375e-01
-4.508976936340332031e-01
-3.286814093589782715e-01
-1.471229940652847290e-01
-5.739988684654235840e-01
-4.285619556903839111e-01
-8.079099059104919434e-01
-5.103883743286132812e-01
-4.586650729179382324e-01
-6.077648401260375977e-01
-6.180506944656372070e-01
-7.574462890625000000e-01
-6.325517296791076660e-01
-4.547473788261413574e-01
-5.651648044586181641e-01
-6.903122067451477051e-01
-4.922558963298797607e-01
-6.762915253639221191e-01
-5.013096928596496582e-01
-1.167365908622741699e+00
-5.931533575057983398e-01
-4.475027620792388916e-01
-3.905828893184661865e-01
-4.481183886528015137e-01
-4.019767642021179199e-01
-4.707333445549011230e-01
-6.883139014244079590e-01
-4.976162612438201904e-01
-4.635944366455078125e-01
