-2.662019133567810059e-01
-1.531957387924194336e-01
-5.709102153778076172e-01
-4.276180267333984375e-01
-5.207295417785644531e-01
-7.392523884773254395e-01
-2.097189277410507202e-01
-2.587805688381195068e-01
-5.659139752388000488e-01
-9.956467896699905396e-02
-1.185723245143890381e-01
-2.886528372764587402e-01
-1.250195056200027466e-01
-4.022673964500427246e-01
-1.545885056257247925e-01
-6.763634681701660156e-01
-4.728914797306060791e-01
-4.664092063903808594e-01
-3.983774781227111816e-01
-2.624725103378295898e-01
-5.882341265678405762e-01
-3.060221970081329346e-01
-3.453167974948883057e-01
-3.089765012264251709e-01
-3.036019206047058105e-01
-2.739909589290618896e-01
-6.008465886116027832e-01
-4.832836091518402100e-01
-4.352984726428985596e-01
-5.472824573516845703e-01
-3.948318064212799072e-01
-2.617001235485076904e-01
-2.417142242193222046e-01
-4.067597091197967529e-01
-2.416944950819015503e-01
-3.154129683971405029e-01
-2.357507944107055664e-01
-3.250975608825683594e-01
-2.366388738155364990e-01
-5.683008432388305664e-01
-3.362624049186706543e-01
-3.973515927791595459e-01
-1.621883511543273926e-01
-1.551508009433746338e-01
-6.687774509191513062e-02
-4.682894349098205566e-01
-6.727058291435241699e-01
-4.263829290866851807e-01
-3.114705085754394531e-01
-2.467203885316848755e-01
-3.417755365371704102e-01
-5.123877525329589844e-01
-2.816324532032012939e-01
-4.379468560218811035e-01
-4.329284131526947021e-01
-4.740507602691650391e-01
-5.699410438537597656e-01
-9.705530852079391479e-02
-1.192070022225379944e-01
-5.290129780769348145e-01
-5.280963778495788574e-01
-7.620686888694763184e-01
-4.767523109912872314e-01
-4.412811696529388428e-01
-3.744056522846221924e-01
-5.715315341949462891e-01
-6.028906702995300293e-01
-6.009210348129272461e-01
-5.042998194694519043e-01
-6.424823403358459473e-01
-3.804187774658203125e-01
-3.235028088092803955e-01
-2.832387983798980713e-01
-5.137701630592346191e-01
-3.052690029144287109e-01
-5.489553213119506836e-01
-4.123141765594482422e-01
-3.907500207424163818e-01
-3.111000359058380127e-01
-2.864440381526947021e-01
-5.329564213752746582e-01
-7.093978524208068848e-01
-7.166436314582824707e-01
-5.950780510902404785e-01
-6.901947259902954102e-01
-5.532460212707519531e-01
-2.937344312667846680e-01
-4.101134240627288818e-01
-5.142003297805786133e-01
-5.023472309112548828e-01
-7.112991213798522949e-01
-1.054893210530281067e-01
-7.224746942520141602e-01
-4.850506782531738281e-01
-2.406589239835739136e-01
-1.792161762714385986e-01
-6.824400424957275391e-01
-4.057033360004425049e-01
-4.189426600933074951e-01
-2.426837533712387085e-01
