-4.229372739791870117e-01
-4.509708881378173828e-01
-4.540131986141204834e-01
-4.083635807037353516e-01
-1.422520875930786133e-01
-1.466086250729858875e-03
-5.100561976432800293e-01
-2.216749936342239380e-01
-7.717795372009277344e-01
-4.908631145954132080e-01
-3.257893323898315430e-01
-3.290145993232727051e-01
-2.544632852077484131e-01
-3.860655725002288818e-01
-3.709959089756011963e-01
-5.990402102470397949e-01
-2.507854700088500977e-01
-3.181856274604797363e-01
-3.029637634754180908e-01
-5.748499035835266113e-01
-3.498984277248382568e-01
-2.833205461502075195e-01
-6.109323501586914062e-01
-4.347139596939086914e-01
-6.764296889305114746e-01
-3.507112264633178711e-01
-4.844986796379089355e-01
-4.960609972476959229e-01
-4.730270504951477051e-01
-3.770352602005004883e-01
-3.316229879856109619e-01
-3.018601834774017334e-01
-4.954738020896911621e-01
-7.002120018005371094e-01
-2.932497560977935791e-01
-2.350780665874481201e-01
-5.542368888854980469e-01
-5.100633502006530762e-01
-4.614769518375396729e-01
-5.501782894134521484e-01
-5.078864097595214844e-01
-3.670104146003723145e-01
-1.776296198368072510e-01
-4.699898362159729004e-01
-5.089378356933593750e-01
-2.876844108104705811e-01
-4.711392521858215332e-01
-2.733666300773620605e-01
-3.665790855884552002e-01
-3.923540413379669189e-01
-4.840252697467803955e-01
-3.620263338088989258e-01
-3.783287703990936279e-01
-1.893338263034820557e-01
-4.062075316905975342e-01
-4.032156765460968018e-01
-4.497374296188354492e-01
-1.701188385486602783e-01
-4.451008737087249756e-01
-3.180194497108459473e-01
-5.191850066184997559e-01
-5.235496759414672852e-01
-4.488479197025299072e-01
-2.649302482604980469e-01
-4.810687899589538574e-01
-2.489601969718933105e-01
-3.127026259899139404e-01
-1.060768365859985352e-01
-6.235013604164123535e-01
-4.825500547885894775e-01
-3.007559180259704590e-01
-3.418045639991760254e-01
-6.024923324584960938e-01
-4.780975878238677979e-01
-1.791576147079467773e-01
-3.998686671257019043e-01
-4.409238398075103760e-01
-3.849734663963317871e-01
-6.259708404541015625e-01
-4.621793925762176514e-01
-3.719336092472076416e-01
-1.404278129339218140e-01
-2.015452533960342407e-01
-4.510387480258941650e-01
-5.639471411705017090e-01
-5.706009268760681152e-01
-3.004777133464813232e-01
-2.373074144124984741e-01
-5.781040191650390625e-01
-3.103273212909698486e-01
-3.798888325691223145e-01
-5.594505667686462402e-01
-1.647898852825164795e-01
-4.178236797451972961e-02
-5.511325597763061523e-01
-4.483258426189422607e-01
-4.366052448749542236e-01
-2.530891001224517822e-01
-3.616906702518463135e-01
-2.713246047496795654e-01
