-5.796688795089721680e-01
-4.177059829235076904e-01
-6.304702162742614746e-01
-5.116068720817565918e-01
-7.671447843313217163e-02
-4.784245789051055908e-01
-6.442821621894836426e-01
-8.578126430511474609e-01
-4.730305969715118408e-01
-2.733801305294036865e-01
-7.641416788101196289e-01
-4.844013452529907227e-01
-4.586744010448455811e-01
-6.093729138374328613e-01
-4.913337826728820801e-01
-5.039748549461364746e-01
-5.890299081802368164e-01
2.209086902439594269e-02
-6.162033677101135254e-01
-7.779620289802551270e-01
-7.695598006248474121e-01
-4.155308306217193604e-01
-5.790580511093139648e-01
-2.291377782821655273e-01
-8.202030658721923828e-01
-5.627338886260986328e-01
-1.254028379917144775e-01
-4.829330146312713623e-01
-3.761509656906127930e-01
-3.524254262447357178e-01
-3.527474999427795410e-01
-3.054921329021453857e-01
-4.462691545486450195e-01
-7.976528406143188477e-01
-6.981555223464965820e-01
-1.505797356367111206e-01
-3.982245028018951416e-01
-2.620272524654865265e-02
-6.149213910102844238e-01
-4.837930798530578613e-01
-1.933920234441757202e-01
-6.473935842514038086e-01
-5.104090571403503418e-01
-2.235418856143951416e-01
-5.475845932960510254e-01
-3.745940923690795898e-01
-1.754025071859359741e-01
-4.914961159229278564e-01
-3.873457014560699463e-01
-5.501849651336669922e-01
-5.130120515823364258e-01
-3.085848987102508545e-01
-2.927264273166656494e-01
-6.093619465827941895e-01
-2.962654531002044678e-01
-5.294822454452514648e-01
-7.295259237289428711e-01
-6.534634232521057129e-01
-2.354876697063446045e-01
-4.077319502830505371e-01
-7.718239426612854004e-01
-6.021944284439086914e-01
-7.123646140098571777e-01
-7.241943478584289551e-02
-4.099951088428497314e-01
-1.679795086383819580e-01
-5.382448434829711914e-01
-6.165215969085693359e-01
-6.483039855957031250e-01
-4.536996185779571533e-01
-8.189753890037536621e-01
-4.072240889072418213e-01
-1.069152429699897766e-01
-2.446312159299850464e-01
-8.929869532585144043e-01
-6.076409816741943359e-01
-4.445171058177947998e-01
-5.019053220748901367e-01
-7.368412017822265625e-01
-5.329892635345458984e-01
-5.760503411293029785e-01
-2.599039971828460693e-01
-7.514897733926773071e-02
-4.702851772308349609e-01
-4.320569038391113281e-01
-3.645454645156860352e-01
-5.042304992675781250e-01
-4.059346318244934082e-01
6.379820406436920166e-02
2.807338535785675049e-02
-4.829583764076232910e-01
-1.256096363067626953e-01
-4.135062992572784424e-01
-5.091301202774047852e-01
-5.864468216896057129e-01
-6.247725486755371094e-01
-4.302588999271392822e-01
-3.311593830585479736e-01
-9.666464477777481079e-02
-1.450883299112319946e-01
