-6.961200833320617676e-01
-7.491816878318786621e-01
-5.712518095970153809e-01
-7.561627626419067383e-01
-3.433823585510253906e-01
-3.862957060337066650e-01
-4.713268280029296875e-01
-6.405369639396667480e-01
-2.636884152889251709e-01
-6.536773443222045898e-01
-3.466636538505554199e-01
-6.464111804962158203e-01
-4.787039458751678467e-01
-4.578548967838287354e-01
-5.554002523422241211e-01
-6.728361248970031738e-01
-6.829927563667297363e-01
-5.027635097503662109e-01
-5.833657979965209961e-01
-5.277566313743591309e-01
-7.313560247421264648e-01
-6.259269714355468750e-01
-4.558868706226348877e-01
-7.335837483406066895e-01
-7.153491973876953125e-01
-9.027492403984069824e-01
-4.869993329048156738e-01
-4.037510752677917480e-01
-6.927990317344665527e-01
-8.141689300537109375e-01
-8.397307395935058594e-01
-6.167923212051391602e-01
-8.478597402572631836e-01
-9.272047877311706543e-01
-3.999954462051391602e-01
-5.213676095008850098e-01
-5.938359498977661133e-01
-3.590935170650482178e-01
-1.577778011560440063e-01
-5.222377777099609375e-01
-4.407781958580017090e-01
-4.262342154979705811e-01
-7.704211473464965820e-01
-5.459765195846557617e-01
-3.365643918514251709e-01
-5.426563024520874023e-01
-6.619125008583068848e-01
-6.364074945449829102e-01
-7.189321517944335938e-01
-2.054071575403213501e-01
-5.473787188529968262e-01
-5.307551622390747070e-01
-6.038759350776672363e-01
-3.543004393577575684e-01
-6.173571348190307617e-01
-5.718470811843872070e-01
-6.683189868927001953e-01
-4.674066901206970215e-01
-5.076184272766113281e-01
-9.329684376716613770e-01
-4.775905609130859375e-01
-7.583357095718383789e-01
-4.601674079895019531e-01
-5.225625634193420410e-01
-6.691592931747436523e-01
-6.466353535652160645e-01
-8.769274950027465820e-01
-6.807277798652648926e-01
-3.803042173385620117e-01
-5.687685608863830566e-01
-3.019871711730957031e-01
-6.360241174697875977e-01
-5.921505689620971680e-01
-2.973670959472656250e-01
-7.442213296890258789e-01
-5.087316632270812988e-01
-4.421121478080749512e-01
-7.156756520271301270e-01
-2.161261290311813354e-01
-3.776851296424865723e-01
-6.664721965789794922e-01
-5.057298541069030762e-01
-5.655683279037475586e-01
-7.107375264167785645e-01
-6.315119862556457520e-01
-5.747750401496887207e-01
-5.979195833206176758e-01
-7.517999410629272461e-01
-4.086278676986694336e-01
-2.614514827728271484e-01
-6.139029264450073242e-01
-6.047281622886657715e-01
-6.807458400726318359e-01
-4.686731100082397461e-01
-4.648198783397674561e-01
-1.980110406875610352e-01
-5.893515348434448242e-01
-9.103576540946960449e-01
-3.452035188674926758e-01
-4.641776084899902344e-01
