1.544435322284698486e-02
3.694529458880424500e-02
-2.126049622893333435e-02
3.371370211243629456e-02
-1.061388328671455383e-01
-3.408496975898742676e-01
-8.083779364824295044e-02
1.583709418773651123e-01
-3.385965945199131966e-03
-8.057252317667007446e-02
7.270488888025283813e-02
-1.472300570458173752e-02
-8.733352646231651306e-03
-2.215733528137207031e-01
4.528534784913063049e-02
1.272990405559539795e-01
1.130560413002967834e-01
5.081079527735710144e-02
5.294353887438774109e-02
7.339198142290115356e-02
2.445819415152072906e-02
7.026796229183673859e-03
2.000030279159545898e-01
1.524786502122879028e-01
1.070913448929786682e-01
-1.858326196670532227e-01
8.450765162706375122e-02
-1.859302222728729248e-01
-1.634781062602996826e-01
-1.050355006009340286e-02
-8.908762037754058838e-02
2.319545596837997437e-01
2.691594362258911133e-01
5.970072001218795776e-02
-4.458337277173995972e-02
1.530236452817916870e-01
1.604134440422058105e-01
-8.606748282909393311e-02
2.165455669164657593e-01
4.016682133078575134e-02
5.341070145368576050e-02
