1.630140542984008789e-01
4.603455588221549988e-02
-1.661251671612262726e-02
1.707867980003356934e-01
8.817426860332489014e-02
1.437567733228206635e-02
-1.301003694534301758e-01
2.552204579114913940e-02
-5.493761971592903137e-02
3.576170280575752258e-02
-7.999215275049209595e-02
-5.334128066897392273e-02
2.606882154941558838e-02
3.145159455016255379e-03
1.845370680093765259e-01
1.633524447679519653e-01
1.174907907843589783e-01
-5.225236713886260986e-02
-6.076457723975181580e-02
3.269382715225219727e-01
7.923413813114166260e-02
1.515748649835586548e-01
3.153926506638526917e-02
-1.373042315244674683e-01
-8.714434504508972168e-02
7.597485184669494629e-02
-4.055888857692480087e-03
-1.321053653955459595e-01
3.291490077972412109e-01
1.825141906738281250e-01
-6.888727843761444092e-02
1.356436908245086670e-01
-1.622957438230514526e-01
7.256179302930831909e-02
9.844972938299179077e-02
6.858345121145248413e-02
1.848345506004989147e-03
8.087018132209777832e-02
-9.385535120964050293e-02
1.505288928747177124e-01
2.981035038828849792e-02
1.187735237181186676e-03
