-2.918041497468948364e-02
-5.297151394188404083e-03
1.216370984911918640e-01
-1.207193434238433838e-01
-1.902017742395401001e-02
1.273201555013656616e-01
8.842347562313079834e-02
-1.608981750905513763e-02
9.574221819639205933e-02
-6.436473131179809570e-02
7.768879085779190063e-02
-2.180273383855819702e-01
-3.131297975778579712e-02
-4.597666114568710327e-02
2.166744961868971586e-04
-2.369630336761474609e-01
-1.865831613540649414e-01
-2.121805772185325623e-02
-8.226206153631210327e-02
-2.300712764263153076e-01
-7.523262500762939453e-02
-3.534980118274688721e-02
-4.278348642401397228e-04
1.363761126995086670e-01
-1.283395141363143921e-01
-2.947571128606796265e-02
-2.799636125564575195e-02
5.256644263863563538e-02
1.436363067477941513e-02
-1.247724071145057678e-01
-1.880174875259399414e-01
6.554920226335525513e-02
1.687667667865753174e-01
3.303061798214912415e-02
-1.145711764693260193e-01
-3.499038890004158020e-02
3.268337249755859375e-01
1.936905980110168457e-01
-3.302682563662528992e-02
-5.492050573229789734e-02
