-7.528703212738037109e-01
-6.038007140159606934e-01
-1.894279718399047852e-01
-5.137789249420166016e-01
-1.993451267480850220e-01
-4.647018909454345703e-01
-2.832253277301788330e-01
-2.980443835258483887e-01
-6.406820416450500488e-01
-7.609260678291320801e-01
-2.888975441455841064e-01
-1.529776901006698608e-01
-3.135916590690612793e-01
-6.563069820404052734e-01
-2.264325916767120361e-01
-3.479470610618591309e-01
-1.779716312885284424e-01
-2.025462090969085693e-01
-6.245450973510742188e-01
-5.540823936462402344e-01
-1.572534888982772827e-01
-3.800540566444396973e-01
-3.067869842052459717e-01
-5.385802984237670898e-01
-3.648929297924041748e-01
-2.165257036685943604e-01
-2.941524684429168701e-01
-3.661984503269195557e-01
-3.541551828384399414e-01
-5.713742971420288086e-01
-5.349314212799072266e-01
-3.407885432243347168e-01
-4.380135536193847656e-01
-4.487420916557312012e-01
-6.896098852157592773e-01
-4.880797564983367920e-01
-5.270047187805175781e-01
-4.692014157772064209e-01
-5.524031519889831543e-01
-7.712087631225585938e-01
-1.117028817534446716e-01
-5.471728444099426270e-01
-3.097254633903503418e-01
-6.115867197513580322e-02
-2.022963017225265503e-01
-3.179596662521362305e-01
-5.490521192550659180e-01
-5.096681714057922363e-01
-3.784113526344299316e-01
-1.800977736711502075e-01
-2.474177330732345581e-01
-1.325404047966003418e-01
-1.656609475612640381e-01
-2.618750333786010742e-01
2.126752398908138275e-02
-5.476711988449096680e-01
-1.948562413454055786e-01
-2.646158337593078613e-01
-2.770588994026184082e-01
-4.947478175163269043e-01
-4.981788694858551025e-01
-3.452199101448059082e-01
-5.753031373023986816e-01
-9.176063537597656250e-02
5.931242369115352631e-03
-4.088104367256164551e-01
-8.814081549644470215e-02
-5.860873460769653320e-01
-1.719972938299179077e-01
-2.035101950168609619e-01
-3.861392736434936523e-01
-3.663379549980163574e-01
-3.102715313434600830e-01
-2.093379944562911987e-02
-2.258282154798507690e-01
-2.161796838045120239e-01
-1.932236105203628540e-01
-3.259986340999603271e-01
-5.217992663383483887e-01
-3.408974707126617432e-01
-1.964529752731323242e-01
-5.880936384201049805e-01
-4.653503596782684326e-01
-6.339088082313537598e-01
-3.035842180252075195e-01
-4.187567830085754395e-01
-6.807942390441894531e-01
-6.085263490676879883e-01
-5.329737663269042969e-01
-2.248155921697616577e-01
-2.206399887800216675e-01
-5.895820856094360352e-01
-2.690054774284362793e-01
-1.701645702123641968e-01
-4.401630163192749023e-01
-3.243876695632934570e-01
-5.154636502265930176e-01
-3.207455575466156006e-01
-4.268648922443389893e-01
-4.048110246658325195e-01
