-6.282301247119903564e-02
5.373647436499595642e-02
8.862233161926269531e-02
-7.114734500646591187e-02
-6.210196763277053833e-02
-2.189305722713470459e-01
-1.030430756509304047e-02
-1.074125245213508606e-01
7.221238315105438232e-02
-2.521550655364990234e-01
8.565549505874514580e-04
3.657699376344680786e-02
3.896428272128105164e-02
-7.267501950263977051e-02
-8.037260174751281738e-02
-3.515113890171051025e-02
1.286438405513763428e-01
4.486265033483505249e-02
1.315286159515380859e-01
2.216887474060058594e-01
4.044036031700670719e-04
9.938189387321472168e-02
-3.746351227164268494e-02
-2.496691644191741943e-01
2.098582684993743896e-02
-1.217953637242317200e-01
-6.088339909911155701e-02
-1.826299726963043213e-02
2.097798883914947510e-02
-1.046035215258598328e-01
2.011121213436126709e-01
-2.232895046472549438e-01
1.370598077774047852e-01
-5.457057431340217590e-02
-8.490903675556182861e-02
4.622165113687515259e-02
1.122504696249961853e-01
1.004023775458335876e-01
5.630015581846237183e-02
6.846948713064193726e-02
