-5.727112889289855957e-01
-7.440446019172668457e-01
-5.608935952186584473e-01
-2.992087900638580322e-01
-7.326286435127258301e-01
-1.034590452909469604e-01
-7.078920006752014160e-01
-6.388092637062072754e-01
-7.828883528709411621e-01
-7.522744536399841309e-01
-3.688964843750000000e-01
-1.380483359098434448e-01
-3.074120879173278809e-01
-6.375588178634643555e-01
-5.457062125205993652e-01
-6.491846442222595215e-01
-3.512897491455078125e-01
-1.702007353305816650e-01
-7.243258953094482422e-01
-2.680081129074096680e-01
-6.428659558296203613e-01
-2.915042042732238770e-01
-5.575028657913208008e-01
-1.982454210519790649e-01
-3.383544087409973145e-01
-2.158649861812591553e-01
-5.388301610946655273e-01
-1.608389616012573242e-01
-3.255246281623840332e-01
-6.089279651641845703e-01
-4.502603113651275635e-01
-6.070190668106079102e-01
-6.994370222091674805e-01
-5.440013408660888672e-01
-3.760363757610321045e-01
-6.202136874198913574e-01
-5.867896676063537598e-01
-7.008887529373168945e-01
-4.426966607570648193e-01
-4.610248804092407227e-01
-4.072837829589843750e-01
-5.609205365180969238e-01
-6.438683867454528809e-01
-3.906739652156829834e-01
-5.366252064704895020e-01
-3.552098870277404785e-01
-7.154017090797424316e-01
-6.486876010894775391e-01
-7.317401170730590820e-01
-8.439217805862426758e-01
-6.991283297538757324e-01
-4.863316714763641357e-01
-7.211869955062866211e-01
-5.844799280166625977e-01
-2.382375448942184448e-01
-6.295966506004333496e-01
-3.279692530632019043e-01
-6.034895181655883789e-01
-6.204647421836853027e-01
-2.676829695701599121e-01
-3.104744255542755127e-01
-4.951026737689971924e-01
-4.833103120326995850e-01
-6.026421785354614258e-01
-6.794123649597167969e-01
-3.664635717868804932e-01
-5.101643800735473633e-01
-7.713471055030822754e-01
-6.094744205474853516e-01
-1.172336637973785400e-01
-4.766693711280822754e-01
-6.169972419738769531e-01
-5.780277848243713379e-01
-4.864720106124877930e-01
-8.334687948226928711e-01
-3.212382495403289795e-01
-5.303852558135986328e-01
-7.403815388679504395e-01
-7.597516179084777832e-01
-3.331353366374969482e-01
-6.409302949905395508e-01
-4.838792681694030762e-01
-5.487146377563476562e-01
-5.729457139968872070e-01
-2.290322184562683105e-01
-4.241072535514831543e-01
-5.309388041496276855e-01
-6.201215982437133789e-01
-5.271705985069274902e-01
-5.276739001274108887e-01
-5.358766317367553711e-01
-7.252197861671447754e-01
-5.560302734375000000e-01
-5.140995383262634277e-01
-3.142711818218231201e-01
-6.197319030761718750e-01
-5.195217132568359375e-01
-2.489591389894485474e-01
-4.770767688751220703e-01
-6.048417091369628906e-01
