6.794358044862747192e-02
1.454540938138961792e-01
-1.412257105112075806e-01
3.027678281068801880e-02
-6.796850939281284809e-04
5.477075651288032532e-02
-6.176071241497993469e-02
7.637374103069305420e-02
1.471536904573440552e-01
8.574608713388442993e-02
4.128708317875862122e-02
-2.710720337927341461e-02
-7.290172576904296875e-02
1.416488736867904663e-01
-1.070998311042785645e-01
-3.538405522704124451e-02
9.845701605081558228e-02
9.633710980415344238e-02
-6.113124266266822815e-02
-4.583155363798141479e-02
5.810557678341865540e-02
-4.317697137594223022e-03
4.159732535481452942e-02
-1.938935667276382446e-01
6.749264895915985107e-02
7.316489238291978836e-03
2.080586850643157959e-01
-1.487822085618972778e-01
-2.106573134660720825e-01
3.113813996315002441e-01
7.959244400262832642e-02
-1.881228759884834290e-02
-1.132677048444747925e-01
1.058826074004173279e-01
-9.457023441791534424e-02
8.743888139724731445e-02
1.714736074209213257e-01
3.805646598339080811e-01
