-6.203302145004272461e-01
-5.488907098770141602e-01
-4.490052461624145508e-01
-1.378135830163955688e-01
-7.665228843688964844e-01
-3.683575689792633057e-01
-7.626229524612426758e-01
-6.670314073562622070e-01
-7.140228152275085449e-01
-5.929186344146728516e-01
-4.401133954524993896e-01
-5.199502706527709961e-01
-6.560079455375671387e-01
-6.420500874519348145e-01
-5.914318561553955078e-01
-4.074134826660156250e-01
-6.377469897270202637e-01
-2.047181874513626099e-01
-3.881823122501373291e-01
-4.947439730167388916e-01
-6.074702143669128418e-01
-4.916806519031524658e-01
-7.048947811126708984e-01
-1.566440761089324951e-01
-3.543618917465209961e-01
-5.964151620864868164e-01
-7.846363186836242676e-01
-4.176219701766967773e-01
-3.757007420063018799e-01
-9.514378309249877930e-01
-3.557228147983551025e-01
-6.248869299888610840e-01
-5.950990915298461914e-01
-7.698923945426940918e-01
-5.529826283454895020e-01
-5.273423790931701660e-01
-9.265989065170288086e-01
-5.188738703727722168e-01
-8.552039265632629395e-01
-5.513019561767578125e-01
-5.225635170936584473e-01
-4.900556206703186035e-01
-3.223029375076293945e-01
-7.028802633285522461e-01
-5.498456954956054688e-01
-5.529655814170837402e-01
-5.921353101730346680e-01
-3.606431782245635986e-01
-5.265917181968688965e-01
-3.429023027420043945e-01
-3.750421404838562012e-01
-4.743915498256683350e-01
-6.624562740325927734e-01
-3.714708089828491211e-01
-3.399011492729187012e-01
-7.187286019325256348e-01
-4.238862991333007812e-01
-4.986844360828399658e-01
-2.682919800281524658e-01
-5.131742954254150391e-01
-6.787892580032348633e-01
-9.224142432212829590e-01
-5.142152905464172363e-01
-6.852568984031677246e-01
-5.539950132369995117e-01
-6.984843015670776367e-01
-5.219072699546813965e-01
-3.523567020893096924e-01
-6.062421798706054688e-01
-6.063783764839172363e-01
-3.470924794673919678e-01
-5.230432152748107910e-01
-7.177876830101013184e-01
-7.560922503471374512e-01
-5.837973952293395996e-01
-6.762660145759582520e-01
-5.186390876770019531e-01
-6.246558427810668945e-01
-6.046314835548400879e-01
-6.702618002891540527e-01
-3.011982142925262451e-01
-4.558164477348327637e-01
-5.468279719352722168e-01
-5.164292454719543457e-01
-2.187559157609939575e-01
-3.880153894424438477e-01
-3.347477018833160400e-01
-1.499947011470794678e-01
-3.781743943691253662e-01
-5.309152007102966309e-01
-7.274543642997741699e-01
-7.442989349365234375e-01
-4.299141466617584229e-01
-4.975844323635101318e-01
-6.912911534309387207e-01
-1.929950267076492310e-01
-2.744755446910858154e-01
-1.820707917213439941e-01
-1.965856105089187622e-01
-2.444836050271987915e-01
