-9.087120741605758667e-02
9.177301079034805298e-02
-1.164515614509582520e-01
-4.738245625048875809e-03
-6.383086740970611572e-02
-2.655004896223545074e-02
-3.973974660038948059e-02
-1.020154729485511780e-02
-5.022615194320678711e-03
8.771067112684249878e-02
-8.196814358234405518e-02
-3.363052383065223694e-02
1.251128613948822021e-01
2.457001991569995880e-02
4.025785252451896667e-02
4.429401829838752747e-02
4.519729875028133392e-03
7.567828288301825523e-05
3.697822988033294678e-02
1.698404666967689991e-03
-6.248612329363822937e-02
9.462402015924453735e-02
-1.659988611936569214e-01
1.167098060250282288e-02
-6.461392343044281006e-02
1.894638501107692719e-02
-1.338107734918594360e-01
1.828240752220153809e-01
-4.604608193039894104e-02
-3.191120177507400513e-02
-5.261138826608657837e-02
1.453601419925689697e-01
4.829887300729751587e-02
1.441721469163894653e-01
4.514288902282714844e-02
9.434268623590469360e-02
2.707709558308124542e-02
-6.134921684861183167e-02
1.984161287546157837e-01
