-7.762711048126220703e-01
-6.521502137184143066e-01
-3.639566302299499512e-01
-5.385512709617614746e-01
-5.665428638458251953e-01
-2.815257310867309570e-01
-7.440376877784729004e-01
-8.298940062522888184e-01
-4.828422665596008301e-01
-8.437467813491821289e-01
-8.000913262367248535e-01
-3.275203406810760498e-01
-4.088935852050781250e-01
-6.578152179718017578e-01
-2.367042601108551025e-01
-7.426976561546325684e-01
-1.872720271348953247e-01
-4.704778492450714111e-01
-2.668246030807495117e-01
-6.931321024894714355e-01
-4.977967739105224609e-01
-5.466848015785217285e-01
-5.455543398857116699e-01
-7.827575206756591797e-01
-4.498829245567321777e-01
-7.581992149353027344e-01
-6.881803274154663086e-01
-3.392057716846466064e-01
-5.508008003234863281e-01
-5.851984620094299316e-01
-7.567411065101623535e-01
-9.959840178489685059e-01
-6.490421295166015625e-01
-4.859215319156646729e-01
-6.507427096366882324e-01
-6.475601792335510254e-01
-3.877948522567749023e-01
-7.586849927902221680e-01
-6.441432237625122070e-01
-5.156825184822082520e-01
-1.751638203859329224e-01
-2.578195333480834961e-01
-3.645175397396087646e-01
-2.355397492647171021e-01
-3.892693817615509033e-01
-5.140562057495117188e-01
-3.473730385303497314e-01
-6.600462794303894043e-01
-3.593328297138214111e-01
-6.293249130249023438e-01
-6.275508403778076172e-01
-8.587305545806884766e-01
-8.881533145904541016e-01
-5.776636004447937012e-01
-6.269340515136718750e-01
-5.828705430030822754e-01
-4.906261861324310303e-01
-4.980521798133850098e-01
-3.962722718715667725e-01
-4.323164820671081543e-01
-7.538390755653381348e-01
-4.484553039073944092e-01
-2.926563620567321777e-01
-4.963178038597106934e-01
-4.202808737754821777e-01
-5.776880979537963867e-01
-5.622227191925048828e-01
-6.801673173904418945e-01
-4.901457428932189941e-01
-5.405734181404113770e-01
-5.208480358123779297e-01
-3.479623794555664062e-01
-5.882151722908020020e-01
-2.545492649078369141e-01
-7.091271877288818359e-01
-7.460547089576721191e-01
-8.070311546325683594e-01
-4.310046434402465820e-01
-3.152625560760498047e-01
-3.763496875762939453e-01
-5.388568043708801270e-01
-4.908854067325592041e-01
-4.123910963535308838e-01
-2.802775204181671143e-01
-1.109087318181991577e-01
-4.348675906658172607e-01
-7.599889636039733887e-01
-6.410802006721496582e-01
-4.252767264842987061e-01
-2.336679995059967041e-01
-9.885863959789276123e-02
-5.727426409721374512e-01
-5.299811959266662598e-01
-7.581958770751953125e-01
-5.441494584083557129e-01
-1.886470019817352295e-01
-4.926629364490509033e-01
-4.135708212852478027e-01
-4.820059537887573242e-01
-6.483342647552490234e-01
