2.153229117393493652e-01
-1.623716950416564941e-01
2.707567182369530201e-05
1.610000729560852051e-01
1.382622122764587402e-02
1.106416359543800354e-01
1.161476597189903259e-01
1.090428978204727173e-01
9.072813391685485840e-02
2.696347795426845551e-02
1.170002520084381104e-01
-5.089533329010009766e-02
6.009441800415515900e-03
3.382782638072967529e-02
2.020647563040256500e-02
1.336360573768615723e-01
1.518235355615615845e-02
3.132328391075134277e-01
-7.981839776039123535e-02
-1.240683067589998245e-02
-2.781004607677459717e-01
2.373475953936576843e-02
-3.386794775724411011e-02
-5.851859971880912781e-02
-6.291531771421432495e-02
8.675182610750198364e-02
-3.714746236801147461e-02
-2.513241469860076904e-01
2.599067687988281250e-01
-3.561948239803314209e-02
-1.798787564039230347e-01
1.381953954696655273e-01
2.005715072154998779e-01
1.126253083348274231e-01
1.589485108852386475e-01
6.159201636910438538e-02
2.781815826892852783e-02
1.058768555521965027e-01
