-6.224368810653686523e-01
-6.196862459182739258e-01
-6.097680926322937012e-01
-3.374274671077728271e-01
-6.043126583099365234e-01
-3.990039229393005371e-01
-6.033748388290405273e-01
-7.615457177162170410e-01
-6.540827751159667969e-01
-5.638508200645446777e-01
-3.807060122489929199e-01
-2.504675090312957764e-01
-2.204403579235076904e-01
-4.725730121135711670e-01
-7.508238554000854492e-01
-6.257719993591308594e-01
-5.683800578117370605e-01
-6.118149161338806152e-01
-1.646972745656967163e-01
-6.834038496017456055e-01
-5.839990973472595215e-01
-6.642675995826721191e-01
-4.399981796741485596e-01
-6.089285612106323242e-01
-7.612549066543579102e-01
-4.790957868099212646e-01
-5.293336510658264160e-01
-5.588738322257995605e-01
-2.317566424608230591e-01
-3.757362961769104004e-01
-3.978697359561920166e-01
-5.427211523056030273e-01
-6.692520380020141602e-01
-7.341492176055908203e-01
-5.213175415992736816e-01
-6.203595399856567383e-01
-9.137114882469177246e-01
-1.327767968177795410e-01
-4.976537227630615234e-01
-5.395385622978210449e-01
-5.810200572013854980e-01
-6.706863641738891602e-01
-9.241279363632202148e-01
-3.686797320842742920e-01
-5.340597629547119141e-01
-4.461859166622161865e-01
-9.451533555984497070e-01
-4.416415095329284668e-01
-2.799637019634246826e-01
-4.734487831592559814e-01
-4.064193069934844971e-01
-6.026963591575622559e-01
-5.061506032943725586e-01
-5.226093530654907227e-01
7.424356043338775635e-02
-9.739227890968322754e-01
-4.461828470230102539e-01
-4.213122725486755371e-01
-5.076925158500671387e-01
-6.072818040847778320e-01
-7.628846764564514160e-01
-6.846217513084411621e-01
-1.079337298870086670e-01
-3.751371800899505615e-01
-3.859054148197174072e-01
-7.307623028755187988e-01
-4.197722673416137695e-01
-9.452732205390930176e-01
-6.508958339691162109e-01
-4.718979597091674805e-01
-6.750271916389465332e-01
-4.519352614879608154e-01
-6.569724082946777344e-01
-7.242594957351684570e-01
-6.794328689575195312e-01
-6.246110200881958008e-01
-7.147708535194396973e-01
-5.357528328895568848e-01
-6.551206111907958984e-01
-5.071834325790405273e-01
-1.054030060768127441e+00
-6.761098504066467285e-01
-4.931200146675109863e-01
-8.586888909339904785e-01
-4.100071191787719727e-01
-5.496273040771484375e-01
-2.698521912097930908e-01
-8.199282884597778320e-01
-4.981322884559631348e-01
-5.070657134056091309e-01
-8.381097912788391113e-01
-2.347688078880310059e-01
-4.228340685367584229e-01
-5.473881363868713379e-01
-4.169982373714447021e-01
-7.521471977233886719e-01
-5.874487757682800293e-01
-9.322687387466430664e-01
-5.692996382713317871e-01
-5.681048631668090820e-01
