-4.381992816925048828e-01
-6.906226873397827148e-01
-3.920740485191345215e-01
-5.653761625289916992e-01
-4.471808075904846191e-01
-5.238489508628845215e-01
-5.523990988731384277e-01
-4.528145492076873779e-01
-3.066349923610687256e-01
-1.998551785945892334e-01
-5.073443055152893066e-01
-5.741356015205383301e-01
-3.985736370086669922e-01
-6.444660425186157227e-01
-9.138453602790832520e-01
-5.309937596321105957e-01
-4.211328029632568359e-01
-7.465535998344421387e-01
-1.145122274756431580e-01
-4.250210225582122803e-01
-4.851993620395660400e-01
-3.257571160793304443e-01
-4.244665205478668213e-01
-8.058949708938598633e-01
-3.123696446418762207e-01
-3.598880767822265625e-01
-6.458903551101684570e-01
-7.609245777130126953e-01
-5.921493768692016602e-01
-6.977733373641967773e-01
-7.341915965080261230e-01
-4.770318865776062012e-01
-3.665627241134643555e-01
-3.929931223392486572e-01
-8.349251747131347656e-01
-3.471110463142395020e-01
-6.707503199577331543e-01
-4.539869427680969238e-01
-4.692399501800537109e-01
-4.439981579780578613e-01
-3.248465061187744141e-01
-5.818628668785095215e-01
-4.188340008258819580e-01
-2.083088159561157227e-01
-3.964284360408782959e-01
-4.344803392887115479e-01
-3.140229284763336182e-01
-4.966313838958740234e-01
-6.270539760589599609e-01
-4.274532198905944824e-01
-3.014944493770599365e-01
-4.009105861186981201e-01
-5.703315138816833496e-01
-6.007138490676879883e-01
-6.344231367111206055e-01
-6.617558002471923828e-01
-6.504138708114624023e-01
-2.963197529315948486e-01
-5.707556605339050293e-01
-4.799304604530334473e-01
-1.776308566331863403e-01
-6.706873774528503418e-01
-6.582447886466979980e-01
-8.913609981536865234e-01
-7.667241692543029785e-01
-3.675602078437805176e-01
-4.856815636157989502e-01
-6.972701549530029297e-01
-3.037055134773254395e-01
-5.207358598709106445e-01
-2.628720998764038086e-01
-5.820717215538024902e-01
-7.107633948326110840e-01
-7.189622521400451660e-01
-7.444283962249755859e-01
-4.412504434585571289e-01
-7.146925926208496094e-01
-4.446870982646942139e-01
-4.170469641685485840e-01
-3.562627136707305908e-01
-3.978306651115417480e-01
-3.309231400489807129e-01
-4.244580268859863281e-01
-5.875153541564941406e-01
-5.416252017021179199e-01
-5.394628643989562988e-01
-6.115266680717468262e-01
-7.597957253456115723e-01
-3.803682029247283936e-01
-3.880522251129150391e-01
-5.501403808593750000e-01
-3.673484921455383301e-01
-4.161943793296813965e-01
-6.255543231964111328e-01
-7.143421769142150879e-01
-8.836185336112976074e-01
-7.322075963020324707e-01
-2.638729512691497803e-01
-6.588488221168518066e-01
-7.614338397979736328e-01
