-7.698722183704376221e-02
-2.703389897942543030e-02
1.830808818340301514e-01
-1.445811986923217773e-01
1.418203115463256836e-02
3.078649379312992096e-02
5.303161218762397766e-02
1.667779088020324707e-01
-3.456338867545127869e-02
9.599736332893371582e-02
1.843576505780220032e-02
-1.240651458501815796e-01
-1.216240003705024719e-01
9.600979089736938477e-02
-1.693251170217990875e-02
1.575914174318313599e-01
1.087493076920509338e-01
1.534078270196914673e-01
8.072233200073242188e-02
8.875434845685958862e-02
6.785361468791961670e-02
-1.396861970424652100e-01
1.043344140052795410e-01
4.314045608043670654e-02
2.773562073707580566e-01
-5.613630264997482300e-02
2.840413339436054230e-02
1.361584812402725220e-01
8.400609716773033142e-03
1.266487836837768555e-01
-1.529859900474548340e-01
1.896915957331657410e-02
5.444443225860595703e-02
6.043279170989990234e-02
1.076546870172023773e-02
-1.069667935371398926e-01
1.545761525630950928e-01
2.335371226072311401e-01
-6.712093949317932129e-02
1.692101359367370605e-01
1.665174663066864014e-01
6.221193075180053711e-02
8.389090746641159058e-02
