-2.309089712798595428e-02
8.913491666316986084e-02
-2.627055346965789795e-01
-6.592617183923721313e-02
-1.927077621221542358e-01
-1.687160134315490723e-01
9.774425625801086426e-02
1.929304189980030060e-02
1.664554141461849213e-02
6.427770107984542847e-02
-6.267216801643371582e-02
7.867061346769332886e-02
8.393963426351547241e-02
3.603498041629791260e-01
2.247273623943328857e-01
3.098145127296447754e-02
1.643473505973815918e-01
-1.856232620775699615e-02
2.468302547931671143e-01
-2.159022167325019836e-02
4.176508635282516479e-02
9.489206969738006592e-02
1.384034156799316406e-01
4.142664372920989990e-02
9.025588631629943848e-02
2.051159292459487915e-01
6.083478406071662903e-02
5.176605284214019775e-02
1.423619836568832397e-01
1.159489080309867859e-01
1.563633233308792114e-01
1.166304945945739746e-01
3.751676157116889954e-02
-2.716950178146362305e-01
5.122986063361167908e-02
-6.779495626688003540e-02
-5.172912031412124634e-02
-1.430586073547601700e-02
2.280330955982208252e-01
-7.358287926763296127e-03
1.495654731988906860e-01
