-9.080365300178527832e-02
-3.523872047662734985e-02
-2.100041508674621582e-01
1.627662926912307739e-01
2.958054095506668091e-02
1.189125478267669678e-01
1.118259280920028687e-01
-7.284773141145706177e-02
4.140055098105221987e-04
1.780360937118530273e-01
1.338239312171936035e-01
-1.210259273648262024e-01
1.469551324844360352e-01
2.370665222406387329e-01
-1.208467930555343628e-01
-1.314399540424346924e-01
3.511266037821769714e-02
3.885925933718681335e-02
-1.022745296359062195e-01
1.314930766820907593e-01
3.416759148240089417e-02
-1.636227667331695557e-01
8.060763776302337646e-02
1.386013329029083252e-01
-5.511908233165740967e-02
1.014388576149940491e-01
-5.739580467343330383e-02
4.837855324149131775e-02
-1.545728594064712524e-01
6.204359233379364014e-02
8.782064169645309448e-02
-9.091183543205261230e-02
1.389465332031250000e-01
-2.176766842603683472e-02
-1.508184615522623062e-02
2.003315687179565430e-01
3.713630884885787964e-02
3.883935511112213135e-02
