-1.192542538046836853e-02
2.289577759802341461e-02
-3.684715833514928818e-03
7.818150520324707031e-02
4.067746177315711975e-02
2.125638127326965332e-01
2.961603691801428795e-03
2.054316690191626549e-03
1.824754923582077026e-01
-1.040657907724380493e-01
-1.906425505876541138e-01
2.646264731884002686e-01
2.268697507679462433e-02
-3.353739157319068909e-02
-3.657182306051254272e-02
1.222909688949584961e-01
6.366096436977386475e-02
-4.650318995118141174e-03
-9.644905477762222290e-02
-1.086145937442779541e-01
9.996276348829269409e-03
-3.275308385491371155e-02
-1.864039152860641479e-02
1.483599469065666199e-02
5.289704725146293640e-02
1.233081221580505371e-01
9.073568135499954224e-02
4.072060808539390564e-02
-1.553040295839309692e-01
-2.514616250991821289e-01
4.739368334412574768e-02
3.599548712372779846e-02
-2.678237855434417725e-02
-1.406438201665878296e-01
-3.626476228237152100e-02
-7.862269878387451172e-02
-1.064271777868270874e-01
-1.151373833417892456e-01
7.104498147964477539e-02
2.510952055454254150e-01
-1.026331558823585510e-01
