-4.607394337654113770e-01
-2.673852741718292236e-01
-4.050924777984619141e-01
-2.997804284095764160e-01
-6.623778343200683594e-01
-3.480281829833984375e-01
-3.808062970638275146e-01
-1.156460419297218323e-01
-6.507693529129028320e-01
-4.142683148384094238e-01
-2.437493354082107544e-01
-5.859661698341369629e-01
-5.962718129158020020e-01
-4.810780882835388184e-01
-4.752552211284637451e-01
-5.311762094497680664e-01
-1.375997364521026611e-01
-3.501422107219696045e-01
-6.731836795806884766e-01
-7.526537775993347168e-01
-5.236710906028747559e-01
-5.616899132728576660e-01
-5.412328243255615234e-01
-5.975865721702575684e-01
-1.529822200536727905e-01
-4.034582078456878662e-01
-4.929509758949279785e-01
-5.990738868713378906e-01
-2.536437809467315674e-01
-5.083345174789428711e-01
-6.240317225456237793e-01
-2.501949965953826904e-01
-3.447005450725555420e-01
-4.532034695148468018e-01
-2.290596067905426025e-01
-6.480671763420104980e-01
-6.233569979667663574e-01
-3.910067677497863770e-01
-4.322614669799804688e-01
-6.183152794837951660e-01
-1.299337297677993774e-01
-5.868649482727050781e-01
-1.194663122296333313e-01
-2.309080809354782104e-01
-5.043541789054870605e-01
-2.342436909675598145e-01
-8.649630844593048096e-02
-1.642765700817108154e-01
-3.386957049369812012e-01
-1.675347685813903809e-01
-2.304358780384063721e-01
-5.805882215499877930e-01
-4.386786818504333496e-01
-7.347287535667419434e-01
-4.215799868106842041e-01
-7.480593919754028320e-01
-1.845972537994384766e-01
-4.578984677791595459e-01
-5.371010303497314453e-01
-6.728217601776123047e-01
-7.788654565811157227e-01
-2.876218557357788086e-01
-4.462389945983886719e-01
-2.903757095336914062e-01
-4.904264211654663086e-01
-3.475393652915954590e-01
-2.075771391391754150e-01
-4.161076843738555908e-01
-6.212054193019866943e-02
-3.958979547023773193e-01
-5.209814906120300293e-01
-6.372582912445068359e-01
-3.116421401500701904e-01
-2.386176586151123047e-01
-2.065341323614120483e-01
-6.841670274734497070e-01
-1.538464277982711792e-01
-8.071193695068359375e-01
-1.758462786674499512e-01
-3.514771163463592529e-01
-5.500536561012268066e-01
-2.174155563116073608e-01
-3.654720187187194824e-01
-4.357603788375854492e-01
-4.641280770301818848e-01
-8.423348069190979004e-01
-4.226538538932800293e-01
-2.616800367832183838e-01
-4.116104543209075928e-01
-4.584890902042388916e-01
-4.838984310626983643e-01
-5.287845730781555176e-01
-5.770162343978881836e-01
-6.688723564147949219e-01
-5.720368027687072754e-01
-3.815365731716156006e-01
5.397700145840644836e-02
-8.318451046943664551e-01
-7.560727000236511230e-01
-6.267655491828918457e-01
