-7.653900384902954102e-01
-5.524865984916687012e-01
-3.898734748363494873e-01
-6.483404040336608887e-01
-1.167538203299045563e-02
-6.902875304222106934e-01
-4.350628554821014404e-01
-7.282720208168029785e-01
-4.241338968276977539e-01
-4.886858165264129639e-01
-8.442737460136413574e-01
-4.011244177818298340e-01
-6.223170757293701172e-01
-7.048811316490173340e-01
-4.014036059379577637e-01
-5.549607276916503906e-01
-6.407877206802368164e-01
-2.915387749671936035e-01
-6.895602345466613770e-01
-5.625720024108886719e-01
-5.548822879791259766e-01
-4.667732715606689453e-01
-4.842958748340606689e-01
-8.723354935646057129e-01
-4.324627220630645752e-01
-7.696810960769653320e-01
-6.602056622505187988e-01
-3.732236921787261963e-01
-3.812023699283599854e-01
-6.956481933593750000e-01
-8.175343275070190430e-01
-4.890023767948150635e-01
-3.429697751998901367e-01
-3.935828208923339844e-01
-6.051069498062133789e-01
-4.329406321048736572e-01
-5.683133006095886230e-01
-4.197397530078887939e-01
-2.435142397880554199e-01
-5.589782595634460449e-01
-4.969926476478576660e-01
-5.892331600189208984e-01
-2.517786920070648193e-01
-4.218333959579467773e-01
-3.616314232349395752e-01
-1.992055922746658325e-01
-2.532877922058105469e-01
-6.436302661895751953e-01
-7.171693444252014160e-01
-3.655980825424194336e-01
-4.436677992343902588e-01
-5.111165046691894531e-01
-4.850411117076873779e-01
-2.080782949924468994e-01
-3.079715073108673096e-01
-5.301883816719055176e-01
-3.112244904041290283e-01
-6.041731238365173340e-01
-2.927097380161285400e-01
-8.178371787071228027e-01
-6.105437874794006348e-01
-4.382286965847015381e-01
-8.118975162506103516e-01
-3.693805038928985596e-01
-3.119361698627471924e-01
-2.721325159072875977e-01
-5.698858499526977539e-01
-5.192468166351318359e-01
-6.489723324775695801e-01
-4.682086408138275146e-01
-3.649246394634246826e-01
-5.040044188499450684e-01
-4.947244822978973389e-01
-4.035443663597106934e-01
-8.165423870086669922e-01
-5.398902893066406250e-01
-1.091920584440231323e-01
-6.789219379425048828e-01
-4.334629774093627930e-01
-4.014174342155456543e-01
-4.238586723804473877e-01
-3.004451394081115723e-01
-5.169506072998046875e-01
-3.306992650032043457e-01
-5.164448618888854980e-01
-5.030401349067687988e-01
-3.093728125095367432e-01
-8.840676546096801758e-01
-6.973825097084045410e-01
-2.140150964260101318e-01
-6.116453409194946289e-01
-7.541990876197814941e-01
-8.850350379943847656e-01
-2.952837646007537842e-01
-5.473872423171997070e-01
-2.703153789043426514e-01
-5.036430358886718750e-01
-7.075310945510864258e-01
-6.004817485809326172e-01
-5.037445425987243652e-01
