-5.556312799453735352e-01
-5.349409580230712891e-01
-6.666738986968994141e-01
-8.547976016998291016e-01
-5.176420807838439941e-01
-2.123918235301971436e-01
-4.286799728870391846e-01
-2.420613169670104980e-01
-5.695673227310180664e-01
-4.090074300765991211e-01
-3.957759141921997070e-01
-4.351914823055267334e-01
-6.797636747360229492e-01
-5.379831194877624512e-01
-6.252648830413818359e-01
-6.318916678428649902e-01
-3.450676798820495605e-01
-4.921362400054931641e-01
-5.101259350776672363e-01
-5.481511950492858887e-01
-6.426416039466857910e-01
-6.468251943588256836e-01
-4.743160903453826904e-01
-2.696515321731567383e-01
-4.195788502693176270e-01
-6.882260441780090332e-01
-7.390536069869995117e-01
-4.711225628852844238e-01
-7.037864327430725098e-01
-4.117138683795928955e-01
-4.337174296379089355e-01
-4.010635614395141602e-01
-4.374716877937316895e-01
-5.484876632690429688e-01
-3.818257153034210205e-01
-5.588764548301696777e-01
-4.644129276275634766e-01
-2.006164938211441040e-01
-5.779734849929809570e-01
-2.267186790704727173e-01
-4.483427703380584717e-01
-5.341421365737915039e-01
-7.466164827346801758e-01
-3.482281267642974854e-01
-4.898483455181121826e-01
-4.911153018474578857e-01
-3.999294042587280273e-01
-6.869723200798034668e-01
-4.466561079025268555e-01
-9.092450141906738281e-02
-4.774351716041564941e-01
-6.604554653167724609e-01
-4.452953934669494629e-01
-5.383085608482360840e-01
-4.065836071968078613e-01
-6.326121091842651367e-01
-4.311382174491882324e-01
-6.021674275398254395e-01
-4.224031567573547363e-01
-5.635507106781005859e-01
-5.212792158126831055e-01
-3.005809485912322998e-01
-4.177855849266052246e-01
-3.530841767787933350e-01
-5.150305628776550293e-01
-6.969658732414245605e-01
-3.966629207134246826e-01
-7.056840062141418457e-01
-1.028354689478874207e-01
-5.864046216011047363e-01
-8.615690469741821289e-01
-6.018453836441040039e-01
-4.059465527534484863e-01
-2.902249693870544434e-01
-1.534269154071807861e-01
-7.647420167922973633e-01
-4.845885634422302246e-01
-4.179280698299407959e-01
-5.618318319320678711e-01
-2.057475298643112183e-01
-5.401619672775268555e-01
-3.436570763587951660e-01
-6.114063262939453125e-01
-3.266239166259765625e-01
-2.657967507839202881e-01
-4.299519956111907959e-01
-2.536896169185638428e-01
-3.739273250102996826e-01
-5.170290470123291016e-01
-5.532112717628479004e-01
-6.625056266784667969e-01
-4.627527594566345215e-01
-8.231670856475830078e-01
-7.164699435234069824e-01
-4.506096541881561279e-01
-6.493291854858398438e-01
-2.754962444305419922e-01
-4.161900579929351807e-01
-7.028454542160034180e-01
-2.408465743064880371e-01
