-2.199225872755050659e-01
-3.180721700191497803e-01
-4.039718806743621826e-01
-3.390599191188812256e-01
-2.066031247377395630e-01
-4.257285296916961670e-01
-5.626049637794494629e-01
-2.141719907522201538e-01
-3.621647357940673828e-01
-4.630611240863800049e-01
-2.376614511013031006e-01
-3.961959853768348694e-02
-3.260040879249572754e-01
-3.114629685878753662e-01
-4.395079314708709717e-01
-4.692132472991943359e-01
-2.711140811443328857e-01
-8.130297809839248657e-02
-6.361076831817626953e-01
-3.791434168815612793e-01
-3.329577744007110596e-01
-3.706474006175994873e-01
-1.595946401357650757e-01
-4.040576517581939697e-01
-5.296953320503234863e-01
-5.667991042137145996e-01
-3.675753176212310791e-01
-2.466943562030792236e-01
-3.769176304340362549e-01
-4.136295318603515625e-01
-9.734228253364562988e-02
-2.124067693948745728e-01
-4.336887300014495850e-01
-5.133190006017684937e-02
-2.516725361347198486e-01
-3.624341785907745361e-01
-3.290696144104003906e-01
-2.644745409488677979e-01
-2.907207012176513672e-01
-2.098343670368194580e-01
-4.346664547920227051e-01
-3.334508836269378662e-01
2.368673682212829590e-02
-3.876573741436004639e-01
-1.262794584035873413e-01
-4.554992318153381348e-01
-2.521714866161346436e-01
-8.957037329673767090e-02
-4.082469046115875244e-01
-4.841903150081634521e-01
-2.941928505897521973e-01
-2.464914619922637939e-01
-3.203269243240356445e-01
-4.954199492931365967e-01
-3.735199272632598877e-01
-5.774453878402709961e-01
-4.006007611751556396e-01
-4.181067645549774170e-01
-4.642425477504730225e-01
-4.134299159049987793e-01
-3.338796198368072510e-01
-6.381542980670928955e-02
-1.433819979429244995e-01
-7.043318450450897217e-02
-4.679560288786888123e-02
-3.245428800582885742e-01
6.338095664978027344e-02
-3.691258132457733154e-01
-2.389925718307495117e-01
-3.443458378314971924e-01
-1.509506851434707642e-01
-2.988853454589843750e-01
-2.931614033877849579e-02
-2.978287041187286377e-01
-7.451144605875015259e-02
-2.837242484092712402e-01
-3.509318828582763672e-01
-9.261703491210937500e-02
2.816844545304775238e-02
-3.560463190078735352e-01
-2.298396080732345581e-01
-4.546083509922027588e-01
-4.288028478622436523e-01
-4.677895605564117432e-01
-2.210509777069091797e-01
-5.394718050956726074e-01
-3.101000785827636719e-01
-3.420925140380859375e-01
-2.208057641983032227e-01
-1.761415153741836548e-01
-4.443348348140716553e-01
-4.411269426345825195e-01
-2.009602487087249756e-01
-2.564647197723388672e-01
-3.032263219356536865e-01
-3.296376168727874756e-01
-4.495100378990173340e-01
-3.182559013366699219e-01
-4.867430627346038818e-01
-2.955807745456695557e-01
