-4.113667458295822144e-02
-2.711129188537597656e-02
4.597033560276031494e-02
-2.442786656320095062e-02
1.945067569613456726e-02
-8.952977508306503296e-02
6.829205155372619629e-02
1.100896820425987244e-01
2.115751057863235474e-01
-3.430169820785522461e-02
-1.200588420033454895e-01
-5.599281564354896545e-02
1.193052753806114197e-01
1.028456613421440125e-01
-1.625403165817260742e-01
-7.862254232168197632e-02
5.301260575652122498e-02
1.899868100881576538e-01
1.153100579977035522e-01
1.420428752899169922e-01
5.029229447245597839e-02
-9.770261496305465698e-02
1.757260560989379883e-01
-4.202752932906150818e-02
1.117213964462280273e-01
-2.442853758111596107e-03
6.300544738769531250e-02
-1.081085875630378723e-01
-3.779678791761398315e-02
1.072892472147941589e-01
4.151615127921104431e-02
1.203328892588615417e-01
7.074384391307830811e-02
-4.296338185667991638e-02
1.236047875136137009e-02
-2.687174081802368164e-02
8.517777174711227417e-02
1.866596750915050507e-02
5.186161398887634277e-02
-1.039622277021408081e-01
