1.842621266841888428e-01
2.594460174441337585e-02
1.366490423679351807e-01
-2.454630583524703979e-01
-1.699101477861404419e-01
3.769218921661376953e-02
7.206328213214874268e-02
-7.241164892911911011e-02
-8.698403090238571167e-02
-1.030593588948249817e-01
1.672877669334411621e-01
4.730495065450668335e-02
-8.656216785311698914e-03
-3.306488096714019775e-01
2.516361773014068604e-01
1.902497559785842896e-01
1.062369272112846375e-01
1.679095294093713164e-04
-5.327701196074485779e-02
1.988168656826019287e-01
1.986353248357772827e-01
-1.861440539360046387e-01
2.067573070526123047e-01
-4.469643160700798035e-02
2.580522894859313965e-01
2.142626419663429260e-02
1.804022490978240967e-01
-1.035996675491333008e-01
6.289413198828697205e-03
-2.511552274227142334e-01
8.162200450897216797e-03
-1.284423172473907471e-01
1.950775831937789917e-01
-1.826743483543395996e-01
-8.733999729156494141e-02
-6.450932472944259644e-02
-7.924193888902664185e-02
7.555609941482543945e-02
-3.284626826643943787e-02
