-2.583909630775451660e-01
-1.239408612251281738e+00
-9.217173457145690918e-01
-5.443466901779174805e-01
-4.106846749782562256e-01
-5.727639198303222656e-01
-9.746481180191040039e-01
-9.262695908546447754e-01
-5.509567856788635254e-01
-4.948157668113708496e-01
-2.246845811605453491e-01
-7.575432658195495605e-01
-9.740841984748840332e-01
-5.247735977172851562e-01
-4.496961236000061035e-01
-8.660187125205993652e-01
-8.871672749519348145e-01
-8.080968260765075684e-01
-8.073402643203735352e-01
-8.090644478797912598e-01
-5.720132589340209961e-01
-4.795180857181549072e-01
-5.618607401847839355e-01
-6.181457638740539551e-01
-4.267608225345611572e-01
-5.453417301177978516e-01
-3.849898278713226318e-01
-5.039777159690856934e-01
-3.648010492324829102e-01
-6.390922069549560547e-01
-8.507165908813476562e-01
-5.816895365715026855e-01
-5.048260688781738281e-01
-4.103268682956695557e-01
-1.533851921558380127e-01
-2.165060937404632568e-01
-2.445517294108867645e-02
-5.673586726188659668e-01
-6.614978313446044922e-01
-5.818170905113220215e-01
-6.120908856391906738e-01
-3.412616848945617676e-01
-6.749937534332275391e-01
-7.690612226724624634e-02
-1.465667188167572021e-01
-5.516644716262817383e-01
-3.440507948398590088e-01
-2.109527140855789185e-01
-5.222115516662597656e-01
-2.080549448728561401e-01
-5.957838296890258789e-01
-6.949743628501892090e-01
-7.291908264160156250e-01
-6.648816466331481934e-01
-7.466832399368286133e-01
-1.983614563941955566e-01
-5.954456925392150879e-01
-5.877932310104370117e-01
-3.814454674720764160e-01
-4.983241856098175049e-01
-4.927356541156768799e-01
-4.765974879264831543e-01
-7.219139933586120605e-01
-7.497645020484924316e-01
-6.687272787094116211e-01
-4.154044687747955322e-01
-6.451713442802429199e-01
-9.959132671356201172e-01
-1.407715380191802979e-01
-5.481653213500976562e-01
-5.898023247718811035e-01
-2.239411026239395142e-01
-5.523455739021301270e-01
-2.740444242954254150e-01
-2.710418105125427246e-01
-3.562495112419128418e-01
-8.241127133369445801e-01
-6.590199470520019531e-01
-4.815369844436645508e-01
-4.413107931613922119e-01
-6.173099279403686523e-01
-7.049266099929809570e-01
-5.714197754859924316e-01
-7.656380534172058105e-01
-1.770468205213546753e-01
-4.874128103256225586e-01
-5.651571154594421387e-01
-6.813312768936157227e-01
-6.808061599731445312e-01
-6.206262111663818359e-01
-4.021982550621032715e-01
-4.653739631175994873e-01
-8.570723533630371094e-01
-5.514093041419982910e-01
-5.513073205947875977e-01
-7.263323664665222168e-01
-6.706326007843017578e-01
-6.595653891563415527e-01
-3.404602706432342529e-01
-3.088646531105041504e-01
