-4.899667799472808838e-01
-5.553871989250183105e-01
-7.458188533782958984e-01
-3.830859065055847168e-01
-7.132936716079711914e-01
-6.917669177055358887e-01
-1.885033547878265381e-01
-6.027812957763671875e-01
-2.592354118824005127e-01
-1.993385851383209229e-01
-6.730524301528930664e-01
-2.931417524814605713e-01
-5.456946492195129395e-01
-5.529417991638183594e-01
-6.553868651390075684e-01
-4.114603698253631592e-01
-9.120269417762756348e-01
-6.804420351982116699e-01
-4.703660607337951660e-01
-7.400151491165161133e-01
-4.820220768451690674e-01
-6.372660398483276367e-01
-5.131392478942871094e-01
-4.661170244216918945e-01
-5.538784861564636230e-01
-4.993351101875305176e-01
-7.346920967102050781e-01
-7.109065055847167969e-01
-5.467103123664855957e-01
-7.977613210678100586e-01
-2.588100135326385498e-01
-2.806981801986694336e-01
-4.205447435379028320e-01
-8.907649517059326172e-01
-4.918066859245300293e-01
-6.364439725875854492e-01
-5.778486132621765137e-01
-7.635639309883117676e-01
-1.014426708221435547e+00
-4.685140550136566162e-01
-3.886843323707580566e-01
-4.476558864116668701e-01
-6.336302161216735840e-01
-5.011571049690246582e-01
-4.472341835498809814e-01
-3.236725628376007080e-01
-6.200300455093383789e-01
-8.204551339149475098e-01
-2.036136537790298462e-01
-5.811177492141723633e-01
-3.602811694145202637e-01
-2.983341813087463379e-01
-6.324574351310729980e-01
-2.857424020767211914e-01
-7.169501185417175293e-01
-4.357711076736450195e-01
-1.023418188095092773e+00
-2.901030182838439941e-01
-7.671971917152404785e-01
-7.294155359268188477e-01
-5.109404921531677246e-01
-4.640353024005889893e-01
-8.959681987762451172e-01
-4.352817833423614502e-01
-6.723414063453674316e-01
-5.146164894104003906e-01
-3.399604856967926025e-01
-7.512811422348022461e-01
-3.556731343269348145e-01
-4.192544519901275635e-01
-5.128163695335388184e-01
-3.344281613826751709e-01
-3.395893275737762451e-01
-4.576895833015441895e-01
-2.929610908031463623e-01
-7.059333920478820801e-01
-1.004626870155334473e+00
-2.335769683122634888e-01
-6.097503900527954102e-01
-3.962963819503784180e-01
-4.026550054550170898e-02
-1.704930365085601807e-01
-2.798291742801666260e-01
-3.211673796176910400e-01
-2.226842194795608521e-01
-5.806540846824645996e-01
-6.646146178245544434e-01
-5.339452028274536133e-01
-7.080849409103393555e-01
-4.706085324287414551e-01
-6.581190228462219238e-01
-4.649201035499572754e-01
-3.368948400020599365e-01
-5.299264192581176758e-01
-7.863255143165588379e-01
-3.295492231845855713e-01
-2.915935814380645752e-01
-5.531029105186462402e-01
-5.077593401074409485e-02
-6.723097562789916992e-01
