-6.019632890820503235e-02
1.232126280665397644e-01
1.761898696422576904e-01
1.313827037811279297e-01
-5.261280760169029236e-02
2.329908758401870728e-01
1.139743700623512268e-01
4.644384235143661499e-02
1.095201298594474792e-01
-4.845766350626945496e-02
5.399888753890991211e-02
3.465824946761131287e-02
3.569722548127174377e-02
-2.857807651162147522e-02
1.055975258350372314e-01
3.252677917480468750e-01
-5.412603542208671570e-02
1.533192247152328491e-01
2.467002347111701965e-02
9.635061770677566528e-02
5.939374491572380066e-02
-9.451952576637268066e-02
1.625992953777313232e-01
1.157275810837745667e-01
2.311528176069259644e-01
1.879708170890808105e-01
-2.429666370153427124e-02
5.778257176280021667e-02
1.364105008542537689e-02
4.857119545340538025e-02
6.989391893148422241e-02
-8.700779080390930176e-02
5.379353091120719910e-02
1.704585552215576172e-02
1.601116359233856201e-01
9.238944202661514282e-02
-1.510741561651229858e-01
-2.732905447483062744e-01
