-4.552202671766281128e-02
9.502347558736801147e-02
9.436241537332534790e-02
-7.605423033237457275e-02
-3.207105398178100586e-01
1.444125026464462280e-01
1.800523325800895691e-02
1.503095775842666626e-01
2.897026576101779938e-02
3.165185078978538513e-02
2.342604473233222961e-02
5.738792195916175842e-02
7.190363109111785889e-02
1.201384142041206360e-01
-4.947602748870849609e-02
2.525878138840198517e-02
-1.611088365316390991e-01
7.432206720113754272e-02
1.537408828735351562e-01
1.596725285053253174e-01
-5.397731810808181763e-02
1.673390418291091919e-01
7.595887780189514160e-02
2.649086415767669678e-01
-7.831583917140960693e-02
-1.971983723342418671e-02
1.471530273556709290e-02
3.227185830473899841e-02
9.696739166975021362e-02
-1.709762401878833771e-02
5.856120958924293518e-02
-1.505652815103530884e-02
-1.114791538566350937e-02
-1.179221570491790771e-01
-3.803452476859092712e-02
2.461666762828826904e-01
4.789190366864204407e-02
2.086150273680686951e-02
2.391622513532638550e-01
1.059542968869209290e-01
2.097408287227153778e-02
