1.386298332363367081e-02
1.592115312814712524e-01
-1.506865918636322021e-01
5.811751633882522583e-02
-2.351873517036437988e-01
2.125205695629119873e-01
5.231854319572448730e-02
-1.238406226038932800e-01
-1.172770559787750244e-02
-2.192423120141029358e-02
1.195660233497619629e-01
3.755087032914161682e-02
2.368130534887313843e-01
1.389207243919372559e-01
-2.184277772903442383e-02
-6.765782833099365234e-02
7.882363349199295044e-02
-9.786412864923477173e-02
-7.209796458482742310e-02
2.708333134651184082e-01
2.146436460316181183e-02
8.121938258409500122e-02
9.194623678922653198e-02
-4.510981589555740356e-02
-5.722522735595703125e-02
1.101007312536239624e-01
1.934853196144104004e-01
-8.432156592607498169e-02
-1.510757356882095337e-01
1.541348248720169067e-01
2.720314860343933105e-01
-3.251616284251213074e-02
1.316984593868255615e-01
1.627946645021438599e-02
2.796129509806632996e-02
1.715541481971740723e-01
2.346946597099304199e-01
6.182268634438514709e-02
2.017596065998077393e-01
