-5.039110779762268066e-01
-5.373925566673278809e-01
-8.954066634178161621e-01
-4.080474376678466797e-01
-3.515263795852661133e-01
-2.371840029954910278e-01
-4.017127752304077148e-01
-8.699933290481567383e-01
-5.579857230186462402e-01
-3.874561488628387451e-01
-4.159788191318511963e-01
-1.013607144355773926e+00
-1.658533215522766113e-01
-6.275518536567687988e-01
-4.725043475627899170e-01
-5.822418332099914551e-01
-7.074913978576660156e-01
-5.440506339073181152e-01
-2.807670831680297852e-01
-4.065472483634948730e-01
-5.539826750755310059e-01
-6.870733499526977539e-01
-7.591327428817749023e-01
-5.621004104614257812e-01
-5.437286496162414551e-01
-4.033755362033843994e-01
-8.282506465911865234e-01
-4.417521953582763672e-01
-9.793766140937805176e-01
-3.880150914192199707e-01
-4.970121383666992188e-01
-5.828350186347961426e-01
-8.229086399078369141e-01
-4.024640321731567383e-01
-5.358386635780334473e-01
-5.733795166015625000e-01
-7.309916019439697266e-01
-4.562071263790130615e-01
-7.625344395637512207e-01
-6.990172863006591797e-01
-5.492714047431945801e-01
-6.491514444351196289e-01
-5.308597683906555176e-01
-5.763758420944213867e-01
-7.591053247451782227e-01
-6.832364797592163086e-01
-5.063424110412597656e-01
-5.230608582496643066e-01
-8.578171133995056152e-01
-4.144639074802398682e-01
-8.534353375434875488e-01
-6.505930423736572266e-01
-8.812593221664428711e-01
-6.410514712333679199e-01
-4.451328516006469727e-01
-1.033673644065856934e+00
-6.255732178688049316e-01
-8.004910349845886230e-01
-1.284764766693115234e+00
-2.602498531341552734e-01
-5.292275547981262207e-01
-6.017375588417053223e-01
-8.463141918182373047e-01
-3.734321594238281250e-01
-3.474607467651367188e-01
-8.615648150444030762e-01
-3.245410919189453125e-01
-4.788940548896789551e-01
-1.000953316688537598e+00
-5.756990909576416016e-01
-8.638072609901428223e-01
-6.976533532142639160e-01
-4.072153866291046143e-01
-2.819453179836273193e-01
-2.121591418981552124e-01
-6.943942904472351074e-01
-4.852806031703948975e-01
-4.822691977024078369e-01
-5.843653082847595215e-01
-4.727951586246490479e-01
-6.640293598175048828e-01
-5.041092038154602051e-01
-5.231613516807556152e-01
-4.855046570301055908e-01
-7.327516078948974609e-01
-4.467846155166625977e-01
-8.864253163337707520e-01
-5.389596223831176758e-01
-7.172707915306091309e-01
-5.232127904891967773e-01
-6.421518325805664062e-01
-3.347012698650360107e-01
-7.214836478233337402e-01
-1.971405595541000366e-01
-5.953761339187622070e-01
-2.005407810211181641e-01
-3.202407360076904297e-01
-2.885155677795410156e-01
-7.266009449958801270e-01
-5.151103734970092773e-01
