-1.330458372831344604e-01
-7.437051832675933838e-02
1.509483456611633301e-01
5.469532310962677002e-02
2.857777178287506104e-01
9.738580137491226196e-02
7.794617116451263428e-02
8.786936104297637939e-02
-1.044062301516532898e-01
-1.580205187201499939e-02
1.271628886461257935e-01
6.729073822498321533e-02
-1.607273668050765991e-01
-4.059490934014320374e-02
-1.184656023979187012e-01
-2.783762291073799133e-02
-5.934043601155281067e-02
-3.405115753412246704e-02
-7.046902924776077271e-02
-1.406018733978271484e-01
-1.121887266635894775e-01
-6.759271956980228424e-03
-3.236444294452667236e-02
6.052504852414131165e-02
-2.721717767417430878e-02
6.747027486562728882e-02
4.777975380420684814e-02
-6.755604874342679977e-03
3.331708023324608803e-03
2.365921139717102051e-01
1.980326473712921143e-01
1.419837921857833862e-01
1.120826527476310730e-01
8.482594043016433716e-02
-9.108843654394149780e-02
2.550479210913181305e-02
-1.919520646333694458e-01
2.633373737335205078e-01
1.595053225755691528e-01
