8.624883741140365601e-02
2.421399578452110291e-02
1.971523016691207886e-01
4.600384831428527832e-02
9.883722662925720215e-02
-3.449907060712575912e-03
3.045289032161235809e-02
9.292796999216079712e-02
4.029304161667823792e-02
2.143377065658569336e-01
7.052676379680633545e-02
-2.290006354451179504e-02
4.048286005854606628e-02
4.411549493670463562e-02
2.246508449316024780e-01
3.902967274188995361e-01
-1.290022134780883789e-01
1.227757185697555542e-01
-2.058014124631881714e-01
-1.069732159376144409e-01
-4.957139864563941956e-02
3.452729806303977966e-02
8.213851600885391235e-02
6.218394637107849121e-02
-1.485686451196670532e-01
1.785546094179153442e-01
3.000499866902828217e-02
4.163721203804016113e-02
4.655425995588302612e-02
-2.777393162250518799e-01
1.779979169368743896e-01
-6.974434852600097656e-02
-1.023986116051673889e-01
1.979928277432918549e-02
-1.638588905334472656e-01
-3.322138637304306030e-02
7.734740525484085083e-02
-1.640227623283863068e-02
9.342215210199356079e-02
-2.498627454042434692e-01
