-2.811642885208129883e-01
-3.914172053337097168e-01
-1.952860653400421143e-01
-2.083835005760192871e-01
-3.493754863739013672e-01
8.434811234474182129e-02
-2.889854311943054199e-01
1.584989428520202637e-01
-4.840763211250305176e-01
-2.154130339622497559e-01
-2.773038446903228760e-01
-3.467019200325012207e-01
8.994515985250473022e-02
-2.428978532552719116e-01
-8.332152366638183594e-01
-4.296973943710327148e-01
-4.680836498737335205e-01
-2.917916774749755859e-01
-4.212358295917510986e-01
-4.431064426898956299e-01
-1.358344554901123047e-01
-3.623285591602325439e-01
-2.878020703792572021e-01
-3.736952841281890869e-01
-1.805043071508407593e-01
-5.544492006301879883e-01
-5.006703734397888184e-01
-6.758493781089782715e-01
-2.741672992706298828e-01
-5.170626044273376465e-01
-2.611043751239776611e-01
-1.218268498778343201e-01
-3.640752136707305908e-01
-2.094026654958724976e-01
-1.888975799083709717e-01
-3.534913361072540283e-01
-3.332884907722473145e-01
-3.229926526546478271e-01
-5.163061022758483887e-01
-1.804666370153427124e-01
-4.625386893749237061e-01
-3.540254533290863037e-01
-7.168989181518554688e-01
-4.178993403911590576e-01
-1.913540214300155640e-01
-2.922452092170715332e-01
-5.986770987510681152e-01
-3.348565697669982910e-01
-4.960354268550872803e-01
-2.546989321708679199e-01
-2.177456915378570557e-01
-6.269226670265197754e-01
-4.128908812999725342e-01
-4.767943918704986572e-01
-5.016154646873474121e-01
-4.617108106613159180e-01
-1.679587066173553467e-01
-2.667304277420043945e-01
-3.206339180469512939e-01
-1.437502503395080566e-01
-3.343436419963836670e-01
-2.167925983667373657e-01
-4.417723119258880615e-01
-4.527628421783447266e-01
-1.328660547733306885e-01
-5.687921643257141113e-01
-1.032477989792823792e-01
-4.061003625392913818e-01
-5.453537106513977051e-01
-5.943393111228942871e-01
-3.104031383991241455e-01
-2.750557959079742432e-01
-3.065939843654632568e-01
-6.853649020195007324e-01
-3.824118077754974365e-01
-3.113446831703186035e-01
-5.641818046569824219e-01
-5.286790132522583008e-01
-1.569539010524749756e-01
-2.466970384120941162e-01
-2.563486695289611816e-01
-4.679547846317291260e-01
-7.056748270988464355e-01
-4.656719565391540527e-01
-3.670490086078643799e-01
-5.571386218070983887e-01
-4.580940902233123779e-01
-6.264163255691528320e-01
-5.453941226005554199e-01
-6.010025367140769958e-02
-4.032777547836303711e-01
-3.527171611785888672e-01
-3.986239433288574219e-01
-4.954570233821868896e-01
-1.979024261236190796e-01
-2.695671916007995605e-01
-4.884946942329406738e-01
-6.213038563728332520e-01
-5.976758003234863281e-01
-2.779970765113830566e-01
