2.234577685594558716e-01
-1.233360543847084045e-02
5.463032796978950500e-02
1.410810500383377075e-01
2.094398736953735352e-01
-3.026172891259193420e-02
2.277174890041351318e-01
-1.473506391048431396e-01
2.956692278385162354e-01
-1.541943848133087158e-01
1.711866855621337891e-01
9.954694658517837524e-02
1.103519871830940247e-01
1.771395504474639893e-01
5.824494734406471252e-02
-6.131233647465705872e-02
6.175733730196952820e-02
3.411215841770172119e-01
4.575369507074356079e-02
5.283746868371963501e-02
7.965651899576187134e-02
-2.963344333693385124e-03
1.701869070529937744e-01
-2.984868921339511871e-02
4.197616595774888992e-03
1.577594131231307983e-01
9.737384505569934845e-03
-8.130543678998947144e-02
-1.241959407925605774e-01
-1.172102466225624084e-01
-1.333292126655578613e-01
2.207752764225006104e-01
-9.180464595556259155e-02
9.171570092439651489e-02
-1.572581082582473755e-01
-8.064436726272106171e-03
-6.139875622466206551e-04
2.262633591890335083e-01
-4.823050275444984436e-02
-1.508135497570037842e-01
