3.812861070036888123e-02
2.082441598176956177e-01
1.690171211957931519e-01
-4.190755262970924377e-02
4.075726121664047241e-02
-9.468512609601020813e-03
-2.410285919904708862e-02
1.320379823446273804e-01
1.073471307754516602e-01
-2.445015497505664825e-02
8.107203990221023560e-02
-9.753905981779098511e-02
1.006034240126609802e-01
-1.876289695501327515e-01
-1.985590346157550812e-02
1.654006093740463257e-01
-2.570294030010700226e-02
-5.102382507175207138e-03
6.353669613599777222e-02
8.701574057340621948e-02
-1.138793770223855972e-02
5.687259882688522339e-02
-2.085484378039836884e-02
-1.834530942142009735e-02
1.949470788240432739e-01
-1.247256994247436523e-02
-2.028815820813179016e-02
-1.644571498036384583e-02
-9.608031064271926880e-02
3.810652415268123150e-04
-1.191429514437913895e-02
-1.365871131420135498e-01
2.029054909944534302e-01
6.318169087171554565e-02
8.144129812717437744e-02
-6.272537261247634888e-02
4.635860770940780640e-02
4.629297181963920593e-02
-1.398149295710027218e-03
9.316449612379074097e-02
-3.852178156375885010e-02
-1.778769120573997498e-02
7.001200318336486816e-02
