-1.203924044966697693e-01
-7.775586843490600586e-02
8.435903489589691162e-02
1.867637336254119873e-01
1.687714457511901855e-01
-3.078737296164035797e-02
1.299082040786743164e-01
-4.028162732720375061e-02
1.344208270311355591e-01
3.780720522627234459e-03
-7.665553689002990723e-02
4.913721699267625809e-03
7.028704136610031128e-02
1.057426556944847107e-01
-7.316363509744405746e-03
-9.551186114549636841e-02
8.235964924097061157e-02
1.616480797529220581e-01
-7.266177982091903687e-02
-8.120819181203842163e-02
2.294626086950302124e-01
2.620936930179595947e-01
1.566310822963714600e-01
-2.633186280727386475e-01
-7.610245794057846069e-02
2.901828475296497345e-02
9.178200364112854004e-02
2.874957397580146790e-02
9.878143668174743652e-02
-7.198712229728698730e-02
1.256150752305984497e-01
1.042967364192008972e-01
-1.487559676170349121e-01
8.007004857063293457e-02
1.521277874708175659e-01
-8.211270719766616821e-02
-6.623052060604095459e-02
8.378174155950546265e-02
2.488956786692142487e-03
1.184584349393844604e-01
1.108065620064735413e-01
