-4.803713858127593994e-01
-4.843094944953918457e-01
-1.070335507392883301e+00
-3.076145350933074951e-01
-4.223356544971466064e-01
-1.097267642617225647e-01
-7.211390733718872070e-01
-3.361530303955078125e-01
-7.466927170753479004e-01
-3.398875892162322998e-01
-7.735459208488464355e-01
-6.897692084312438965e-01
-7.447971105575561523e-01
-9.195848703384399414e-01
-4.798616468906402588e-01
-3.333876729011535645e-01
-3.807411193847656250e-01
-4.482294619083404541e-01
-6.324974894523620605e-01
-5.200579762458801270e-01
-2.121599018573760986e-01
-8.953560590744018555e-01
-5.085905790328979492e-01
1.813454669900238514e-03
-4.128008186817169189e-01
-6.180372238159179688e-01
-4.223901629447937012e-01
-7.022933959960937500e-01
-3.424722850322723389e-01
-6.081369519233703613e-01
-5.069677233695983887e-01
-5.957723855972290039e-01
-5.509045720100402832e-01
-7.962649464607238770e-01
-4.746831655502319336e-01
-7.060632705688476562e-01
-4.140517711639404297e-01
-2.551378607749938965e-01
-7.822361588478088379e-01
-6.655120849609375000e-01
-4.353213608264923096e-01
-7.741229534149169922e-01
-2.424668222665786743e-01
-6.416441202163696289e-01
-5.563861131668090820e-01
-5.771780014038085938e-01
-6.429089307785034180e-01
-5.162163376808166504e-01
-1.061987042427062988e+00
-5.094183683395385742e-01
-8.499565720558166504e-01
-1.109185457229614258e+00
-5.711804032325744629e-01
-5.804758071899414062e-01
-6.685821413993835449e-01
-4.961950704455375671e-02
-5.005212426185607910e-01
-8.493092656135559082e-01
-2.386230975389480591e-01
-4.427953660488128662e-01
-6.369089484214782715e-01
-7.577171325683593750e-01
-6.687052249908447266e-01
-6.560525894165039062e-01
-6.513525247573852539e-01
-7.699868679046630859e-01
-7.949311137199401855e-01
-4.231705963611602783e-01
-3.269006013870239258e-01
-5.000890493392944336e-01
-5.702583193778991699e-01
-9.241302013397216797e-01
-5.697214007377624512e-01
-2.980389297008514404e-01
-6.404215693473815918e-01
-6.197326779365539551e-01
-5.672161579132080078e-01
-4.868713915348052979e-01
-4.896684885025024414e-01
-4.524098634719848633e-01
-4.450421631336212158e-01
-2.103343904018402100e-01
-8.532536029815673828e-01
-5.838274359703063965e-01
-6.303450465202331543e-01
-4.418726861476898193e-01
-5.212393403053283691e-01
-4.503439366817474365e-01
-7.919513583183288574e-01
-6.422535777091979980e-01
-5.628248453140258789e-01
-4.696695506572723389e-01
-5.549086332321166992e-01
-8.632376790046691895e-01
-8.284595012664794922e-01
-4.691222906112670898e-01
-1.123638898134231567e-01
-3.096865713596343994e-01
-4.067295193672180176e-01
-4.688099026679992676e-01
