-3.295732438564300537e-01
-3.511280417442321777e-01
-3.037080168724060059e-01
-2.152790427207946777e-01
-4.104984402656555176e-01
-4.820754528045654297e-01
-3.416309952735900879e-01
-3.997515738010406494e-01
-5.191057920455932617e-01
-4.871344864368438721e-01
-5.192030072212219238e-01
-5.929629206657409668e-01
-2.052939087152481079e-01
-4.079809486865997314e-01
-4.523515999317169189e-01
-5.934002995491027832e-01
-1.736581623554229736e-01
-1.453555673360824585e-01
-2.816799581050872803e-01
-4.989505708217620850e-01
-2.042507976293563843e-01
-2.994426786899566650e-01
-1.177556812763214111e-01
-1.336599886417388916e-01
-6.191006302833557129e-01
-2.869118452072143555e-01
-2.692947685718536377e-01
-1.221632808446884155e-01
-4.158104956150054932e-01
-3.044198453426361084e-01
-6.688441634178161621e-01
-6.569761633872985840e-01
-3.069574236869812012e-01
-5.950098037719726562e-01
-4.234627485275268555e-01
-4.693791866302490234e-01
-4.076810181140899658e-01
-5.749872922897338867e-01
-5.439838171005249023e-01
-2.413106523454189301e-02
-6.133269146084785461e-02
-2.703476846218109131e-01
-8.337415456771850586e-01
-2.952822148799896240e-01
-1.486907005310058594e-01
-3.894180357456207275e-01
-4.237715303897857666e-01
-3.220548629760742188e-01
-4.632196128368377686e-01
-4.258868098258972168e-01
-1.887651532888412476e-01
-3.892702758312225342e-01
-3.762766122817993164e-01
-1.893554776906967163e-01
-2.812398970127105713e-01
-1.596124172210693359e-01
-3.334393799304962158e-01
-4.377470314502716064e-01
-1.624285578727722168e-01
-4.539772272109985352e-01
-2.065062522888183594e-01
-3.769133090972900391e-01
-3.550033271312713623e-01
-2.816390991210937500e-01
-5.045464038848876953e-01
-3.790999054908752441e-01
-5.815284675918519497e-04
-3.291696608066558838e-01
-2.253460884094238281e-01
-6.665883064270019531e-01
-6.242798566818237305e-01
-1.079512536525726318e-01
-4.447105526924133301e-01
-5.502145886421203613e-01
-2.427315562963485718e-01
-5.550296902656555176e-01
-4.811165630817413330e-01
-3.868378400802612305e-01
-1.602529138326644897e-01
-1.476471722126007080e-01
-1.557217538356781006e-01
-5.857800841331481934e-01
-3.126557767391204834e-01
-2.880250215530395508e-01
-4.428682327270507812e-01
-2.098868340253829956e-01
-2.606415748596191406e-01
-3.986436128616333008e-01
-2.396132051944732666e-01
-1.895640194416046143e-01
-3.448087275028228760e-01
-2.932094037532806396e-01
-2.088085263967514038e-01
-2.753400206565856934e-01
-4.273549914360046387e-01
-2.040555924177169800e-01
-1.793583631515502930e-01
-5.922416448593139648e-01
-3.078604340553283691e-01
-7.904919981956481934e-02
