1.347352862358093262e-01
2.231813520193099976e-01
-1.022904086858034134e-02
9.378509968519210815e-02
1.312768757343292236e-01
-2.494672238826751709e-01
1.663211435079574585e-01
-1.903983652591705322e-01
3.672922775149345398e-02
1.536192297935485840e-01
-6.498796492815017700e-02
9.167292714118957520e-02
-6.663774698972702026e-02
1.319698840379714966e-01
1.331288665533065796e-01
-1.322646252810955048e-02
-5.335293710231781006e-03
-9.898915141820907593e-02
2.611185014247894287e-01
1.976028978824615479e-01
2.773492224514484406e-02
-8.066442795097827911e-03
-5.857929959893226624e-02
1.977508515119552612e-02
2.637475170195102692e-02
-1.032156776636838913e-02
6.391244381666183472e-02
7.106152921915054321e-02
-4.971735179424285889e-02
-1.611623913049697876e-01
6.730067729949951172e-02
1.805906742811203003e-01
2.033589780330657959e-01
-7.251328974962234497e-02
3.879209235310554504e-02
7.675837725400924683e-02
5.284229293465614319e-02
3.297254443168640137e-02
-6.642508506774902344e-02
-6.155001372098922729e-02
8.815602213144302368e-02
9.998676925897598267e-02
