-5.722727999091148376e-02
-4.355932027101516724e-02
-1.249011605978012085e-01
8.765900135040283203e-02
-2.284443005919456482e-02
1.254313588142395020e-01
-1.498406380414962769e-01
-4.228914529085159302e-02
-6.041007116436958313e-02
-1.712997406721115112e-01
-2.541643083095550537e-01
-7.982129603624343872e-02
6.799581646919250488e-02
2.794427573680877686e-01
-7.636496424674987793e-02
6.191113218665122986e-02
1.802671328186988831e-02
2.152847498655319214e-01
1.501636207103729248e-01
-1.249785274267196655e-01
3.088906593620777130e-02
-4.278746992349624634e-02
-5.111209303140640259e-02
9.118613600730895996e-02
-1.384199857711791992e-01
-8.026862889528274536e-02
-1.266157627105712891e-01
-1.181042045354843140e-01
9.821213036775588989e-02
2.764867246150970459e-01
7.367381453514099121e-02
-6.712337583303451538e-02
1.562486290931701660e-01
1.020587906241416931e-01
-4.498035833239555359e-02
3.009251877665519714e-02
9.913027286529541016e-03
5.076717585325241089e-02
-4.792438074946403503e-02
-1.229946166276931763e-01
1.926130056381225586e-01
