-7.010560631752014160e-01
-6.149870157241821289e-01
-6.056172847747802734e-01
-5.870367884635925293e-01
-4.792699217796325684e-01
-8.455817103385925293e-01
-4.190763831138610840e-01
-2.799976468086242676e-01
-2.644057571887969971e-01
-6.221417188644409180e-01
-3.748319447040557861e-01
-4.943140447139739990e-01
-3.575247824192047119e-01
-9.388660192489624023e-01
-5.500213503837585449e-01
-8.493958115577697754e-01
-3.233866393566131592e-01
-5.771772861480712891e-01
-1.190523505210876465e+00
-2.582516074180603027e-01
-4.321505129337310791e-01
-3.848238885402679443e-01
-5.910688638687133789e-01
-8.208303451538085938e-01
-6.126165986061096191e-01
-6.446322798728942871e-01
-5.927639007568359375e-01
-9.355222582817077637e-01
-4.291231632232666016e-01
-6.705457568168640137e-01
-9.943136572837829590e-01
-7.966392040252685547e-01
-9.740995168685913086e-01
-6.880781650543212891e-01
-7.871772646903991699e-01
-2.985955476760864258e-01
-6.440919041633605957e-01
-4.065115451812744141e-01
-1.064657330513000488e+00
-6.675729751586914062e-01
-5.571236014366149902e-01
-6.762047410011291504e-01
-2.233494818210601807e-01
-5.090529918670654297e-01
-4.211599528789520264e-01
-8.415143489837646484e-01
-3.563134968280792236e-01
-3.307344615459442139e-01
-4.713947772979736328e-01
-8.647873997688293457e-02
-5.659584999084472656e-01
-2.419252097606658936e-01
-2.113948762416839600e-01
-2.628947198390960693e-01
-3.436868786811828613e-01
-6.595990657806396484e-01
-6.086586117744445801e-01
-5.179881453514099121e-01
-2.317247390747070312e-01
1.452074106782674789e-02
-4.566341042518615723e-01
-2.264977693557739258e-01
-2.765519320964813232e-01
-5.916128754615783691e-01
-7.259360551834106445e-01
-2.846078872680664062e-01
-5.545722842216491699e-01
-5.194066166877746582e-01
-5.415674448013305664e-01
-5.931236743927001953e-01
-6.201075911521911621e-01
-5.405175089836120605e-01
-7.928608655929565430e-01
-6.926397085189819336e-01
-6.379336118698120117e-01
-9.342003464698791504e-01
-3.637742698192596436e-01
-4.083307087421417236e-01
-4.743463099002838135e-01
-8.989245891571044922e-01
-5.987439751625061035e-01
-4.613443017005920410e-01
-7.806281447410583496e-01
-6.685165762901306152e-01
-7.483556866645812988e-01
-4.491437077522277832e-01
-2.850878238677978516e-01
-6.989513039588928223e-01
-9.836803078651428223e-01
-5.689060688018798828e-01
-5.855100750923156738e-01
-1.007373213768005371e+00
-7.569425106048583984e-01
-5.301265716552734375e-01
-8.298166990280151367e-01
-4.316116273403167725e-01
-4.227678477764129639e-01
-5.205571055412292480e-01
-7.014092803001403809e-01
-3.403563797473907471e-01
