-2.968665584921836853e-02
-3.099260851740837097e-02
1.470130085945129395e-01
-1.012085587717592716e-03
-6.611916702240705490e-03
3.829958662390708923e-02
1.199513226747512817e-01
5.200417339801788330e-02
8.521705865859985352e-02
2.663499116897583008e-02
-1.458702702075242996e-02
3.926373645663261414e-02
-1.433210563845932484e-03
-8.045911788940429688e-02
8.912774175405502319e-02
6.835201382637023926e-02
9.195832908153533936e-02
-1.173478923738002777e-02
1.841349005699157715e-01
1.234265789389610291e-01
1.039155125617980957e-01
-4.063377901911735535e-02
-6.030644848942756653e-02
9.625068306922912598e-02
-4.937810078263282776e-02
1.113060563802719116e-01
-1.010281071066856384e-01
2.486999034881591797e-01
-7.901544123888015747e-02
6.383292376995086670e-02
-2.394512668251991272e-02
2.471147850155830383e-02
1.216705366969108582e-01
2.245802879333496094e-01
7.294485718011856079e-02
-9.743759781122207642e-02
1.213294491171836853e-01
1.513853222131729126e-01
