-5.433950424194335938e-01
-4.378324747085571289e-01
-6.746662259101867676e-01
-5.001869201660156250e-01
-6.660129427909851074e-01
-5.317206382751464844e-01
-4.522071480751037598e-01
-5.403864979743957520e-01
-6.293737888336181641e-01
-8.398498892784118652e-01
-6.423387527465820312e-01
-5.071342587471008301e-01
-7.419499754905700684e-01
-5.656390190124511719e-01
-5.272309184074401855e-01
-3.568296730518341064e-01
-6.615159511566162109e-01
-5.559552907943725586e-01
-3.574339449405670166e-01
-5.669531226158142090e-01
-3.330363035202026367e-01
-4.227680265903472900e-01
-4.344920516014099121e-01
-1.930025070905685425e-01
-5.311172604560852051e-01
-6.574516296386718750e-01
-2.284497469663619995e-01
-3.132931888103485107e-01
-2.734023928642272949e-01
-6.241887807846069336e-01
-6.609392762184143066e-01
-7.083510160446166992e-01
-6.734598278999328613e-01
-3.654383718967437744e-01
-4.938271939754486084e-01
-7.048199772834777832e-01
-5.497681498527526855e-01
-5.589423775672912598e-01
-5.809803605079650879e-01
-3.697353601455688477e-01
-6.915812492370605469e-01
-1.638514250516891479e-01
-8.631538748741149902e-01
-3.745084702968597412e-01
-6.528256535530090332e-01
-5.794535279273986816e-01
-4.210569560527801514e-01
-3.633038103580474854e-01
-7.073201537132263184e-01
-4.949432909488677979e-01
-5.383143424987792969e-01
-4.916558861732482910e-01
-6.986715793609619141e-01
-4.741870760917663574e-01
-5.462005138397216797e-01
-7.682824730873107910e-01
-3.565379083156585693e-01
-3.210312128067016602e-01
-3.872444629669189453e-01
-6.432062983512878418e-01
-5.499181151390075684e-01
-4.541738331317901611e-01
-6.895871162414550781e-01
-3.134222030639648438e-01
-3.873390257358551025e-01
-9.377768039703369141e-01
-7.405520081520080566e-01
-6.798492074012756348e-01
-5.967094302177429199e-01
-6.802506446838378906e-01
-7.543191909790039062e-01
-4.765549600124359131e-01
-2.618764638900756836e-01
-6.802234053611755371e-01
-6.602605581283569336e-01
-5.804255604743957520e-01
-4.778550267219543457e-01
-6.600119471549987793e-01
-4.282441735267639160e-01
-6.148464679718017578e-01
-3.573216497898101807e-01
-4.436962604522705078e-01
-6.208834648132324219e-01
-5.602068305015563965e-01
-5.013231039047241211e-01
-5.630878806114196777e-01
-4.959677159786224365e-01
-3.246073126792907715e-01
-5.248926877975463867e-01
-3.684640526771545410e-01
-8.523196578025817871e-01
-4.821127653121948242e-01
-5.826960802078247070e-01
-4.661256670951843262e-01
-6.899979114532470703e-01
-4.987043440341949463e-01
-4.339709877967834473e-01
-6.790773868560791016e-01
-3.689952194690704346e-01
-4.404325783252716064e-01
