1.343640983104705811e-01
-6.705504655838012695e-02
-3.632494807243347168e-02
1.349647622555494308e-02
-2.747445367276668549e-02
-6.600755732506513596e-03
2.625842019915580750e-02
2.724481523036956787e-01
-1.434968411922454834e-01
-7.805734872817993164e-02
-6.847368180751800537e-02
1.077489629387855530e-01
-7.127241045236587524e-02
1.028970116749405861e-03
-1.148481369018554688e-01
3.654536604881286621e-02
4.930528812110424042e-03
9.508175402879714966e-02
5.821054335683584213e-03
-8.345353603363037109e-02
-7.382933050394058228e-02
-6.499100476503372192e-02
4.531221091747283936e-02
1.107750646770000458e-02
1.603780239820480347e-01
-3.946496546268463135e-02
-2.665316462516784668e-01
-7.697633001953363419e-03
1.179825365543365479e-01
-9.456301480531692505e-02
6.858941912651062012e-02
-7.980973273515701294e-02
-1.449636742472648621e-02
-2.767780609428882599e-02
8.323033899068832397e-02
-1.036181375384330750e-01
4.446114972233772278e-02
7.302436977624893188e-02
1.233711987733840942e-01
-2.181920781731605530e-02
3.526238258928060532e-03
