7.176639884710311890e-02
3.097432292997837067e-02
1.033422499895095825e-01
-5.615303665399551392e-02
1.338697317987680435e-02
1.025884672999382019e-01
-1.117982864379882812e-01
1.801919341087341309e-01
5.236883461475372314e-02
1.897180266678333282e-02
-1.400640755891799927e-01
1.991933286190032959e-01
1.695447415113449097e-01
-3.438035771250724792e-02
2.584689855575561523e-01
7.303601503372192383e-02
1.301779597997665405e-01
-5.423986818641424179e-03
-1.198106929659843445e-01
1.186911091208457947e-01
4.873096570372581482e-02
5.185926798731088638e-03
1.011074408888816833e-01
3.098501861095428467e-01
7.603755593299865723e-02
-3.089410997927188873e-02
-1.525697559118270874e-01
-1.186612024903297424e-01
1.644808202981948853e-01
1.878363043069839478e-01
-1.422455310821533203e-01
5.972069129347801208e-02
-2.007458917796611786e-02
-2.279427945613861084e-01
8.339090645313262939e-02
1.944496482610702515e-01
7.636199146509170532e-02
7.208480965346097946e-03
-4.942882061004638672e-02
