-5.493572354316711426e-01
-5.293767452239990234e-01
-2.144363969564437866e-01
-6.081836223602294922e-01
-7.127636671066284180e-01
-2.968482077121734619e-01
-4.205630123615264893e-01
-3.926642239093780518e-01
-3.931235074996948242e-01
-4.275673329830169678e-01
-4.682204425334930420e-01
-6.605829000473022461e-01
-5.240966081619262695e-01
-3.901879489421844482e-01
-5.580987334251403809e-01
-3.171997964382171631e-01
-5.593148469924926758e-01
-5.462132692337036133e-01
-5.531765222549438477e-01
-2.861179709434509277e-01
-2.170201689004898071e-01
-4.082816243171691895e-01
-3.882690668106079102e-01
-3.570263385772705078e-01
-4.865129590034484863e-01
-6.579157710075378418e-01
-2.180618494749069214e-01
-6.101654171943664551e-01
-8.053915500640869141e-01
-7.600073814392089844e-01
-3.814280033111572266e-01
-5.117257237434387207e-01
-4.328852593898773193e-01
-6.767052412033081055e-01
-5.778617039322853088e-02
-4.405460357666015625e-01
-4.494662582874298096e-01
-4.191797673702239990e-01
-6.649152040481567383e-01
-4.493536651134490967e-01
-1.715109050273895264e-01
-1.246000155806541443e-01
-3.730612695217132568e-01
-7.969943881034851074e-01
-4.358140826225280762e-01
-3.303614556789398193e-01
-3.241643607616424561e-01
-3.652586042881011963e-01
-4.713001251220703125e-01
-5.413303375244140625e-01
-5.295257568359375000e-01
-2.599661052227020264e-01
-7.289647459983825684e-01
-2.271009236574172974e-01
-5.726935267448425293e-01
-3.474160432815551758e-01
-1.984236836433410645e-01
-3.827200829982757568e-01
-6.400756835937500000e-01
-6.182227134704589844e-01
-6.348831653594970703e-01
-6.031619906425476074e-01
-6.845011115074157715e-01
-2.134041190147399902e-01
-6.444524526596069336e-01
-4.838413000106811523e-01
-5.727006793022155762e-01
-6.513492465019226074e-01
-5.380718111991882324e-01
-4.099975824356079102e-01
-3.568636476993560791e-01
-6.705280542373657227e-01
-3.812242150306701660e-01
-3.686957359313964844e-01
-3.855682611465454102e-01
-5.346608757972717285e-01
-3.620857894420623779e-01
-6.303546428680419922e-01
-3.588028252124786377e-01
-3.411825895309448242e-01
-2.943693995475769043e-01
-2.919000089168548584e-01
-2.302215695381164551e-01
-3.206396996974945068e-01
-5.545755028724670410e-01
-4.683469235897064209e-01
-2.989991307258605957e-01
-4.557235538959503174e-02
-2.887950539588928223e-01
-2.686424851417541504e-01
-3.162537515163421631e-01
-4.957999587059020996e-01
-2.772556543350219727e-01
-7.711839675903320312e-01
-2.658768892288208008e-01
-5.765420198440551758e-01
-3.778418898582458496e-01
-6.047913432121276855e-01
-5.008099675178527832e-01
-6.166794896125793457e-01
