6.365493871271610260e-03
-4.997697100043296814e-02
-1.535966098308563232e-01
1.643435060977935791e-01
6.142504885792732239e-02
-2.801645547151565552e-02
-5.117172375321388245e-02
-3.323180973529815674e-02
-4.186795651912689209e-02
2.338900864124298096e-01
-1.471847593784332275e-01
6.601486355066299438e-03
2.992987446486949921e-02
1.430530846118927002e-01
1.508855819702148438e-01
-1.768105663359165192e-02
1.214272752404212952e-01
-1.125912070274353027e-01
-1.479070074856281281e-02
-1.031451597809791565e-01
5.973898991942405701e-02
1.339740604162216187e-01
-1.378118991851806641e-03
4.471077024936676025e-02
3.385502099990844727e-02
-3.203132748603820801e-02
3.429069370031356812e-02
-4.910404235124588013e-02
-2.205375730991363525e-01
-3.424749150872230530e-02
4.147805646061897278e-02
-1.082748621702194214e-01
1.224948242306709290e-01
7.111367583274841309e-02
1.139233261346817017e-01
2.525756694376468658e-02
1.215967088937759399e-01
1.463427115231752396e-02
3.889374434947967529e-02
1.376252472400665283e-01
