7.508615404367446899e-02
4.986138641834259033e-02
4.215360805392265320e-02
-1.598025560379028320e-01
-2.077813893556594849e-01
-1.687217503786087036e-01
8.968447335064411163e-03
-9.443311393260955811e-02
1.066063642501831055e-01
1.950583159923553467e-01
9.551393240690231323e-02
-1.152226254343986511e-01
-8.282856643199920654e-02
1.072627976536750793e-01
2.001468278467655182e-02
8.145371824502944946e-02
-5.562881007790565491e-02
-5.815498158335685730e-02
1.631621420383453369e-01
-5.744419246912002563e-02
9.709005802869796753e-02
-1.504374593496322632e-01
1.263449527323246002e-02
1.457438319921493530e-01
1.045423597097396851e-01
2.997416630387306213e-02
-1.556031852960586548e-01
-2.093136869370937347e-02
-1.185651272535324097e-01
-1.638645827770233154e-01
2.705587446689605713e-01
9.256647527217864990e-02
-1.849037855863571167e-01
-2.304185032844543457e-01
4.902409389615058899e-03
-6.802961230278015137e-02
1.385136991739273071e-01
-3.420240059494972229e-02
4.643306136131286621e-02
-5.078047141432762146e-02
