-3.389762938022613525e-01
-4.551651477813720703e-01
-4.790326952934265137e-01
-6.539607644081115723e-01
-5.415500402450561523e-01
-7.207324504852294922e-01
-5.724894404411315918e-01
-7.075331807136535645e-01
-5.434280037879943848e-01
-4.940064847469329834e-01
-3.237488567829132080e-01
-4.652888178825378418e-01
-7.292206883430480957e-01
-6.925657391548156738e-01
-5.465164780616760254e-01
-5.065276622772216797e-01
-4.951933920383453369e-01
-8.437821865081787109e-01
-4.258687198162078857e-01
-3.754453659057617188e-01
-3.166574239730834961e-01
-6.639618873596191406e-01
-2.738723456859588623e-01
-5.822266340255737305e-01
-4.284690320491790771e-01
-7.458709478378295898e-01
-2.529470026493072510e-01
-4.988678097724914551e-01
-2.013226896524429321e-01
-5.743554830551147461e-01
-3.427940607070922852e-01
-7.799991220235824585e-02
-2.968872189521789551e-01
-2.920121550559997559e-01
5.141928046941757202e-02
-5.139631628990173340e-01
-3.738117218017578125e-01
-3.304440677165985107e-01
-5.011109113693237305e-01
-4.232102334499359131e-01
-3.651396036148071289e-01
-6.302130818367004395e-01
-3.424939215183258057e-01
-3.540884554386138916e-01
-1.537275761365890503e-01
-6.487588286399841309e-01
-5.871202349662780762e-01
-6.096149682998657227e-01
-4.084982275962829590e-01
-2.430329769849777222e-01
-7.114180326461791992e-01
-8.363582491874694824e-01
-4.488933980464935303e-01
-5.927200317382812500e-01
-3.596368134021759033e-01
-4.740619063377380371e-01
-6.587175726890563965e-01
-4.819146096706390381e-01
-5.188619494438171387e-01
-5.249217152595520020e-01
-6.981881856918334961e-01
-5.544601082801818848e-01
-6.215201616287231445e-01
-5.803040266036987305e-01
-5.563154220581054688e-01
-6.818411350250244141e-01
-6.319446563720703125e-01
-8.305819630622863770e-01
-2.987675964832305908e-01
-5.301902890205383301e-01
-8.118318915367126465e-01
-5.789905786514282227e-01
-4.373042583465576172e-01
-7.079919576644897461e-01
-5.058962106704711914e-01
-3.634085357189178467e-01
-5.927682518959045410e-01
-6.409521102905273438e-01
-4.554539918899536133e-01
-2.889698445796966553e-01
-5.463981628417968750e-01
-5.685179233551025391e-01
-3.297748863697052002e-01
-4.523919820785522461e-01
-9.470201730728149414e-01
-5.057427287101745605e-01
-2.766900062561035156e-01
-4.520130753517150879e-01
-7.926289439201354980e-01
-8.072785139083862305e-01
-7.109574675559997559e-01
-4.161689579486846924e-01
-3.767608404159545898e-01
-1.091469824314117432e-01
-7.090939283370971680e-01
-7.522872686386108398e-01
-5.124627351760864258e-01
-5.287709832191467285e-01
-5.697233080863952637e-01
-7.263842821121215820e-01
