9.443888068199157715e-02
-2.465375512838363647e-01
1.235572504810988903e-03
2.348784804344177246e-01
-8.804969489574432373e-02
-2.592277526855468750e-01
1.656515151262283325e-02
-4.895947873592376709e-02
1.037453189492225647e-01
-1.578393764793872833e-02
4.302027225494384766e-01
1.003859266638755798e-01
-2.252873731777071953e-03
1.735115237534046173e-02
3.530265390872955322e-01
-4.990743100643157959e-02
2.184104546904563904e-02
3.515944778919219971e-01
7.530741393566131592e-02
1.443995386362075806e-01
9.137292206287384033e-02
-7.375396043062210083e-02
7.317208498716354370e-02
1.173662312794476748e-04
-1.175344064831733704e-01
-1.596647687256336212e-02
7.827724516391754150e-02
-5.683309584856033325e-02
-8.825136721134185791e-02
1.270899623632431030e-01
-1.004242375493049622e-01
8.621852099895477295e-02
3.175897523760795593e-02
-5.614713206887245178e-02
2.373327501118183136e-03
-6.132454425096511841e-02
1.679784804582595825e-02
2.324615418910980225e-01
2.106969505548477173e-01
