-5.105341076850891113e-01
2.434216439723968506e-02
-4.240742623805999756e-01
-5.487166047096252441e-01
-3.386937081813812256e-01
-5.394678711891174316e-01
-1.832138150930404663e-01
-3.893677890300750732e-01
-3.027064502239227295e-01
-1.232956349849700928e-01
-3.393065035343170166e-01
-2.424058765172958374e-01
-1.606325805187225342e-01
-1.374241411685943604e-01
-2.934357225894927979e-01
-3.676057457923889160e-01
-4.827823638916015625e-01
-8.271465077996253967e-03
5.252007860690355301e-03
-7.960402220487594604e-02
-6.367690563201904297e-01
-3.653868138790130615e-01
-2.855064272880554199e-01
-4.534771144390106201e-01
-7.527644187211990356e-02
-5.329794809222221375e-02
-8.060471713542938232e-02
-4.152804613113403320e-01
-5.957113504409790039e-01
-5.052418112754821777e-01
-1.344243586063385010e-01
-4.277160167694091797e-01
-1.209047138690948486e-01
-4.483640491962432861e-01
-3.171690106391906738e-01
-2.793673276901245117e-01
-6.259999275207519531e-01
-3.101304769515991211e-01
-5.348070859909057617e-01
-6.597493886947631836e-01
-4.445489645004272461e-01
-3.778146505355834961e-01
-4.230433404445648193e-01
-5.067327059805393219e-03
-2.151727974414825439e-01
-3.149085938930511475e-01
-3.564316332340240479e-01
-2.902537286281585693e-01
-3.376034498214721680e-01
-5.114439725875854492e-01
-2.200065851211547852e-01
-4.517591297626495361e-01
-5.437459349632263184e-01
-3.540836274623870850e-01
-4.214277565479278564e-01
-5.566725730895996094e-01
-1.263600494712591171e-02
-3.846727013587951660e-01
-8.618758618831634521e-02
-4.064369797706604004e-01
-4.418860077857971191e-01
-2.486344426870346069e-01
-1.710446029901504517e-01
-4.656526148319244385e-01
-4.614224657416343689e-02
-3.882009983062744141e-01
-3.840928375720977783e-01
-4.811335802078247070e-01
-4.566636979579925537e-01
-1.105300858616828918e-01
-1.179876476526260376e-01
-2.484303861856460571e-01
-4.150744974613189697e-01
-6.045016050338745117e-01
-4.394150972366333008e-01
-4.634061157703399658e-01
-5.428711175918579102e-01
-4.640786051750183105e-01
-3.092585504055023193e-01
-2.951511144638061523e-01
-4.881011545658111572e-01
-6.124045848846435547e-01
-5.568353533744812012e-01
-1.761209070682525635e-01
-3.893513381481170654e-01
-1.732064932584762573e-01
-5.157188773155212402e-01
-3.758426010608673096e-01
-4.347555935382843018e-01
-4.857258200645446777e-01
-5.485767126083374023e-01
-3.021655380725860596e-01
-3.498829901218414307e-01
-3.804913461208343506e-01
-8.140990883111953735e-02
-3.385238945484161377e-01
-4.516569674015045166e-01
-2.865666747093200684e-01
-2.936162948608398438e-01
-5.143595933914184570e-01
