9.899853728711605072e-03
-6.954554468393325806e-02
-2.517395280301570892e-02
-1.029825583100318909e-01
3.052565455436706543e-02
1.914661526679992676e-01
-1.217976883053779602e-01
7.050780206918716431e-02
2.198957651853561401e-01
1.849833428859710693e-01
-7.087744772434234619e-02
-2.032669335603713989e-01
3.800285607576370239e-02
-7.692487537860870361e-02
4.141250625252723694e-03
6.041287630796432495e-02
-2.503009885549545288e-02
2.721218466758728027e-01
4.491977859288454056e-03
2.416741289198398590e-02
2.550210617482662201e-02
5.638102814555168152e-02
-9.416937083005905151e-02
-2.558968402445316315e-02
4.104369506239891052e-02
-1.288193166255950928e-01
-7.506230473518371582e-02
6.483667343854904175e-02
-4.243899136781692505e-02
1.312934905290603638e-01
-4.708722233772277832e-02
-7.883135974407196045e-02
2.784944837912917137e-03
-4.617910459637641907e-02
3.706082329154014587e-02
1.577414870262145996e-01
3.697424754500389099e-02
6.263516843318939209e-02
