-5.834720097482204437e-03
-5.157020874321460724e-03
6.300696730613708496e-02
1.730193793773651123e-01
1.139682605862617493e-01
-1.613349318504333496e-01
-7.694878149777650833e-05
2.921177446842193604e-01
3.946049138903617859e-02
1.903004758059978485e-02
2.304045110940933228e-01
-6.422853469848632812e-02
-9.012413769960403442e-02
2.670079171657562256e-01
1.229744702577590942e-01
-6.927275657653808594e-02
4.404994472861289978e-02
8.779994398355484009e-02
1.643363088369369507e-01
1.202361471951007843e-02
-8.648891933262348175e-03
-2.889897227287292480e-01
1.377953439950942993e-01
-7.899208366870880127e-02
1.129414513707160950e-01
-1.182114556431770325e-01
-9.237451106309890747e-02
-5.995703116059303284e-02
9.513542056083679199e-02
-1.077305376529693604e-01
-2.496774643659591675e-01
3.075076639652252197e-02
-3.446919098496437073e-02
9.354044497013092041e-02
-1.354190856218338013e-01
-3.592357411980628967e-02
6.743451207876205444e-02
1.737902462482452393e-01
2.374430373311042786e-02
2.386067062616348267e-02
2.148778177797794342e-02
8.819088339805603027e-02
7.653707265853881836e-02
