-1.046903058886528015e-01
1.290517896413803101e-01
4.757341369986534119e-02
8.108613640069961548e-02
-4.662868008017539978e-02
-1.287738084793090820e-01
-4.453689232468605042e-02
2.124521881341934204e-02
1.642830669879913330e-01
1.041954010725021362e-01
-2.082925438880920410e-01
1.031046584248542786e-01
9.839358180761337280e-02
9.265080094337463379e-02
-1.458088401705026627e-02
-4.289171099662780762e-02
9.593254327774047852e-02
1.115957554429769516e-02
-1.871301084756851196e-01
2.448438704013824463e-01
2.582682482898235321e-02
-1.133903190493583679e-01
-1.392374634742736816e-01
3.184792771935462952e-02
-3.799897432327270508e-02
1.505430489778518677e-01
2.466961555182933807e-02
-1.861668191850185394e-02
-2.538378536701202393e-01
-7.228595018386840820e-02
-8.689193427562713623e-02
-4.404586181044578552e-02
1.203453317284584045e-01
-2.044257223606109619e-01
1.992276497185230255e-02
-9.813706576824188232e-02
5.624930188059806824e-02
-1.532028764486312866e-01
7.135423272848129272e-02
1.428277790546417236e-01
-1.551624573767185211e-02
