-5.249187350273132324e-01
-4.937119781970977783e-01
-5.402052998542785645e-01
-3.457095921039581299e-01
-2.885268628597259521e-01
-7.366933822631835938e-01
-6.213279962539672852e-01
-9.059419631958007812e-01
-8.497793078422546387e-01
-3.132985234260559082e-01
-5.953303575515747070e-01
-6.344351172447204590e-01
-8.674515485763549805e-01
-4.500309824943542480e-01
-7.169433832168579102e-01
-5.073291659355163574e-01
-6.810147762298583984e-01
-1.579628139734268188e-01
-6.372210979461669922e-01
-5.706476569175720215e-01
-4.273227751255035400e-01
-4.715561568737030029e-01
-5.345458388328552246e-01
-6.044433116912841797e-01
-7.492134571075439453e-01
-5.366550087928771973e-01
-5.265334248542785645e-01
-6.515295505523681641e-01
-3.520454764366149902e-01
-4.465428590774536133e-01
-4.617364108562469482e-01
-5.013120174407958984e-01
-3.950757384300231934e-01
-8.073443770408630371e-01
-5.554137825965881348e-01
-7.219403982162475586e-01
-8.245627880096435547e-01
-1.308856457471847534e-01
-4.732998609542846680e-01
-5.063984990119934082e-01
-6.572963595390319824e-01
-3.856767416000366211e-01
-6.611863970756530762e-01
-7.268772125244140625e-01
-7.404160499572753906e-01
-8.926497697830200195e-01
-7.519960999488830566e-01
-2.804279327392578125e-01
-7.386162281036376953e-01
-3.603079319000244141e-01
-2.619720697402954102e-01
-4.504752755165100098e-01
-5.453599691390991211e-01
-5.948983430862426758e-01
-7.468335032463073730e-01
-5.109791159629821777e-01
-7.185950279235839844e-01
-6.595540642738342285e-01
-6.041960716247558594e-01
-5.853791832923889160e-01
-3.470210731029510498e-01
-8.833331465721130371e-01
-7.143868207931518555e-01
-5.618607401847839355e-01
-3.087992966175079346e-01
-3.406662344932556152e-01
-5.044616460800170898e-01
-5.353668928146362305e-01
-7.240391969680786133e-01
-6.019024848937988281e-01
-6.539834141731262207e-01
-5.573840141296386719e-01
-6.744428277015686035e-01
-5.948571562767028809e-01
-9.675381779670715332e-01
-6.144472360610961914e-01
-4.086821675300598145e-01
-7.847415804862976074e-01
-7.741597294807434082e-01
-4.092924296855926514e-01
-7.940989136695861816e-01
-5.609577298164367676e-01
-4.611960947513580322e-01
-3.389434814453125000e-01
-4.712303280830383301e-01
-8.160036206245422363e-01
-2.237019091844558716e-01
-4.561724662780761719e-01
-3.137477636337280273e-01
-6.190301775932312012e-01
-3.561138808727264404e-01
-8.235961198806762695e-01
-6.633968353271484375e-01
-3.759435117244720459e-01
-7.346003055572509766e-01
-4.535748064517974854e-01
-1.552297323942184448e-01
-2.011651694774627686e-01
-5.335897207260131836e-01
-7.419014573097229004e-01
