-7.009895145893096924e-02
4.318880382925271988e-03
1.481625288724899292e-01
-2.826497852802276611e-01
8.227223157882690430e-02
-1.686888188123703003e-01
-3.638317808508872986e-02
-4.674974083900451660e-02
9.357053786516189575e-02
4.657444357872009277e-02
-8.623521029949188232e-02
8.077148348093032837e-02
1.836485788226127625e-02
2.021262496709823608e-01
-1.542062908411026001e-01
5.537356063723564148e-02
5.800767242908477783e-02
1.078646183013916016e-01
-1.882533431053161621e-01
6.231935694813728333e-02
-6.016620248556137085e-02
-2.590374834835529327e-02
9.337688982486724854e-02
6.011282652616500854e-02
-3.041183575987815857e-02
-6.041235849261283875e-02
1.580995768308639526e-01
9.808817505836486816e-02
3.119410201907157898e-02
1.585432328283786774e-02
5.842576548457145691e-02
1.052611768245697021e-01
1.301219314336776733e-01
3.031612606719136238e-03
3.412681818008422852e-01
-1.882871687412261963e-01
2.325400151312351227e-02
-8.000481128692626953e-02
-6.697668577544391155e-04
3.055084496736526489e-02
