-5.242504477500915527e-01
-5.651555061340332031e-01
-5.831301808357238770e-01
-5.806761384010314941e-01
-2.770717144012451172e-01
-4.270895123481750488e-01
-4.233298003673553467e-01
-3.238430619239807129e-01
-4.264869093894958496e-01
-3.541882038116455078e-01
-4.553456306457519531e-01
-4.857394993305206299e-01
-5.999767184257507324e-01
-3.873375356197357178e-01
-7.061003446578979492e-01
-4.379033148288726807e-01
-4.337835311889648438e-01
-5.204653739929199219e-01
-6.060583591461181641e-01
-3.655468523502349854e-01
-6.400251388549804688e-01
-3.266183137893676758e-01
-5.136041045188903809e-01
-3.984992802143096924e-01
-4.234277904033660889e-01
-6.730129718780517578e-01
-9.693521857261657715e-01
-6.402992010116577148e-01
-3.368488550186157227e-01
-7.595017552375793457e-01
-4.903747737407684326e-01
-1.948319673538208008e-01
-2.000282108783721924e-01
-5.344272851943969727e-01
-3.069255352020263672e-01
-2.948493659496307373e-01
-3.121050596237182617e-01
-3.600828647613525391e-01
-4.209606051445007324e-01
-3.769399523735046387e-01
-2.543463408946990967e-01
-6.031297445297241211e-01
-6.125757694244384766e-01
-7.146019339561462402e-01
-7.908420562744140625e-01
-3.295959234237670898e-01
-5.638779401779174805e-01
-3.200063109397888184e-01
-5.608170032501220703e-01
-7.331078052520751953e-01
-2.391742914915084839e-01
-4.305612742900848389e-01
-3.736854195594787598e-01
-6.501151323318481445e-01
-4.106207787990570068e-01
-8.564286231994628906e-01
-2.534936964511871338e-01
-1.639568209648132324e-01
-1.754042357206344604e-01
-5.890414118766784668e-01
-5.419402122497558594e-01
-4.394393265247344971e-01
-5.639491677284240723e-01
-3.732978403568267822e-01
-1.306834816932678223e-01
-2.275663614273071289e-01
-3.949524462223052979e-01
-6.577648520469665527e-01
-4.464932680130004883e-01
-5.628426074981689453e-01
-5.128039717674255371e-01
-4.429644942283630371e-01
-4.374225437641143799e-01
-3.968778848648071289e-01
-4.124129116535186768e-01
-4.998627007007598877e-01
-4.992591142654418945e-01
-7.511072158813476562e-01
-5.116507411003112793e-01
-4.997308254241943359e-01
-3.943645954132080078e-01
-6.406377553939819336e-01
-1.875464320182800293e-01
-2.983329594135284424e-01
-6.270576119422912598e-01
-3.182068467140197754e-01
-7.645773291587829590e-01
-2.103358209133148193e-01
-3.084724843502044678e-01
-5.272057056427001953e-01
-6.387557983398437500e-01
-5.129348635673522949e-01
-1.856467276811599731e-01
-4.204818606376647949e-01
-4.726152420043945312e-01
-5.308645367622375488e-01
-8.801502585411071777e-01
-2.802659869194030762e-01
-5.710744857788085938e-01
-4.906027019023895264e-01
