-3.690018132328987122e-02
1.414139941334724426e-02
-6.297659873962402344e-02
2.902227267622947693e-02
1.112809404730796814e-01
1.738905310630798340e-01
-2.361890524625778198e-01
-2.357153221964836121e-02
6.147769838571548462e-02
3.552575409412384033e-01
1.795050054788589478e-01
-9.237431734800338745e-02
-1.694115065038204193e-02
1.539305895566940308e-01
-1.043074950575828552e-01
9.841991215944290161e-02
1.210769042372703552e-01
-4.542184621095657349e-02
1.211784482002258301e-01
-1.247615218162536621e-01
-6.357630342245101929e-02
1.558039486408233643e-01
3.130316734313964844e-02
1.317699104547500610e-01
1.365464925765991211e-01
6.914943456649780273e-02
1.593698412179946899e-01
6.833433359861373901e-02
-5.040471255779266357e-02
1.342369429767131805e-02
1.157325953245162964e-01
1.572198122739791870e-01
3.772314637899398804e-02
1.912908107042312622e-01
-1.662392169237136841e-01
9.422647953033447266e-02
-4.665222391486167908e-02
1.167064011096954346e-01
-9.093581885099411011e-02
-6.596866995096206665e-02
2.496197074651718140e-01
2.133975774049758911e-01
