-6.043440476059913635e-02
5.624734237790107727e-02
-9.001718461513519287e-02
-4.606792330741882324e-02
1.533597707748413086e-01
-5.220865458250045776e-02
5.523917078971862793e-02
8.498419076204299927e-03
2.532925605773925781e-01
-1.922737360000610352e-01
2.248552441596984863e-02
1.218893826007843018e-01
3.914656490087509155e-02
-7.381150126457214355e-02
4.162799566984176636e-03
1.310531497001647949e-01
1.107220500707626343e-01
-2.163178324699401855e-01
-9.268404543399810791e-02
-1.917845197021961212e-02
-1.561020850203931332e-03
8.222643285989761353e-02
1.064766347408294678e-01
8.926899731159210205e-02
-8.652907609939575195e-02
1.699178218841552734e-01
2.027910761535167694e-02
1.080103442072868347e-01
-1.230451464653015137e-01
-5.636661499738693237e-02
9.649186581373214722e-02
-2.885458990931510925e-02
6.316301971673965454e-02
1.876982450485229492e-01
1.516121327877044678e-01
-3.462931886315345764e-02
3.078938648104667664e-02
-7.561089098453521729e-02
