1.292669922113418579e-01
-9.753617458045482635e-03
-1.696145683526992798e-01
9.403862059116363525e-02
2.601740658283233643e-01
3.270808458328247070e-01
-1.498120427131652832e-01
6.173181813210248947e-03
4.505732282996177673e-02
-1.526578236371278763e-02
1.463970541954040527e-01
-6.667100638151168823e-02
1.446479260921478271e-01
-1.496564298868179321e-01
1.546280235052108765e-01
1.227363273501396179e-01
-1.381205171346664429e-01
1.709761470556259155e-01
-1.728316582739353180e-02
-6.018821150064468384e-02
-1.423394531011581421e-01
-1.926524192094802856e-01
-8.977948129177093506e-02
2.525689266622066498e-02
-8.982694149017333984e-02
6.740736961364746094e-02
1.090859845280647278e-01
1.667963117361068726e-01
9.481910616159439087e-03
-2.875525504350662231e-03
3.614003956317901611e-02
-5.525561422109603882e-02
1.560617089271545410e-01
-1.473760697990655899e-02
4.200609400868415833e-02
-1.336692869663238525e-01
-5.915911495685577393e-02
-2.463931292295455933e-01
