-6.168160438537597656e-01
-7.919636964797973633e-01
-6.271033883094787598e-01
-7.116287946701049805e-01
-5.939967632293701172e-01
-4.588111042976379395e-01
-5.967509746551513672e-01
-3.755971789360046387e-01
-3.373323380947113037e-01
-2.439834922552108765e-01
-5.611223578453063965e-01
-4.877225458621978760e-01
-1.225790306925773621e-01
-5.069261789321899414e-01
-5.614027380943298340e-01
-6.820579171180725098e-01
-4.004348218441009521e-01
-5.915164947509765625e-01
-5.821250677108764648e-01
-7.478387951850891113e-01
-7.129952311515808105e-01
-2.331317067146301270e-01
-1.404489576816558838e-01
-5.546193718910217285e-01
-7.714761495590209961e-01
-3.647244870662689209e-01
-5.859193801879882812e-01
-7.379491925239562988e-01
-4.019749462604522705e-01
-2.535273134708404541e-01
-6.040413379669189453e-01
-3.975197672843933105e-01
-4.448579251766204834e-01
-3.268708586692810059e-01
-5.914836525917053223e-01
-6.235690116882324219e-01
-6.448523402214050293e-01
-4.403868615627288818e-01
-3.565809726715087891e-01
-4.546691477298736572e-01
-4.789753854274749756e-01
-4.897406697273254395e-01
-4.154270291328430176e-01
-3.919571340084075928e-01
-5.360949039459228516e-01
-5.118353962898254395e-01
-3.897712528705596924e-01
-2.800368964672088623e-01
-4.742425382137298584e-01
-3.849330246448516846e-01
-5.486354827880859375e-01
-7.293100953102111816e-01
-6.734561920166015625e-01
-2.693089246749877930e-01
-3.995836675167083740e-01
-6.445119976997375488e-01
-6.335119009017944336e-01
-4.833528101444244385e-01
-3.989062905311584473e-01
-4.906939864158630371e-01
-3.347382247447967529e-01
-7.314744591712951660e-01
-5.150418281555175781e-01
-4.997884929180145264e-01
-3.091438114643096924e-01
-4.023586213588714600e-01
-2.086762785911560059e-01
-5.905982851982116699e-01
-2.963157594203948975e-01
-3.599369227886199951e-01
-3.843172490596771240e-01
-7.373507618904113770e-01
-3.593685925006866455e-01
-4.163839519023895264e-01
-4.039689600467681885e-01
-7.850937247276306152e-01
-6.219865679740905762e-01
-2.785152494907379150e-01
-6.046222448348999023e-01
-6.045674085617065430e-01
-3.126466274261474609e-01
-5.926662683486938477e-01
-6.343605518341064453e-01
-5.285528898239135742e-01
-4.966787397861480713e-01
-3.041110038757324219e-01
-5.362527966499328613e-01
-6.276894211769104004e-01
-4.390597045421600342e-01
-7.750203013420104980e-01
-3.148046433925628662e-01
-4.351629614830017090e-01
-4.869711995124816895e-01
-4.830652475357055664e-01
-4.097499251365661621e-01
-3.964807987213134766e-01
-7.646478414535522461e-01
-7.562783360481262207e-01
-4.385385215282440186e-01
-7.744646668434143066e-01
