1.272477805614471436e-01
-1.331233829259872437e-01
8.734397590160369873e-02
1.654612459242343903e-02
5.595009424723684788e-04
2.248903922736644745e-02
-4.740454256534576416e-02
-1.249257661402225494e-02
-8.423449099063873291e-02
1.453356593847274780e-01
-3.414820134639739990e-02
8.407273143529891968e-02
-8.736909180879592896e-02
-1.375206112861633301e-01
-1.997192762792110443e-02
-3.043914586305618286e-02
6.930552423000335693e-02
1.061696782708168030e-01
5.041747167706489563e-02
-1.235760077834129333e-01
5.215523764491081238e-02
-1.084918975830078125e-01
3.433261811733245850e-02
1.886382550001144409e-01
1.720071434974670410e-01
8.249613642692565918e-02
-2.205146700143814087e-01
2.495520189404487610e-02
9.079351276159286499e-02
2.699763700366020203e-02
3.996004536747932434e-02
1.233195513486862183e-01
4.607805609703063965e-02
-1.752108149230480194e-02
5.226549878716468811e-02
-1.693640649318695068e-02
1.543629355728626251e-02
7.972948253154754639e-02
5.791072174906730652e-02
-1.413875818252563477e-01
3.736963868141174316e-02
