-6.654701381921768188e-02
1.653445651754736900e-03
2.048012614250183105e-01
1.342283189296722412e-01
4.837068542838096619e-02
8.941300213336944580e-02
1.807645410299301147e-01
-1.289706677198410034e-01
6.317154318094253540e-02
-1.326974034309387207e-01
2.429567836225032806e-02
-4.163473471999168396e-02
1.280519813299179077e-01
3.456121543422341347e-03
-5.772699043154716492e-02
3.248093416914343834e-03
1.479168534278869629e-01
3.584595024585723877e-02
-1.274889260530471802e-01
-3.331678360700607300e-02
1.234037578105926514e-01
-1.021483391523361206e-01
5.175409093499183655e-02
-6.218898668885231018e-02
9.052602201700210571e-02
4.327989742159843445e-02
9.848693013191223145e-02
2.306509949266910553e-02
2.606306374073028564e-01
-7.322393357753753662e-02
8.219466358423233032e-02
-7.290319073945283890e-03
1.879032850265502930e-01
4.469529911875724792e-02
-1.083314493298530579e-01
-2.293110266327857971e-02
1.068292185664176941e-01
-1.253860592842102051e-01
1.304616332054138184e-01
5.508365854620933533e-02
