-6.098995208740234375e-01
-8.938004374504089355e-01
-3.460291028022766113e-01
-2.180155366659164429e-01
-3.941003084182739258e-01
-5.369475483894348145e-01
-7.185190916061401367e-01
-7.341930866241455078e-01
-5.486762523651123047e-01
-5.648252367973327637e-01
-7.699006795883178711e-01
-6.856171488761901855e-01
-5.019316673278808594e-01
-6.325167417526245117e-01
-4.123785197734832764e-01
-9.036511778831481934e-01
-2.597902417182922363e-01
-3.914878964424133301e-01
-9.027550220489501953e-01
-7.830796241760253906e-01
-6.607798933982849121e-01
-3.120344281196594238e-01
-7.469520568847656250e-01
-4.101871550083160400e-01
-5.002135634422302246e-01
-8.066458106040954590e-01
-7.043517827987670898e-01
-4.098554849624633789e-01
-7.503249049186706543e-01
-5.272805690765380859e-01
-6.733844280242919922e-01
-6.816505193710327148e-01
-6.825137734413146973e-01
-7.120825648307800293e-01
-6.284839510917663574e-01
-7.214371562004089355e-01
-4.551762044429779053e-01
-7.458941340446472168e-01
-3.575913310050964355e-01
-4.855171740055084229e-01
-5.030408501625061035e-01
-4.605453014373779297e-01
-5.542486310005187988e-01
-4.993243217468261719e-01
-5.879918932914733887e-01
-1.368085891008377075e-01
-4.025183618068695068e-01
-5.593208074569702148e-01
-3.208489418029785156e-01
-5.437593460083007812e-01
-4.392010867595672607e-01
-5.004688501358032227e-01
-4.186992049217224121e-01
-3.515523374080657959e-01
-3.500349521636962891e-01
-5.626756548881530762e-01
-5.061144828796386719e-01
-2.773603796958923340e-01
-7.089695930480957031e-01
-2.448441982269287109e-01
-4.640115499496459961e-01
-4.721293151378631592e-01
-4.003416299819946289e-01
-2.227049618959426880e-01
-6.442846655845642090e-01
-8.969140052795410156e-01
-6.553096771240234375e-01
-6.272320151329040527e-01
-5.683068633079528809e-01
-7.157852053642272949e-01
-6.957305073738098145e-01
-3.979546129703521729e-01
-5.358651280403137207e-01
-2.356769442558288574e-01
-6.478829979896545410e-01
-6.189134716987609863e-01
-6.974771618843078613e-01
-5.561051368713378906e-01
-4.284990429878234863e-01
-8.667343258857727051e-01
-5.648288726806640625e-01
-8.777763247489929199e-01
-3.663738667964935303e-01
-3.741363286972045898e-01
-2.010804414749145508e-01
-4.312136769294738770e-01
-5.821924805641174316e-01
-7.506404519081115723e-01
-8.410466909408569336e-01
-4.864483773708343506e-01
-4.945849776268005371e-01
-4.534384608268737793e-01
-4.857921898365020752e-01
-7.465162873268127441e-01
-7.094971537590026855e-01
-5.285042524337768555e-01
-7.446898221969604492e-01
-3.482695519924163818e-01
-6.954735517501831055e-01
-5.832307934761047363e-01
