-3.984298408031463623e-01
5.620079860091209412e-02
-2.292710840702056885e-01
-3.732241988182067871e-01
-8.999611735343933105e-01
-8.256644010543823242e-01
-4.983633458614349365e-01
-9.352504611015319824e-01
-3.685523569583892822e-01
-8.527634739875793457e-01
-6.684234738349914551e-01
-6.635419726371765137e-01
-4.620450735092163086e-01
-4.949986040592193604e-01
-3.876729011535644531e-01
-4.205352663993835449e-01
-2.490664869546890259e-01
-1.820962280035018921e-01
-8.572224974632263184e-01
-7.186163663864135742e-01
-5.887169837951660156e-01
-7.270778417587280273e-01
-4.632850289344787598e-01
-7.384823560714721680e-01
-7.738665938377380371e-01
-7.687354087829589844e-01
-4.478295743465423584e-01
-3.788345158100128174e-01
-6.471635699272155762e-01
-9.456274509429931641e-01
-5.668148994445800781e-01
-4.440874755382537842e-01
-7.686838507652282715e-01
-7.332111597061157227e-01
-6.516048908233642578e-01
-6.242467761039733887e-01
-6.469230651855468750e-01
-6.940601468086242676e-01
-3.819690346717834473e-01
-5.194502472877502441e-01
-6.560745835304260254e-01
-5.300146341323852539e-01
-7.582562565803527832e-01
-6.988319754600524902e-01
-3.810302019119262695e-01
-3.019308745861053467e-01
-6.372383236885070801e-01
-3.337036073207855225e-01
-6.876366138458251953e-01
-5.301186442375183105e-01
-5.017637610435485840e-01
-2.089555263519287109e-01
-7.739713191986083984e-01
-5.536767840385437012e-01
-6.770227551460266113e-01
-6.392551660537719727e-01
-1.067788124084472656e+00
-1.153314784169197083e-01
-3.601183593273162842e-01
-1.700068265199661255e-01
-5.577647089958190918e-01
-7.906820178031921387e-01
-8.818082809448242188e-01
-3.845660984516143799e-01
-4.346939921379089355e-01
-5.685874223709106445e-01
-4.378715455532073975e-01
-5.776019692420959473e-01
-7.354366779327392578e-01
-3.381449282169342041e-01
-7.194869518280029297e-01
-7.087494730949401855e-01
-7.628486156463623047e-01
-3.653763830661773682e-01
-7.044439911842346191e-01
-3.750666081905364990e-01
-5.057088136672973633e-01
-3.469577729701995850e-01
-6.143807768821716309e-01
-4.063768982887268066e-01
-2.249401211738586426e-01
-2.248334139585494995e-01
-5.599459409713745117e-01
-7.142686247825622559e-01
-4.581120014190673828e-01
-5.251181125640869141e-01
-3.544936776161193848e-01
-1.218882128596305847e-01
-4.059917032718658447e-01
-6.478189826011657715e-01
-6.660720705986022949e-01
-6.555904746055603027e-01
-8.168476819992065430e-01
-3.959926664829254150e-01
-9.542354941368103027e-01
-2.925688028335571289e-01
-2.624347805976867676e-01
-6.549458205699920654e-02
-5.067682266235351562e-01
-7.199662923812866211e-01
