-3.221416473388671875e-02
1.411063037812709808e-02
2.214137613773345947e-01
-1.155685782432556152e-01
5.997471511363983154e-02
1.402909401804208755e-02
-1.033445298671722412e-01
-1.237971782684326172e-01
8.023884147405624390e-02
-1.043780986219644547e-02
4.029794037342071533e-02
6.198891438543796539e-03
-1.163719817996025085e-01
2.453541904687881470e-01
1.404870152473449707e-01
2.012737244367599487e-01
-4.328724369406700134e-02
1.937204599380493164e-01
7.004544138908386230e-02
-1.365758180618286133e-01
-2.422452159225940704e-02
-7.681959122419357300e-02
-9.795136004686355591e-02
-2.634200453758239746e-02
-3.398841014131903648e-03
-4.415835067629814148e-02
2.518695779144763947e-02
8.005025796592235565e-03
8.278966695070266724e-02
7.154820952564477921e-03
1.260992288589477539e-01
1.332459449768066406e-01
-5.259089171886444092e-02
-6.094365566968917847e-02
2.153379023075103760e-01
-9.975663572549819946e-02
6.074677407741546631e-02
9.900957345962524414e-02
-3.320285305380821228e-02
