-5.066743493080139160e-01
-2.597146034240722656e-01
-6.819419860839843750e-01
-4.279530346393585205e-01
-5.408811569213867188e-01
-5.728768706321716309e-01
-8.850371837615966797e-01
-3.528270423412322998e-01
-9.104740619659423828e-01
-4.154786169528961182e-01
-4.806690514087677002e-01
-5.612978339195251465e-01
-4.924898445606231689e-01
-6.789066791534423828e-01
-6.367588639259338379e-01
-5.067374706268310547e-01
-6.740543842315673828e-01
-4.996987581253051758e-01
-5.976974964141845703e-01
-7.237839698791503906e-01
-3.980759680271148682e-01
-5.539991259574890137e-01
-6.207059025764465332e-01
-2.743525803089141846e-01
-3.570290505886077881e-01
-1.021254777908325195e+00
-5.613643527030944824e-01
-9.275149703025817871e-01
-7.922301888465881348e-01
-6.992350220680236816e-01
-3.566681742668151855e-01
-5.779591798782348633e-01
-4.124150872230529785e-01
-2.422892004251480103e-01
-6.207486391067504883e-01
-5.375390052795410156e-01
-4.914371967315673828e-01
-5.925385951995849609e-01
-6.992319226264953613e-01
-6.798340082168579102e-01
-3.691106438636779785e-01
-7.419679164886474609e-01
-4.649505317211151123e-01
-8.976487517356872559e-01
-4.694516956806182861e-01
-5.779819488525390625e-01
-5.544958710670471191e-01
-7.742567062377929688e-01
-4.158193171024322510e-01
-5.144620537757873535e-01
-6.194521784782409668e-01
-4.677808582782745361e-01
-6.079918742179870605e-01
-5.809952020645141602e-01
-5.169176459312438965e-01
-5.735662579536437988e-01
-3.788779377937316895e-01
-6.149041056632995605e-01
-5.675267577171325684e-01
-4.532958865165710449e-01
-8.775719404220581055e-01
-5.608094334602355957e-01
-6.178002357482910156e-01
-2.933357059955596924e-01
-6.717318892478942871e-01
-4.004095196723937988e-01
-1.409634202718734741e-01
-5.191684961318969727e-01
-8.594038486480712891e-01
-8.588767051696777344e-01
-4.704941213130950928e-01
-6.834307909011840820e-01
-3.329622745513916016e-01
-7.455283999443054199e-01
-5.359582304954528809e-01
-8.382790088653564453e-01
-3.301844894886016846e-01
-3.764739632606506348e-01
-2.375869452953338623e-01
-5.850412249565124512e-01
-4.195202291011810303e-01
-7.147718667984008789e-01
-7.199709415435791016e-01
-4.929721951484680176e-01
-6.127896308898925781e-01
-3.882745504379272461e-01
-8.499570488929748535e-01
-6.230939030647277832e-01
-2.964991033077239990e-01
-4.789059460163116455e-01
-4.907383918762207031e-01
-8.314939737319946289e-01
-6.300123333930969238e-01
-5.555181503295898438e-01
-7.267291545867919922e-01
-6.015145182609558105e-01
-5.303238034248352051e-01
-5.807576775550842285e-01
-6.045525074005126953e-01
-5.441316962242126465e-01
