3.882776945829391479e-02
3.275887295603752136e-02
3.274708241224288940e-02
-6.720852851867675781e-02
1.683513261377811432e-02
1.012597307562828064e-01
4.608042165637016296e-02
1.914370246231555939e-02
-2.152280323207378387e-02
1.112347319722175598e-01
1.883934587240219116e-01
-1.490171104669570923e-01
6.810608506202697754e-02
5.715391784906387329e-02
5.494031682610511780e-02
6.909986585378646851e-02
-1.097512897104024887e-03
3.311552479863166809e-02
-1.067849472165107727e-01
-4.656853899359703064e-02
1.717349886894226074e-01
5.943828448653221130e-02
4.863864183425903320e-02
-7.452098280191421509e-02
-4.020645469427108765e-02
-9.186577051877975464e-02
-1.125091612339019775e-01
1.355538330972194672e-02
2.738366462290287018e-02
5.612247437238693237e-02
-9.519445151090621948e-02
-1.922015100717544556e-01
-9.582648426294326782e-02
-5.670597404241561890e-02
1.442675665020942688e-02
-8.526709675788879395e-02
-3.648829832673072815e-02
-1.057808026671409607e-01
-1.385203897953033447e-01
