-6.742553710937500000e-01
-5.788553953170776367e-01
-2.478582113981246948e-01
-4.208211004734039307e-01
-5.173647999763488770e-01
-3.706243038177490234e-01
-6.526917815208435059e-01
-4.686189889907836914e-01
-5.663400292396545410e-01
-2.822110354900360107e-01
-1.713101565837860107e-01
-7.314462065696716309e-01
-6.829062700271606445e-01
-7.305753827095031738e-01
-5.721637606620788574e-01
-3.729935288429260254e-01
-3.754793405532836914e-01
-2.133850157260894775e-01
-7.937447428703308105e-01
-2.122540026903152466e-01
-4.767327904701232910e-01
-3.727837800979614258e-01
-4.395061433315277100e-01
-8.154976367950439453e-01
-7.023471593856811523e-01
-2.609120011329650879e-01
-9.457683563232421875e-01
-9.835107326507568359e-01
-7.734101414680480957e-01
-9.480237960815429688e-01
-4.749949574470520020e-01
-8.171559572219848633e-01
-7.709552645683288574e-01
-6.621324419975280762e-01
-7.484841346740722656e-01
-6.751552820205688477e-01
-8.252066969871520996e-01
-5.973082184791564941e-01
-5.152375698089599609e-01
-3.771158754825592041e-01
-6.202073693275451660e-01
-5.441679358482360840e-01
-8.478176593780517578e-01
-6.632025241851806641e-01
-6.071022152900695801e-01
-1.092536330223083496e+00
-3.300406038761138916e-01
-7.367305755615234375e-01
-5.160539746284484863e-01
-5.294259190559387207e-01
-1.557435989379882812e-01
-5.248885154724121094e-01
-6.325685977935791016e-01
-7.766844630241394043e-01
-4.556015729904174805e-01
-4.866943061351776123e-01
-4.315141439437866211e-01
-5.894342660903930664e-01
-5.498095154762268066e-01
-4.592950642108917236e-01
-4.723422825336456299e-01
-2.043347656726837158e-01
-4.072396457195281982e-01
-2.482259869575500488e-01
-1.755419969558715820e-01
-4.315469861030578613e-01
-7.472285628318786621e-01
-6.010290980339050293e-01
-2.190309762954711914e-01
-4.121958315372467041e-01
-6.269648075103759766e-01
-6.138879060745239258e-01
-3.536100685596466064e-01
-9.187471866607666016e-01
-3.218556940555572510e-01
-2.129484862089157104e-01
-6.143369674682617188e-01
-4.112750589847564697e-01
-4.497902989387512207e-01
-2.955985963344573975e-01
-3.066981434822082520e-01
-7.035547494888305664e-01
-5.554523468017578125e-01
-8.386986851692199707e-01
-2.927379012107849121e-01
-4.111921489238739014e-01
-4.621500670909881592e-01
-4.681134521961212158e-01
-4.099101424217224121e-01
-6.486429572105407715e-01
-5.990661382675170898e-01
-7.411339282989501953e-01
-4.850596785545349121e-01
-3.327018320560455322e-01
-2.411447912454605103e-01
-7.392514944076538086e-01
-4.659104049205780029e-01
-5.711855888366699219e-01
-8.378044962882995605e-01
-6.576707363128662109e-01
