-3.625492155551910400e-01
-2.764712274074554443e-01
-2.738736867904663086e-01
-2.088270485401153564e-01
-5.267057418823242188e-01
-5.606490373611450195e-01
-3.033025562763214111e-01
-3.244243562221527100e-01
-6.033834815025329590e-01
-3.743380606174468994e-01
-4.348486065864562988e-01
-7.061013579368591309e-02
-6.166058778762817383e-01
-2.466082870960235596e-01
-6.163184642791748047e-01
-5.194297432899475098e-01
-5.930526256561279297e-01
-1.634893715381622314e-01
-4.785240292549133301e-01
-1.976814419031143188e-01
-4.026358723640441895e-01
-6.747859716415405273e-01
-4.703286886215209961e-01
-6.196075081825256348e-01
-5.381349325180053711e-01
-9.283218383789062500e-01
-6.400291919708251953e-01
-1.858390867710113525e-01
9.782272577285766602e-02
-5.732147097587585449e-01
-2.654163539409637451e-01
-3.157088756561279297e-01
-4.800864160060882568e-01
-5.169978737831115723e-01
-4.367415904998779297e-01
-5.175591111183166504e-01
-4.823977649211883545e-01
-2.743147909641265869e-01
-1.212949603796005249e-01
-4.342163205146789551e-01
-2.845301330089569092e-01
-6.587582230567932129e-01
-3.374195992946624756e-01
-5.546599030494689941e-01
-2.692227065563201904e-01
-5.232064127922058105e-01
-5.106426477432250977e-01
-6.449456810951232910e-01
-4.870875179767608643e-01
-5.692750811576843262e-01
-5.246717333793640137e-01
-7.268375158309936523e-01
-2.598156034946441650e-01
-3.578501343727111816e-01
-3.311904370784759521e-01
-5.380586385726928711e-01
-5.053533911705017090e-01
-2.282560467720031738e-01
-4.603227972984313965e-01
-4.263551235198974609e-01
-3.545166552066802979e-01
-1.891779899597167969e-01
-1.008399873971939087e-01
-3.464302718639373779e-01
-4.526773393154144287e-01
-4.018081426620483398e-01
-2.938801348209381104e-01
-1.820492595434188843e-01
-4.525483846664428711e-01
-2.945891916751861572e-01
-6.067683100700378418e-01
-3.169241845607757568e-01
-6.041662096977233887e-01
-4.580321609973907471e-01
-3.895300030708312988e-01
-3.479961156845092773e-01
-2.829332351684570312e-01
-2.054793089628219604e-01
-4.735974073410034180e-01
-4.455485045909881592e-01
-1.681651473045349121e-01
-3.788605332374572754e-01
-2.495398670434951782e-01
-2.793055474758148193e-01
-3.189816772937774658e-01
-8.442924618721008301e-01
-6.760037541389465332e-01
-3.278225362300872803e-01
-4.856570065021514893e-01
-4.269349277019500732e-01
-6.361789703369140625e-01
-4.695408046245574951e-01
-4.048212468624114990e-01
-1.660847514867782593e-01
-2.969042956829071045e-01
-6.574421525001525879e-01
-4.683894515037536621e-01
-4.103522896766662598e-01
-3.297534883022308350e-01
-2.792128324508666992e-01
