2.218339825049042702e-03
2.217409666627645493e-03
2.216480672359466553e-03
2.215552842244505882e-03
2.214626409113407135e-03
2.213701140135526657e-03
2.212776336818933487e-03
2.211853628978133202e-03
2.210931386798620224e-03
2.210010541602969170e-03
2.209091093391180038e-03
2.208172343671321869e-03
2.207255223765969276e-03
2.206338802352547646e-03
2.205423312261700630e-03
2.204509451985359192e-03
2.203596523031592369e-03
2.202684758231043816e-03
2.201773924753069878e-03
2.200864488258957863e-03
2.199955983087420464e-03
2.199048409238457680e-03
2.198142465204000473e-03
2.197237219661474228e-03
2.196333138272166252e-03
2.195429755374789238e-03
2.194527769461274147e-03
2.193627180531620979e-03
2.192727290093898773e-03
2.191828796640038490e-03
2.190931234508752823e-03
2.190034370869398117e-03
2.189138438552618027e-03
2.188244136050343513e-03
2.187350532039999962e-03
2.186458092182874680e-03
2.185566816478967667e-03
2.184676239266991615e-03
2.183787059038877487e-03
2.182898810133337975e-03
2.182011259719729424e-03
2.181125106289982796e-03
2.180239651352167130e-03
2.179355127736926079e-03
2.178472233936190605e-03
2.177589572966098785e-03
2.176708308979868889e-03
2.175827743485569954e-03
2.174948342144489288e-03
2.174069872125983238e-03
2.173192566260695457e-03
2.172315958887338638e-03
2.171440050005912781e-03
2.170565538108348846e-03
2.169692190364003181e-03
2.168819075450301170e-03
2.167947590351104736e-03
2.167076570913195610e-03
2.166206948459148407e-03
2.165337791666388512e-03
2.164469799026846886e-03
2.163602272048592567e-03
2.162736142054200172e-03
2.161870477721095085e-03
2.161006443202495575e-03
2.160142641514539719e-03
2.159280003979802132e-03
2.158417832106351852e-03
2.157557057216763496e-03
2.156696980819106102e-03
2.155838068574666977e-03
2.154979621991515160e-03
2.154122106730937958e-03
2.153265289962291718e-03
2.152409637346863747e-03
2.151554683223366737e-03
2.150700660422444344e-03
2.149847336113452911e-03
2.148994943127036095e-03
2.148143248632550240e-03
2.147292485460639000e-03
2.146442653611302376e-03
2.145593520253896713e-03
2.144744852557778358e-03
2.143897349014878273e-03
2.143050543963909149e-03
2.142204670235514641e-03
2.141359262168407440e-03
2.140515018254518509e-03
2.139671240001916885e-03
2.138828393071889877e-03
2.137986244633793831e-03
2.137145027518272400e-03
2.136304276064038277e-03
2.135464455932378769e-03
2.134625334292650223e-03
2.133786678314208984e-03
2.132949186488986015e-03
2.132112393155694008e-03
2.131275832653045654e-03
2.130440669134259224e-03
2.129605738446116447e-03
2.128771506249904633e-03
2.127938205376267433e-03
2.127105602994561195e-03
2.126273699104785919e-03
2.125442493706941605e-03
2.124611753970384598e-03
2.123781712725758553e-03
2.122952602803707123e-03
2.122124191373586655e-03
2.121296245604753494e-03
2.120468998327851295e-03
2.119642449542880058e-03
2.118816599249839783e-03
2.117991214618086815e-03
2.117166528478264809e-03
2.116342307999730110e-03
2.115519251674413681e-03
2.114696195349097252e-03
2.113874070346355438e-03
2.113052643835544586e-03
2.112231682986021042e-03
2.111411187797784805e-03
2.110591623932123184e-03
2.109772292897105217e-03
2.108953660354018211e-03
2.108135726302862167e-03
2.107318490743637085e-03
2.106501488015055656e-03
2.105685183778405190e-03
2.104869578033685684e-03
2.104054670780897141e-03
2.103239996358752251e-03
2.102426020428538322e-03
2.101612510159611702e-03
2.100799465551972389e-03
2.099987119436264038e-03
2.099175238981842995e-03
2.098363824188709259e-03
2.097553107887506485e-03
2.096742624416947365e-03
2.095932606607675552e-03
2.095123752951622009e-03
2.094314666464924812e-03
2.093506511300802231e-03
2.092698588967323303e-03
2.091891365125775337e-03
2.091084374114871025e-03
2.090277848765254021e-03
2.089471789076924324e-03
2.088666427880525589e-03
2.087861299514770508e-03
2.087056636810302734e-03
2.086252439767122269e-03
2.085448941215872765e-03
2.084645442664623260e-03
2.083842642605304718e-03
2.083040308207273483e-03
2.082237973809242249e-03
2.081436570733785629e-03
2.080635400488972664e-03
2.079834695905447006e-03
2.079034456983208656e-03
2.078234218060970306e-03
2.077434677630662918e-03
2.076635602861642838e-03
2.075836528092622757e-03
2.075037918984889984e-03
2.074239775538444519e-03
2.073442097753286362e-03
2.072644885629415512e-03
2.071847673505544662e-03
2.071050927042961121e-03
2.070254413411021233e-03
2.069458365440368652e-03
2.068662550300359726e-03
2.067867200821638107e-03
2.067072317004203796e-03
2.066277200356125832e-03
2.065483015030622482e-03
2.064688596874475479e-03
2.063894644379615784e-03
2.063101157546043396e-03
2.062307437881827354e-03
2.061514649540185928e-03
2.060721861198544502e-03
2.059929305687546730e-03
2.059136983007192612e-03
2.058345125988125801e-03
2.057553036138415337e-03
2.056761411949992180e-03
2.055970020592212677e-03
2.055179094895720482e-03
2.054387936368584633e-03
2.053597243502736092e-03
2.052806783467531204e-03
2.052016556262969971e-03
2.051226329058408737e-03
2.050436800345778465e-03
2.049647038802504539e-03
2.048857277259230614e-03
2.048067981377243996e-03
2.047278685495257378e-03
2.046489622443914413e-03
2.045700559392571449e-03
2.044911962002515793e-03
2.044123364612460136e-03
2.043335000053048134e-03
2.042546635493636131e-03
2.041758270934224129e-03
2.040970139205455780e-03
2.040182240307331085e-03
2.039394341409206390e-03
2.038606675341725349e-03
2.037819009274244308e-03
2.037030877545475960e-03
2.036243444308638573e-03
2.035455778241157532e-03
2.034668577834963799e-03
2.033881144598126411e-03
2.033093711361289024e-03
2.032306510955095291e-03
2.031519077718257904e-03
2.030731877312064171e-03
2.029944909736514091e-03
2.029157476499676704e-03
2.028370276093482971e-03
2.027583075687289238e-03
2.026795875281095505e-03
2.026008442044258118e-03
2.025221707299351692e-03
2.024434041231870651e-03
2.023646840825676918e-03
2.022859640419483185e-03
2.022072207182645798e-03
2.021284773945808411e-03
2.020497107878327370e-03
2.019709674641489983e-03
2.018921775743365288e-03
2.018134342506527901e-03
2.017346676439046860e-03
2.016558544710278511e-03
2.015770645812153816e-03
2.014982514083385468e-03
2.014194382354617119e-03
2.013406017795205116e-03
2.012617420405149460e-03
2.011828823015093803e-03
2.011040225625038147e-03
2.010251162573695183e-03
2.009462099522352219e-03
2.008672803640365601e-03
2.007883507758378983e-03
2.007093979045748711e-03
2.006303984671831131e-03
2.005514223128557205e-03
2.004723995923995972e-03
2.003933535888791084e-03
2.003143075853586197e-03
2.002352150157094002e-03
2.001561457291245461e-03
2.000770298764109612e-03
1.999978674575686455e-03
1.999187050387263298e-03
1.998394727706909180e-03
1.997602637857198715e-03
1.996810082346200943e-03
1.996017526835203171e-03
1.995224505662918091e-03
1.994431018829345703e-03
1.993637299165129662e-03
1.992843346670269966e-03
1.992048928514122963e-03
1.991254510357975960e-03
1.990459626540541649e-03
1.989664509892463684e-03
1.988868927583098412e-03
1.988073112443089485e-03
1.987276831641793251e-03
1.986480318009853363e-03
1.985683338716626167e-03
1.984886126592755318e-03
1.984088681638240814e-03
1.983290771022439003e-03
1.982492161914706230e-03
1.981693552806973457e-03
1.980894478037953377e-03
1.980094704777002335e-03
1.979294931516051292e-03
1.978494692593812943e-03
1.977693988010287285e-03
1.976892817765474319e-03
1.976090949028730392e-03
1.975289313122630119e-03
1.974486745893955231e-03
1.973683945834636688e-03
1.972880447283387184e-03
1.972076948732137680e-03
1.971272984519600868e-03
1.970468088984489441e-03
1.969663193449378014e-03
1.968858065083622932e-03
1.968052005395293236e-03
1.967245480045676231e-03
1.966438721865415573e-03
1.965631265193223953e-03
1.964823575690388680e-03
1.964015420526266098e-03
1.963206566870212555e-03
1.962397247552871704e-03
1.961587695404887199e-03
1.960777677595615387e-03
1.959966961294412613e-03
1.959155546501278877e-03
1.958344364538788795e-03
1.957532251253724098e-03
1.956719905138015747e-03
1.955906860530376434e-03
1.955093350261449814e-03
1.954279374331235886e-03
1.953465165570378304e-03
1.952650258317589760e-03
1.951834885403513908e-03
1.951018930412828922e-03
1.950202742591500282e-03
1.949385856278240681e-03
1.948568969964981079e-03
1.947751035913825035e-03
1.946932752616703510e-03
1.946114352904260159e-03
1.945295371115207672e-03
1.944475923664867878e-03
1.943655777722597122e-03
1.942835398949682713e-03
1.942014670930802822e-03
1.941193593665957451e-03
1.940371934324502945e-03
1.939550042152404785e-03
1.938727218657732010e-03
1.937904395163059235e-03
1.937080989591777325e-03
1.936257584020495415e-03
1.935433363541960716e-03
1.934608793817460537e-03
1.933784107677638531e-03
1.932958606630563736e-03
1.932133105583488941e-03
1.931307371705770493e-03
1.930481172166764736e-03
1.929654856212437153e-03
1.928828074596822262e-03
1.928000594489276409e-03
1.927173463627696037e-03
1.926345401443541050e-03
1.925517455674707890e-03
1.924689044244587421e-03
1.923860749229788780e-03
1.923031988553702831e-03
1.922203111462295055e-03
1.921373535878956318e-03
1.920544425956904888e-03
1.919714733958244324e-03
1.918884809128940105e-03
1.918055000714957714e-03
1.917225075885653496e-03
1.916394568979740143e-03
1.915564294904470444e-03
1.914733904413878918e-03
1.913903397507965565e-03
1.913073007017374039e-03
1.912242150865495205e-03
1.911411527544260025e-03
1.910580787807703018e-03
1.909749931655824184e-03
1.908919541165232658e-03
1.908088685013353825e-03
1.907258061692118645e-03
1.906427438370883465e-03
1.905596698634326458e-03
1.904766424559056759e-03
1.903936150483787060e-03
1.903105876408517361e-03
1.902275835163891315e-03
1.901446143165230751e-03
1.900616218335926533e-03
1.899786991998553276e-03
1.898957416415214539e-03
1.898128539323806763e-03
1.897299545817077160e-03
1.896471250802278519e-03
1.895642839372158051e-03
1.894814893603324890e-03
1.893987297080457211e-03
1.893160049803555012e-03
1.892333268187940121e-03
1.891506719402968884e-03
1.890680752694606781e-03
1.889855018816888332e-03
1.889029750600457191e-03
1.888205180875957012e-03
1.887380611151456833e-03
1.886556856334209442e-03
1.885733567178249359e-03
1.884910743683576584e-03
1.884088735096156597e-03
1.883267075754702091e-03
1.882445882074534893e-03
1.881625503301620483e-03
1.880805590189993382e-03
1.879986608400940895e-03
1.879167975857853889e-03
1.878350041806697845e-03
1.877532922662794590e-03
1.876716618426144123e-03
1.875901012681424618e-03
1.875085872597992420e-03
1.874271780252456665e-03
1.873458269983530045e-03
1.872645574621856213e-03
1.871833810582756996e-03
1.871022745035588741e-03
1.870212727226316929e-03
1.869403407908976078e-03
1.868595136329531670e-03
1.867787563242018223e-03
1.866980921477079391e-03
1.866175327450037003e-03
1.865370548330247402e-03
1.864566816948354244e-03
1.863764016889035702e-03
1.862961798906326294e-03
1.862161094322800636e-03
1.861361088231205940e-03
1.860562129877507687e-03
1.859764452092349529e-03
1.858967822045087814e-03
1.858171890489757061e-03
1.857377239502966404e-03
1.856583636254072189e-03
1.855791313573718071e-03
1.854999689385294914e-03
1.854209462180733681e-03
1.853420282714068890e-03
1.852632150985300541e-03
1.851845532655715942e-03
1.851059496402740479e-03
1.850275089964270592e-03
1.849491265602409840e-03
1.848709303885698318e-03
1.847928273491561413e-03
1.847148174419999123e-03
1.846369588747620583e-03
1.845591934397816658e-03
1.844816026277840137e-03
1.844040816649794579e-03
1.843266887590289116e-03
1.842494821175932884e-03
1.841723104007542133e-03
1.840953016653656960e-03
1.840184209868311882e-03
1.839416683651506901e-03
1.838650554418563843e-03
1.837885240092873573e-03
1.837121555581688881e-03
1.836359035223722458e-03
1.835598028264939785e-03
1.834838069044053555e-03
1.834079390391707420e-03
1.833322108723223209e-03
1.832566107623279095e-03
1.831811503507196903e-03
1.831058063544332981e-03
1.830306020565330982e-03
1.829555374570190907e-03
1.828805776312947273e-03
1.828057458624243736e-03
1.827310537919402122e-03
1.826565130613744259e-03
1.825821120291948318e-03
1.825078041292726994e-03
1.824336475692689419e-03
1.823596190661191940e-03
1.822857302613556385e-03
1.822119695134460926e-03
1.821383251808583736e-03
1.820648438297212124e-03
1.819914788939058781e-03
1.819182536564767361e-03
1.818451448343694210e-03
1.817721989937126637e-03
1.816993346437811852e-03
1.816266449168324471e-03
1.815540716052055359e-03
1.814816147089004517e-03
1.814092975109815598e-03
1.813371316529810429e-03
1.812650822103023529e-03
1.811931608244776726e-03
1.811213674955070019e-03
