3.786916786339133978e-04
3.786897286772727966e-04
3.786878369282931089e-04
3.786859160754829645e-04
3.786839079111814499e-04
3.786819870583713055e-04
3.786800079979002476e-04
3.786781162489205599e-04
3.786761953961104155e-04
3.786743036471307278e-04
3.786722954828292131e-04
3.786702582146972418e-04
3.786683955695480108e-04
3.786664456129074097e-04
3.786644956562668085e-04
3.786625456996262074e-04
3.786605957429856062e-04
3.786587330978363752e-04
3.786567540373653173e-04
3.786548331845551729e-04
3.786528541240841150e-04
3.786508459597826004e-04
3.786489833146333694e-04
3.786470042541623116e-04
3.786451416090130806e-04
3.786431625485420227e-04
3.786412125919014215e-04
3.786392626352608204e-04
3.786373708862811327e-04
3.786353918258100748e-04
3.786334418691694736e-04
3.786314628086984158e-04
3.786295419558882713e-04
3.786276211030781269e-04
3.786256711464375257e-04
3.786237211897969246e-04
3.786218294408172369e-04
3.786198794841766357e-04
3.786179877351969481e-04
3.786160959862172604e-04
3.786141460295766592e-04
3.786120796576142311e-04
3.786102170124650002e-04
3.786083252634853125e-04
3.786063462030142546e-04
3.786043671425431967e-04
3.786025044973939657e-04
3.786005254369229078e-04
3.785986045841127634e-04
3.785965964198112488e-04
3.785946755670011044e-04
3.785927547141909599e-04
3.785908338613808155e-04
3.785888548009097576e-04
3.785869339480996132e-04
3.785849548876285553e-04
3.785830631386488676e-04
3.785810840781778097e-04
3.785791923291981220e-04
3.785772423725575209e-04
3.785753215197473764e-04
3.785733715631067753e-04
3.785713925026357174e-04
3.785694716498255730e-04
3.785675799008458853e-04
3.785656008403748274e-04
3.785636799875646830e-04
3.785617300309240818e-04
3.785598091781139374e-04
3.785578883253037930e-04
3.785559383686631918e-04
3.785540175158530474e-04
3.785520675592124462e-04
3.785502049140632153e-04
3.785481094382703304e-04
3.785461885854601860e-04
3.785443841479718685e-04
3.785423759836703539e-04
3.785404260270297527e-04
3.785385342780500650e-04
3.785366425290703773e-04
3.785346052609384060e-04
3.785327426157891750e-04
3.785307635553181171e-04
3.785288427025079727e-04
3.785268345382064581e-04
3.785249718930572271e-04
3.785229928325861692e-04
3.785210428759455681e-04
3.785191220231354237e-04
3.785171720664948225e-04
3.785152803175151348e-04
3.785133885685354471e-04
3.785114386118948460e-04
3.785094886552542448e-04
3.785076260101050138e-04
3.785056469496339560e-04
3.785036969929933548e-04
3.785018052440136671e-04
3.784998552873730659e-04
3.784978762269020081e-04
3.784959553740918636e-04
3.784940345212817192e-04
3.784921136684715748e-04
3.784901637118309736e-04
3.784882137551903725e-04
3.784863220062106848e-04
3.784844011534005404e-04
3.784823347814381123e-04
3.784804721362888813e-04
3.784786094911396503e-04
3.784766304306685925e-04
3.784746804740279913e-04
3.784727014135569334e-04
3.784708969760686159e-04
3.784689179155975580e-04
3.784669970627874136e-04
3.784650180023163557e-04
3.784631553571671247e-04
3.784611471928656101e-04
3.784592845477163792e-04
3.784572763834148645e-04
3.784554137382656336e-04
3.784534637816250324e-04
3.784515429288148880e-04
3.784496220760047436e-04
3.784476430155336857e-04
3.784457803703844547e-04
3.784438013099133968e-04
3.784418222494423389e-04
3.784399596042931080e-04
3.784380096476525068e-04
3.784360887948423624e-04
3.784341388382017612e-04
3.784322179853916168e-04
3.784303553402423859e-04
3.784283180721104145e-04
3.784263972193002701e-04
3.784244763664901257e-04
3.784225846175104380e-04
3.784206346608698368e-04
3.784186264965683222e-04
3.784167929552495480e-04
3.784147847909480333e-04
3.784128639381378889e-04
3.784109721891582012e-04
3.784090513363480568e-04
3.784071304835379124e-04
3.784052387345582247e-04
3.784033178817480803e-04
3.784013970289379358e-04
3.783993597608059645e-04
3.783974680118262768e-04
3.783955180551856756e-04
3.783936263062059879e-04
3.783916763495653868e-04
3.783897846005856991e-04
3.783878928516060114e-04
3.783859428949654102e-04
3.783840511459857225e-04
3.783820720855146646e-04
3.783802094403654337e-04
3.783782012760639191e-04
3.783762804232537746e-04
3.783743595704436302e-04
3.783724387176334858e-04
3.783704887609928846e-04
3.783685388043522835e-04
3.783666470553725958e-04
3.783646970987319946e-04
3.783627762459218502e-04
3.783608553931117058e-04
3.783589054364711046e-04
3.783569845836609602e-04
3.783550928346812725e-04
3.783531428780406713e-04
3.783512511290609837e-04
3.783492429647594690e-04
3.783473221119493246e-04
3.783454594668000937e-04
3.783435386139899492e-04
3.783416177611798048e-04
3.783396387007087469e-04
3.783377178478986025e-04
3.783357969950884581e-04
3.783338761422783136e-04
3.783319552894681692e-04
3.783300053328275681e-04
3.783280844800174236e-04
3.783261636272072792e-04
3.783241845667362213e-04
3.783223219215869904e-04
3.783203719649463892e-04
3.783184511121362448e-04
3.783165593631565571e-04
3.783146676141768694e-04
3.783127467613667250e-04
3.783107677008956671e-04
3.783088759519159794e-04
3.783069259952753782e-04
3.783050342462956905e-04
3.783030842896550894e-04
3.783011634368449450e-04
3.782992716878652573e-04
3.782972926273941994e-04
3.782954008784145117e-04
3.782933927141129971e-04
3.782915882766246796e-04
3.782895801123231649e-04
3.782876883633434772e-04
3.782857966143637896e-04
3.782839048653841019e-04
3.782818967010825872e-04
3.782799758482724428e-04
3.782781132031232119e-04
3.782761341426521540e-04
3.782742714975029230e-04
3.782722633332014084e-04
3.782703424803912640e-04
3.782684216275811195e-04
3.782665589824318886e-04
3.782646672334522009e-04
3.782626881729811430e-04
3.782608255278319120e-04
3.782588755711913109e-04
3.782569547183811665e-04
3.782550338655710220e-04
3.782531130127608776e-04
3.782511630561202765e-04
3.782492422033101320e-04
3.782473213504999876e-04
3.782454004976898432e-04
3.782434796448796988e-04
3.782415878959000111e-04
3.782396670430898666e-04
3.782377752941101789e-04
3.782358253374695778e-04
3.782338753808289766e-04
3.782319836318492889e-04
3.782300336752086878e-04
3.782281710300594568e-04
3.782262501772493124e-04
3.782243002206087112e-04
3.782223793677985668e-04
3.782204294111579657e-04
3.782185667660087347e-04
3.782165877055376768e-04
3.782147541642189026e-04
3.782127459999173880e-04
3.782108251471072435e-04
3.782089333981275558e-04
3.782070125453174114e-04
3.782050916925072670e-04
3.782031999435275793e-04
3.782012790907174349e-04
3.781993582379072905e-04
3.781974664889276028e-04
3.781954874284565449e-04
3.781936538871377707e-04
3.781917039304971695e-04
3.781897830776870251e-04
3.781878040172159672e-04
3.781859122682362795e-04
3.781839623115956783e-04
3.781821287702769041e-04
3.781801497098058462e-04
3.781782288569957018e-04
3.781763662118464708e-04
3.781743871513754129e-04
3.781724954023957253e-04
3.781705745495855808e-04
3.781686536967754364e-04
3.781667328439652920e-04
3.781648119911551476e-04
3.781629202421754599e-04
3.781609702855348587e-04
3.781590494327247143e-04
3.781571867875754833e-04
3.781552077271044254e-04
3.781533450819551945e-04
3.781514533329755068e-04
3.781494451686739922e-04
3.781475534196943045e-04
3.781456325668841600e-04
3.781437117140740156e-04
3.781418199650943279e-04
3.781398700084537268e-04
3.781379491556435823e-04
3.781360283028334379e-04
3.781341656576842070e-04
3.781322448048740625e-04
3.781304403673857450e-04
3.781283739954233170e-04
3.781264822464436293e-04
3.781245613936334848e-04
3.781226696446537971e-04
3.781207487918436527e-04
3.781187697313725948e-04
3.781169070862233639e-04
3.781149280257523060e-04
3.781130653806030750e-04
3.781111445277929306e-04
3.781092236749827862e-04
3.781073028221726418e-04
3.781054692808538675e-04
3.781035484280437231e-04
3.781015984714031219e-04
3.780997358262538910e-04
3.780977858696132898e-04
3.780958068091422319e-04
3.780939732678234577e-04
3.780920233111828566e-04
3.780901315622031689e-04
3.780881816055625677e-04
3.780863189604133368e-04
3.780843981076031923e-04
3.780825063586235046e-04
3.780806146096438169e-04
3.780786064453423023e-04
3.780767146963626146e-04
3.780747647397220135e-04
3.780728729907423258e-04
3.780710394494235516e-04
3.780690894927829504e-04
3.780671395361423492e-04
3.780652186833322048e-04
3.780633560381829739e-04
3.780614933930337429e-04
3.780595143325626850e-04
3.780576225835829973e-04
3.780557017307728529e-04
3.780537808779627085e-04
3.780518018174916506e-04
3.780499391723424196e-04
3.780480183195322752e-04
3.780460974667221308e-04
3.780441766139119864e-04
3.780423139687627554e-04
3.780403931159526110e-04
3.780384431593120098e-04
3.780365223065018654e-04
3.780346014536917210e-04
3.780327679123729467e-04
3.780308179557323456e-04
3.780289844144135714e-04
3.780269762501120567e-04
3.780251136049628258e-04
3.780232218559831381e-04
3.780213010031729937e-04
3.780194092541933060e-04
3.780173428822308779e-04
3.780155093409121037e-04
3.780136466957628727e-04
3.780116676352918148e-04
3.780098049901425838e-04
3.780079132411628962e-04
3.780059341806918383e-04
3.780041006393730640e-04
3.780022088903933764e-04
3.780002880375832319e-04
3.779983671847730875e-04
3.779964754357933998e-04
3.779945545829832554e-04
3.779926919378340244e-04
3.779906837735325098e-04
3.779887920245528221e-04
3.779869002755731344e-04
3.779849503189325333e-04
3.779830876737833023e-04
3.779811959248036146e-04
3.779792459681630135e-04
3.779773833230137825e-04
3.779754042625427246e-04
3.779735707212239504e-04
3.779716789722442627e-04
3.779697290156036615e-04
3.779678081627935171e-04
3.779659164138138294e-04
3.779639955610036850e-04
3.779621329158544540e-04
3.779601829592138529e-04
3.779582912102341652e-04
3.779564285650849342e-04
3.779544786084443331e-04
3.779525577556341887e-04
3.779506951104849577e-04
3.779487451538443565e-04
3.779468534048646688e-04
3.779449034482240677e-04
3.779430116992443800e-04
3.779411199502646923e-04
3.779391990974545479e-04
3.779373073484748602e-04
3.779354155994951725e-04
3.779335529543459415e-04
3.779315738938748837e-04
3.779296821448951960e-04
3.779277612920850515e-04
3.779258404392749071e-04
3.779239777941256762e-04
3.779220569413155317e-04
3.779201360885053873e-04
3.779182443395256996e-04
3.779163234867155552e-04
3.779144317377358675e-04
3.779125108849257231e-04
3.779106191359460354e-04
3.779086691793054342e-04
3.779068065341562033e-04
3.779049729928374290e-04
3.779029648285359144e-04
3.779010730795562267e-04
3.778991813305765390e-04
3.778973477892577648e-04
3.778954269364476204e-04
3.778934478759765625e-04
3.778915561269968748e-04
3.778896934818476439e-04
3.778877726290374994e-04
3.778858517762273550e-04
3.778839891310781240e-04
3.778820973820984364e-04
3.778800892177969217e-04
3.778782847803086042e-04
3.778764221351593733e-04
3.778743848670274019e-04
3.778725804295390844e-04
3.778706886805593967e-04
3.778687678277492523e-04
3.778668469749391079e-04
3.778650134336203337e-04
3.778629761654883623e-04
3.778610844165086746e-04
3.778591635636985302e-04
3.778573591262102127e-04
3.778553800657391548e-04
3.778535174205899239e-04
3.778516256716102362e-04
3.778497630264610052e-04
3.778477839659899473e-04
3.778459213208407164e-04
3.778440586756914854e-04
3.778420796152204275e-04
3.778402460739016533e-04
3.778382961172610521e-04
3.778364043682813644e-04
3.778345708269625902e-04
3.778326208703219891e-04
3.778307291213423014e-04
3.778287791647017002e-04
3.778270038310438395e-04
3.778250538744032383e-04
3.778231039177626371e-04
3.778212121687829494e-04
3.778194077312946320e-04
3.778173704631626606e-04
3.778155369218438864e-04
3.778135287575423717e-04
3.778117534238845110e-04
3.778098034672439098e-04
3.778078826144337654e-04
3.778060199692845345e-04
3.778040991164743900e-04
3.778021782636642456e-04
3.778002865146845579e-04
3.777984238695353270e-04
3.777964448090642691e-04
3.777946112677454948e-04
3.777926904149353504e-04
3.777907404582947493e-04
3.777888778131455183e-04
3.777870442718267441e-04
3.777850943151861429e-04
3.777831443585455418e-04
3.777813981287181377e-04
3.777794190682470798e-04
3.777775564230978489e-04
3.777756355702877045e-04
3.777737729251384735e-04
3.777718229684978724e-04
3.777699603233486414e-04
3.777680394705384970e-04
3.777661186177283525e-04
3.777641686610877514e-04
3.777623060159385204e-04
3.777603269554674625e-04
3.777584643103182316e-04
3.777566598728299141e-04
3.777546808123588562e-04
3.777528472710400820e-04
3.777508682105690241e-04
3.777490637730807066e-04
3.777471720241010189e-04
3.777452802751213312e-04
3.777433303184807301e-04
3.777414676733314991e-04
3.777394886128604412e-04
3.777377423830330372e-04
3.777357342187315226e-04
3.777339006774127483e-04
