4.723273159470409155e-04
4.723255115095525980e-04
4.723239399027079344e-04
4.723221354652196169e-04
4.723203601315617561e-04
4.723186430055648088e-04
4.723169258795678616e-04
4.723151796497404575e-04
4.723134043160825968e-04
4.723117453977465630e-04
4.723099700640887022e-04
4.723083111457526684e-04
4.723065940197557211e-04
4.723047313746064901e-04
4.723030142486095428e-04
4.723013844341039658e-04
4.722995799966156483e-04
4.722978046629577875e-04
4.722960875369608402e-04
4.722943413071334362e-04
4.722927697002887726e-04
4.722909361589699984e-04
4.722891899291425943e-04
4.722874728031456470e-04
4.722856392618268728e-04
4.722839803434908390e-04
4.722821759060025215e-04
4.722806042991578579e-04
4.722787998616695404e-04
4.722770245280116796e-04
4.722753656096756458e-04
4.722736484836786985e-04
4.722718149423599243e-04
4.722702142316848040e-04
4.722683515865355730e-04
4.722666635643690825e-04
4.722649464383721352e-04
4.722632002085447311e-04
4.722615121863782406e-04
4.722598532680422068e-04
4.722580488305538893e-04
4.722562734968960285e-04
4.722545563708990812e-04
4.722528101410716772e-04
4.722510930150747299e-04
4.722493758890777826e-04
4.722476587630808353e-04
4.722458834294229746e-04
4.722442536149173975e-04
4.722423909697681665e-04
4.722406738437712193e-04
4.722389567177742720e-04
4.722372104879468679e-04
4.722355806734412909e-04
4.722337180282920599e-04
4.722320591099560261e-04
4.722303419839590788e-04
4.722286248579621315e-04
4.722269077319651842e-04
4.722251032944768667e-04
4.722234152723103762e-04
4.722216690424829721e-04
4.722199810203164816e-04
4.722182638943195343e-04
4.722164594568312168e-04
4.722148005384951830e-04
4.722130252048373222e-04
4.722112789750099182e-04
4.722095909528434277e-04
4.722078738268464804e-04
4.722060693893581629e-04
4.722043522633612156e-04
4.722025769297033548e-04
4.722009762190282345e-04
4.721991426777094603e-04
4.721975419670343399e-04
4.721957084257155657e-04
4.721939912997186184e-04
4.721923323813825846e-04
4.721905570477247238e-04
4.721888108178973198e-04
4.721870936919003725e-04
4.721854347735643387e-04
4.721836012322455645e-04
4.721819423139095306e-04
4.721802251879125834e-04
4.721784498542547226e-04
4.721767327282577753e-04
4.721750156022608280e-04
4.721732693724334240e-04
4.721715813502669334e-04
4.721697769127786160e-04
4.721680597867816687e-04
4.721663426607847214e-04
4.721646837424486876e-04
4.721629084087908268e-04
4.721611621789634228e-04
4.721595323644578457e-04
4.721577570307999849e-04
4.721560399048030376e-04
4.721542936749756336e-04
4.721525183413177729e-04
4.721509467344731092e-04
4.721491422969847918e-04
4.721474251709878445e-04
4.721457953564822674e-04
4.721439909189939499e-04
4.721422155853360891e-04
4.721404984593391418e-04
4.721386940218508244e-04
4.721370351035147905e-04
4.721353179775178432e-04
4.721335426438599825e-04
4.721318255178630352e-04
4.721301665995270014e-04
4.721284494735300541e-04
4.721267323475331068e-04
4.721250152215361595e-04
4.721231816802173853e-04
4.721216100733727217e-04
4.721198638435453176e-04
4.721180303022265434e-04
4.721163131762295961e-04
4.721147124655544758e-04
4.721129371318966150e-04
4.721112782135605812e-04
4.721094155684113503e-04
4.721076984424144030e-04
4.721059813164174557e-04
4.721043223980814219e-04
4.721024888567626476e-04
4.721008299384266138e-04
4.720991128124296665e-04
4.720973083749413490e-04
4.720956203527748585e-04
4.720940196420997381e-04
4.720923025161027908e-04
4.720904689747840166e-04
4.720887227449566126e-04
4.720870929304510355e-04
4.720853467006236315e-04
4.720835131593048573e-04
4.720819124486297369e-04
4.720801371149718761e-04
4.720784781966358423e-04
4.720767028629779816e-04
4.720748984254896641e-04
4.720732104033231735e-04
4.720716387964785099e-04
4.720697470474988222e-04
4.720680590253323317e-04
4.720663418993353844e-04
4.720647411886602640e-04
4.720630240626633167e-04
4.720611905213445425e-04
4.720594442915171385e-04
4.720577853731811047e-04
4.720560100395232439e-04
4.720543511211872101e-04
4.720525757875293493e-04
4.720509168691933155e-04
4.720491415355354548e-04
4.720474244095385075e-04
4.720457072835415602e-04
4.720439901575446129e-04
4.720422730315476656e-04
4.720405559055507183e-04
4.720388969872146845e-04
4.720372089650481939e-04
4.720353463198989630e-04
4.720336291939020157e-04
4.720320284832268953e-04
4.720302240457385778e-04
4.720285942312330008e-04
4.720267897937446833e-04
4.720250726677477360e-04
4.720233846455812454e-04
4.720217257272452116e-04
4.720199212897568941e-04
4.720182041637599468e-04
4.720164870377629995e-04
4.720147117041051388e-04
4.720129363704472780e-04
4.720112774521112442e-04
4.720096185337752104e-04
4.720078432001173496e-04
4.720061842817813158e-04
4.720044671557843685e-04
4.720026918221265078e-04
4.720009746961295605e-04
4.719992284663021564e-04
4.719975404441356659e-04
4.719958815257996321e-04
4.719941061921417713e-04
4.719923599623143673e-04
4.719906428363174200e-04
4.719889257103204727e-04
4.719872085843235254e-04
4.719854914583265781e-04
4.719837743323296309e-04
4.719820572063326836e-04
4.719802818726748228e-04
4.719786520581692457e-04
4.719768476206809282e-04
4.719751887023448944e-04
4.719735006801784039e-04
4.719716962426900864e-04
4.719699500128626823e-04
4.719682619906961918e-04
4.719666612800210714e-04
4.719648859463632107e-04
4.719631106127053499e-04
4.719615099020302296e-04
4.719597345683723688e-04
4.719579301308840513e-04
4.719562421087175608e-04
4.719545831903815269e-04
4.719527787528932095e-04
4.719511489383876324e-04
4.719495191238820553e-04
4.719477146863937378e-04
4.719460557680577040e-04
4.719442804343998432e-04
4.719425342045724392e-04
4.719408170785754919e-04
4.719390999525785446e-04
4.719373828265815973e-04
4.719356074929237366e-04
4.719340358860790730e-04
4.719322605524212122e-04
4.719305143225938082e-04
4.719288845080882311e-04
4.719270800705999136e-04
4.719253629446029663e-04
4.719237331300973892e-04
4.719219577964395285e-04
4.719202988781034946e-04
4.719185817521065474e-04
4.719167773146182299e-04
4.719152348116040230e-04
4.719133430626243353e-04
4.719116550404578447e-04
4.719099379144608974e-04
4.719081916846334934e-04
4.719065618701279163e-04
4.719048447441309690e-04
4.719029820989817381e-04
4.719014104921370745e-04
4.718997515738010406e-04
4.718978889286518097e-04
4.718962300103157759e-04
4.718945419881492853e-04
4.718927957583218813e-04
4.718910204246640205e-04
4.718893615063279867e-04
4.718876443803310394e-04
4.718859563581645489e-04
4.718842101283371449e-04
4.718825221061706543e-04
4.718807176686823368e-04
4.718790587503463030e-04
4.718774289358407259e-04
4.718755662906914949e-04
4.718738491646945477e-04
4.718721902463585138e-04
4.718705604318529367e-04
4.718688142020255327e-04
4.718670388683676720e-04
4.718654090538620949e-04
4.718636919278651476e-04
4.718618874903768301e-04
4.718602576758712530e-04
4.718585405498743057e-04
4.718568234238773584e-04
4.718551062978804111e-04
4.718533018603920937e-04
4.718516720458865166e-04
4.718498676083981991e-04
4.718482086900621653e-04
4.718465206678956747e-04
4.718447744380682707e-04
4.718430864159017801e-04
4.718414857052266598e-04
4.718396521639078856e-04
4.718379059340804815e-04
4.718362761195749044e-04
4.718345589935779572e-04
4.718327545560896397e-04
4.718311829492449760e-04
4.718293785117566586e-04
4.718276904895901680e-04
4.718260897789150476e-04
4.718243144452571869e-04
4.718225391115993261e-04
4.718208219856023788e-04
4.718191048596054316e-04
4.718173877336084843e-04
4.718157288152724504e-04
4.718139534816145897e-04
4.718123527709394693e-04
4.718105192296206951e-04
4.718088021036237478e-04
4.718071431852877140e-04
4.718054260592907667e-04
4.718037671409547329e-04
4.718019918072968721e-04
4.718003328889608383e-04
4.717986157629638910e-04
4.717968986369669437e-04
4.717952106148004532e-04
4.717935225926339626e-04
4.717917472589761019e-04
4.717900301329791546e-04
4.717884003184735775e-04
4.717866540886461735e-04
4.717849660664796829e-04
4.717832489404827356e-04
4.717815318144857883e-04
4.717797855846583843e-04
4.717780684586614370e-04
4.717763804364949465e-04
4.717746342066675425e-04
4.717729461845010519e-04
4.717712872661650181e-04
4.717695701401680708e-04
4.717678530141711235e-04
4.717660776805132627e-04
4.717643605545163155e-04
4.717626434285193682e-04
4.717609845101833344e-04
4.717592673841863871e-04
4.717575211543589830e-04
4.717558913398534060e-04
4.717542615253478289e-04
4.717524570878595114e-04
4.717507399618625641e-04
4.717489646282047033e-04
4.717472475022077560e-04
4.717456758953630924e-04
4.717438714578747749e-04
4.717422125395387411e-04
4.717405827250331640e-04
4.717387782875448465e-04
4.717370611615478992e-04
4.717353440355509520e-04
4.717337724287062883e-04
4.717318515758961439e-04
4.717301926575601101e-04
4.717285046353936195e-04
4.717267584055662155e-04
4.717251867987215519e-04
4.717233241535723209e-04
4.717217525467276573e-04
4.717199772130697966e-04
4.717182600870728493e-04
4.717165429610759020e-04
4.717148840427398682e-04
4.717131087090820074e-04
4.717114788945764303e-04
4.717098199762403965e-04
4.717079573310911655e-04
4.717062402050942183e-04
4.717046394944190979e-04
4.717029514722526073e-04
4.717012052424252033e-04
4.716995754279196262e-04
4.716979165095835924e-04
4.716960829682648182e-04
4.716944240499287844e-04
4.716926487162709236e-04
4.716909315902739763e-04
4.716892726719379425e-04
4.716875555459409952e-04
4.716858966276049614e-04
4.716841212939471006e-04
4.716824914794415236e-04
4.716807452496141195e-04
4.716789699159562588e-04
4.716773109976202250e-04
4.716755938716232777e-04
4.716739640571177006e-04
4.716722469311207533e-04
4.716704424936324358e-04
4.716688126791268587e-04
4.716671828646212816e-04
4.716654657386243343e-04
4.716636613011360168e-04
4.716620023827999830e-04
4.716603143606334925e-04
4.716585972346365452e-04
4.716569092124700546e-04
4.716552211903035641e-04
4.716534749604761600e-04
4.716517869383096695e-04
4.716500698123127222e-04
4.716483526863157749e-04
4.716466355603188276e-04
4.716449766419827938e-04
4.716431722044944763e-04
4.716415423899888992e-04
4.716399125754833221e-04
4.716381081379950047e-04
4.716364492196589708e-04
4.716347611974924803e-04
4.716330149676650763e-04
4.716314433608204126e-04
4.716296680271625519e-04
4.716278635896742344e-04
4.716262337751686573e-04
4.716245748568326235e-04
4.716227995231747627e-04
4.716211406048387289e-04
4.716194525826722383e-04
4.716177354566752911e-04
4.716159892268478870e-04
4.716142721008509398e-04
4.716125549748539925e-04
4.716109251603484154e-04
4.716092662420123816e-04
4.716074035968631506e-04
4.716057737823575735e-04
4.716041148640215397e-04
4.716024268418550491e-04
4.716006806120276451e-04
4.715989634860306978e-04
4.715973336715251207e-04
4.715955292340368032e-04
4.715938703157007694e-04
4.715921822935342789e-04
4.715904651675373316e-04
4.715887480415403843e-04
4.715870309155434370e-04
4.715854593086987734e-04
4.715837130788713694e-04
4.715819959528744221e-04
4.715802206192165613e-04
4.715785617008805275e-04
4.715769318863749504e-04
4.715752147603780031e-04
4.715734394267201424e-04
4.715717223007231951e-04
4.715700051747262478e-04
4.715684044640511274e-04
4.715666873380541801e-04
4.715651157312095165e-04
4.715631366707384586e-04
4.715615650638937950e-04
4.715599061455577612e-04
4.715581308118999004e-04
4.715564136859029531e-04
4.715547547675669193e-04
4.715530958492308855e-04
4.715513205155730247e-04
4.715496033895760775e-04
4.715480899903923273e-04
4.715463146567344666e-04
4.715446557383984327e-04
4.715428804047405720e-04
4.715411632787436247e-04
4.715395043604075909e-04
4.715377290267497301e-04
4.715360701084136963e-04
4.715343820862472057e-04
4.715327813755720854e-04
4.715309478342533112e-04
4.715292598120868206e-04
4.715276591014117002e-04
4.715259128715842962e-04
4.715241957455873489e-04
4.715224786195904016e-04
4.715208197012543678e-04
4.715191316790878773e-04
4.715173854492604733e-04
4.715156683232635260e-04
4.715140385087579489e-04
4.715123795904219151e-04
4.715106042567640543e-04
4.715088871307671070e-04
4.715072573162615299e-04
4.715055983979254961e-04
4.715038230642676353e-04
4.715021641459316015e-04
4.715005052275955677e-04
4.714988172054290771e-04
4.714970127679407597e-04
4.714952956419438124e-04
4.714935785159468651e-04
4.714920651167631149e-04
4.714902315754443407e-04
4.714885726571083069e-04
4.714869137387722731e-04
4.714851384051144123e-04
4.714834212791174650e-04
4.714817914646118879e-04
4.714801325462758541e-04
4.714784154202789068e-04
4.714766982942819595e-04
4.714750393759459257e-04
4.714732640422880650e-04
4.714716924354434013e-04
