6.775776273570954800e-04
6.775758811272680759e-04
6.775739602744579315e-04
6.775720394216477871e-04
6.775702349841594696e-04
6.775684887543320656e-04
6.775665679015219212e-04
6.775646470487117767e-04
6.775628426112234592e-04
6.775609799660742283e-04
6.775591173209249973e-04
6.775571964681148529e-04
6.775553920306265354e-04
6.775535293854773045e-04
6.775516085326671600e-04
6.775496876798570156e-04
6.775479414500296116e-04
6.775460205972194672e-04
6.775442161597311497e-04
6.775424117222428322e-04
6.775404326617717743e-04
6.775385118089616299e-04
6.775367073714733124e-04
6.775349029339849949e-04
6.775330402888357639e-04
6.775312358513474464e-04
6.775293149985373020e-04
6.775273359380662441e-04
6.775255897082388401e-04
6.775236688554286957e-04
6.775219226256012917e-04
6.775198853574693203e-04
6.775181973353028297e-04
6.775163346901535988e-04
6.775144720450043678e-04
6.775125511921942234e-04
6.775106885470449924e-04
6.775088259018957615e-04
6.775069050490856171e-04
6.775050424039363861e-04
6.775032379664480686e-04
6.775013171136379242e-04
6.774996290914714336e-04
6.774976500310003757e-04
6.774957873858511448e-04
6.774938665330410004e-04
6.774920038878917694e-04
6.774902576580643654e-04
6.774882203899323940e-04
6.774865323677659035e-04
6.774846697226166725e-04
6.774828652851283550e-04
6.774810608476400375e-04
6.774790235795080662e-04
6.774772191420197487e-04
6.774753564968705177e-04
6.774734356440603733e-04
6.774716894142329693e-04
6.774698267690837383e-04
6.774679059162735939e-04
6.774660432711243629e-04
6.774642388336360455e-04
6.774623761884868145e-04
6.774604553356766701e-04
6.774586508981883526e-04
6.774567882530391216e-04
6.774549256078898907e-04
6.774530629627406597e-04
6.774511421099305153e-04
6.774493376724421978e-04
6.774474750272929668e-04
6.774456123821437359e-04
6.774438661523163319e-04
6.774420035071671009e-04
6.774400826543569565e-04
6.774381618015468121e-04
6.774362991563975811e-04
6.774344365112483501e-04
6.774325738660991192e-04
6.774308276362717152e-04
6.774289649911224842e-04
6.774270441383123398e-04
6.774251814931631088e-04
6.774232606403529644e-04
6.774214562028646469e-04
6.774197099730372429e-04
6.774178473278880119e-04
6.774158682674169540e-04
6.774140638299286366e-04
6.774121429771184921e-04
6.774103385396301746e-04
6.774084758944809437e-04
6.774066714569926262e-04
6.774048088118433952e-04
6.774028879590332508e-04
6.774010835215449333e-04
6.773991626687347889e-04
6.773973582312464714e-04
6.773954955860972404e-04
6.773936329409480095e-04
6.773917120881378651e-04
6.773899658583104610e-04
6.773882196284830570e-04
6.773862405680119991e-04
6.773844943381845951e-04
6.773825152777135372e-04
6.773807690478861332e-04
6.773788481950759888e-04
6.773770437575876713e-04
6.773750064894556999e-04
6.773731438443064690e-04
6.773713976144790649e-04
6.773695349693298340e-04
6.773676723241806030e-04
6.773657514713704586e-04
6.773639470338821411e-04
6.773620843887329102e-04
6.773602799512445927e-04
6.773585337214171886e-04
6.773564964532852173e-04
6.773546920157968998e-04
6.773528875783085823e-04
6.773510249331593513e-04
6.773493369109928608e-04
6.773473578505218029e-04
6.773454369977116585e-04
6.773436325602233410e-04
6.773418863303959370e-04
6.773399072699248791e-04
6.773380446247756481e-04
6.773362401872873306e-04
6.773343775421380997e-04
6.773325148969888687e-04
6.773306522518396378e-04
6.773287896066904068e-04
6.773268687538802624e-04
6.773251225240528584e-04
6.773232016712427139e-04
6.773213972337543964e-04
6.773195345886051655e-04
6.773177301511168480e-04
6.773157510906457901e-04
6.773139466531574726e-04
6.773122004233300686e-04
6.773101631551980972e-04
6.773083587177097797e-04
6.773065542802214622e-04
6.773046334274113178e-04
6.773027707822620869e-04
6.773009081371128559e-04
6.772990454919636250e-04
6.772971828468143940e-04
6.772953784093260765e-04
6.772934575565159321e-04
6.772916531190276146e-04
6.772899068892002106e-04
6.772879860363900661e-04
6.772861233912408352e-04
6.772842607460916042e-04
6.772824563086032867e-04
6.772805936634540558e-04
6.772787310183048248e-04
6.772768683731555939e-04
6.772750639356672764e-04
6.772732012905180454e-04
6.772713386453688145e-04
6.772695924155414104e-04
6.772677297703921795e-04
6.772658089175820351e-04
6.772640626877546310e-04
6.772620836272835732e-04
6.772602791897952557e-04
6.772583583369851112e-04
6.772564956918358803e-04
6.772546912543475628e-04
6.772528286091983318e-04
6.772509077563881874e-04
6.772491033188998699e-04
6.772473570890724659e-04
6.772454362362623215e-04
6.772435735911130905e-04
6.772417691536247730e-04
6.772399647161364555e-04
6.772379274480044842e-04
6.772362394258379936e-04
6.772344349883496761e-04
6.772325141355395317e-04
6.772306514903903008e-04
6.772289052605628967e-04
6.772269262000918388e-04
6.772251799702644348e-04
6.772233173251152039e-04
6.772214546799659729e-04
6.772196502424776554e-04
6.772177875973284245e-04
6.772159831598401070e-04
6.772141205146908760e-04
6.772121996618807316e-04
6.772103952243924141e-04
6.772085325792431831e-04
6.772066117264330387e-04
6.772048654966056347e-04
6.772030610591173172e-04
6.772011984139680862e-04
6.771993357688188553e-04
6.771974731236696243e-04
6.771956104785203934e-04
6.771938060410320759e-04
6.771918851882219315e-04
6.771900225430727005e-04
6.771882763132452965e-04
6.771863554604351521e-04
6.771845510229468346e-04
6.771827465854585171e-04
6.771808839403092861e-04
6.771790212951600552e-04
6.771772168576717377e-04
6.771753542125225067e-04
6.771734915673732758e-04
6.771716871298849583e-04
6.771698244847357273e-04
6.771677872166037560e-04
6.771660991944372654e-04
6.771642365492880344e-04
6.771623739041388035e-04
6.771605112589895725e-04
6.771587068215012550e-04
6.771568441763520241e-04
6.771550397388637066e-04
6.771531188860535622e-04
6.771513144485652447e-04
6.771493935957551003e-04
6.771475891582667828e-04
6.771456683054566383e-04
6.771439802832901478e-04
6.771421176381409168e-04
6.771402549929916859e-04
6.771384505555033684e-04
6.771365879103541374e-04
6.771347834728658199e-04
6.771329208277165890e-04
6.771309417672455311e-04
6.771291955374181271e-04
6.771273328922688961e-04
6.771254702471196651e-04
6.771236658096313477e-04
6.771218031644821167e-04
6.771199987269937992e-04
6.771181942895054817e-04
6.771162734366953373e-04
6.771144107915461063e-04
6.771126645617187023e-04
6.771107437089085579e-04
6.771088810637593269e-04
6.771071348339319229e-04
6.771052721887826920e-04
6.771033513359725475e-04
6.771016051061451435e-04
6.770997424609959126e-04
6.770978798158466816e-04
6.770960753783583641e-04
6.770942709408700466e-04
6.770924665033817291e-04
6.770906038582324982e-04
6.770886830054223537e-04
6.770869367755949497e-04
6.770850159227848053e-04
6.770830368623137474e-04
6.770813488401472569e-04
6.770795444026589394e-04
6.770775653421878815e-04
6.770757609046995640e-04
6.770738982595503330e-04
6.770720356144011021e-04
6.770703475922346115e-04
6.770683685317635536e-04
6.770665058866143227e-04
6.770647014491260052e-04
6.770628388039767742e-04
6.770612089894711971e-04
6.770592881366610527e-04
6.770573672838509083e-04
6.770556210540235043e-04
6.770537584088742733e-04
6.770518957637250423e-04
6.770500913262367249e-04
6.770481704734265804e-04
6.770463660359382629e-04
6.770445033907890320e-04
6.770426989533007145e-04
6.770407781004905701e-04
6.770389736630022526e-04
6.770371692255139351e-04
6.770352483727037907e-04
6.770334439352154732e-04
6.770316394977271557e-04
6.770297768525779247e-04
6.770279142074286938e-04
6.770261097699403763e-04
6.770242471247911453e-04
6.770224426873028278e-04
6.770205218344926834e-04
6.770188338123261929e-04
6.770169129595160484e-04
6.770149921067059040e-04
6.770132458768785000e-04
6.770113832317292690e-04
6.770095205865800381e-04
6.770076579414308071e-04
6.770058535039424896e-04
6.770040490664541721e-04
6.770022446289658546e-04
6.770003237761557102e-04
6.769986357539892197e-04
6.769967149011790752e-04
6.769947940483689308e-04
6.769930478185415268e-04
6.769912433810532093e-04
6.769893807359039783e-04
6.769875762984156609e-04
6.769857136532664299e-04
6.769838510081171989e-04
6.769820465706288815e-04
6.769801839254796505e-04
6.769783212803304195e-04
6.769765168428421021e-04
6.769747124053537846e-04
6.769728497602045536e-04
6.769709871150553226e-04
6.769691244699060917e-04
6.769673782400786877e-04
6.769655155949294567e-04
6.769636529497802258e-04
6.769617903046309948e-04
6.769599858671426773e-04
6.769580650143325329e-04
6.769563187845051289e-04
6.769543979316949844e-04
6.769527099095284939e-04
6.769508472643792629e-04
6.769490428268909454e-04
6.769471801817417145e-04
6.769453175365924835e-04
6.769433384761214256e-04
6.769417086616158485e-04
6.769398460164666176e-04
6.769379833713173866e-04
6.769361207261681557e-04
6.769343162886798382e-04
6.769325118511915207e-04
6.769307074137032032e-04
6.769288447685539722e-04
6.769270403310656548e-04
6.769251776859164238e-04
6.769233150407671928e-04
6.769215106032788754e-04
6.769196479581296444e-04
6.769178435206413269e-04
6.769159808754920959e-04
6.769141182303428650e-04
6.769123720005154610e-04
6.769105093553662300e-04
6.769087049178779125e-04
6.769068422727286816e-04
6.769050378352403641e-04
6.769031751900911331e-04
6.769013125449419022e-04
6.768994498997926712e-04
6.768976454623043537e-04
6.768958410248160362e-04
6.768939783796668053e-04
6.768921739421784878e-04
6.768903695046901703e-04
6.768885068595409393e-04
6.768867606297135353e-04
6.768847233615815639e-04
6.768830353394150734e-04
6.768811726942658424e-04
6.768794264644384384e-04
6.768775638192892075e-04
6.768757593818008900e-04
6.768738967366516590e-04
6.768720340915024281e-04
6.768701714463531971e-04
6.768683670088648796e-04
6.768665625713765621e-04
6.768647581338882446e-04
6.768628954887390137e-04
6.768609746359288692e-04
6.768591119907796383e-04
6.768574239686131477e-04
6.768554449081420898e-04
6.768537568859755993e-04
6.768518942408263683e-04
6.768499733880162239e-04
6.768482853658497334e-04
6.768464227207005024e-04
6.768445600755512714e-04
6.768426974304020405e-04
6.768408929929137230e-04
6.768390885554254055e-04
6.768372259102761745e-04
6.768353050574660301e-04
6.768335588276386261e-04
6.768316961824893951e-04
6.768299499526619911e-04
6.768280873075127602e-04
6.768261664547026157e-04
6.768243038095533848e-04
6.768226157873868942e-04
6.768206949345767498e-04
6.768190651200711727e-04
6.768170278519392014e-04
6.768152816221117973e-04
6.768135353922843933e-04
6.768116145394742489e-04
6.768098683096468449e-04
6.768080056644976139e-04
6.768060848116874695e-04
6.768042803741991520e-04
6.768024177290499210e-04
6.768007879145443439e-04
6.767988088540732861e-04
6.767969462089240551e-04
6.767951417714357376e-04
6.767932791262865067e-04
6.767914746887981892e-04
6.767897284589707851e-04
6.767878076061606407e-04
6.767860613763332367e-04
6.767842569388449192e-04
6.767823942936956882e-04
6.767805316485464573e-04
6.767786690033972263e-04
6.767768645659089088e-04
6.767750601284205914e-04
6.767731974832713604e-04
6.767714512534439564e-04
6.767696468159556389e-04
6.767678423784673214e-04
6.767658633179962635e-04
6.767640588805079460e-04
6.767623708583414555e-04
6.767603917978703976e-04
6.767586455680429935e-04
6.767567829228937626e-04
6.767549784854054451e-04
6.767532322555780411e-04
6.767512531951069832e-04
6.767495651729404926e-04
6.767477607354521751e-04
6.767458980903029442e-04
6.767439772374927998e-04
6.767422892153263092e-04
6.767403683625161648e-04
6.767386221326887608e-04
6.767367594875395298e-04
6.767349550500512123e-04
6.767330924049019814e-04
6.767312297597527504e-04
6.767293671146035194e-04
6.767275626771152020e-04
6.767258746549487114e-04
6.767240120097994804e-04
6.767222075723111629e-04
6.767202285118401051e-04
6.767184240743517876e-04
6.767167360521852970e-04
6.767148734070360661e-04
6.767130107618868351e-04
6.767112645320594311e-04
6.767093436792492867e-04
6.767075392417609692e-04
6.767057930119335651e-04
6.767038721591234207e-04
6.767020095139741898e-04
6.767002632841467857e-04
6.766985170543193817e-04
6.766966544091701508e-04
6.766948499716818333e-04
6.766929873265326023e-04
6.766911828890442848e-04
6.766893202438950539e-04
6.766875740140676498e-04
6.766856531612575054e-04
6.766838487237691879e-04
6.766819860786199570e-04
6.766802980564534664e-04
6.766782607883214951e-04
6.766765145584940910e-04
6.766746519133448601e-04
6.766728474758565426e-04
6.766711012460291386e-04
6.766691803932189941e-04
6.766673759557306767e-04
6.766655715182423592e-04
6.766637088730931282e-04
6.766619626432657242e-04
6.766600999981164932e-04
6.766583537682890892e-04
