1.219531637616455555e-03
1.219305209815502167e-03
1.219079014845192432e-03
1.218852470628917217e-03
1.218626159243285656e-03
1.218400080688297749e-03
1.218173769302666187e-03
1.217947341501712799e-03
1.217721030116081238e-03
1.217494835145771503e-03
1.217268523760139942e-03
1.217042212374508381e-03
1.216815551742911339e-03
1.216589240357279778e-03
1.216362812556326389e-03
1.216136384755373001e-03
1.215909956954419613e-03
1.215683412738144398e-03
1.215456752106547356e-03
1.215230324305593967e-03
1.215003547258675098e-03
1.214777235873043537e-03
1.214550458826124668e-03
1.214323798194527626e-03
1.214097137562930584e-03
1.213870476931333542e-03
1.213643699884414673e-03
1.213416806422173977e-03
1.213190145790576935e-03
1.212963252328336239e-03
1.212736358866095543e-03
1.212509465403854847e-03
1.212282339110970497e-03
1.212055445648729801e-03
1.211828319355845451e-03
1.211601425893604755e-03
1.211374299600720406e-03
1.211147289723157883e-03
1.210920047014951706e-03
1.210692804306745529e-03
1.210465561598539352e-03
1.210238318890333176e-03
1.210010843351483345e-03
1.209783484227955341e-03
1.209556008689105511e-03
1.209328533150255680e-03
1.209101057611405849e-03
1.208873465657234192e-03
1.208645640872418880e-03
1.208417932502925396e-03
1.208190107718110085e-03
1.207962399348616600e-03
1.207734458148479462e-03
1.207506516948342323e-03
1.207278575748205185e-03
1.207050518132746220e-03
1.206822344101965427e-03
1.206594286486506462e-03
1.206365879625082016e-03
1.206137589178979397e-03
1.205909298732876778e-03
1.205680775456130505e-03
1.205452368594706059e-03
1.205223845317959785e-03
1.204995205625891685e-03
1.204766216687858105e-03
1.204537460580468178e-03
1.204308588057756424e-03
1.204079831950366497e-03
1.203850726597011089e-03
1.203621388413012028e-03
1.203392166644334793e-03
1.203162944875657558e-03
1.202933606691658497e-03
1.202704152092337608e-03
1.202474697493016720e-03
1.202244893647730350e-03
1.202015322633087635e-03
1.201785518787801266e-03
1.201555598527193069e-03
1.201325561851263046e-03
1.201095525175333023e-03
1.200865372084081173e-03
1.200635102577507496e-03
1.200404600240290165e-03
1.200174097903072834e-03
1.199943595565855503e-03
1.199712860397994518e-03
1.199482125230133533e-03
1.199251157231628895e-03
1.199020072817802429e-03
1.198788988403975964e-03
1.198557671159505844e-03
1.198326353915035725e-03
1.198094803839921951e-03
1.197863253764808178e-03
1.197631587274372578e-03
1.197399687953293324e-03
1.197167788632214069e-03
1.196935540065169334e-03
1.196703524328768253e-03
1.196471042931079865e-03
1.196238561533391476e-03
1.196005963720381260e-03
1.195773365907371044e-03
1.195540302433073521e-03
1.195307355374097824e-03
1.195074059069156647e-03
1.194840879179537296e-03
1.194607466459274292e-03
1.194373937323689461e-03
1.194140058942139149e-03
1.193906064145267010e-03
1.193672069348394871e-03
1.193437958136200905e-03
1.193203497678041458e-03
1.192969037219882011e-03
1.192734343931078911e-03
1.192499534226953983e-03
1.192264491692185402e-03
1.192029332742094994e-03
1.191794057376682758e-03
1.191558549180626869e-03
1.191322808153927326e-03
1.191086950711905956e-03
1.190850976854562759e-03
1.190614653751254082e-03
1.190378330647945404e-03
1.190141658298671246e-03
1.189904753118753433e-03
1.189667847938835621e-03
1.189430709928274155e-03
1.189193222671747208e-03
1.188955735415220261e-03
1.188718015328049660e-03
1.188479945994913578e-03
1.188241760246455669e-03
1.188003341667354107e-03
1.187764806672930717e-03
1.187525922432541847e-03
1.187286921776831150e-03
1.187047688290476799e-03
1.186808221973478794e-03
1.186568406410515308e-03
1.186328474432229996e-03
1.186088426038622856e-03
1.185848028399050236e-03
1.185607281513512135e-03
1.185366418212652206e-03
1.185125322081148624e-03
1.184883993119001389e-03
1.184642431326210499e-03
1.184400636702775955e-03
1.184158376418054104e-03
1.183916116133332253e-03
1.183673157356679440e-03
1.183430431410670280e-03
1.183187239803373814e-03
1.182943815365433693e-03
1.182700390927493572e-03
1.182456151582300663e-03
1.182211912237107754e-03
1.181967440061271191e-03
1.181722618639469147e-03
1.181477447971701622e-03
1.181232044473290443e-03
1.180986175313591957e-03
1.180740189738571644e-03
1.180493971332907677e-03
1.180247287265956402e-03
1.180000253953039646e-03
1.179753104224801064e-03
1.179505488835275173e-03
1.179257640615105629e-03
1.179009443148970604e-03
1.178760780021548271e-03
1.178511767648160458e-03
1.178262755274772644e-03
1.178013160824775696e-03
1.177763217128813267e-03
1.177512924186885357e-03
1.177262281998991966e-03
1.177011290565133095e-03
1.176759949885308743e-03
1.176508376374840736e-03
1.176256104372441769e-03
1.176003715954720974e-03
1.175750978291034698e-03
1.175497774966061115e-03
1.175244105979800224e-03
1.174990204162895679e-03
1.174735720269382000e-03
1.174480887129902840e-03
1.174225821159780025e-03
1.173970056697726250e-03
1.173714059405028820e-03
1.173457596451044083e-03
1.173200784251093864e-03
1.172943506389856339e-03
1.172685762867331505e-03
1.172427553683519363e-03
1.172169111669063568e-03
1.171909854747354984e-03
1.171650364995002747e-03
1.171390409581363201e-03
1.171129988506436348e-03
1.170869101770222187e-03
1.170607749372720718e-03
1.170345931313931942e-03
1.170083764009177685e-03
1.169820781797170639e-03
1.169557566754519939e-03
1.169293653219938278e-03
1.169029390439391136e-03
1.168764545582234859e-03
1.168499467894434929e-03
1.168233691714704037e-03
1.167967217043042183e-03
1.167700393125414848e-03
1.167433103546500206e-03
1.167164999060332775e-03
1.166896661743521690e-03
1.166627509519457817e-03
1.166358008049428463e-03
1.166087808087468147e-03
1.165817026048898697e-03
1.165545778349041939e-03
1.165273832157254219e-03
1.165001536719501019e-03
1.164728426374495029e-03
1.164454733952879906e-03
1.164180575869977474e-03
1.163905719295144081e-03
1.163630164228379726e-03
1.163354259915649891e-03
1.163077424280345440e-03
1.162800239399075508e-03
1.162522123195230961e-03
1.162243541330099106e-03
1.161964377388358116e-03
1.161684514954686165e-03
1.161403837613761425e-03
1.161122694611549377e-03
1.160840736702084541e-03
1.160558080300688744e-03
1.160274841822683811e-03
1.159990788437426090e-03
1.159706269390881062e-03
1.159420935437083244e-03
1.159134786576032639e-03
1.158848055638372898e-03
1.158560509793460369e-03
1.158272381871938705e-03
1.157983322627842426e-03
1.157693797722458839e-03
1.157403225079178810e-03
1.157112186774611473e-03
1.156820333562791348e-03
1.156527549028396606e-03
1.156234066002070904e-03
1.155939884483814240e-03
1.155645004473626614e-03
1.155349076725542545e-03
1.155052566900849342e-03
1.154755125753581524e-03
1.154457102529704571e-03
1.154158031567931175e-03
1.153858145698904991e-03
1.153557444922626019e-03
1.153256162069737911e-03
1.152953831478953362e-03
1.152650685980916023e-03
1.152346841990947723e-03
1.152041950263082981e-03
1.151736476458609104e-03
1.151430071331560612e-03
1.151122618466615677e-03
1.150814467109739780e-03
1.150505384430289268e-03
1.150195370428264141e-03
1.149884541518986225e-03
1.149572781287133694e-03
1.149260322563350201e-03
1.148946699686348438e-03
1.148632261902093887e-03
1.148317009210586548e-03
1.148000825196504593e-03
1.147683709859848022e-03
1.147365663200616837e-03
1.147046801634132862e-03
1.146727008745074272e-03
1.146405935287475586e-03
1.146084396168589592e-03
1.145761692896485329e-03
1.145438174717128277e-03
1.145113608799874783e-03
1.144788111560046673e-03
1.144461682997643948e-03
1.144134555943310261e-03
1.143806148320436478e-03
1.143476925790309906e-03
1.143146888352930546e-03
1.142815570347011089e-03
1.142483670264482498e-03
1.142150606028735638e-03
1.141816494055092335e-03
1.141481683589518070e-03
1.141145825386047363e-03
1.140808919444680214e-03
1.140471082180738449e-03
1.140132430009543896e-03
1.139792846515774727e-03
1.139452098868787289e-03
1.139110536314547062e-03
1.138768042437732220e-03
1.138424500823020935e-03
1.138080027885735035e-03
1.137734740041196346e-03
1.137388288043439388e-03
1.137041137553751469e-03
1.136692822910845280e-03
1.136343809776008129e-03
1.135993748903274536e-03
1.135642756707966328e-03
1.135290949605405331e-03
1.134938094764947891e-03
1.134584308601915836e-03
1.134229707531630993e-03
1.133874175138771534e-03
1.133517711423337460e-03
1.133160549215972424e-03
1.132802222855389118e-03
1.132443198002874851e-03
1.132083241827785969e-03
1.131722470745444298e-03
1.131360768340528011e-03
1.130998251028358936e-03
1.130635035224258900e-03
1.130271004512906075e-03
1.129905809648334980e-03
1.129540149122476578e-03
1.129173324443399906e-03
1.128806034103035927e-03
1.128437812440097332e-03
1.128069008700549603e-03
1.127699273638427258e-03
1.127328840084373951e-03
1.126957708038389683e-03
1.126585528254508972e-03
1.126213115639984608e-03
1.125839655287563801e-03
1.125465612858533859e-03
1.125091104768216610e-03
1.124715548940002918e-03
1.124339643865823746e-03
1.123963040299713612e-03
1.123585738241672516e-03
1.123207737691700459e-03
1.122829504311084747e-03
1.122450456023216248e-03
1.122070942074060440e-03
1.121690613217651844e-03
1.121310051530599594e-03
1.120928907766938210e-03
1.120547181926667690e-03
1.120165106840431690e-03
1.119782333262264729e-03
1.119399210438132286e-03
1.119015738368034363e-03
1.118631917051970959e-03
1.118247397243976593e-03
1.117862877435982227e-03
1.117477659136056900e-03
1.117092324420809746e-03
1.116706524044275284e-03
1.116320490837097168e-03
1.115933991968631744e-03
1.115547493100166321e-03
1.115160528570413589e-03
1.114773331210017204e-03
1.114386133849620819e-03
1.113998470827937126e-03
1.113610807806253433e-03
1.113222911953926086e-03
1.112834899686276913e-03
1.112446654587984085e-03
1.112058409489691257e-03
1.111669931560754776e-03
1.111281337216496468e-03
1.110892975702881813e-03
1.110504497773945332e-03
1.110115903429687023e-03
1.109727192670106888e-03
1.109338831156492233e-03
1.108950236812233925e-03
1.108561758883297443e-03
1.108173397369682789e-03
1.107785035856068134e-03
1.107396790757775307e-03
1.107008894905447960e-03
1.106620882637798786e-03
1.106233103200793266e-03
1.105845440179109573e-03
1.105458242818713188e-03
1.105071045458316803e-03
1.104683964513242245e-03
1.104297465644776821e-03
1.103911083191633224e-03
1.103524933569133282e-03
1.103139133192598820e-03
1.102753449231386185e-03
1.102368347346782684e-03
1.101983478292822838e-03
1.101599074900150299e-03
1.101215020753443241e-03
1.100831083022058010e-03
1.100447843782603741e-03
1.100065070204436779e-03
1.099682645872235298e-03
1.099300687201321125e-03
1.098919077776372433e-03
1.098538050428032875e-03
1.098157488740980625e-03
1.097777392715215683e-03
1.097397878766059875e-03
1.097018946893513203e-03
1.096640480682253838e-03
1.096262596547603607e-03
1.095885294489562511e-03
1.095508574508130550e-03
1.095132436603307724e-03
1.094756880775094032e-03
1.094382139854133129e-03
1.094007748179137707e-03
1.093634054996073246e-03
1.093261176720261574e-03
1.092888880521059036e-03
1.092517282813787460e-03
1.092146267183125019e-03
1.091775950044393539e-03
1.091406447812914848e-03
1.091037527658045292e-03
1.090669422410428524e-03
1.090302015654742718e-03
1.089935307390987873e-03
1.089569530449807644e-03
1.089204219169914722e-03
1.088839839212596416e-03
1.088476157747209072e-03
1.088113407604396343e-03
1.087751239538192749e-03
1.087390002794563770e-03
1.087029464542865753e-03
1.086669741198420525e-03
1.086310949176549911e-03
1.085952855646610260e-03
1.085595460608601570e-03
1.085238996893167496e-03
1.084883348084986210e-03
1.084528747014701366e-03
1.084174728021025658e-03
1.083821640349924564e-03
1.083469600416719913e-03
1.083118142560124397e-03
1.082767616026103497e-03
1.082417904399335384e-03
1.082069124095141888e-03
1.081721275113523006e-03
1.081374124623835087e-03
1.081027789041399956e-03
1.080682617612183094e-03
1.080338144674897194e-03
1.079994603060185909e-03
1.079651876352727413e-03
1.079310197383165359e-03
1.078969216905534267e-03
1.078629167750477791e-03
1.078290049917995930e-03
1.077951863408088684e-03
1.077614491805434227e-03
1.077277935110032558e-03
1.076942542567849159e-03
1.076607964932918549e-03
1.076274085789918900e-03
1.075941370800137520e-03
1.075609354302287102e-03
1.075278269127011299e-03
1.074948115274310112e-03
1.074618892744183540e-03
1.074290485121309757e-03
1.073963125236332417e-03
1.073636463843286037e-03
1.073310850188136101e-03
1.072986167855560780e-03
1.072662067599594593e-03
1.072339131496846676e-03
1.072017010301351547e-03
1.071695820428431034e-03
1.071375445462763309e-03
1.071056118234992027e-03
