6.501901079900562763e-04
6.501376628875732422e-04
6.500850431621074677e-04
6.500324816443026066e-04
6.499799201264977455e-04
6.499270675703883171e-04
6.498743314296007156e-04
6.498214206658303738e-04
6.497683934867382050e-04
6.497154245153069496e-04
6.496622809208929539e-04
6.496090791188180447e-04
6.495558191090822220e-04
6.495024426840245724e-04
6.494490080513060093e-04
6.493955734185874462e-04
6.493420223705470562e-04
6.492883549071848392e-04
6.492346292361617088e-04
6.491809035651385784e-04
6.491268868558108807e-04
6.490729865618050098e-04
6.490189116448163986e-04
6.489647203125059605e-04
6.489105871878564358e-04
6.488562794402241707e-04
6.488019134849309921e-04
6.487473729066550732e-04
6.486927741207182407e-04
6.486381753347814083e-04
6.485835183411836624e-04
6.485286867246031761e-04
6.484737969003617764e-04
6.484187324531376362e-04
6.483636680059134960e-04
6.483084871433675289e-04
6.482532480731606483e-04
6.481977761723101139e-04
6.481424206867814064e-04
6.480868905782699585e-04
6.480311858467757702e-04
6.479754229076206684e-04
6.479196599684655666e-04
6.478637806139886379e-04
6.478076684288680553e-04
6.477516726590692997e-04
6.476954440586268902e-04
6.476390990428626537e-04
6.475826376117765903e-04
6.475261761806905270e-04
6.474695401266217232e-04
6.474128458648920059e-04
6.473559769801795483e-04
6.472991080954670906e-04
6.472420645877718925e-04
6.471849046647548676e-04
6.471277447417378426e-04
6.470704101957380772e-04
6.470127846114337444e-04
6.469552754424512386e-04
6.468975916504859924e-04
6.468397914431989193e-04
6.467819330282509327e-04
6.467238417826592922e-04
6.466656923294067383e-04
6.466076010838150978e-04
6.465492187999188900e-04
6.464907783083617687e-04
6.464322214014828205e-04
6.463733734562993050e-04
6.463146419264376163e-04
6.462557357735931873e-04
6.461966549977660179e-04
6.461373413912951946e-04
6.460780859924852848e-04
6.460187141783535480e-04
6.459590513259172440e-04
6.458993884734809399e-04
6.458394927904009819e-04
6.457795388996601105e-04
6.457195268012583256e-04
6.456592818722128868e-04
6.455990369431674480e-04
6.455385009758174419e-04
6.454780232161283493e-04
6.454171380028128624e-04
6.453562527894973755e-04
6.452952511608600616e-04
6.452340749092400074e-04
6.451727240346372128e-04
6.451112567447125912e-04
6.450496730394661427e-04
6.449880311265587807e-04
6.449260399676859379e-04
6.448641070164740086e-04
6.448018248192965984e-04
6.447394844144582748e-04
6.446771440096199512e-04
6.446143961511552334e-04
6.445517065003514290e-04
6.444887258112430573e-04
6.444255704991519451e-04
6.443623569793999195e-04
6.442989106290042400e-04
6.442353478632867336e-04
6.441716686822474003e-04
6.441078148782253265e-04
6.440437282435595989e-04
6.439794087782502174e-04
6.439150893129408360e-04
6.438504788093268871e-04
6.437856936827301979e-04
6.437207921408116817e-04
6.436557741835713387e-04
6.435905233956873417e-04
6.435250397771596909e-04
6.434594397433102131e-04
6.433936650864779949e-04
6.433276575990021229e-04
6.432615336962044239e-04
6.431951769627630711e-04
6.431285873986780643e-04
6.430618814192712307e-04
6.429950008168816566e-04
6.429278291761875153e-04
6.428605993278324604e-04
6.427930202335119247e-04
6.427253829315304756e-04
6.426573963835835457e-04
6.425892934203147888e-04
6.425209576264023781e-04
6.424525054171681404e-04
6.423836457543075085e-04
6.423148442991077900e-04
6.422456935979425907e-04
6.421763682737946510e-04
6.421068101190030575e-04
6.420369609259068966e-04
6.419669371098279953e-04
6.418966222554445267e-04
6.418261909857392311e-04
6.417555850930511951e-04
6.416846881620585918e-04
6.416135001927614212e-04
6.415420793928205967e-04
6.414704839698970318e-04
6.413985975086688995e-04
6.413265364244580269e-04
6.412541843019425869e-04
6.411815993487834930e-04
6.411087233573198318e-04
6.410356727428734303e-04
6.409623310901224613e-04
6.408888148143887520e-04
6.408148910850286484e-04
6.407407927326858044e-04
6.406664033420383930e-04
6.405917811207473278e-04
6.405168678611516953e-04
6.404416635632514954e-04
6.403661682270467281e-04
6.402904982678592205e-04
6.402144208550453186e-04
6.401382270269095898e-04
6.400615675374865532e-04
6.399847334250807762e-04
6.399074918590486050e-04
6.398301338776946068e-04
6.397523684427142143e-04
6.396742537617683411e-04
6.395959644578397274e-04
6.395172094926238060e-04
6.394381634891033173e-04
6.393588846549391747e-04
6.392792565748095512e-04
6.391994538716971874e-04
6.391191855072975159e-04
6.390385678969323635e-04
6.389576010406017303e-04
6.388764013536274433e-04
6.387947942130267620e-04
6.387128960341215134e-04
6.386306486092507839e-04
6.385479937307536602e-04
6.384650478139519691e-04
6.383816944435238838e-04
6.382979918271303177e-04
6.382139399647712708e-04
6.381295970641076565e-04
6.380446720868349075e-04
6.379595142789185047e-04
6.378740072250366211e-04
6.377880345098674297e-04
6.377017707563936710e-04
6.376150413416326046e-04
6.375278462655842304e-04
6.374404183588922024e-04
6.373524665832519531e-04
6.372640491463243961e-04
6.371753406710922718e-04
6.370861083269119263e-04
6.369965267367660999e-04
6.369065959006547928e-04
6.368161411955952644e-04
6.367251626215875149e-04
6.366338348016142845e-04
6.365420413203537464e-04
6.364498403854668140e-04
6.363571155816316605e-04
6.362638669088482857e-04
6.361702107824385166e-04
6.360761472024023533e-04
6.359816179610788822e-04
6.358865066431462765e-04
6.357908714562654495e-04
6.356948288157582283e-04
6.355982040986418724e-04
6.355011137202382088e-04
6.354034994728863239e-04
6.353053613565862179e-04
6.352067575789988041e-04
6.351075135171413422e-04
6.350078620016574860e-04
6.349075119942426682e-04
6.348067545332014561e-04
6.347054149955511093e-04
6.346033769659698009e-04
6.345009314827620983e-04
6.343977875076234341e-04
6.342941196635365486e-04
6.341898115351796150e-04
6.340850377455353737e-04
6.339795654639601707e-04
6.338733946904540062e-04
6.337667000479996204e-04
6.336593651212751865e-04
6.335513899102807045e-04
6.334428326226770878e-04
6.333335186354815960e-04
6.332236225716769695e-04
6.331130280159413815e-04
6.330017931759357452e-04
6.328899180516600609e-04
6.327771698124706745e-04
6.326638977043330669e-04
6.325498106889426708e-04
6.324350833892822266e-04
6.323195993900299072e-04
6.322034751065075397e-04
6.320865359157323837e-04
6.319688400253653526e-04
6.318503292277455330e-04
6.317310617305338383e-04
6.316111539490520954e-04
6.314903730526566505e-04
6.313687190413475037e-04
6.312463083304464817e-04
6.311231409199535847e-04
6.309991586022078991e-04
6.308743031695485115e-04
6.307486328296363354e-04
6.306220893748104572e-04
6.304946728050708771e-04
6.303664413280785084e-04
6.302372203208506107e-04
6.301072426140308380e-04
6.299762753769755363e-04
6.298444350250065327e-04
6.297116051428020000e-04
6.295778439380228519e-04
6.294431514106690884e-04
6.293075275607407093e-04
6.291708559729158878e-04
6.290332530625164509e-04
6.288946606218814850e-04
6.287550786510109901e-04
6.286144489422440529e-04
6.284727714955806732e-04
6.283301627263426781e-04
6.281863315962255001e-04
6.280416273511946201e-04
6.278957007452845573e-04
6.277486681938171387e-04
6.276006461121141911e-04
6.274514598771929741e-04
6.273011676967144012e-04
6.271495949476957321e-04
6.269970326684415340e-04
6.268433644436299801e-04
6.266882992349565029e-04
6.265322444960474968e-04
6.263748509809374809e-04
6.262162933126091957e-04
6.260565132834017277e-04
6.258954526856541634e-04
6.257331115193665028e-04
6.255695479921996593e-04
6.254046456888318062e-04
6.252385210245847702e-04
6.250711157917976379e-04
6.249022553674876690e-04
6.247321725822985172e-04
6.245607510209083557e-04
6.243878160603344440e-04
6.242135423235595226e-04
6.240379298105835915e-04
6.238608621060848236e-04
6.236825720407068729e-04
6.235025939531624317e-04
6.233212188817560673e-04
6.231383886188268661e-04
6.229541613720357418e-04
6.227683043107390404e-04
6.225809920579195023e-04
6.223921664059162140e-04
6.222019437700510025e-04
6.220099166966974735e-04
6.218166090548038483e-04
6.216214969754219055e-04
6.214249297045171261e-04
6.212267326191067696e-04
6.210269639268517494e-04
6.208255072124302387e-04
6.206224206835031509e-04
6.204177625477313995e-04
6.202112999744713306e-04
6.200033240020275116e-04
6.197936017997562885e-04
6.195822497829794884e-04
6.193690933287143707e-04
6.191541906446218491e-04
6.189377163536846638e-04
6.187193794175982475e-04
6.184993544593453407e-04
6.182776414789259434e-04
6.180540076456964016e-04
6.178286275826394558e-04
6.176016177050769329e-04
6.173726869747042656e-04
6.171418935991823673e-04
6.169094122014939785e-04
6.166751845739781857e-04
6.164390360936522484e-04
6.162010831758379936e-04
6.159613258205354214e-04
6.157197058200836182e-04
6.154762231744825840e-04
6.152309942990541458e-04
6.149838445708155632e-04
6.147348904050886631e-04
6.144840153865516186e-04
6.142313941381871700e-04
6.139769684523344040e-04
6.137205054983496666e-04
6.134622381068766117e-04
6.132022826932370663e-04
6.129404064267873764e-04
6.126766093075275421e-04
6.124111823737621307e-04
6.121437181718647480e-04
6.118745077401399612e-04
6.116034928709268570e-04
6.113306735642254353e-04
6.110560498200356960e-04
6.107795634306967258e-04
6.105013308115303516e-04
6.102214101701974869e-04
6.099396850913763046e-04
6.096562137827277184e-04
6.093709380365908146e-04
6.090840906836092472e-04
6.087953806854784489e-04
6.085050408728420734e-04
6.082130130380392075e-04
6.079192971810698509e-04
6.076241261325776577e-04
6.073270924389362335e-04
6.070286617614328861e-04
6.067286012694239616e-04
6.064269109629094601e-04
6.061236490495502949e-04
6.058190483599901199e-04
6.055128760635852814e-04
6.052052485756576061e-04
6.048962241038680077e-04
6.045858608558773994e-04
6.042738677933812141e-04
6.039605941623449326e-04
6.036461563780903816e-04
6.033302051946520805e-04
6.030131480656564236e-04
6.026948685757815838e-04
6.023753667250275612e-04
6.020546425133943558e-04
6.017328123562037945e-04
6.014099344611167908e-04
6.010858924128115177e-04
6.007608026266098022e-04
6.004347233101725578e-04
6.001076544634997845e-04
5.997797707095742226e-04
5.994508392177522182e-04
5.991212092339992523e-04
5.987905315123498440e-04
5.984591552987694740e-04
5.981269641779363155e-04
5.977941327728331089e-04
5.974606610834598541e-04
5.971264326944947243e-04
5.967915640212595463e-04
5.964562296867370605e-04
5.961203132756054401e-04
5.957838729955255985e-04
5.954469088464975357e-04
5.951096536591649055e-04
5.947718746028840542e-04
5.944337463006377220e-04
5.940952687524259090e-04
5.937565001659095287e-04
5.934175569564104080e-04
5.930782645009458065e-04
5.927388556301593781e-04
5.923993885517120361e-04
5.920596886426210403e-04
5.917198723182082176e-04
5.913801142014563084e-04
5.910402396693825722e-04
5.907004233449697495e-04
5.903606070205569267e-04
5.900207324884831905e-04
5.896810907870531082e-04
5.893415655009448528e-04
5.890022730454802513e-04
5.886630970053374767e-04
5.883240955881774426e-04
5.879853852093219757e-04
5.876469658687710762e-04
5.873088375665247440e-04
5.869709420949220657e-04
5.866335122846066952e-04
5.862963153049349785e-04
5.859595839865505695e-04
5.856233183294534683e-04
5.852874019183218479e-04
5.849520093761384487e-04
5.846169660799205303e-04
5.842825630679726601e-04
5.839486839249730110e-04
5.836153286509215832e-04
5.832824972458183765e-04
5.829502479173243046e-04
5.826186388731002808e-04
5.822875536978244781e-04
5.819572252221405506e-04
5.816274206154048443e-04
5.812983727082610130e-04
5.809698486700654030e-04
5.806421395391225815e-04
5.803150124847888947e-04
5.799886421300470829e-04
5.796630284748971462e-04
5.793380551040172577e-04
5.790138966403901577e-04
5.786904366686940193e-04
5.783676751889288425e-04
5.780458450317382812e-04
5.777247133664786816e-04
5.774043384008109570e-04
5.770846619270741940e-04
5.767658003605902195e-04
5.764477537013590336e-04
5.761305801570415497e-04
5.758142215199768543e-04
5.754985031671822071e-04
5.751837161369621754e-04
5.748696275986731052e-04
5.745564703829586506e-04
5.742440698668360710e-04
5.739323096349835396e-04
5.736215389333665371e-04
5.733115249313414097e-04
5.730023258365690708e-04
5.726939416490495205e-04
5.723862559534609318e-04
5.720795597881078720e-04
5.717735039070248604e-04
5.714683211408555508e-04
5.711638950742781162e-04
5.708602257072925568e-04
5.705573130398988724e-04
5.702551570720970631e-04
5.699538160115480423e-04
5.696532898582518101e-04
5.693534039892256260e-04
5.690543330274522305e-04
5.687559023499488831e-04
5.684583447873592377e-04
5.681613693013787270e-04
5.678651505149900913e-04
5.675696884281933308e-04
