3.704471746459603310e-04
3.704454575199633837e-04
3.704438568092882633e-04
3.704420814756304026e-04
3.704404225572943687e-04
3.704387054312974215e-04
3.704369883053004742e-04
3.704353002831339836e-04
3.704335831571370363e-04
3.704318951349705458e-04
3.704301489051431417e-04
3.704284317791461945e-04
3.704268019646406174e-04
3.704251139424741268e-04
3.704233677126467228e-04
3.704216505866497755e-04
3.704199916683137417e-04
3.704182745423167944e-04
3.704165574163198471e-04
3.704148693941533566e-04
3.704131813719868660e-04
3.704114933498203754e-04
3.704097762238234282e-04
3.704080882016569376e-04
3.704063419718295336e-04
3.704046539496630430e-04
3.704029659274965525e-04
3.704012779053300619e-04
3.703995316755026579e-04
3.703978436533361673e-04
3.703961847350001335e-04
3.703944094013422728e-04
3.703927504830062389e-04
3.703910915646702051e-04
3.703893453348428011e-04
3.703876282088458538e-04
3.703859692905098200e-04
3.703842521645128727e-04
3.703825350385159254e-04
3.703808761201798916e-04
3.703791589941829443e-04
3.703774418681859970e-04
3.703757538460195065e-04
3.703740367200225592e-04
3.703723778016865253e-04
3.703706606756895781e-04
3.703689726535230875e-04
3.703672264236956835e-04
3.703655384015291929e-04
3.703638212755322456e-04
3.703621041495352983e-04
3.703604452311992645e-04
3.703587863128632307e-04
3.703570691868662834e-04
3.703553811646997929e-04
3.703536640387028456e-04
3.703519178088754416e-04
3.703502297867089510e-04
3.703485708683729172e-04
3.703468828462064266e-04
3.703451657202094793e-04
3.703434776980429888e-04
3.703417896758764982e-04
3.703400434460490942e-04
3.703383263200521469e-04
3.703366674017161131e-04
3.703349502757191658e-04
3.703332331497222185e-04
3.703315742313861847e-04
3.703298280015587807e-04
3.703281981870532036e-04
3.703264810610562563e-04
3.703247930388897657e-04
3.703230759128928185e-04
3.703214460983872414e-04
3.703197289723902941e-04
3.703180409502238035e-04
3.703163529280573130e-04
3.703146358020603657e-04
3.703129186760634184e-04
3.703111724462360144e-04
3.703095135278999805e-04
3.703078837133944035e-04
3.703061665873974562e-04
3.703043912537395954e-04
3.703027614392340183e-04
3.703010443132370710e-04
3.702993271872401237e-04
3.702976100612431765e-04
3.702959511429071426e-04
3.702942631207406521e-04
3.702925750985741615e-04
3.702908579725772142e-04
3.702891699504107237e-04
3.702875110320746899e-04
3.702857356984168291e-04
3.702840185724198818e-04
3.702823887579143047e-04
3.702807298395782709e-04
3.702790127135813236e-04
3.702772955875843763e-04
3.702756075654178858e-04
3.702739486470818520e-04
3.702721733134239912e-04
3.702704561874270439e-04
3.702688263729214668e-04
3.702670801430940628e-04
3.702654503285884857e-04
3.702637623064219952e-04
3.702620451804250479e-04
3.702603571582585573e-04
3.702585818246006966e-04
3.702569811139255762e-04
3.702552639879286289e-04
3.702535759657621384e-04
3.702518588397651911e-04
3.702501708175987005e-04
3.702484245877712965e-04
3.702467656694352627e-04
3.702451067510992289e-04
3.702434187289327383e-04
3.702417016029357910e-04
3.702399844769388437e-04
3.702382964547723532e-04
3.702365793287754059e-04
3.702348622027784586e-04
3.702332323882728815e-04
3.702315152622759342e-04
3.702298272401094437e-04
3.702281101141124964e-04
3.702263929881155491e-04
3.702247340697795153e-04
3.702230460476130247e-04
3.702213871292769909e-04
3.702196700032800436e-04
3.702179528772830963e-04
3.702162939589470625e-04
3.702145768329501152e-04
3.702128888107836246e-04
3.702112298924475908e-04
3.702095127664506435e-04
3.702078247442841530e-04
3.702061076182872057e-04
3.702044195961207151e-04
3.702027315739542246e-04
3.702010726556181908e-04
3.701993555296212435e-04
3.701976966112852097e-04
3.701960085891187191e-04
3.701942623592913151e-04
3.701925452332943678e-04
3.701908863149583340e-04
3.701892565004527569e-04
3.701875684782862663e-04
3.701858513522893190e-04
3.701841633301228285e-04
3.701825044117867947e-04
3.701807581819593906e-04
3.701790701597929001e-04
3.701774112414568663e-04
3.701757232192903757e-04
3.701740643009543419e-04
3.701723471749573946e-04
3.701706300489604473e-04
3.701689420267939568e-04
3.701672249007970095e-04
3.701655368786305189e-04
3.701638779602944851e-04
3.701621899381279945e-04
3.701605310197919607e-04
3.701588429976254702e-04
3.701570967677980661e-04
3.701554378494620323e-04
3.701537207234650850e-04
3.701520618051290512e-04
3.701504028867930174e-04
3.701486857607960701e-04
3.701470268424600363e-04
3.701453097164630890e-04
3.701435925904661417e-04
3.701419045682996511e-04
3.701401874423027039e-04
3.701385285239666700e-04
3.701368405018001795e-04
3.701351233758032322e-04
3.701334353536367416e-04
3.701317764353007078e-04
3.701300593093037605e-04
3.701284003909677267e-04
3.701267123688012362e-04
3.701249370351433754e-04
3.701232781168073416e-04
3.701215900946408510e-04
3.701199311763048172e-04
3.701182722579687834e-04
3.701165260281413794e-04
3.701148671098053455e-04
3.701132081914693117e-04
3.701114910654723644e-04
3.701097739394754171e-04
3.701081150211393833e-04
3.701064561028033495e-04
3.701047389768064022e-04
3.701030800584703684e-04
3.701013920363038778e-04
3.700996749103069305e-04
3.700979577843099833e-04
3.700963279698044062e-04
3.700946108438074589e-04
3.700929519254714251e-04
3.700912639033049345e-04
3.700896049849689007e-04
3.700878878589719534e-04
3.700861998368054628e-04
3.700845700222998857e-04
3.700828820001333952e-04
3.700811648741364479e-04
3.700794768519699574e-04
3.700777888298034668e-04
3.700760425999760628e-04
3.700744127854704857e-04
3.700727247633039951e-04
3.700710658449679613e-04
3.700694069266319275e-04
3.700676315929740667e-04
3.700659144669771194e-04
3.700642846524715424e-04
3.700626257341355085e-04
3.700608795043081045e-04
3.700592205859720707e-04
3.700575034599751234e-04
3.700558445416390896e-04
3.700541856233030558e-04
3.700524684973061085e-04
3.700508386828005314e-04
3.700491215568035841e-04
3.700474335346370935e-04
3.700457164086401463e-04
3.700440283864736557e-04
3.700423985719680786e-04
3.700407396536320448e-04
3.700389934238046408e-04
3.700373345054686069e-04
3.700357046909630299e-04
3.700339584611356258e-04
3.700322704389691353e-04
3.700305824168026447e-04
3.700288652908056974e-04
3.700272354763001204e-04
3.700255765579640865e-04
3.700238594319671392e-04
3.700221714098006487e-04
3.700204542838037014e-04
3.700187953654676676e-04
3.700171364471316338e-04
3.700154775287955999e-04
3.700138186104595661e-04
3.700121305882930756e-04
3.700103843584656715e-04
3.700086963362991810e-04
3.700069792103022337e-04
3.700053493957966566e-04
3.700036904774606228e-04
3.700020024552941322e-04
3.700003144331276417e-04
3.699986846186220646e-04
3.699969674926251173e-04
3.699952503666281700e-04
3.699936205521225929e-04
3.699919034261256456e-04
3.699902154039591551e-04
3.699885273817926645e-04
3.699868102557957172e-04
3.699851804412901402e-04
3.699834924191236496e-04
3.699817752931267023e-04
3.699802036862820387e-04
3.699784283526241779e-04
3.699767112266272306e-04
3.699751105159521103e-04
3.699734515976160765e-04
3.699717635754495859e-04
3.699700464494526386e-04
3.699684457387775183e-04
3.699666995089501143e-04
3.699650405906140804e-04
3.699633234646171331e-04
3.699616936501115561e-04
3.699599765241146088e-04
3.699583176057785749e-04
3.699566586874425411e-04
3.699549124576151371e-04
3.699532244354486465e-04
3.699515655171126127e-04
3.699499357026070356e-04
3.699481603689491749e-04
3.699465305544435978e-04
3.699448716361075640e-04
3.699431545101106167e-04
3.699414664879441261e-04
3.699397784657776356e-04
3.699381486512720585e-04
3.699364024214446545e-04
3.699347143992781639e-04
3.699330554809421301e-04
3.699314256664365530e-04
3.699297085404396057e-04
3.699280496221035719e-04
3.699263907037675381e-04
3.699247026816010475e-04
3.699230146594345570e-04
3.699213266372680664e-04
3.699196677189320326e-04
3.699179505929350853e-04
3.699162625707685947e-04
3.699146036524325609e-04
3.699129447340965271e-04
3.699111985042691231e-04
3.699095686897635460e-04
3.699079388752579689e-04
3.699062217492610216e-04
3.699045628309249878e-04
3.699029039125889540e-04
3.699011867865920067e-04
3.698994987644255161e-04
3.698978398460894823e-04
3.698962100315839052e-04
3.698945220094174147e-04
3.698927466757595539e-04
3.698911750689148903e-04
3.698894579429179430e-04
3.698877699207514524e-04
3.698860818985849619e-04
3.698844520840793848e-04
3.698827349580824375e-04
3.698810469359159470e-04
3.698794171214103699e-04
3.698776999954134226e-04
3.698760410770773888e-04
3.698743821587413549e-04
3.698726650327444077e-04
3.698710061144083738e-04
3.698693762999027967e-04
3.698676882777363062e-04
3.698660002555698156e-04
3.698643413372337818e-04
3.698626242112368345e-04
3.698609652929008007e-04
3.698593063745647669e-04
3.698575892485678196e-04
3.698559303302317858e-04
3.698542714118957520e-04
3.698526124935597181e-04
3.698508953675627708e-04
3.698492073453962803e-04
3.698475193232297897e-04
3.698458604048937559e-04
3.698441432788968086e-04
3.698425425682216883e-04
3.698409418575465679e-04
3.698392247315496206e-04
3.698375367093831301e-04
3.698358195833861828e-04
3.698341315612196922e-04
3.698324435390532017e-04
3.698308137245476246e-04
3.698290965985506773e-04
3.698274958878755569e-04
3.698257787618786097e-04
3.698241198435425758e-04
3.698224609252065420e-04
3.698208311107009649e-04
3.698190557770431042e-04
3.698173677548766136e-04
3.698157670442014933e-04
3.698140790220350027e-04
3.698123618960380554e-04
3.698107320815324783e-04
3.698090440593659878e-04
3.698073269333690405e-04
3.698057553265243769e-04
3.698040382005274296e-04
3.698023501783609390e-04
3.698006912600249052e-04
3.697990323416888714e-04
3.697973443195223808e-04
3.697956562973558903e-04
3.697939973790198565e-04
3.697923384606838226e-04
3.697906795423477888e-04
3.697889915201812983e-04
3.697873034980148077e-04
3.697856154758483171e-04
3.697839856613427401e-04
3.697822685353457928e-04
3.697806096170097589e-04
3.697790089063346386e-04
3.697772917803376913e-04
3.697755455505102873e-04
3.697739739436656237e-04
3.697722859214991331e-04
3.697705396916717291e-04
3.697689389809966087e-04
3.697672509588301182e-04
3.697655629366636276e-04
3.697639331221580505e-04
3.697622159961611032e-04
3.697605570778250694e-04
3.697589272633194923e-04
3.697572101373225451e-04
3.697555512189865112e-04
3.697539214044809341e-04
3.697522042784839869e-04
3.697505453601479530e-04
3.697489446494728327e-04
3.697472275234758854e-04
3.697455103974789381e-04
3.697439096868038177e-04
3.697421925608068705e-04
3.697405336424708366e-04
3.697389329317957163e-04
3.697373031172901392e-04
3.697354986798018217e-04
3.697338688652962446e-04
3.697322099469602108e-04
3.697305510286241770e-04
3.697288630064576864e-04
3.697271749842911959e-04
3.697255742736160755e-04
3.697238571476191282e-04
3.697221691254526377e-04
3.697205102071166039e-04
3.697189094964414835e-04
3.697171923704445362e-04
3.697155043482780457e-04
3.697138745337724686e-04
3.697121865116059780e-04
3.697105275932699442e-04
3.697088686749339104e-04
3.697072097565978765e-04
3.697055217344313860e-04
3.697038337122648954e-04
3.697022330015897751e-04
3.697005449794232845e-04
3.696988569572567940e-04
3.696971689350903034e-04
3.696955100167542696e-04
3.696938510984182358e-04
3.696922212839126587e-04
3.696905332617461681e-04
3.696889034472405910e-04
3.696871863212436438e-04
3.696854691952466965e-04
3.696838102769106627e-04
3.696821513585746288e-04
3.696804924402385950e-04
3.696788335219025612e-04
3.696772037073969841e-04
3.696755447890609503e-04
3.696738858707249165e-04
3.696721396408975124e-04
3.696705098263919353e-04
3.696688509080559015e-04
3.696671628858894110e-04
3.696655330713838339e-04
3.696638741530478001e-04
3.696621570270508528e-04
3.696604981087148190e-04
3.696588391903787851e-04
3.696571511682122946e-04
3.696554631460458040e-04
3.696538042277097702e-04
3.696521744132041931e-04
3.696504863910377026e-04
3.696488274727016687e-04
3.696471103467047215e-04
3.696455096360296011e-04
3.696438216138631105e-04
3.696421626955270767e-04
3.696405037771910429e-04
3.696387866511940956e-04
3.696371277328580618e-04
3.696354688145220280e-04
3.696338681038469076e-04
3.696321800816804171e-04
3.696304920595139265e-04
3.696288622450083494e-04
3.696271742228418589e-04
3.696254862006753683e-04
3.696238563861697912e-04
3.696221974678337574e-04
3.696205676533281803e-04
3.696188796311616898e-04
3.696172498166561127e-04
3.696155908983200788e-04
3.696138737723231316e-04
3.696122148539870977e-04
3.696106141433119774e-04
3.696089261211454868e-04
3.696072380989789963e-04
