2.015729434788227081e-03
2.014943165704607964e-03
2.014157595112919807e-03
2.013372024521231651e-03
2.012586919590830803e-03
2.011802513152360916e-03
2.011018572375178337e-03
2.010234864428639412e-03
2.009451622143387794e-03
2.008668612688779831e-03
2.007886534556746483e-03
2.007104689255356789e-03
2.006323309615254402e-03
2.005542162805795670e-03
2.004761481657624245e-03
2.003981499001383781e-03
2.003201749175786972e-03
2.002422465011477470e-03
2.001644112169742584e-03
2.000865526497364044e-03
2.000087639316916466e-03
1.999310450628399849e-03
1.998533494770526886e-03
1.997757004573941231e-03
1.996980747207999229e-03
1.996205421164631844e-03
1.995430327951908112e-03
1.994655700400471687e-03
1.993881538510322571e-03
1.993107842281460762e-03
1.992335077375173569e-03
1.991562312468886375e-03
1.990790013223886490e-03
1.990018179640173912e-03
1.989247044548392296e-03
1.988475909456610680e-03
1.987705705687403679e-03
1.986935967579483986e-03
1.986166462302207947e-03
1.985397655516862869e-03
1.984629547223448753e-03
1.983861438930034637e-03
1.983094261959195137e-03
1.982326852157711983e-03
1.981560839340090752e-03
1.980794826522469521e-03
1.980029279366135597e-03
1.979264197871088982e-03
1.978499582037329674e-03
1.977735897526144981e-03
1.976972213014960289e-03
1.976209226995706558e-03
1.975446473807096481e-03
1.974684651941061020e-03
1.973923295736312866e-03
1.973162172362208366e-03
1.972401514649391174e-03
1.971641322597861290e-03
1.970881829038262367e-03
1.970122801139950752e-03
1.969364006072282791e-03
1.968605909496545792e-03
1.967848511412739754e-03
1.967090880498290062e-03
1.966334413737058640e-03
1.965578179806470871e-03
1.964822644367814064e-03
1.964067341759800911e-03
1.963312737643718719e-03
1.962558366358280182e-03
1.961804693564772606e-03
1.961051486432552338e-03
1.960298512130975723e-03
1.959546236321330070e-03
1.958794659003615379e-03
1.958042848855257034e-03
1.957292668521404266e-03
1.956541789695620537e-03
1.955792540684342384e-03
1.955042826011776924e-03
1.954293809831142426e-03
1.953545026481151581e-03
1.952797174453735352e-03
1.952049788087606430e-03
1.951302518136799335e-03
1.950555830262601376e-03
1.949810073710978031e-03
1.949064433574676514e-03
1.948319259099662304e-03
1.947574433870613575e-03
1.946830423548817635e-03
1.946086529642343521e-03
1.945343217812478542e-03
1.944600488059222698e-03
1.943857991136610508e-03
1.943115959875285625e-03
1.942374394275248051e-03
1.941633410751819611e-03
1.940892776474356651e-03
1.940152607858181000e-03
1.939412904903292656e-03
1.938673434779047966e-03
1.937934895977377892e-03
1.937196124345064163e-03
1.936458633281290531e-03
1.935720792971551418e-03
1.934983767569065094e-03
1.934246974997222424e-03
1.933510764501988888e-03
1.932775136083364487e-03
1.932039856910705566e-03
1.931304926984012127e-03
1.930569997057318687e-03
1.929836114868521690e-03
1.929102116264402866e-03
1.928368932567536831e-03
1.927635981701314449e-03
1.926903496496379375e-03
1.926171476952731609e-03
1.925439806655049324e-03
1.924708602018654346e-03
1.923977513797581196e-03
1.923247007653117180e-03
1.922516850754618645e-03
1.921787275932729244e-03
1.921057701110839844e-03
1.920328708365559578e-03
1.919600297696888447e-03
1.918872119858860970e-03
1.918144058436155319e-03
1.917416811920702457e-03
1.916689448989927769e-03
1.915962784551084042e-03
1.915236236527562141e-03
1.914510386995971203e-03
1.913784421049058437e-03
1.913059270009398460e-03
1.912334002554416656e-03
1.911609317176043987e-03
1.910885097458958626e-03
1.910160994157195091e-03
1.909437589347362518e-03
1.908713951706886292e-03
1.907991245388984680e-03
1.907268539071083069e-03
1.906546065583825111e-03
1.905824057757854462e-03
1.905102166347205639e-03
1.904380740597844124e-03
1.903659664094448090e-03
1.902938820421695709e-03
1.902218209579586983e-03
1.901498180814087391e-03
1.900778152048587799e-03
1.900058356113731861e-03
1.899339142255485058e-03
1.898620044812560081e-03
1.897901180200278759e-03
1.897182432003319263e-03
1.896464149467647076e-03
1.895746216177940369e-03
1.895028515718877316e-03
1.894310815259814262e-03
1.893593813292682171e-03
1.892876462079584599e-03
1.892159809358417988e-03
1.891443273052573204e-03
1.890727085992693901e-03
1.890011015348136425e-03
1.889295061118900776e-03
1.888579572550952435e-03
1.887864083983004093e-03
1.887148828245699406e-03
1.886433805339038372e-03
1.885719131678342819e-03
1.885004807263612747e-03
1.884290366433560848e-03
1.883576158434152603e-03
1.882862299680709839e-03
1.882148557342588902e-03
1.881434815004467964e-03
1.880721421912312508e-03
1.880008261650800705e-03
1.879295334219932556e-03
1.878582406789064407e-03
1.877869362942874432e-03
1.877157017588615417e-03
1.876444672234356403e-03
1.875732443295419216e-03
1.875020214356482029e-03
1.874308451078832150e-03
1.873596338555216789e-03
1.872884808108210564e-03
1.872173277661204338e-03
1.871461863629519939e-03
1.870750566013157368e-03
1.870039501227438450e-03
1.869328552857041359e-03
1.868617488071322441e-03
1.867906772531569004e-03
1.867195940576493740e-03
1.866485225036740303e-03
1.865774742327630520e-03
1.865064376033842564e-03
1.864353893324732780e-03
1.863643876276910305e-03
1.862933742813766003e-03
1.862223376519978046e-03
1.861513359472155571e-03
1.860803808085620403e-03
1.860093674622476101e-03
1.859384123235940933e-03
1.858674222603440285e-03
1.857964554801583290e-03
1.857254770584404469e-03
1.856545219197869301e-03
1.855835667811334133e-03
1.855126232840120792e-03
1.854416681453585625e-03
1.853707479313015938e-03
1.852997578680515289e-03
1.852288492955267429e-03
1.851579290814697742e-03
1.850869739428162575e-03
1.850160653702914715e-03
1.849451218731701374e-03
1.848742133006453514e-03
1.848032814450562000e-03
1.847323612309992313e-03
1.846614293754100800e-03
1.845905091613531113e-03
1.845195773057639599e-03
1.844486454501748085e-03
1.843777252361178398e-03
1.843067933805286884e-03
1.842358615249395370e-03
1.841649296693503857e-03
1.840940094552934170e-03
1.840230775997042656e-03
1.839521457441151142e-03
1.838812022469937801e-03
1.838102354668080807e-03
1.837393036112189293e-03
1.836683484725654125e-03
1.835973933339118958e-03
1.835264149121940136e-03
1.834554714150726795e-03
1.833845162764191628e-03
1.833135378547012806e-03
1.832425710745155811e-03
1.831715926527976990e-03
1.831006025895476341e-03
1.830296125262975693e-03
1.829586224630475044e-03
1.828876091167330742e-03
1.828165957704186440e-03
1.827456289902329445e-03
1.826745807193219662e-03
1.826035557314753532e-03
1.825325423851609230e-03
1.824615057557821274e-03
1.823904574848711491e-03
1.823194092139601707e-03
1.822483609430491924e-03
1.821773010306060314e-03
1.821062527596950531e-03
1.820351579226553440e-03
1.819640980102121830e-03
1.818930031731724739e-03
1.818218966946005821e-03
1.817507902160286903e-03
1.816797303035855293e-03
1.816086238250136375e-03
1.815374940633773804e-03
1.814663643017411232e-03
1.813952461816370487e-03
1.813241047784686089e-03
1.812529750168323517e-03
1.811818336136639118e-03
1.811106922104954720e-03
1.810395275242626667e-03
1.809683395549654961e-03
1.808972214348614216e-03
1.808260334655642509e-03
1.807548571377992630e-03
1.806836691685020924e-03
1.806124928407371044e-03
1.805412815883755684e-03
1.804701052606105804e-03
1.803989056497812271e-03
1.803277060389518738e-03
1.802564947865903378e-03
1.801852951757609844e-03
1.801140839233994484e-03
1.800428726710379124e-03
1.799716614186763763e-03
1.799004385247826576e-03
1.798292156308889389e-03
1.797579927369952202e-03
1.796867698431015015e-03
1.796155585907399654e-03
1.795443356968462467e-03
1.794731128029525280e-03
1.794018899090588093e-03
1.793306786566972733e-03
1.792594557628035545e-03
1.791882561519742012e-03
1.791170332580804825e-03
1.790458336472511292e-03
1.789746107533574104e-03
1.789033878594636917e-03
1.788321882486343384e-03
1.787610002793371677e-03
1.786898006685078144e-03
1.786186243407428265e-03
1.785474596545100212e-03
1.784762949682772160e-03
1.784051186405122280e-03
1.783339655958116055e-03
1.782628009095788002e-03
1.781916827894747257e-03
1.781205413863062859e-03
1.780494465492665768e-03
1.779783284291625023e-03
1.779072335921227932e-03
1.778361503966152668e-03
1.777650672011077404e-03
1.776940189301967621e-03
1.776229706592857838e-03
1.775519573129713535e-03
1.774809439666569233e-03
1.774099306203424931e-03
1.773389405570924282e-03
1.772679737769067287e-03
1.771970535628497601e-03
1.771260984241962433e-03
1.770552014932036400e-03
1.769843511283397675e-03
1.769134658388793468e-03
1.768426154740154743e-03
1.767718116752803326e-03
1.767010078765451908e-03
1.766302506439387798e-03
1.765595050528645515e-03
1.764887827448546886e-03
1.764180720783770084e-03
1.763474312610924244e-03
1.762767788022756577e-03
1.762061729095876217e-03
1.761356019414961338e-03
1.760650309734046459e-03
1.759945065714418888e-03
1.759240287356078625e-03
1.758535974659025669e-03
1.757831545546650887e-03
1.757127814926207066e-03
1.756424317136406898e-03
1.755721052177250385e-03
1.755018252879381180e-03
1.754315919242799282e-03
1.753614051267504692e-03
1.752912299707531929e-03
1.752211013808846474e-03
1.751510193571448326e-03
1.750809838995337486e-03
1.750109833665192127e-03
1.749410410411655903e-03
1.748711452819406986e-03
1.748012495227158070e-03
1.747314468957483768e-03
1.746616559103131294e-03
1.745919464156031609e-03
1.745222718454897404e-03
1.744526438415050507e-03
1.743830856867134571e-03
1.743135508149862289e-03
1.742440625093877316e-03
1.741746324114501476e-03
1.741052488796412945e-03
1.740359351970255375e-03
1.739666797220706940e-03
1.738974708132445812e-03
1.738283201120793819e-03
1.737592276185750961e-03
1.736901816911995411e-03
1.736211939714848995e-03
1.735522877424955368e-03
1.734834047965705395e-03
1.734146149829030037e-03
1.733458484522998333e-03
1.732771866954863071e-03
1.732085598632693291e-03
1.731400145217776299e-03
1.730715157464146614e-03
1.730030868202447891e-03
1.729347277432680130e-03
1.728664152324199677e-03
1.727981725707650185e-03
1.727300230413675308e-03
1.726619317196309566e-03
1.725938986055552959e-03
1.725259353406727314e-03
1.724580186419188976e-03
1.723902183584868908e-03
1.723224879242479801e-03
1.722547691315412521e-03
1.721871783956885338e-03
1.721196575090289116e-03
1.720521715469658375e-03
1.719847903586924076e-03
1.719174440950155258e-03
1.718502026051282883e-03
1.717830426059663296e-03
1.717159640975296497e-03
1.716489205136895180e-03
1.715819933451712132e-03
1.715151243843138218e-03
1.714483485557138920e-03
1.713816309347748756e-03
1.713150064460933208e-03
1.712484518066048622e-03
1.711819670163094997e-03
1.711155753582715988e-03
1.710492535494267941e-03
1.709830132313072681e-03
1.709168660454452038e-03
1.708507887087762356e-03
1.707847928628325462e-03
1.707188785076141357e-03
1.706530572846531868e-03
1.705873059108853340e-03
1.705216593109071255e-03
1.704560709185898304e-03
1.703905523754656315e-03
1.703251618891954422e-03
1.702598179690539837e-03
1.701945904642343521e-03
1.701294095255434513e-03
1.700643100775778294e-03
1.699993503279983997e-03
1.699344487860798836e-03
1.698696170933544636e-03
1.698048785328865051e-03
1.697402331046760082e-03
1.696756691671907902e-03
1.696111867204308510e-03
1.695467741228640079e-03
1.694824779406189919e-03
1.694182632490992546e-03
1.693541300483047962e-03
1.692900899797677994e-03
1.692261314019560814e-03
1.691622775979340076e-03
1.690984703600406647e-03
1.690347911790013313e-03
1.689711818471550941e-03
1.689076656475663185e-03
1.688442192971706390e-03
1.687808660790324211e-03
1.687176176346838474e-03
1.686544390395283699e-03
1.685913652181625366e-03
1.685283612459897995e-03
1.684654620476067066e-03
1.684026326984167099e-03
1.683399197645485401e-03
1.682772883214056492e-03
1.682147267274558544e-03
1.681522699072957039e-03
1.680899062193930149e-03
1.680276123806834221e-03
1.679653883911669254e-03
1.679033041000366211e-03
1.678412780165672302e-03
1.677793450653553009e-03
1.677174936048686504e-03
1.676557352766394615e-03
1.675940700806677341e-03
1.675324980169534683e-03
1.674709841609001160e-03
1.674095867201685905e-03
1.673482707701623440e-03
1.672870595939457417e-03
1.672259182669222355e-03
1.671648584306240082e-03
1.671039033681154251e-03
1.670430414378643036e-03
1.669822260737419128e-03
1.669215154834091663e-03
1.668609096668660641e-03
1.668003853410482407e-03
1.667399425059556961e-03
1.666795578785240650e-03
1.666193013079464436e-03
1.665591262280941010e-03
1.664990442804992199e-03
1.664390205405652523e-03
1.663790899328887463e-03
1.663192524574697018e-03
1.662595197558403015e-03
