4.745404585264623165e-04
4.745386249851435423e-04
4.745367623399943113e-04
4.745349287986755371e-04
4.745330370496958494e-04
4.745312326122075319e-04
4.745293990708887577e-04
4.745275364257395267e-04
4.745257028844207525e-04
4.745238402392715216e-04
4.745220066979527473e-04
4.745201731566339731e-04
4.745182523038238287e-04
4.745164769701659679e-04
4.745145270135253668e-04
4.745126643683761358e-04
4.745109181385487318e-04
4.745089972857385874e-04
4.745071346405893564e-04
4.745053884107619524e-04
4.745034675579518080e-04
4.745016049128025770e-04
4.744998586829751730e-04
4.744979378301650286e-04
4.744961333926767111e-04
4.744942707475274801e-04
4.744924663100391626e-04
4.744906327687203884e-04
4.744887410197407007e-04
4.744869365822523832e-04
4.744850739371031523e-04
4.744832112919539213e-04
4.744813777506351471e-04
4.744795442093163729e-04
4.744776233565062284e-04
4.744758480228483677e-04
4.744740144815295935e-04
4.744721518363803625e-04
4.744702891912311316e-04
4.744684556499123573e-04
4.744666221085935831e-04
4.744647594634443521e-04
4.744629841297864914e-04
4.744610923808068037e-04
4.744592588394880295e-04
4.744573961943387985e-04
4.744555335491895676e-04
4.744537291117012501e-04
4.744519246742129326e-04
4.744500038214027882e-04
4.744481993839144707e-04
4.744463076349347830e-04
4.744444740936160088e-04
4.744427278637886047e-04
4.744408070109784603e-04
4.744389443658292294e-04
4.744371399283409119e-04
4.744353354908525944e-04
4.744334728457033634e-04
4.744316684082150459e-04
4.744296893477439880e-04
4.744279431179165840e-04
4.744260804727673531e-04
4.744242760352790356e-04
4.744224424939602613e-04
4.744204925373196602e-04
4.744186880998313427e-04
4.744168836623430252e-04
4.744151083286851645e-04
4.744132165797054768e-04
4.744113830383867025e-04
4.744095203932374716e-04
4.744076868519186974e-04
4.744058242067694664e-04
4.744039906654506922e-04
4.744021862279623747e-04
4.744002944789826870e-04
4.743984609376639128e-04
4.743965982925146818e-04
4.743948520626872778e-04
4.743929312098771334e-04
4.743911267723888159e-04
4.743892059195786715e-04
4.743873723782598972e-04
4.743855388369411230e-04
4.743836761917918921e-04
4.743819299619644880e-04
4.743800673168152571e-04
4.743782046716660261e-04
4.743764293380081654e-04
4.743745666928589344e-04
4.743726749438792467e-04
4.743708996102213860e-04
4.743690369650721550e-04
4.743672907352447510e-04
4.743653698824346066e-04
4.743635654449462891e-04
4.743616445921361446e-04
4.743598401546478271e-04
4.743579775094985962e-04
4.743561730720102787e-04
4.743543104268610477e-04
4.743525641970336437e-04
4.743506433442234993e-04
4.743488389067351818e-04
4.743469762615859509e-04
4.743451718240976334e-04
4.743432509712874889e-04
4.743414465337991714e-04
4.743395838886499405e-04
4.743377794511616230e-04
4.743359459098428488e-04
4.743340832646936178e-04
4.743322788272053003e-04
4.743304743897169828e-04
4.743286117445677519e-04
4.743267490994185209e-04
4.743249446619302034e-04
4.743230820167809725e-04
4.743213066831231117e-04
4.743194440379738808e-04
4.743176104966551065e-04
4.743157478515058756e-04
4.743139143101871014e-04
4.743121098726987839e-04
4.743102472275495529e-04
4.743083845824003220e-04
4.743066383525729179e-04
4.743047174997627735e-04
4.743029130622744560e-04
4.743011086247861385e-04
4.742992459796369076e-04
4.742974706459790468e-04
4.742955788969993591e-04
4.742937453556805849e-04
4.742918827105313540e-04
4.742900491692125797e-04
4.742882738355547190e-04
4.742864111904054880e-04
4.742846358567476273e-04
4.742827441077679396e-04
4.742808814626187086e-04
4.742791061289608479e-04
4.742772143799811602e-04
4.742754390463232994e-04
4.742735764011740685e-04
4.742717137560248375e-04
4.742699675261974335e-04
4.742681048810482025e-04
4.742663004435598850e-04
4.742644669022411108e-04
4.742626333609223366e-04
4.742607707157731056e-04
4.742589080706238747e-04
4.742571327369660139e-04
4.742552700918167830e-04
4.742534656543284655e-04
4.742515448015183210e-04
4.742497985716909170e-04
4.742479359265416861e-04
4.742460732813924551e-04
4.742442106362432241e-04
4.742424353025853634e-04
4.742406017612665892e-04
4.742388264276087284e-04
4.742369055747985840e-04
4.742351593449711800e-04
4.742332093883305788e-04
4.742314340546727180e-04
4.742295714095234871e-04
4.742277087643742561e-04
4.742259916383773088e-04
4.742241289932280779e-04
4.742222663480788469e-04
4.742204619105905294e-04
4.742185992654412985e-04
4.742168530356138945e-04
4.742149321828037500e-04
4.742130695376545191e-04
4.742113233078271151e-04
4.742094024550169706e-04
4.742075980175286531e-04
4.742058226838707924e-04
4.742039600387215614e-04
4.742022138088941574e-04
4.742002347484230995e-04
4.741984012071043253e-04
4.741965676657855511e-04
4.741948214359581470e-04
4.741929878946393728e-04
4.741910961456596851e-04
4.741892917081713676e-04
4.741875163745135069e-04
4.741857119370251894e-04
4.741838492918759584e-04
4.741820448543876410e-04
4.741801240015774965e-04
4.741783486679196358e-04
4.741765151266008615e-04
4.741746815852820873e-04
4.741728771477937698e-04
4.741709853988140821e-04
4.741692100651562214e-04
4.741673474200069904e-04
4.741655429825186729e-04
4.741637094411998987e-04
4.741618758998811245e-04
4.741600423585623503e-04
4.741581797134131193e-04
4.741563752759248018e-04
4.741546290460973978e-04
4.741527081932872534e-04
4.741509328596293926e-04
4.741491284221410751e-04
4.741472366731613874e-04
4.741455195471644402e-04
4.741435986943542957e-04
4.741417942568659782e-04
4.741399316117167473e-04
4.741381271742284298e-04
4.741363518405705690e-04
4.741344309877604246e-04
4.741326847579330206e-04
4.741308221127837896e-04
4.741289594676345587e-04
4.741271841339766979e-04
4.741253505926579237e-04
4.741235170513391495e-04
4.741217708215117455e-04
4.741199081763625145e-04
4.741180455312132835e-04
4.741162410937249660e-04
4.741144075524061918e-04
4.741126031149178743e-04
4.741107404697686434e-04
4.741089360322803259e-04
4.741071315947920084e-04
4.741053562611341476e-04
4.741034936159849167e-04
4.741016018670052290e-04
4.740998847410082817e-04
4.740979638881981373e-04
4.740961594507098198e-04
4.740942968055605888e-04
4.740924923680722713e-04
4.740907170344144106e-04
4.740888543892651796e-04
4.740871081594377756e-04
4.740851873066276312e-04
4.740833828691393137e-04
4.740815784316509962e-04
4.740797157865017653e-04
4.740779986605048180e-04
4.740761360153555870e-04
4.740742733702063560e-04
4.740724689327180386e-04
4.740706062875688076e-04
4.740687727462500334e-04
4.740669683087617159e-04
4.740652220789343119e-04
4.740633594337850809e-04
4.740615841001272202e-04
4.740597214549779892e-04
4.740578588098287582e-04
4.740560543723404408e-04
4.740541917271912098e-04
4.740524163935333490e-04
4.740505828522145748e-04
4.740487493108958006e-04
4.740468866657465696e-04
4.740451695397496223e-04
4.740432777907699347e-04
4.740414151456207037e-04
4.740396398119628429e-04
4.740378353744745255e-04
4.740360309369862080e-04
4.740341682918369770e-04
4.740323638543486595e-04
4.740305012091994286e-04
4.740286385640501976e-04
4.740269214380532503e-04
4.740250005852431059e-04
4.740232543554157019e-04
4.740214208140969276e-04
4.740197036880999804e-04
4.740178119391202927e-04
4.740160075016319752e-04
4.740141448564827442e-04
4.740123695228248835e-04
4.740105650853365660e-04
4.740087024401873350e-04
4.740069271065294743e-04
4.740050935652107000e-04
4.740033182315528393e-04
4.740013973787426949e-04
4.739995929412543774e-04
4.739978176075965166e-04
4.739959258586168289e-04
4.739941214211285114e-04
4.739922587759792805e-04
4.739903961308300495e-04
4.739886790048331022e-04
4.739868745673447847e-04
4.739850410260260105e-04
4.739831492770463228e-04
4.739813739433884621e-04
4.739795695059001446e-04
4.739777650684118271e-04
4.739759315270930529e-04
4.739741852972656488e-04
4.739723808597773314e-04
4.739704017993062735e-04
4.739686555694788694e-04
4.739668802358210087e-04
4.739651340059936047e-04
4.739632713608443737e-04
4.739614087156951427e-04
4.739595460705459118e-04
4.739577707368880510e-04
4.739558789879083633e-04
4.739541618619114161e-04
4.739522992167621851e-04
4.739504947792738676e-04
4.739487194456160069e-04
4.739467985928058624e-04
4.739450814668089151e-04
4.739431897178292274e-04
4.739414143841713667e-04
4.739395517390221357e-04
4.739378346130251884e-04
4.739359428640455008e-04
4.739340802188962698e-04
4.739322757814079523e-04
4.739304422400891781e-04
4.739286960102617741e-04
4.739267751574516296e-04
4.739250289276242256e-04
4.739232535939663649e-04
4.739214491564780474e-04
4.739196156151592731e-04
4.739177820738404989e-04
4.739160067401826382e-04
4.739140858873724937e-04
4.739123687613755465e-04
4.739105352200567722e-04
4.739088180940598249e-04
4.739068390335887671e-04
4.739051219075918198e-04
4.739032301586121321e-04
4.739014257211238146e-04
4.738996503874659538e-04
4.738977877423167229e-04
4.738959833048284054e-04
4.738941788673400879e-04
4.738923453260213137e-04
4.738905408885329962e-04
4.738887655548751354e-04
4.738869611173868179e-04
4.738851566798985004e-04
4.738832940347492695e-04
4.738814895972609520e-04
4.738796851597726345e-04
4.738779098261147738e-04
4.738761053886264563e-04
4.738742718473076820e-04
4.738725256174802780e-04
4.738706047646701336e-04
4.738688876386731863e-04
4.738669376820325851e-04
4.738651623483747244e-04
4.738634161185473204e-04
4.738616116810590029e-04
4.738597490359097719e-04
4.738579154945909977e-04
4.738561692647635937e-04
4.738542484119534492e-04
4.738525021821260452e-04
4.738506395369768143e-04
4.738489224109798670e-04
4.738470597658306360e-04
4.738453426398336887e-04
4.738434217870235443e-04
4.738416755571961403e-04
4.738398420158773661e-04
4.738380375783890486e-04
4.738362331409007311e-04
4.738343122880905867e-04
4.738325951620936394e-04
4.738307034131139517e-04
4.738289862871170044e-04
4.738270654343068600e-04
4.738253192044794559e-04
4.738235438708215952e-04
4.738217394333332777e-04
4.738199640996754169e-04
4.738181014545261860e-04
4.738162970170378685e-04
4.738144925795495510e-04
4.738127172458916903e-04
4.738107672892510891e-04
4.738090501632541418e-04
4.738072457257658243e-04
4.738054412882775068e-04
4.738036077469587326e-04
4.738018615171313286e-04
4.738000279758125544e-04
4.737980780191719532e-04
4.737964773084968328e-04
4.737945564556866884e-04
4.737927811220288277e-04
4.737909184768795967e-04
4.737892013508826494e-04
4.737873678095638752e-04
4.737855342682451010e-04
4.737837298307567835e-04
4.737819253932684660e-04
4.737801209557801485e-04
4.737782874144613743e-04
4.737764829769730568e-04
4.737746785394847393e-04
4.737729032058268785e-04
4.737710114568471909e-04
4.737691779155284166e-04
4.737674316857010126e-04
4.737655981443822384e-04
4.737638519145548344e-04
4.737619892694056034e-04
4.737602139357477427e-04
4.737584094982594252e-04
4.737566050607711077e-04
4.737548297271132469e-04
4.737529670819640160e-04
4.737511626444756985e-04
4.737492999993264675e-04
4.737475537694990635e-04
4.737457202281802893e-04
4.737439157906919718e-04
4.737421404570341110e-04
4.737402778118848801e-04
4.737384733743965626e-04
4.737367271445691586e-04
4.737348936032503843e-04
4.737331473734229803e-04
4.737313138321042061e-04
4.737295093946158886e-04
4.737276467494666576e-04
4.737258423119783401e-04
4.737240669783204794e-04
4.737222625408321619e-04
4.737205163110047579e-04
4.737186536658555269e-04
4.737168201245367527e-04
4.737150156870484352e-04
4.737132985610514879e-04
4.737114359159022570e-04
4.737095441669225693e-04
4.737078270409256220e-04
4.737059643957763910e-04
4.737042763736099005e-04
4.737023846246302128e-04
4.737006674986332655e-04
4.736987466458231211e-04
4.736970295198261738e-04
4.736952250823378563e-04
4.736934788525104523e-04
4.736916162073612213e-04
4.736898408737033606e-04
4.736879782285541296e-04
4.736860864795744419e-04
4.736843984574079514e-04
4.736825358122587204e-04
4.736808186862617731e-04
4.736789269372820854e-04
4.736771516036242247e-04
4.736752889584749937e-04
4.736735427286475897e-04
4.736716800834983587e-04
4.736699629575014114e-04
4.736681585200130939e-04
4.736663249786943197e-04
4.736645205412060022e-04
4.736627452075481415e-04
4.736609116662293673e-04
4.736591363325715065e-04
4.736572736874222755e-04
4.736554692499339581e-04
4.736536939162760973e-04
4.736518894787877798e-04
4.736501723527908325e-04
4.736483097076416016e-04
4.736465052701532841e-04
4.736446426250040531e-04
4.736429254990071058e-04
4.736411210615187883e-04
4.736393457278609276e-04
4.736374248750507832e-04
4.736357077490538359e-04
4.736338742077350616e-04
4.736321570817381144e-04
4.736302944365888834e-04
