2.775436965748667717e-03
2.774046035483479500e-03
2.772656502202153206e-03
2.771268365904688835e-03
2.769882092252373695e-03
2.768496982753276825e-03
2.767113735899329185e-03
2.765731653198599815e-03
2.764351200312376022e-03
2.762972144410014153e-03
2.761594718322157860e-03
2.760218456387519836e-03
2.758844057098031044e-03
2.757470821961760521e-03
2.756099216639995575e-03
2.754729008302092552e-03
2.753360196948051453e-03
2.751992549747228622e-03
2.750627230852842331e-03
2.749262610450387001e-03
2.747899619862437248e-03
2.746538259088993073e-03
2.745178295299410820e-03
2.743819728493690491e-03
2.742462558671832085e-03
2.741106785833835602e-03
2.739752177149057388e-03
2.738399431109428406e-03
2.737047849223017693e-03
2.735698129981756210e-03
2.734349342063069344e-03
2.733002416789531708e-03
2.731656190007925034e-03
2.730312058702111244e-03
2.728969091549515724e-03
2.727627288550138474e-03
2.726287348195910454e-03
2.724948804825544357e-03
2.723611192777752876e-03
2.722275443375110626e-03
2.720940625295042992e-03
2.719607669860124588e-03
2.718276111409068108e-03
2.716945484280586243e-03
2.715616486966609955e-03
2.714288420975208282e-03
2.712962450459599495e-03
2.711637178435921669e-03
2.710313303396105766e-03
2.708991291001439095e-03
2.707670442759990692e-03
2.706350758671760559e-03
2.705032471567392349e-03
2.703715581446886063e-03
2.702400088310241699e-03
2.701085759326815605e-03
2.699772827327251434e-03
2.698461059480905533e-03
2.697150921449065208e-03
2.695842180401086807e-03
2.694534603506326675e-03
2.693227725103497505e-03
2.691922942176461220e-03
2.690619090571999550e-03
2.689316635951399803e-03
2.688015578314661980e-03
2.686715219169855118e-03
2.685416722670197487e-03
2.684119390323758125e-03
2.682823454961180687e-03
2.681528683751821518e-03
2.680234611034393311e-03
2.678942400962114334e-03
2.677651820704340935e-03
2.676361473277211189e-03
2.675072755664587021e-03
2.673785667866468430e-03
2.672499744221568108e-03
2.671214751899242401e-03
2.669930923730134964e-03
2.668648492544889450e-03
2.667367225512862206e-03
2.666086889803409576e-03
2.664808183908462524e-03
2.663530642166733742e-03
2.662254031747579575e-03
2.660978818312287331e-03
2.659705001860857010e-03
2.658432116732001305e-03
2.657160162925720215e-03
2.655889606103301048e-03
2.654620213434100151e-03
2.653352217748761177e-03
2.652084920555353165e-03
2.650819253176450729e-03
2.649554749950766563e-03
2.648290712386369705e-03
2.647028071805834770e-03
2.645766828209161758e-03
2.644506515935063362e-03
2.643247600644826889e-03
2.641989616677165031e-03
2.640732331201434135e-03
2.639476675540208817e-03
2.638221951201558113e-03
2.636968158185482025e-03
2.635715762153267860e-03
2.634464763104915619e-03
2.633214462548494339e-03
2.631965093314647675e-03
2.630716888234019279e-03
2.629469614475965500e-03
2.628223504871129990e-03
2.626978792250156403e-03
2.625735010951757431e-03
2.624491928145289421e-03
2.623250009492039680e-03
2.622009022161364555e-03
2.620769198983907700e-03
2.619530539959669113e-03
2.618293045088648796e-03
2.617056015878915787e-03
2.615820383653044701e-03
2.614585449919104576e-03
2.613351680338382721e-03
2.612119307741522789e-03
2.610887400805950165e-03
2.609656425192952156e-03
2.608426613733172417e-03
2.607197966426610947e-03
2.605970250442624092e-03
2.604743465781211853e-03
2.603517379611730576e-03
2.602292224764823914e-03
2.601068234071135521e-03
2.599845407530665398e-03
2.598623046651482582e-03
2.597401849925518036e-03
2.596181584522128105e-03
2.594962250441312790e-03
2.593743614852428436e-03
2.592526376247406006e-03
2.591309603303670883e-03
2.590093994513154030e-03
2.588879084214568138e-03
2.587665105238556862e-03
2.586452290415763855e-03
2.585239941254258156e-03
2.584028523415327072e-03
2.582818036898970604e-03
2.581608481705188751e-03
2.580399857833981514e-03
2.579191699624061584e-03
2.577984705567359924e-03
2.576778875663876534e-03
2.575573045760393143e-03
2.574368845671415329e-03
2.573165111243724823e-03
2.571962308138608932e-03
2.570760203525424004e-03
2.569558797404170036e-03
2.568358322605490685e-03
2.567158779129385948e-03
2.565959701314568520e-03
2.564761554822325706e-03
2.563564572483301163e-03
2.562367822974920273e-03
2.561172004789113998e-03
2.559976885095238686e-03
2.558783162385225296e-03
2.557589206844568253e-03
2.556396648287773132e-03
2.555204788222908974e-03
2.554013160988688469e-03
2.552822930738329887e-03
2.551633166149258614e-03
2.550444332882761955e-03
2.549255499616265297e-03
2.548068063333630562e-03
2.546881092712283134e-03
2.545694820582866669e-03
2.544509246945381165e-03
2.543324371799826622e-03
2.542140195146203041e-03
2.540956716984510422e-03
2.539774170145392418e-03
2.538591623306274414e-03
2.537410240620374680e-03
2.536229556426405907e-03
2.535049337893724442e-03
2.533869585022330284e-03
2.532690763473510742e-03
2.531512407585978508e-03
2.530334750190377235e-03
2.529157791286706924e-03
2.527981530874967575e-03
2.526805736124515533e-03
2.525630407035350800e-03
2.524456009268760681e-03
2.523281611502170563e-03
2.522108377888798714e-03
2.520935842767357826e-03
2.519763540476560593e-03
2.518592169508337975e-03
2.517421031370759010e-03
2.516250126063823700e-03
2.515080152079463005e-03
2.513911109417676926e-03
2.512742532417178154e-03
2.511573722586035728e-03
2.510406076908111572e-03
2.509239129722118378e-03
2.508072182536125183e-03
2.506906166672706604e-03
2.505740383639931679e-03
2.504575066268444061e-03
2.503410913050174713e-03
2.502246759831905365e-03
2.501083072274923325e-03
2.499919850379228592e-03
2.498757094144821167e-03
2.497595502063632011e-03
2.496433211490511894e-03
2.495272550731897354e-03
2.494111657142639160e-03
2.492951462045311928e-03
2.491791732609272003e-03
2.490632468834519386e-03
2.489473437890410423e-03
2.488315105438232422e-03
2.487157005816698074e-03
2.485999604687094688e-03
2.484842203557491302e-03
2.483685733750462532e-03
2.482529496774077415e-03
2.481373492628335953e-03
2.480218186974525452e-03
2.479063114151358604e-03
2.477908506989479065e-03
2.476754365488886833e-03
2.475600922480225563e-03
2.474447013810276985e-03
2.473294502124190331e-03
2.472141524776816368e-03
2.470989245921373367e-03
2.469837665557861328e-03
2.468686085194349289e-03
2.467534970492124557e-03
2.466384554281830788e-03
2.465233905240893364e-03
2.464083954691886902e-03
2.462934004142880440e-03
2.461784984916448593e-03
2.460635965690016747e-03
2.459487412124872208e-03
2.458339091390371323e-03
2.457191003486514091e-03
2.456043614074587822e-03
2.454896457493305206e-03
2.453749533742666245e-03
2.452602842822670937e-03
2.451456617563962936e-03
2.450310625135898590e-03
2.449164865538477898e-03
2.448019804432988167e-03
2.446874743327498436e-03
2.445729915052652359e-03
2.444586018100380898e-03
2.443441655486822128e-03
2.442298224195837975e-03
2.441154560074210167e-03
2.440011594444513321e-03
2.438868861645460129e-03
2.437726128846406937e-03
2.436584094539284706e-03
2.435442060232162476e-03
2.434300491586327553e-03
2.433159155771136284e-03
2.432018285617232323e-03
2.430877415463328362e-03
2.429737010970711708e-03
2.428596839308738708e-03
2.427456900477409363e-03
2.426317427307367325e-03
2.425178186967968941e-03
2.424039179459214211e-03
2.422900404781103134e-03
2.421761862933635712e-03
2.420623786747455597e-03
2.419485943391919136e-03
2.418348565697669983e-03
2.417211188003420830e-03
2.416074275970458984e-03
2.414937363937497139e-03
2.413801150396466255e-03
2.412664704024791718e-03
2.411529188975691795e-03
2.410393673926591873e-03
2.409258391708135605e-03
2.408123575150966644e-03
2.406988991424441338e-03
2.405854873359203339e-03
2.404720755293965340e-03
2.403586870059370995e-03
2.402453450486063957e-03
2.401320729404687881e-03
2.400187542662024498e-03
2.399055054411292076e-03
2.397923031821846962e-03
2.396791009232401848e-03
2.395659685134887695e-03
2.394528593868017197e-03
2.393397735431790352e-03
2.392266876995563507e-03
2.391136717051267624e-03
2.390006789937615395e-03
2.388877561315894127e-03
2.387748332694172859e-03
2.386619569733738899e-03
2.385490806773304939e-03
2.384363207966089249e-03
2.383234910666942596e-03
2.382108010351657867e-03
2.380980644375085831e-03
2.379854442551732063e-03
2.378727775067090988e-03
2.377602038905024529e-03
2.376476535573601723e-03
2.375351497903466225e-03
2.374226925894618034e-03
2.373102353885769844e-03
2.371978713199496269e-03
2.370855305343866348e-03
2.369732363149523735e-03
2.368609886616468430e-03
2.367487410083413124e-03
2.366366097703576088e-03
2.365244785323739052e-03
2.364124171435832977e-03
2.363003790378570557e-03
2.361884107813239098e-03
2.360764658078551292e-03
2.359645906835794449e-03
2.358527621254324913e-03
2.357409568503499031e-03
2.356292447075247765e-03
2.355175558477640152e-03
2.354059135541319847e-03
2.352943411096930504e-03
2.351828152313828468e-03
2.350713592022657394e-03
2.349599264562129974e-03
2.348485868424177170e-03
2.347372937947511673e-03
2.346260705962777138e-03
2.345148473978042603e-03
2.344037173315882683e-03
2.342926803976297379e-03
2.341816667467355728e-03
2.340707462280988693e-03
2.339598955586552620e-03
2.338490448892116547e-03
2.337383339181542397e-03
2.336276229470968246e-03
2.335170283913612366e-03
2.334064804017543793e-03
2.332959789782762527e-03
2.331855706870555878e-03
2.330752322450280190e-03
2.329649636521935463e-03
2.328547881916165352e-03
2.327446592971682549e-03
2.326346002519130707e-03
2.325246343389153481e-03
2.324147149920463562e-03
2.323048887774348259e-03
2.321951789781451225e-03
2.320854691788554192e-03
2.319758990779519081e-03
2.318663755431771278e-03
2.317569684237241745e-03
2.316476078703999519e-03
2.315383637323975563e-03
2.314291428774595261e-03
2.313200384378433228e-03
2.312110736966133118e-03
2.311021089553833008e-03
2.309932839125394821e-03
2.308845287188887596e-03
2.307758666574954987e-03
2.306673210114240646e-03
2.305588219314813614e-03
2.304503927007317543e-03
2.303421497344970703e-03
2.302339067682623863e-03
2.301258035004138947e-03
2.300178166478872299e-03
2.299098530784249306e-03
2.298020524904131889e-03
2.296943217515945435e-03
2.295867074280977249e-03
2.294791862368583679e-03
2.293717348948121071e-03
2.292644232511520386e-03
2.291571814566850662e-03
2.290500560775399208e-03
2.289430238306522369e-03
2.288361079990863800e-03
2.287293085828423500e-03
2.286225790157914162e-03
2.285159658640623093e-03
2.284094924107193947e-03
2.283031120896339417e-03
2.281968016177415848e-03
2.280906308442354202e-03
2.279845299199223518e-03
2.278786152601242065e-03
2.277727471664547920e-03
2.276670187711715698e-03
2.275614067912101746e-03
2.274558879435062408e-03
2.273505087941884995e-03
2.272452227771282196e-03
2.271400531753897667e-03
2.270349534228444099e-03
2.269300166517496109e-03
2.268251962959766388e-03
2.267204923555254936e-03
2.266159048303961754e-03
2.265114104375243187e-03
2.264070790261030197e-03
2.263028407469391823e-03
2.261987188830971718e-03
2.260947134345769882e-03
2.259908011183142662e-03
2.258870750665664673e-03
2.257834188640117645e-03
2.256799256429076195e-03
2.255765255540609360e-03
2.254732418805360794e-03
2.253700746223330498e-03
2.252670703455805779e-03
2.251641359180212021e-03
2.250613644719123840e-03
2.249587327241897583e-03
2.248561941087245941e-03
2.247537719085812569e-03
2.246514661237597466e-03
2.245493233203887939e-03
2.244472969323396683e-03
2.243453636765480042e-03
2.242435934022068977e-03
2.241418929770588875e-03
2.240404020994901657e-03
2.239389810711145401e-03
2.238376997411251068e-03
2.237365115433931351e-03
2.236354863271117210e-03
2.235346008092164993e-03
2.234338084235787392e-03
2.233331790193915367e-03
2.232326660305261612e-03
2.231322694569826126e-03
2.230320125818252563e-03
2.229318721219897270e-03
2.228318480774760246e-03
2.227320102974772453e-03
2.226322190836071968e-03
2.225325908511877060e-03
2.224330790340900421e-03
2.223337301984429359e-03
2.222344744950532913e-03
2.221354050561785698e-03
2.220364054664969444e-03
2.219375688582658768e-03
2.218388253822922707e-03
2.217402216047048569e-03
2.216417808085680008e-03
2.215434098616242409e-03
2.214452018961310387e-03
2.213471336290240288e-03
2.212491817772388458e-03
2.211513463407754898e-03
2.210536506026983261e-03
2.209561178460717201e-03
2.208586549386382103e-03
2.207613317295908928e-03
2.206641482189297676e-03
2.205671044066548347e-03
2.204701537266373634e-03
2.203733660280704498e-03
2.202766714617609978e-03
2.201801398769021034e-03
2.200837014243006706e-03
2.199874026700854301e-03
2.198911970481276512e-03
2.197951776906847954e-03
2.196992747485637665e-03
2.196035115048289299e-03
2.195078181102871895e-03
