3.782840503845363855e-04
3.782821586355566978e-04
3.782802959904074669e-04
3.782783751375973225e-04
3.782765707001090050e-04
3.782747371587902308e-04
3.782728163059800863e-04
3.782709245570003986e-04
3.782690619118511677e-04
3.782671992667019367e-04
3.782652784138917923e-04
3.782634157687425613e-04
3.782616113312542439e-04
3.782597195822745562e-04
3.782578569371253252e-04
3.782559360843151808e-04
3.782540734391659498e-04
3.782522398978471756e-04
3.782503481488674879e-04
3.782485146075487137e-04
3.782465937547385693e-04
3.782447311095893383e-04
3.782428975682705641e-04
3.782410058192908764e-04
3.782391431741416454e-04
3.782372514251619577e-04
3.782354178838431835e-04
3.782335261348634958e-04
3.782316343858838081e-04
3.782297717407345772e-04
3.782279090955853462e-04
3.782260755542665720e-04
3.782241838052868843e-04
3.782222629524767399e-04
3.782204294111579657e-04
3.782185958698391914e-04
3.782167041208595037e-04
3.782148123718798161e-04
3.782129788305610418e-04
3.782110579777508974e-04
3.782091953326016665e-04
3.782073326874524355e-04
3.782054118346422911e-04
3.782036365009844303e-04
3.782017156481742859e-04
3.781998238991945982e-04
3.781979612540453672e-04
3.781961568165570498e-04
3.781942941714078188e-04
3.781924024224281311e-04
3.781905688811093569e-04
3.781886189244687557e-04
3.781867562793195248e-04
3.781848936341702938e-04
3.781830309890210629e-04
3.781812265515327454e-04
3.781793056987226009e-04
3.781774430535733700e-04
3.781755804084241390e-04
3.781737468671053648e-04
3.781718842219561338e-04
3.781699342653155327e-04
3.781681007239967585e-04
3.781662089750170708e-04
3.781643463298678398e-04
3.781625127885490656e-04
3.781606792472302914e-04
3.781587874982506037e-04
3.781568666454404593e-04
3.781550040002912283e-04
3.781531413551419973e-04
3.781512496061623096e-04
3.781494742725044489e-04
3.781475534196943045e-04
3.781456907745450735e-04
3.781437990255653858e-04
3.781419945880770683e-04
3.781401028390973806e-04
3.781381528824567795e-04
3.781363484449684620e-04
3.781344275921583176e-04
3.781326522585004568e-04
3.781307605095207691e-04
3.781288978643715382e-04
3.781270061153918505e-04
3.781250852625817060e-04
3.781232808250933886e-04
3.781213890761137009e-04
3.781195555347949266e-04
3.781176928896456957e-04
3.781158302444964647e-04
3.781139384955167770e-04
3.781121340580284595e-04
3.781102714128792286e-04
3.781083505600690842e-04
3.781064879149198532e-04
3.781046543736010790e-04
3.781027917284518480e-04
3.781009290833026171e-04
3.780990082304924726e-04
3.780971455853432417e-04
3.780953120440244675e-04
3.780934202950447798e-04
3.780915576498955488e-04
3.780897241085767746e-04
3.780878323595970869e-04
3.780859988182783127e-04
3.780841361731290817e-04
3.780822735279798508e-04
3.780804690904915333e-04
3.780786064453423023e-04
3.780766855925321579e-04
3.780748229473829269e-04
3.780729311984032393e-04
3.780710685532540083e-04
3.780692059081047773e-04
3.780673432629555464e-04
3.780654806178063154e-04
3.780635888688266277e-04
3.780617844313383102e-04
3.780598635785281658e-04
3.780580009333789349e-04
3.780561964958906174e-04
3.780542756430804729e-04
3.780524129979312420e-04
3.780505794566124678e-04
3.780487168114632368e-04
3.780468541663140059e-04
3.780449915211647749e-04
3.780431288760155439e-04
3.780412080232053995e-04
3.780393744818866253e-04
3.780375409405678511e-04
3.780356782954186201e-04
3.780337865464389324e-04
3.780319239012897015e-04
3.780301194638013840e-04
3.780282277148216963e-04
3.780263359658420086e-04
3.780245315283536911e-04
3.780226106755435467e-04
3.780207771342247725e-04
3.780189435929059982e-04
3.780170518439263105e-04
3.780151891987770796e-04
3.780134138651192188e-04
3.780115221161395311e-04
3.780096594709903002e-04
3.780077386181801558e-04
3.780059341806918383e-04
3.780040424317121506e-04
3.780021797865629196e-04
3.780003171414136887e-04
3.779984544962644577e-04
3.779966209549456835e-04
3.779947001021355391e-04
3.779928665608167648e-04
3.779910621233284473e-04
3.779891994781792164e-04
3.779872786253690720e-04
3.779854741878807545e-04
3.779835824389010668e-04
3.779817488975822926e-04
3.779798862524330616e-04
3.779779945034533739e-04
3.779761900659650564e-04
3.779742692131549120e-04
3.779724647756665945e-04
3.779706021305173635e-04
3.779686812777072191e-04
3.779668768402189016e-04
3.779650141950696707e-04
3.779631515499204397e-04
3.779612889047712088e-04
3.779594553634524345e-04
3.779575636144727468e-04
3.779557300731539726e-04
3.779538674280047417e-04
3.779519465751945972e-04
3.779501421377062798e-04
3.779482794925570488e-04
3.779464459512382746e-04
3.779446124099195004e-04
3.779426915571093559e-04
3.779408871196210384e-04
3.779390244744718075e-04
3.779371327254921198e-04
3.779353282880038023e-04
3.779334656428545713e-04
3.779315738938748837e-04
3.779297112487256527e-04
3.779279359150677919e-04
3.779260441660881042e-04
3.779241233132779598e-04
3.779222897719591856e-04
3.779204271268099546e-04
3.779185644816607237e-04
3.779167018365114927e-04
3.779148682951927185e-04
3.779130347538739443e-04
3.779111721087247133e-04
3.779093385674059391e-04
3.779074759222567081e-04
3.779056423809379339e-04
3.779037506319582462e-04
3.779018879868090153e-04
3.779000253416597843e-04
3.778981626965105534e-04
3.778963000513613224e-04
3.778944374062120914e-04
3.778926038648933172e-04
3.778908285312354565e-04
3.778889076784253120e-04
3.778870450332760811e-04
3.778852405957877636e-04
3.778833488468080759e-04
3.778814862016588449e-04
3.778796235565096140e-04
3.778777900151908398e-04
3.778759564738720655e-04
3.778740356210619211e-04
3.778722020797431469e-04
3.778703685384243727e-04
3.778685349971055984e-04
3.778666432481259108e-04
3.778648388106375933e-04
3.778629761654883623e-04
3.778611717280000448e-04
3.778592508751899004e-04
3.778573882300406694e-04
3.778555837925523520e-04
3.778536920435726643e-04
3.778518585022538900e-04
3.778499958571046591e-04
3.778481914196163416e-04
3.778462996706366539e-04
3.778444370254874229e-04
3.778425452765077353e-04
3.778407699428498745e-04
3.778389364015311003e-04
3.778370737563818693e-04
3.778351529035717249e-04
3.778333193622529507e-04
3.778314567171037197e-04
3.778296813834458590e-04
3.778277314268052578e-04
3.778259269893169403e-04
3.778241225518286228e-04
3.778222016990184784e-04
3.778203681576997042e-04
3.778185928240418434e-04
3.778166719712316990e-04
3.778148384299129248e-04
3.778129175771027803e-04
3.778110840357840061e-04
3.778093378059566021e-04
3.778074169531464577e-04
3.778055543079972267e-04
3.778037207666784525e-04
3.778018872253596783e-04
3.778000536840409040e-04
3.777981910388916731e-04
3.777962701860815287e-04
3.777944657485932112e-04
3.777926322072744370e-04
3.777907986659556627e-04
3.777889360208064318e-04
3.777871024794876575e-04
3.777852398343384266e-04
3.777834353968501091e-04
3.777815436478704214e-04
3.777797101065516472e-04
3.777778765652328730e-04
3.777759848162531853e-04
3.777740930672734976e-04
3.777722886297851801e-04
3.777704550884664059e-04
3.777686506509780884e-04
3.777667880058288574e-04
3.777648962568491697e-04
3.777630627155303955e-04
3.777612291742116213e-04
3.777593665290623903e-04
3.777575620915740728e-04
3.777556412387639284e-04
3.777538368012756109e-04
3.777520323637872934e-04
3.777501697186380625e-04
3.777483361773192883e-04
3.777464735321700573e-04
3.777445235755294561e-04
3.777427773457020521e-04
3.777408564928919077e-04
3.777390811592340469e-04
3.777372476179152727e-04
3.777354140765964985e-04
3.777335223276168108e-04
3.777317178901284933e-04
3.777297970373183489e-04
3.777280217036604881e-04
3.777261299546808004e-04
3.777242673095315695e-04
3.777224919758737087e-04
3.777206293307244778e-04
3.777187957894057035e-04
3.777169040404260159e-04
3.777150704991072416e-04
3.777131496462970972e-04
3.777112870011478662e-04
3.777095116674900055e-04
3.777077072300016880e-04
3.777058736886829138e-04
3.777039528358727694e-04
3.777021483983844519e-04
3.777003148570656776e-04
3.776985104195773602e-04
3.776965895667672157e-04
3.776947851292788982e-04
3.776929515879601240e-04
3.776910889428108931e-04
3.776891971938312054e-04
3.776873636525124311e-04
3.776855010073632002e-04
3.776837256737053394e-04
3.776818339247256517e-04
3.776800294872373343e-04
3.776781668420881033e-04
3.776762459892779589e-04
3.776744706556200981e-04
3.776726371143013239e-04
3.776708617806434631e-04
3.776690282393246889e-04
3.776671073865145445e-04
3.776652738451957703e-04
3.776634112000465393e-04
3.776615194510668516e-04
3.776596859097480774e-04
3.776578814722597599e-04
3.776560188271105289e-04
3.776542143896222115e-04
3.776523226406425238e-04
3.776504890993237495e-04
3.776486264541745186e-04
3.776467929128557444e-04
3.776449302677065134e-04
3.776430676225572824e-04
3.776412922888994217e-04
3.776394587475806475e-04
3.776376252062618732e-04
3.776357625611126423e-04
3.776339872274547815e-04
3.776320954784750938e-04
3.776302328333258629e-04
3.776284283958375454e-04
3.776265075430274010e-04
3.776247031055390835e-04
3.776228986680507660e-04
3.776210651267319918e-04
3.776192315854132175e-04
3.776173398364335299e-04
3.776154771912842989e-04
3.776137018576264381e-04
3.776118392124772072e-04
3.776100056711584330e-04
3.776081430260092020e-04
3.776063094846904278e-04
3.776044759433716536e-04
3.776026132982224226e-04
3.776008088607341051e-04
3.775989462155848742e-04
3.775971417780965567e-04
3.775952791329473257e-04
3.775934455916285515e-04
3.775916411541402340e-04
3.775897494051605463e-04
3.775879449676722288e-04
3.775860823225229979e-04
3.775842487812042236e-04
3.775824152398854494e-04
3.775805525947362185e-04
3.775787772610783577e-04
3.775769146159291267e-04
3.775751101784408092e-04
3.775731893256306648e-04
3.775713848881423473e-04
3.775695513468235731e-04
3.775677469093352556e-04
3.775658260565251112e-04
3.775640507228672504e-04
3.775621880777180195e-04
3.775603836402297020e-04
3.775584627874195576e-04
3.775566583499312401e-04
3.775548539124429226e-04
3.775529912672936916e-04
3.775511286221444607e-04
3.775492659769952297e-04
3.775474615395069122e-04
3.775456571020185947e-04
3.775437944568693638e-04
3.775419609155505896e-04
3.775400982704013586e-04
3.775382647290825844e-04
3.775364602915942669e-04
3.775346267502754927e-04
3.775327641051262617e-04
3.775309305638074875e-04
3.775291261263191700e-04
3.775273216888308525e-04
3.775254299398511648e-04
3.775236255023628473e-04
3.775217628572136164e-04
3.775199002120643854e-04
3.775181248784065247e-04
3.775162331294268370e-04
3.775143995881080627e-04
3.775125660467892885e-04
3.775107907131314278e-04
3.775089280679821968e-04
3.775070654228329659e-04
3.775052027776837349e-04
3.775033983401954174e-04
3.775015356950461864e-04
3.774997312575578690e-04
3.774978977162390947e-04
3.774960641749203205e-04
3.774942015297710896e-04
3.774923679884523153e-04
3.774905344471335411e-04
3.774886718019843102e-04
3.774868382606655359e-04
3.774850338231772184e-04
3.774831711780279875e-04
3.774813667405396700e-04
3.774795040953904390e-04
3.774776996579021215e-04
3.774758952204138041e-04
3.774740616790950298e-04
3.774722572416067123e-04
3.774703363887965679e-04
3.774685319513082504e-04
3.774666693061590195e-04
3.774648648686707020e-04
3.774629731196910143e-04
3.774611977860331535e-04
3.774593060370534658e-04
3.774575015995651484e-04
3.774556971620768309e-04
3.774538636207580566e-04
3.774520009756088257e-04
3.774501674342900515e-04
3.774483338929712772e-04
3.774465294554829597e-04
3.774446377065032721e-04
3.774427750613540411e-04
3.774410288315266371e-04
3.774391661863774061e-04
3.774373035412281752e-04
3.774354991037398577e-04
3.774336946662515402e-04
3.774318320211023092e-04
3.774299984797835350e-04
3.774281940422952175e-04
3.774263896048069000e-04
3.774245851673185825e-04
3.774227225221693516e-04
3.774208598770201206e-04
3.774190263357013464e-04
3.774171927943825722e-04
3.774153883568942547e-04
3.774135548155754805e-04
3.774116921704262495e-04
3.774098877329379320e-04
3.774080832954496145e-04
3.774062497541308403e-04
3.774042997974902391e-04
3.774024953600019217e-04
3.774006618186831474e-04
3.773988282773643732e-04
3.773970238398760557e-04
3.773952485062181950e-04
3.773933858610689640e-04
3.773915814235806465e-04
3.773897478822618723e-04
3.773879434447735548e-04
3.773860516957938671e-04
3.773841599468141794e-04
3.773824137169867754e-04
3.773805801756680012e-04
3.773787466343492270e-04
3.773769421968609095e-04
3.773750795517116785e-04
3.773733042180538177e-04
3.773714415729045868e-04
3.773695789277553558e-04
3.773677453864365816e-04
3.773658827412873507e-04
3.773640491999685764e-04
3.773622447624802589e-04
3.773603821173310280e-04
