5.790228024125099182e-04
5.790209979750216007e-04
5.790189607068896294e-04
5.790172144770622253e-04
5.790152936242520809e-04
5.790133727714419365e-04
5.790114519186317921e-04
5.790095310658216476e-04
5.790076684206724167e-04
5.790056893602013588e-04
5.790037685073912144e-04
5.790019640699028969e-04
5.789999850094318390e-04
5.789980641566216946e-04
5.789962015114724636e-04
5.789942806586623192e-04
5.789925344288349152e-04
5.789905553683638573e-04
5.789886345155537128e-04
5.789867136627435684e-04
5.789848510175943375e-04
5.789830465801060200e-04
5.789810675196349621e-04
5.789792048744857311e-04
5.789772840216755867e-04
5.789753631688654423e-04
5.789734423160552979e-04
5.789714632555842400e-04
5.789696588180959225e-04
5.789677379652857780e-04
5.789658753201365471e-04
5.789640708826482296e-04
5.789620336145162582e-04
5.789602291770279408e-04
5.789583083242177963e-04
5.789563874714076519e-04
5.789545248262584209e-04
5.789526621811091900e-04
5.789507995359599590e-04
5.789488786831498146e-04
5.789469578303396702e-04
5.789450369775295258e-04
5.789432325400412083e-04
5.789412534795701504e-04
5.789393326267600060e-04
5.789374117739498615e-04
5.789355491288006306e-04
5.789337446913123131e-04
5.789317656308412552e-04
5.789297865703701973e-04
5.789279821328818798e-04
5.789260612800717354e-04
5.789241986349225044e-04
5.789222777821123600e-04
5.789203569293022156e-04
5.789186689071357250e-04
5.789166316390037537e-04
5.789147107861936092e-04
5.789129063487052917e-04
5.789110437035560608e-04
5.789090064354240894e-04
5.789071437902748585e-04
5.789052811451256275e-04
5.789033602923154831e-04
5.789014394395053387e-04
5.788995767943561077e-04
5.788977723568677902e-04
5.788957932963967323e-04
5.788939306512475014e-04
5.788920680060982704e-04
5.788902053609490395e-04
5.788882845081388950e-04
5.788863636553287506e-04
5.788843845948576927e-04
5.788825801573693752e-04
5.788807175122201443e-04
5.788787966594099998e-04
5.788768758065998554e-04
5.788749549537897110e-04
5.788730923086404800e-04
5.788712296634912491e-04
5.788692506030201912e-04
5.788674461655318737e-04
5.788655253127217293e-04
5.788636626675724983e-04
5.788617418147623539e-04
5.788598791696131229e-04
5.788579583168029785e-04
5.788560956716537476e-04
5.788542330265045166e-04
5.788522539660334587e-04
5.788503913208842278e-04
5.788485286757349968e-04
5.788467242382466793e-04
5.788447451777756214e-04
5.788428825326263905e-04
5.788409616798162460e-04
5.788390990346670151e-04
5.788371781818568707e-04
5.788353155367076397e-04
5.788334528915584087e-04
5.788315902464091778e-04
5.788296111859381199e-04
5.788276903331279755e-04
5.788258858956396580e-04
5.788240232504904270e-04
5.788221606053411961e-04
5.788202397525310516e-04
5.788183188997209072e-04
5.788165144622325897e-04
5.788145936094224453e-04
5.788126727566123009e-04
5.788108101114630699e-04
5.788089474663138390e-04
5.788070848211646080e-04
5.788051639683544636e-04
5.788031849078834057e-04
5.788013222627341747e-04
5.787994014099240303e-04
5.787975969724357128e-04
5.787956761196255684e-04
5.787938134744763374e-04
5.787919508293271065e-04
5.787899717688560486e-04
5.787881673313677311e-04
5.787863046862185001e-04
5.787843256257474422e-04
5.787824629805982113e-04
5.787805421277880669e-04
5.787786212749779224e-04
5.787768168374896049e-04
5.787748959846794605e-04
5.787730333395302296e-04
5.787711124867200851e-04
5.787693080492317677e-04
5.787674454040825367e-04
5.787655245512723923e-04
5.787636036984622478e-04
5.787616828456521034e-04
5.787597619928419590e-04
5.787579575553536415e-04
5.787560367025434971e-04
5.787541158497333527e-04
5.787523114122450352e-04
5.787503905594348907e-04
5.787485861219465733e-04
5.787466070614755154e-04
5.787448026239871979e-04
5.787428817711770535e-04
5.787409027107059956e-04
5.787390982732176781e-04
5.787372356280684471e-04
5.787353147752583027e-04
5.787333939224481583e-04
5.787316476926207542e-04
5.787296104244887829e-04
5.787277477793395519e-04
5.787258851341903210e-04
5.787240224890410900e-04
5.787221016362309456e-04
5.787202971987426281e-04
5.787183763459324837e-04
5.787164554931223392e-04
5.787145346403121948e-04
5.787127302028238773e-04
5.787108675576746464e-04
5.787088884972035885e-04
5.787070258520543575e-04
5.787051049992442131e-04
5.787031841464340687e-04
5.787013797089457512e-04
5.786995752714574337e-04
5.786976544186472893e-04
5.786957335658371449e-04
5.786938709206879139e-04
5.786920082755386829e-04
5.786900874227285385e-04
5.786881665699183941e-04
5.786863039247691631e-04
5.786844412796199322e-04
5.786826368421316147e-04
5.786807159893214703e-04
5.786788533441722393e-04
5.786769324913620949e-04
5.786750116385519505e-04
5.786731489934027195e-04
5.786712863482534885e-04
5.786693654954433441e-04
5.786674446426331997e-04
5.786656402051448822e-04
5.786638357676565647e-04
5.786617984995245934e-04
5.786599358543753624e-04
5.786580150015652180e-04
5.786562687717378139e-04
5.786542897112667561e-04
5.786524852737784386e-04
5.786505062133073807e-04
5.786486435681581497e-04
5.786467809230089188e-04
5.786449182778596878e-04
5.786429974250495434e-04
5.786412511952221394e-04
5.786392139270901680e-04
5.786374676972627640e-04
5.786354886367917061e-04
5.786335677839815617e-04
5.786317633464932442e-04
5.786299007013440132e-04
5.786280380561947823e-04
5.786261754110455513e-04
5.786242545582354069e-04
5.786224501207470894e-04
5.786205874755978584e-04
5.786186666227877140e-04
5.786166875623166561e-04
5.786148831248283386e-04
5.786130204796791077e-04
5.786110996268689632e-04
5.786092369817197323e-04
5.786072579212486744e-04
5.786055116914212704e-04
5.786035908386111259e-04
5.786017281934618950e-04
5.785998073406517506e-04
5.785980029031634331e-04
5.785961402580142021e-04
5.785942776128649712e-04
5.785923567600548267e-04
5.785904359072446823e-04
5.785885732620954514e-04
5.785867106169462204e-04
5.785847897641360760e-04
5.785829271189868450e-04
5.785810644738376141e-04
5.785792600363492966e-04
5.785773391835391521e-04
5.785754183307290077e-04
5.785734974779188633e-04
5.785716930404305458e-04
5.785697721876204014e-04
5.785679095424711704e-04
5.785660468973219395e-04
5.785640678368508816e-04
5.785623216070234776e-04
5.785604589618742466e-04
5.785585381090641022e-04
5.785566172562539577e-04
5.785548128187656403e-04
5.785528919659554958e-04
5.785510293208062649e-04
5.785491666756570339e-04
5.785473040305078030e-04
5.785453831776976585e-04
5.785435205325484276e-04
5.785415996797382832e-04
5.785396788269281387e-04
5.785379325971007347e-04
5.785360117442905903e-04
5.785341490991413593e-04
5.785322864539921284e-04
5.785304238088428974e-04
5.785285029560327530e-04
5.785265821032226086e-04
5.785247776657342911e-04
5.785229150205850601e-04
5.785210523754358292e-04
5.785191315226256847e-04
5.785172688774764538e-04
5.785153480246663094e-04
5.785135435871779919e-04
5.785116227343678474e-04
5.785097600892186165e-04
5.785078392364084721e-04
5.785059765912592411e-04
5.785042303614318371e-04
5.785023095086216927e-04
5.785003886558115482e-04
5.784985260106623173e-04
5.784967797808349133e-04
5.784948007203638554e-04
5.784928216598927975e-04
5.784910754300653934e-04
5.784892127849161625e-04
5.784873501397669315e-04
5.784853710792958736e-04
5.784836248494684696e-04
5.784817622043192387e-04
5.784798413515090942e-04
5.784779787063598633e-04
5.784761160612106323e-04
5.784742534160614014e-04
5.784722743555903435e-04
5.784704117104411125e-04
5.784686072729527950e-04
5.784667446278035641e-04
5.784647655673325062e-04
5.784629611298441887e-04
5.784610984846949577e-04
5.784592358395457268e-04
5.784573731943964958e-04
5.784555105492472649e-04
5.784536479040980339e-04
5.784517270512878895e-04
5.784499226137995720e-04
5.784480017609894276e-04
5.784460809081792831e-04
5.784442764706909657e-04
5.784423556178808212e-04
5.784405511803925037e-04
5.784386885352432728e-04
5.784368258900940418e-04
5.784349632449448109e-04
5.784330423921346664e-04
5.784311215393245220e-04
5.784292588941752911e-04
5.784273962490260601e-04
5.784254753962159157e-04
5.784236709587275982e-04
5.784218083135783672e-04
5.784199456684291363e-04
5.784180830232799053e-04
5.784162203781306744e-04
5.784142995253205299e-04
5.784124368801712990e-04
5.784105742350220680e-04
5.784087115898728371e-04
5.784069071523845196e-04
5.784049862995743752e-04
5.784030654467642307e-04
5.784012028016149998e-04
5.783993983641266823e-04
5.783975357189774513e-04
5.783956148661673069e-04
5.783936940133571625e-04
5.783919477835297585e-04
5.783900851383805275e-04
5.783881060779094696e-04
5.783862434327602386e-04
5.783843807876110077e-04
5.783825181424617767e-04
5.783807137049734592e-04
5.783788510598242283e-04
5.783769884146749973e-04
5.783751257695257664e-04
5.783732049167156219e-04
5.783713422715663910e-04
5.783694214187562466e-04
5.783676169812679291e-04
5.783656961284577847e-04
5.783638916909694672e-04
5.783620872534811497e-04
5.783601664006710052e-04
5.783583037555217743e-04
5.783563829027116299e-04
5.783545784652233124e-04
5.783527158200740814e-04
5.783508531749248505e-04
5.783489905297756195e-04
5.783470696769654751e-04
5.783452070318162441e-04
5.783433443866670132e-04
5.783414817415177822e-04
5.783396190963685513e-04
5.783376982435584068e-04
5.783358355984091759e-04
5.783340311609208584e-04
5.783322267234325409e-04
5.783303058706223965e-04
5.783284432254731655e-04
5.783265805803239346e-04
5.783247179351747036e-04
5.783228552900254726e-04
5.783209926448762417e-04
5.783191299997270107e-04
5.783172673545777798e-04
5.783154047094285488e-04
5.783134256489574909e-04
5.783115630038082600e-04
5.783097003586590290e-04
5.783078959211707115e-04
5.783060332760214806e-04
5.783041706308722496e-04
5.783023079857230186e-04
5.783005035482347012e-04
5.782985826954245567e-04
5.782967200502753258e-04
5.782949156127870083e-04
5.782929947599768639e-04
5.782910739071667194e-04
5.782892112620174885e-04
5.782874068245291710e-04
5.782855441793799400e-04
5.782836815342307091e-04
5.782817606814205647e-04
5.782799562439322472e-04
5.782780353911221027e-04
5.782762309536337852e-04
5.782743683084845543e-04
5.782724474556744099e-04
5.782705848105251789e-04
5.782686639577150345e-04
5.782668595202267170e-04
5.782649968750774860e-04
5.782630760222673416e-04
5.782613880001008511e-04
5.782594671472907066e-04
5.782575462944805622e-04
5.782556254416704178e-04
5.782538792118430138e-04
5.782519583590328693e-04
5.782500957138836384e-04
5.782482912763953209e-04
5.782464286312460899e-04
5.782445077784359455e-04
5.782426451332867146e-04
5.782407824881374836e-04
5.782390362583100796e-04
5.782371154054999352e-04
5.782352527603507042e-04
5.782333319075405598e-04
5.782315274700522423e-04
5.782296066172420979e-04
5.782277439720928669e-04
5.782258813269436359e-04
5.782240186817944050e-04
5.782221560366451740e-04
5.782203515991568565e-04
5.782184889540076256e-04
5.782166263088583946e-04
5.782147054560482502e-04
5.782129010185599327e-04
5.782109801657497883e-04
5.782092339359223843e-04
5.782073130831122398e-04
5.782054504379630089e-04
5.782036460004746914e-04
5.782017251476645470e-04
5.781997460871934891e-04
5.781979998573660851e-04
5.781961954198777676e-04
5.781942745670676231e-04
5.781924119219183922e-04
5.781905492767691612e-04
5.781887448392808437e-04
5.781868239864706993e-04
5.781849613413214684e-04
5.781830986961722374e-04
5.781812942586839199e-04
5.781793734058737755e-04
5.781775689683854580e-04
5.781757645308971405e-04
5.781738436780869961e-04
5.781719228252768517e-04
5.781700601801276207e-04
5.781682557426393032e-04
5.781663930974900723e-04
5.781645886600017548e-04
5.781627842225134373e-04
5.781607469543814659e-04
5.781589425168931484e-04
5.781570798717439175e-04
5.781552754342556000e-04
5.781532963737845421e-04
5.781515501439571381e-04
5.781496874988079071e-04
5.781478248536586761e-04
5.781459622085094452e-04
5.781441577710211277e-04
5.781422369182109833e-04
5.781403742730617523e-04
5.781385698355734348e-04
5.781367071904242039e-04
5.781348445452749729e-04
5.781329236924648285e-04
5.781311192549765110e-04
5.781292566098272800e-04
5.781273939646780491e-04
5.781255313195288181e-04
5.781237268820405006e-04
5.781218060292303562e-04
5.781200015917420387e-04
5.781180807389318943e-04
5.781163345091044903e-04
5.781144136562943459e-04
5.781124928034842014e-04
5.781106883659958839e-04
5.781088257208466530e-04
5.781069630756974220e-04
5.781051586382091045e-04
5.781032377853989601e-04
5.781013751402497292e-04
5.780995707027614117e-04
5.780977080576121807e-04
5.780958454124629498e-04
5.780939827673137188e-04
5.780921201221644878e-04
5.780902574770152569e-04
5.780884530395269394e-04
5.780865903943777084e-04
