4.783858312293887138e-04
4.783839103765785694e-04
4.783820768352597952e-04
4.783802141901105642e-04
4.783783515449613333e-04
4.783765180036425591e-04
4.783745680470019579e-04
4.783727636095136404e-04
4.783708136528730392e-04
4.783689510077238083e-04
4.783670883625745773e-04
4.783651966135948896e-04
4.783633630722761154e-04
4.783614131156355143e-04
4.783596086781471968e-04
4.783576878253370523e-04
4.783558251801878214e-04
4.783539334312081337e-04
4.783520707860589027e-04
4.783502081409096718e-04
4.783483454957604408e-04
4.783464537467807531e-04
4.783445911016315222e-04
4.783427284564822912e-04
4.783408076036721468e-04
4.783389158546924591e-04
4.783371114172041416e-04
4.783351905643939972e-04
4.783333279192447662e-04
4.783314361702650785e-04
4.783295735251158476e-04
4.783277399837970734e-04
4.783258482348173857e-04
4.783239855896681547e-04
4.783221229445189238e-04
4.783202311955392361e-04
4.783183103427290916e-04
4.783164476975798607e-04
4.783146432600915432e-04
4.783127806149423122e-04
4.783107724506407976e-04
4.783089098054915667e-04
4.783071635756641626e-04
4.783052427228540182e-04
4.783034382853657007e-04
4.783015174325555563e-04
4.782995674759149551e-04
4.782977048307657242e-04
4.782959003932774067e-04
4.782940377481281757e-04
4.782921168953180313e-04
4.782902833539992571e-04
4.782883625011891127e-04
4.782864998560398817e-04
4.782846081070601940e-04
4.782827745657414198e-04
4.782809119205921888e-04
4.782790201716125011e-04
4.782772157341241837e-04
4.782752948813140392e-04
4.782734322361648083e-04
4.782715404871851206e-04
4.782696196343749762e-04
4.782677569892257452e-04
4.782659525517374277e-04
4.782640316989272833e-04
4.782621981576085091e-04
4.782603355124592781e-04
4.782585019711405039e-04
4.782566102221608162e-04
4.782547475770115852e-04
4.782528849318623543e-04
4.782509931828826666e-04
4.782491305377334356e-04
4.782472096849232912e-04
4.782453470397740602e-04
4.782435426022857428e-04
4.782416217494755983e-04
4.782397300004959106e-04
4.782379255630075932e-04
4.782360629178583622e-04
4.782342002727091312e-04
4.782322503160685301e-04
4.782304167747497559e-04
4.782284668181091547e-04
4.782266623806208372e-04
4.782247415278106928e-04
4.782229079864919186e-04
4.782210453413426876e-04
4.782192118000239134e-04
4.782173200510442257e-04
4.782154574058949947e-04
4.782135947607457638e-04
4.782116448041051626e-04
4.782098694704473019e-04
4.782079777214676142e-04
4.782061441801488400e-04
4.782042524311691523e-04
4.782023315783590078e-04
4.782005271408706903e-04
4.781986644957214594e-04
4.781968018505722284e-04
4.781949101015925407e-04
4.781929892487823963e-04
4.781910974998027086e-04
4.781893221661448479e-04
4.781874304171651602e-04
4.781855968758463860e-04
4.781837342306971550e-04
4.781818424817174673e-04
4.781799216289073229e-04
4.781780589837580919e-04
4.781762545462697744e-04
4.781743919011205435e-04
4.781725874636322260e-04
4.781706666108220816e-04
4.781687166541814804e-04
4.781668540090322495e-04
4.781650495715439320e-04
4.781631578225642443e-04
4.781613242812454700e-04
4.781594325322657824e-04
4.781575698871165514e-04
4.781557072419673204e-04
4.781538154929876328e-04
4.781519819516688585e-04
4.781500902026891708e-04
4.781481693498790264e-04
4.781463649123907089e-04
4.781445022672414780e-04
4.781425814144313335e-04
4.781407769769430161e-04
4.781389143317937851e-04
4.781371098943054676e-04
4.781352181453257799e-04
4.781332972925156355e-04
4.781314928550273180e-04
4.781295720022171736e-04
4.781276802532374859e-04
4.781258467119187117e-04
4.781240131705999374e-04
4.781221796292811632e-04
4.781202878803014755e-04
4.781184252351522446e-04
4.781165043823421001e-04
4.781146417371928692e-04
4.781127790920436382e-04
4.781109455507248640e-04
4.781090829055756330e-04
4.781072202604264021e-04
4.781053576152771711e-04
4.781034367624670267e-04
4.781015741173177958e-04
4.780997405759990215e-04
4.780979070346802473e-04
4.780960152857005596e-04
4.780942108482122421e-04
4.780923482030630112e-04
4.780904273502528667e-04
4.780885647051036358e-04
4.780867602676153183e-04
4.780848394148051739e-04
4.780829767696559429e-04
4.780811432283371687e-04
4.780793096870183945e-04
4.780774179380387068e-04
4.780755552928894758e-04
4.780736926477402449e-04
4.780718300025910139e-04
4.780699382536113262e-04
4.780681047122925520e-04
4.780662129633128643e-04
4.780643503181636333e-04
4.780624876730144024e-04
4.780606832355260849e-04
4.780588205903768539e-04
4.780568997375667095e-04
4.780550370924174786e-04
4.780532326549291611e-04
4.780513700097799301e-04
4.780495073646306992e-04
4.780476447194814682e-04
4.780457529705017805e-04
4.780438903253525496e-04
4.780419694725424051e-04
4.780401650350540876e-04
4.780383023899048567e-04
4.780364979524165392e-04
4.780346062034368515e-04
4.780327435582876205e-04
4.780308809131383896e-04
4.780290182679891586e-04
4.780271556228399277e-04
4.780252347700297832e-04
4.780234303325414658e-04
4.780215385835617781e-04
4.780197050422430038e-04
4.780178423970937729e-04
4.780160088557749987e-04
4.780140880029648542e-04
4.780122835654765368e-04
4.780104500241577625e-04
4.780085582751780748e-04
4.780067538376897573e-04
4.780048911925405264e-04
4.780029703397303820e-04
4.780012241099029779e-04
4.779993032570928335e-04
4.779974115081131458e-04
4.779955488629639149e-04
4.779936862178146839e-04
4.779917653650045395e-04
4.779899027198553085e-04
4.779881564900279045e-04
4.779862356372177601e-04
4.779843729920685291e-04
4.779825103469192982e-04
4.779806477017700672e-04
4.779788432642817497e-04
4.779769515153020620e-04
4.779750888701528311e-04
4.779732262250036001e-04
4.779713635798543692e-04
4.779695591423660517e-04
4.779676964972168207e-04
4.779657756444066763e-04
4.779639129992574453e-04
4.779621085617691278e-04
4.779603041242808104e-04
4.779584414791315794e-04
4.779565788339823484e-04
4.779546870850026608e-04
4.779528535436838865e-04
4.779510491061955690e-04
4.779491282533854246e-04
4.779472947120666504e-04
4.779454320669174194e-04
4.779435694217681885e-04
4.779417067766189575e-04
4.779397859238088131e-04
4.779379814863204956e-04
4.779361770488321781e-04
4.779342561960220337e-04
4.779324517585337162e-04
4.779305600095540285e-04
4.779287264682352543e-04
4.779268347192555666e-04
4.779250593855977058e-04
4.779231676366180182e-04
4.779213923029601574e-04
4.779194423463195562e-04
4.779175214935094118e-04
4.779157170560210943e-04
4.779139126185327768e-04
4.779119917657226324e-04
4.779102455358952284e-04
4.779083246830850840e-04
4.779064620379358530e-04
4.779045993927866220e-04
4.779027076438069344e-04
4.779009905178099871e-04
4.778990405611693859e-04
4.778972070198506117e-04
4.778953152708709240e-04
4.778934817295521498e-04
4.778916772920638323e-04
4.778897855430841446e-04
4.778879520017653704e-04
4.778861184604465961e-04
4.778841976076364517e-04
4.778823931701481342e-04
4.778805596288293600e-04
4.778787551913410425e-04
4.778768052347004414e-04
4.778749425895512104e-04
4.778731381520628929e-04
4.778713337145745754e-04
4.778693546541035175e-04
4.778676084242761135e-04
4.778656875714659691e-04
4.778637958224862814e-04
4.778619622811675072e-04
4.778601287398487329e-04
4.778582951985299587e-04
4.778564325533807278e-04
4.778545408044010401e-04
4.778527654707431793e-04
4.778509028255939484e-04
4.778490110766142607e-04
4.778472066391259432e-04
4.778453730978071690e-04
4.778434813488274813e-04
4.778415604960173368e-04
4.778398142661899328e-04
4.778379516210407019e-04
4.778360889758914709e-04
4.778341681230813265e-04
4.778323636855930090e-04
4.778305592481046915e-04
4.778286383952945471e-04
4.778267757501453161e-04
4.778249713126569986e-04
4.778230795636773109e-04
4.778213042300194502e-04
4.778194415848702192e-04
4.778174916282296181e-04
4.778157162945717573e-04
4.778139118570834398e-04
4.778119619004428387e-04
4.778100992552936077e-04
4.778083239216357470e-04
4.778064612764865160e-04
4.778045986313372850e-04
4.778027650900185108e-04
4.778009315486997366e-04
4.777990397997200489e-04
4.777972353622317314e-04
4.777954018209129572e-04
4.777935100719332695e-04
4.777915892191231251e-04
4.777897847816348076e-04
4.777879803441464901e-04
4.777861176989972591e-04
4.777842550538480282e-04
4.777824506163597107e-04
4.777805879712104797e-04
4.777787253260612488e-04
4.777769208885729313e-04
4.777750000357627869e-04
4.777731955982744694e-04
4.777713329531252384e-04
4.777694121003150940e-04
4.777676658704876900e-04
4.777658032253384590e-04
4.777639405801892281e-04
4.777620779350399971e-04
4.777602734975516796e-04
4.777583526447415352e-04
4.777566064149141312e-04
4.777546855621039867e-04
4.777528229169547558e-04
4.777509602718055248e-04
4.777491558343172073e-04
4.777472640853375196e-04
4.777454887516796589e-04
4.777435387950390577e-04
4.777417634613811970e-04
4.777399008162319660e-04
4.777380963787436485e-04
4.777362337335944176e-04
4.777343710884451866e-04
4.777325084432959557e-04
4.777307040058076382e-04
4.777288413606584072e-04
4.777269496116787195e-04
4.777252324856817722e-04
4.777233116328716278e-04
4.777214489877223969e-04
4.777195863425731659e-04
4.777177819050848484e-04
4.777159774675965309e-04
4.777140566147863865e-04
4.777122521772980690e-04
4.777103895321488380e-04
4.777086141984909773e-04
4.777067224495112896e-04
4.777048598043620586e-04
4.777030553668737411e-04
4.777011927217245102e-04
4.776992718689143658e-04
4.776975256390869617e-04
4.776956629939377308e-04
4.776937421411275864e-04
4.776919377036392689e-04
4.776901332661509514e-04
4.776882124133408070e-04
4.776864079758524895e-04
4.776845453307032585e-04
4.776827408932149410e-04
4.776808782480657101e-04
4.776790738105773926e-04
4.776772111654281616e-04
4.776753776241093874e-04
4.776735440827906132e-04
4.776716814376413822e-04
4.776697605848312378e-04
4.776679852511733770e-04
4.776661517098546028e-04
4.776643181685358286e-04
4.776624555233865976e-04
4.776606510858982801e-04
4.776587593369185925e-04
4.776569840032607317e-04
4.776550631504505873e-04
4.776532296091318130e-04
4.776513669639825821e-04
4.776495043188333511e-04
4.776476998813450336e-04
4.776458663400262594e-04
4.776440036948770285e-04
4.776421410497277975e-04
4.776403075084090233e-04
4.776384739670902491e-04
4.776366113219410181e-04
4.776348068844527006e-04
4.776330024469643831e-04
4.776311398018151522e-04
4.776292189490050077e-04
4.776274145115166903e-04
4.776256100740283728e-04
4.776237474288791418e-04
4.776219429913908243e-04
4.776200221385806799e-04
4.776182177010923624e-04
4.776163550559431314e-04
4.776145506184548140e-04
4.776127461809664965e-04
4.776108835358172655e-04
4.776090499944984913e-04
4.776071582455188036e-04
4.776053538080304861e-04
4.776034911628812551e-04
4.776016576215624809e-04
4.775997658725827932e-04
4.775979905389249325e-04
4.775961278937757015e-04
4.775942943524569273e-04
4.775924317073076963e-04
4.775905690621584654e-04
4.775887937285006046e-04
4.775869310833513737e-04
4.775851266458630562e-04
4.775832057930529118e-04
4.775814013555645943e-04
4.775795969180762768e-04
4.775776760652661324e-04
4.775759298354387283e-04
4.775740671902894974e-04
4.775722045451402664e-04
4.775703418999910355e-04
4.775685374625027180e-04
4.775667330250144005e-04
4.775648994836956263e-04
4.775630077347159386e-04
4.775611741933971643e-04
4.775593406520783901e-04
4.775574780069291592e-04
4.775556444656103849e-04
4.775538982357829809e-04
4.775520355906337500e-04
4.775501147378236055e-04
4.775483685079962015e-04
4.775465058628469706e-04
4.775445850100368261e-04
4.775427805725485086e-04
4.775409179273992777e-04
4.775391134899109602e-04
4.775372508447617292e-04
4.775354464072734118e-04
4.775336128659546375e-04
4.775317793246358633e-04
4.775299166794866323e-04
4.775280831381678581e-04
4.775262495968490839e-04
4.775244160555303097e-04
4.775226116180419922e-04
4.775207489728927612e-04
4.775189445354044437e-04
4.775170818902552128e-04
4.775152774527668953e-04
4.775134148076176643e-04
4.775115521624684334e-04
4.775097477249801159e-04
4.775079141836613417e-04
4.775060515385121107e-04
4.775042179971933365e-04
4.775023844558745623e-04
4.775005218107253313e-04
4.774986882694065571e-04
4.774968547280877829e-04
4.774950502905994654e-04
4.774931876454502344e-04
4.774912958964705467e-04
4.774894623551517725e-04
4.774876579176634550e-04
4.774857952725142241e-04
4.774839326273649931e-04
4.774821281898766756e-04
4.774803528562188148e-04
4.774784611072391272e-04
4.774766857735812664e-04
4.774748231284320354e-04
4.774730186909437180e-04
4.774711560457944870e-04
4.774693516083061695e-04
4.774674889631569386e-04
4.774656263180077076e-04
4.774638218805193901e-04
4.774620174430310726e-04
4.774601839017122984e-04
