5.510775372385978699e-04
5.510483752004802227e-04
5.510189803317189217e-04
5.509897018782794476e-04
5.509604234248399734e-04
5.509309703484177589e-04
5.509015172719955444e-04
5.508719477802515030e-04
5.508424364961683750e-04
5.508128087967634201e-04
5.507831810973584652e-04
5.507534951902925968e-04
5.507237510755658150e-04
5.506940069608390331e-04
5.506641464307904243e-04
5.506341694854199886e-04
5.506043089553713799e-04
5.505742738023400307e-04
5.505442386493086815e-04
5.505142034962773323e-04
5.504839937202632427e-04
5.504537839442491531e-04
5.504235159605741501e-04
5.503932479768991470e-04
5.503629217855632305e-04
5.503324791789054871e-04
5.503020947799086571e-04
5.502715357579290867e-04
5.502409767359495163e-04
5.502103595063090324e-04
5.501796840690076351e-04
5.501488922163844109e-04
5.501181003637611866e-04
5.500871920958161354e-04
5.500564002431929111e-04
5.500253755599260330e-04
5.499943508766591549e-04
5.499632679857313633e-04
5.499320686794817448e-04
5.499008111655712128e-04
5.498696118593215942e-04
5.498382379300892353e-04
5.498068640008568764e-04
5.497753736563026905e-04
5.497438251040875912e-04
5.497122183442115784e-04
5.496806115843355656e-04
5.496489466167986393e-04
5.496171070262789726e-04
5.495852674357593060e-04
5.495533696375787258e-04
5.495213554240763187e-04
5.494892830029129982e-04
5.494572105817496777e-04
5.494250799529254436e-04
5.493928329087793827e-04
5.493605858646333218e-04
5.493280477821826935e-04
5.492956261150538921e-04
5.492629716172814369e-04
5.492304335348308086e-04
5.491976626217365265e-04
5.491649499163031578e-04
5.491321790032088757e-04
5.490992334671318531e-04
5.490662297233939171e-04
5.490332841873168945e-04
5.490000476129353046e-04
5.489668692462146282e-04
5.489335744641721249e-04
5.489001632668077946e-04
5.488667520694434643e-04
5.488332826644182205e-04
5.487995804287493229e-04
5.487658781930804253e-04
5.487321177497506142e-04
5.486982990987598896e-04
5.486642476171255112e-04
5.486302543431520462e-04
5.485960282385349274e-04
5.485618603415787220e-04
5.485275760293006897e-04
5.484931753017008305e-04
5.484586581587791443e-04
5.484240828081965446e-04
5.483895074576139450e-04
5.483546992763876915e-04
5.483198910951614380e-04
5.482849664986133575e-04
5.482499836944043636e-04
5.482148262672126293e-04
5.481796106323599815e-04
5.481442203745245934e-04
5.481088883243501186e-04
5.480733234435319901e-04
5.480377585627138615e-04
5.480020190589129925e-04
5.479662213474512100e-04
5.479303072206676006e-04
5.478942184709012508e-04
5.478581297211349010e-04
5.478219245560467243e-04
5.477855447679758072e-04
5.477491649799048901e-04
5.477126105688512325e-04
5.476758815348148346e-04
5.476391525007784367e-04
5.476022488437592983e-04
5.475652287714183331e-04
5.475281504914164543e-04
5.474908975884318352e-04
5.474534700624644756e-04
5.474160425364971161e-04
5.473784403875470161e-04
5.473407218232750893e-04
5.473028868436813354e-04
5.472649936564266682e-04
5.472269258461892605e-04
5.471886834129691124e-04
5.471503245644271374e-04
5.471119075082242489e-04
5.470733158290386200e-04
5.470346659421920776e-04
5.469957250170409679e-04
5.469568422995507717e-04
5.469177267514169216e-04
5.468784365803003311e-04
5.468390299938619137e-04
5.467995651997625828e-04
5.467598675750195980e-04
5.467200535349547863e-04
5.466800648719072342e-04
5.466399597935378551e-04
5.465997965075075626e-04
5.465594003908336163e-04
5.465187714435160160e-04
5.464781424961984158e-04
5.464372225105762482e-04
5.463962443172931671e-04
5.463550915010273457e-04
5.463138222694396973e-04
5.462723202072083950e-04
5.462307017296552658e-04
5.461889086291193962e-04
5.461468826979398727e-04
5.461048567667603493e-04
5.460625397972762585e-04
5.460201064124703407e-04
5.459773819893598557e-04
5.459345993585884571e-04
5.458916421048343182e-04
5.458485102280974388e-04
5.458050873130559921e-04
5.457616061903536320e-04
5.457178922370076180e-04
5.456740036606788635e-04
5.456299986690282822e-04
5.455856444314122200e-04
5.455412901937961578e-04
5.454965867102146149e-04
5.454517086036503315e-04
5.454066558741033077e-04
5.453614867292344570e-04
5.453159683384001255e-04
5.452703335322439671e-04
5.452245241031050682e-04
5.451784818433225155e-04
5.451320903375744820e-04
5.450856406241655350e-04
5.450389580801129341e-04
5.449920427054166794e-04
5.449448362924158573e-04
5.448975134640932083e-04
5.448499578051269054e-04
5.448021693155169487e-04
5.447539733722805977e-04
5.447057192213833332e-04
5.446572322398424149e-04
5.446083960123360157e-04
5.445594433695077896e-04
5.445101996883749962e-04
5.444606067612767220e-04
5.444108392111957073e-04
5.443607806228101254e-04
5.443105474114418030e-04
5.442599067464470863e-04
5.442092660814523697e-04
5.441581015475094318e-04
5.441068205982446671e-04
5.440551904030144215e-04
5.440032691694796085e-04
5.439511151053011417e-04
5.438986700028181076e-04
5.438459338620305061e-04
5.437929066829383373e-04
5.437395302578806877e-04
5.436859210021793842e-04
5.436319625005125999e-04
5.435777711682021618e-04
5.435231723822653294e-04
5.434683989733457565e-04
5.434130434878170490e-04
5.433576297946274281e-04
5.433018086478114128e-04
5.432456382550299168e-04
5.431891186162829399e-04
5.431322497315704823e-04
5.430750898085534573e-04
5.430175806395709515e-04
5.429596640169620514e-04
5.429015145637094975e-04
5.428428412415087223e-04
5.427839350886642933e-04
5.427246214821934700e-04
5.426648422144353390e-04
5.426047719083726406e-04
5.425444687716662884e-04
5.424835253506898880e-04
5.424222326837480068e-04
5.423605907708406448e-04
5.422984831966459751e-04
5.422360263764858246e-04
5.421732203103601933e-04
5.421099485829472542e-04
5.420461529865860939e-04
5.419820081442594528e-04
5.419174558483064175e-04
5.418523214757442474e-04
5.417869542725384235e-04
5.417208885774016380e-04
5.416545900516211987e-04
5.415877094492316246e-04
5.415204213932156563e-04
5.414525512605905533e-04
5.413843318819999695e-04
5.413154722191393375e-04
5.412460886873304844e-04
5.411762977018952370e-04
5.411058664321899414e-04
5.410350859165191650e-04
5.409637233242392540e-04
5.408917204476892948e-04
5.408193101175129414e-04
5.407463177107274532e-04
5.406726850196719170e-04
5.405985866673290730e-04
5.405238480307161808e-04
5.404486437328159809e-04
5.403726827353239059e-04
5.402961978688836098e-04
5.402191309258341789e-04
5.401414819061756134e-04
5.400630761869251728e-04
5.399840883910655975e-04
5.399045185185968876e-04
5.398243665695190430e-04
5.397433997131884098e-04
5.396618507802486420e-04
5.395796033553779125e-04
5.394966574385762215e-04
5.394129548221826553e-04
5.393286119215190411e-04
5.392436287365853786e-04
5.391578888520598412e-04
5.390712758526206017e-04
5.389840225689113140e-04
5.388958961702883244e-04
5.388071876950562000e-04
5.387175478972494602e-04
5.386272678151726723e-04
5.385359982028603554e-04
5.384440300986170769e-04
5.383512470871210098e-04
5.382575909607112408e-04
5.381630035117268562e-04
5.380677175708115101e-04
5.379714420996606350e-04
5.378743517212569714e-04
5.377762718126177788e-04
5.376773187890648842e-04
5.375773762352764606e-04
5.374765605665743351e-04
5.373748717829585075e-04
5.372721934691071510e-04
5.371685256250202656e-04
5.370637518353760242e-04
5.369580467231571674e-04
5.368512938730418682e-04
5.367436097003519535e-04
5.366347613744437695e-04
5.365248653106391430e-04
5.364138633012771606e-04
5.363018717616796494e-04
5.361886578612029552e-04
5.360743380151689053e-04
5.359589704312384129e-04
5.358423222787678242e-04
5.357245681807398796e-04
5.356055335141718388e-04
5.354853346943855286e-04
5.353639135137200356e-04
5.352412699721753597e-04
5.351174622774124146e-04
5.349921993911266327e-04
5.348657723516225815e-04
5.347378901205956936e-04
5.346087855286896229e-04
5.344784003682434559e-04
5.343465018086135387e-04
5.342133226804435253e-04
5.340786883607506752e-04
5.339425988495349884e-04
5.338051123544573784e-04
5.336661706678569317e-04
5.335257737897336483e-04
5.333838053047657013e-04
5.332403816282749176e-04
5.330953863449394703e-04
5.329488776624202728e-04
5.328007973730564117e-04
5.326510872691869736e-04
5.324998055584728718e-04
5.323468358255922794e-04
5.321922362782061100e-04
5.320359487086534500e-04
5.318780895322561264e-04
5.317183677107095718e-04
5.315569578669965267e-04
5.313938017934560776e-04
5.312288994900882244e-04
5.310621927492320538e-04
5.308936815708875656e-04
5.307233659550547600e-04
5.305511876940727234e-04
5.303771467879414558e-04
5.302012432366609573e-04
5.300233606249094009e-04
5.298437317833304405e-04
5.296620074659585953e-04
5.294783040881156921e-04
5.292927380651235580e-04
5.291050765663385391e-04
5.289155524224042892e-04
5.287238745950162411e-04
5.285302759148180485e-04
5.283346399664878845e-04
5.281367921270430088e-04
5.279369070194661617e-04
5.277349846437573433e-04
5.275309085845947266e-04
5.273247370496392250e-04
5.271164700388908386e-04
5.269059911370277405e-04
5.266933003440499306e-04
5.264785722829401493e-04
5.262615741230547428e-04
5.260425386950373650e-04
5.258212331682443619e-04
5.255977739579975605e-04
5.253720446489751339e-04
5.251441034488379955e-04
5.249139503575861454e-04
5.246816435828804970e-04
5.244471831247210503e-04
5.242104525677859783e-04
5.239715101197361946e-04
5.237304139882326126e-04
5.234871641732752323e-04
5.232416442595422268e-04
5.229939124546945095e-04
5.227440269663929939e-04
5.224919295869767666e-04
5.222378531470894814e-04
5.219814484007656574e-04
5.217229481786489487e-04
5.214624106884002686e-04
5.211997195146977901e-04
5.209349910728633404e-04
5.206681671552360058e-04
5.203992477618157864e-04
5.201284075155854225e-04
5.198555882088840008e-04
5.195807316340506077e-04
5.193040124140679836e-04
5.190253723412752151e-04
5.187448114156723022e-04
5.184623878449201584e-04
5.181782180443406105e-04
5.178923020139336586e-04
5.176045815460383892e-04
5.173151730559766293e-04
5.170241929590702057e-04
5.167314666323363781e-04
5.164372269064188004e-04
5.161415319889783859e-04
5.158442654646933079e-04
5.155454855412244797e-04
5.152454832568764687e-04
5.149439093656837940e-04
5.146412877365946770e-04
5.143373273313045502e-04
5.140321445651352406e-04
5.137257394380867481e-04
5.134184029884636402e-04
5.131099023856222630e-04
5.128004704602062702e-04
5.124901072122156620e-04
5.121788126416504383e-04
5.118667031638324261e-04
5.115538951940834522e-04
5.112403887324035168e-04
5.109261255711317062e-04
5.106112803332507610e-04
5.102959694340825081e-04
5.099800764583051205e-04
5.096637760289013386e-04
5.093471845611929893e-04
5.090301856398582458e-04
5.087127792648971081e-04
5.083953728899359703e-04
5.080777336843311787e-04
5.077599780634045601e-04
5.074421642348170280e-04
5.071243504062294960e-04
5.068065947853028774e-04
5.064887809567153454e-04
5.061713745817542076e-04
5.058540264144539833e-04
5.055367364548146725e-04
5.052199703641235828e-04
5.049034371040761471e-04
5.045873112976551056e-04
5.042717093601822853e-04
5.039564566686749458e-04
5.036417278461158276e-04
5.033275811001658440e-04
5.030140164308249950e-04
5.027010338380932808e-04
5.023888079449534416e-04
5.020772223360836506e-04
5.017664516344666481e-04
5.014563794247806072e-04
5.011472385376691818e-04
5.008389125578105450e-04
5.005314596928656101e-04
5.002249381504952908e-04
4.999193479306995869e-04
4.996146890334784985e-04
4.993111360818147659e-04
4.990086890757083893e-04
4.987071733921766281e-04
4.984067636542022228e-04
4.981075180694460869e-04
4.978094948455691338e-04
4.975125193595886230e-04
4.972167662344872952e-04
4.969222354702651501e-04
4.966290434822440147e-04
4.963370156474411488e-04
4.960463265888392925e-04
4.957569180987775326e-04
4.954688483849167824e-04
4.951820592395961285e-04
4.948966670781373978e-04
4.946127301082015038e-04
4.943301901221275330e-04
4.940489307045936584e-04
4.937691846862435341e-04
4.934908356517553329e-04
4.932138836011290550e-04
4.929384449496865273e-04
4.926644614897668362e-04
4.923919914290308952e-04
4.921210347674787045e-04
4.918515915051102638e-04
4.915836034342646599e-04
4.913171287626028061e-04
4.910522256977856159e-04
4.907887196168303490e-04
4.905268433503806591e-04
4.902665968984365463e-04
4.900078638456761837e-04
4.897505859844386578e-04
4.894949379377067089e-04
4.892409197054803371e-04
4.889884148724377155e-04
4.887374234385788441e-04
4.884880036115646362e-04
4.882401844952255487e-04
4.879939951933920383e-04
4.877493483945727348e-04
4.875061567872762680e-04
4.872646823059767485e-04
4.870246921200305223e-04
4.867863317485898733e-04
4.865495138801634312e-04
4.863142094109207392e-04
4.860804474446922541e-04
4.858482861891388893e-04
4.856176965404301882e-04
