7.780312444083392620e-04
7.780293817631900311e-04
7.780275191180408001e-04
7.780255982652306557e-04
7.780237938277423382e-04
7.780218729749321938e-04
7.780200103297829628e-04
7.780182058922946453e-04
7.780162850394845009e-04
7.780145388096570969e-04
7.780126179568469524e-04
7.780107553116977215e-04
7.780088344588875771e-04
7.780069136060774326e-04
7.780051091685891151e-04
7.780031883157789707e-04
7.780013256706297398e-04
7.779994048178195953e-04
7.779974839650094509e-04
7.779957377351820469e-04
7.779937586747109890e-04
7.779918960295617580e-04
7.779900333844125271e-04
7.779882289469242096e-04
7.779864245094358921e-04
7.779845036566257477e-04
7.779825245961546898e-04
7.779807201586663723e-04
7.779789157211780548e-04
7.779769948683679104e-04
7.779750740155577660e-04
7.779731531627476215e-04
7.779713487252593040e-04
7.779694278724491596e-04
7.779676816426217556e-04
7.779657607898116112e-04
7.779638981446623802e-04
7.779620354995131493e-04
7.779601146467030048e-04
7.779582520015537739e-04
7.779563311487436295e-04
7.779545849189162254e-04
7.779526058584451675e-04
7.779507432132959366e-04
7.779490551911294460e-04
7.779471343383193016e-04
7.779452716931700706e-04
7.779434090480208397e-04
7.779414299875497818e-04
7.779395673424005508e-04
7.779377629049122334e-04
7.779357838444411755e-04
7.779339794069528580e-04
7.779321167618036270e-04
7.779301959089934826e-04
7.779284496791660786e-04
7.779264706186950207e-04
7.779246079735457897e-04
7.779227453283965588e-04
7.779209408909082413e-04
7.779190200380980968e-04
7.779170991852879524e-04
7.779152947477996349e-04
7.779134321026504040e-04
7.779115694575011730e-04
7.779097068123519421e-04
7.779079605825245380e-04
7.779059233143925667e-04
7.779040606692433357e-04
7.779021980240941048e-04
7.779003353789448738e-04
7.778985309414565563e-04
7.778966682963073254e-04
7.778948056511580944e-04
7.778929430060088634e-04
7.778910803608596325e-04
7.778891595080494881e-04
7.778873550705611706e-04
7.778854924254119396e-04
7.778835133649408817e-04
7.778816507197916508e-04
7.778798462823033333e-04
7.778779254294931889e-04
7.778760627843439579e-04
7.778742583468556404e-04
7.778723374940454960e-04
7.778704748488962650e-04
7.778686122037470341e-04
7.778668077662587166e-04
7.778648869134485722e-04
7.778630824759602547e-04
7.778611034154891968e-04
7.778592407703399658e-04
7.778574363328516483e-04
7.778556318953633308e-04
7.778536528348922729e-04
7.778518483974039555e-04
7.778499275445938110e-04
7.778481231071054935e-04
7.778463186696171761e-04
7.778443396091461182e-04
7.778425933793187141e-04
7.778406143188476562e-04
7.778388098813593388e-04
7.778370054438710213e-04
7.778350263833999634e-04
7.778332219459116459e-04
7.778313593007624149e-04
7.778294384479522705e-04
7.778276340104639530e-04
7.778257131576538086e-04
7.778238505125045776e-04
7.778219878673553467e-04
7.778201834298670292e-04
7.778183207847177982e-04
7.778163417242467403e-04
7.778144790790975094e-04
7.778126746416091919e-04
7.778108702041208744e-04
7.778090075589716434e-04
7.778071449138224125e-04
7.778052240610122681e-04
7.778033032082021236e-04
7.778015569783747196e-04
7.777996943332254887e-04
7.777977152727544308e-04
7.777959690429270267e-04
7.777940481901168823e-04
7.777922437526285648e-04
7.777903811074793339e-04
7.777885184623301029e-04
7.777866558171808720e-04
7.777848513796925545e-04
7.777829887345433235e-04
7.777810096740722656e-04
7.777791470289230347e-04
7.777772843837738037e-04
7.777754217386245728e-04
7.777735590934753418e-04
7.777718128636479378e-04
7.777698338031768799e-04
7.777679711580276489e-04
7.777662831358611584e-04
7.777644204907119274e-04
7.777624414302408695e-04
7.777606369927525520e-04
7.777587743476033211e-04
7.777568534947931767e-04
7.777549908496439457e-04
7.777531864121556282e-04
7.777513237670063972e-04
7.777495193295180798e-04
7.777475402690470219e-04
7.777456776238977909e-04
7.777438149787485600e-04
7.777420105412602425e-04
7.777402061037719250e-04
7.777382852509617805e-04
7.777363643981516361e-04
7.777344435453414917e-04
7.777326391078531742e-04
7.777307764627039433e-04
7.777289138175547123e-04
7.777270511724054813e-04
7.777251885272562504e-04
7.777233840897679329e-04
7.777215214446187019e-04
7.777197170071303844e-04
7.777177379466593266e-04
7.777158753015100956e-04
7.777141290716826916e-04
7.777121500112116337e-04
7.777103455737233162e-04
7.777085411362349987e-04
7.777066784910857677e-04
7.777046412229537964e-04
7.777027785778045654e-04
7.777009741403162479e-04
7.776992861181497574e-04
7.776971906423568726e-04
7.776953862048685551e-04
7.776935817673802376e-04
7.776917191222310066e-04
7.776899146847426891e-04
7.776880520395934582e-04
7.776861311867833138e-04
7.776842685416340828e-04
7.776824641041457653e-04
7.776806596666574478e-04
7.776787970215082169e-04
7.776769925840198994e-04
7.776750717312097549e-04
7.776730926707386971e-04
7.776712882332503796e-04
7.776694255881011486e-04
7.776676211506128311e-04
7.776656420901417732e-04
7.776637794449925423e-04
7.776619750075042248e-04
7.776601123623549938e-04
7.776582497172057629e-04
7.776565034873783588e-04
7.776545244269073009e-04
7.776527781970798969e-04
7.776508573442697525e-04
7.776489946991205215e-04
7.776471902616322041e-04
7.776453276164829731e-04
7.776434649713337421e-04
7.776414859108626842e-04
7.776397978886961937e-04
7.776379352435469627e-04
7.776360725983977318e-04
7.776341517455875874e-04
7.776322308927774429e-04
7.776304264552891254e-04
7.776285638101398945e-04
7.776268175803124905e-04
7.776248967275023460e-04
7.776229758746922016e-04
7.776211714372038841e-04
7.776193087920546532e-04
7.776173879392445087e-04
7.776156417094171047e-04
7.776138954795897007e-04
7.776119164191186428e-04
7.776099955663084984e-04
7.776081911288201809e-04
7.776063284836709499e-04
7.776044658385217190e-04
7.776026614010334015e-04
7.776007405482232571e-04
7.775989361107349396e-04
7.775971316732466221e-04
7.775952108204364777e-04
7.775933481752872467e-04
7.775916019454598427e-04
7.775896810926496983e-04
7.775878184475004673e-04
7.775859558023512363e-04
7.775840931572020054e-04
7.775822887197136879e-04
7.775804260745644569e-04
7.775785634294152260e-04
7.775766425766050816e-04
7.775748963467776775e-04
7.775729754939675331e-04
7.775711128488183022e-04
7.775693084113299847e-04
7.775675039738416672e-04
7.775655249133706093e-04
7.775637786835432053e-04
7.775619160383939743e-04
7.775601116009056568e-04
7.775582489557564259e-04
7.775563281029462814e-04
7.775544654577970505e-04
7.775526028126478195e-04
7.775508565828204155e-04
7.775489939376711845e-04
7.775470730848610401e-04
7.775451522320508957e-04
7.775434060022234917e-04
7.775414851494133472e-04
7.775395642966032028e-04
7.775377598591148853e-04
7.775358972139656544e-04
7.775340927764773369e-04
7.775323465466499329e-04
7.775303092785179615e-04
7.775285630486905575e-04
7.775267004035413265e-04
7.775248377583920956e-04
7.775229751132428646e-04
7.775211706757545471e-04
7.775193080306053162e-04
7.775174453854560852e-04
7.775155245326459408e-04
7.775137783028185368e-04
7.775118574500083923e-04
7.775099948048591614e-04
7.775081903673708439e-04
7.775063859298825264e-04
7.775044650770723820e-04
7.775026606395840645e-04
7.775007397867739201e-04
7.774989353492856026e-04
7.774970727041363716e-04
7.774952682666480541e-04
7.774934056214988232e-04
7.774915429763495922e-04
7.774897385388612747e-04
7.774878758937120438e-04
7.774858968332409859e-04
7.774841506034135818e-04
7.774823461659252644e-04
7.774804253131151199e-04
7.774786208756268024e-04
7.774768164381384850e-04
7.774750120006501675e-04
7.774730911478400230e-04
7.774711702950298786e-04
7.774692494422197342e-04
7.774674450047314167e-04
7.774656987749040127e-04
7.774638361297547817e-04
7.774619734846055508e-04
7.774601690471172333e-04
7.774583064019680023e-04
7.774563855491578579e-04
7.774545811116695404e-04
7.774527184665203094e-04
7.774508558213710785e-04
7.774490513838827610e-04
7.774473051540553570e-04
7.774453843012452126e-04
7.774435798637568951e-04
7.774417172186076641e-04
7.774398545734584332e-04
7.774379919283092022e-04
7.774361874908208847e-04
7.774343248456716537e-04
7.774324622005224228e-04
7.774305413477122784e-04
7.774286787025630474e-04
7.774268160574138165e-04
7.774250116199254990e-04
7.774232653900980949e-04
7.774212863296270370e-04
7.774194818921387196e-04
7.774177356623113155e-04
7.774157566018402576e-04
7.774140103720128536e-04
7.774121477268636227e-04
7.774102850817143917e-04
7.774084224365651608e-04
7.774066762067377567e-04
7.774048135615885258e-04
7.774027762934565544e-04
7.774009718559682369e-04
7.773991674184799194e-04
7.773973047733306885e-04
7.773955585435032845e-04
7.773936376906931400e-04
7.773918914608657360e-04
7.773899124003946781e-04
7.773881079629063606e-04
7.773863035254180431e-04
7.773844990879297256e-04
7.773826364427804947e-04
7.773808320052921772e-04
7.773789693601429462e-04
7.773771649226546288e-04
7.773752440698444843e-04
7.773734978400170803e-04
7.773715769872069359e-04
7.773697143420577049e-04
7.773678516969084740e-04
7.773660472594201565e-04
7.773642428219318390e-04
7.773623219691216946e-04
7.773604593239724636e-04
7.773587130941450596e-04
7.773568504489958286e-04
7.773549295961856842e-04
7.773531833663582802e-04
7.773512625135481358e-04
7.773493998683989048e-04
7.773475372232496738e-04
7.773457327857613564e-04
7.773438701406121254e-04
7.773420657031238079e-04
7.773402612656354904e-04
7.773385150358080864e-04
7.773365359753370285e-04
7.773346733301877975e-04
7.773328688926994801e-04
7.773310062475502491e-04
7.773292600177228451e-04
7.773274555802345276e-04
7.773255929350852966e-04
7.773237884975969791e-04
7.773219258524477482e-04
7.773200049996376038e-04
7.773182005621492863e-04
7.773162797093391418e-04
7.773144752718508244e-04
7.773126708343625069e-04
7.773108663968741894e-04
7.773089455440640450e-04
7.773071411065757275e-04
7.773053366690874100e-04
7.773034740239381790e-04
7.773016113787889481e-04
7.772996905259788036e-04
7.772980025038123131e-04
7.772961398586630821e-04
7.772942772135138512e-04
7.772923563607037067e-04
7.772906101308763027e-04
7.772886892780661583e-04
7.772868848405778408e-04
7.772849639877676964e-04
7.772831595502793789e-04
7.772813551127910614e-04
7.772795506753027439e-04
7.772776880301535130e-04
7.772759418003261089e-04
7.772740209475159645e-04
7.772722165100276470e-04
7.772702956572175026e-04
7.772686076350510120e-04
7.772666867822408676e-04
7.772647659294307232e-04
7.772629614919424057e-04
7.772612734697759151e-04
7.772592362016439438e-04
7.772574317641556263e-04
7.772556273266673088e-04
7.772537646815180779e-04
7.772519020363688469e-04
7.772500975988805294e-04
7.772482349537312984e-04
7.772464887239038944e-04
7.772446842864155769e-04
7.772428798489272594e-04
7.772410172037780285e-04
7.772391545586287975e-04
7.772372919134795666e-04
7.772354874759912491e-04
7.772336248308420181e-04
7.772317621856927872e-04
7.772298995405435562e-04
7.772280951030552387e-04
7.772262324579060078e-04
7.772244280204176903e-04
7.772225653752684593e-04
7.772207027301192284e-04
7.772188400849699974e-04
7.772170356474816799e-04
7.772151730023324490e-04
7.772134849801659584e-04
7.772116223350167274e-04
7.772097596898674965e-04
7.772078388370573521e-04
7.772060926072299480e-04
7.772041717544198036e-04
7.772024837322533131e-04
7.772005628794431686e-04
7.771987584419548512e-04
7.771968957968056202e-04
7.771950913593173027e-04
7.771931705065071583e-04
7.771913660690188408e-04
7.771896198391914368e-04
7.771877571940422058e-04
7.771858945488929749e-04
7.771840319037437439e-04
7.771821692585945129e-04
7.771803648211061954e-04
7.771785603836178780e-04
7.771768141537904739e-04
7.771748933009803295e-04
7.771729724481701851e-04
7.771711680106818676e-04
7.771694217808544636e-04
7.771675009280443192e-04
7.771657546982169151e-04
7.771639502607285976e-04
7.771620294079184532e-04
7.771601667627692223e-04
7.771584205329418182e-04
7.771566160954535007e-04
7.771546952426433563e-04
7.771528325974941254e-04
7.771510863676667213e-04
7.771492237225174904e-04
7.771473610773682594e-04
7.771455566398799419e-04
7.771438104100525379e-04
7.771418313495814800e-04
7.771400851197540760e-04
7.771382224746048450e-04
7.771364180371165276e-04
7.771346135996282101e-04
7.771328091621398926e-04
7.771310047246515751e-04
7.771290838718414307e-04
7.771272794343531132e-04
7.771253585815429688e-04
7.771235541440546513e-04
7.771217497065663338e-04
7.771199452690780163e-04
7.771180826239287853e-04
7.771162781864404678e-04
7.771144155412912369e-04
7.771125528961420059e-04
7.771107484586536884e-04
7.771088858135044575e-04
7.771070231683552265e-04
