1.091063953936100006e-03
1.090886536985635757e-03
1.090709236450493336e-03
1.090531819500029087e-03
1.090354518964886665e-03
1.090176985599100590e-03
1.089999452233314514e-03
1.089822035282850266e-03
1.089644385501742363e-03
1.089467084966599941e-03
1.089289435185492039e-03
1.089111785404384136e-03
1.088934368453919888e-03
1.088756718672811985e-03
1.088579068891704082e-03
1.088401419110596180e-03
1.088223769329488277e-03
1.088046003133058548e-03
1.087868353351950645e-03
1.087690587155520916e-03
1.087512820959091187e-03
1.087334938347339630e-03
1.087157172150909901e-03
1.086979289539158344e-03
1.086801406927406788e-03
1.086623407900333405e-03
1.086445408873260021e-03
1.086267526261508465e-03
1.086089294403791428e-03
1.085911178961396217e-03
1.085733179934322834e-03
1.085555064491927624e-03
1.085376832634210587e-03
1.085198600776493549e-03
1.085020252503454685e-03
1.084842137061059475e-03
1.084663555957376957e-03
1.084485207684338093e-03
1.084306975826621056e-03
1.084128394722938538e-03
1.083949813619256020e-03
1.083771348930895329e-03
1.083592651411890984e-03
1.083414070308208466e-03
1.083235256373882294e-03
1.083056675270199776e-03
1.082877744920551777e-03
1.082698814570903778e-03
1.082519884221255779e-03
1.082340953871607780e-03
1.082162023521959782e-03
1.081982976756989956e-03
1.081803929992020130e-03
1.081624650396406651e-03
1.081445370800793171e-03
1.081266091205179691e-03
1.081086811609566212e-03
1.080907299183309078e-03
1.080727903172373772e-03
1.080548507161438465e-03
1.080368761904537678e-03
1.080189249478280544e-03
1.080009504221379757e-03
1.079829642549157143e-03
1.079649780876934528e-03
1.079469802789390087e-03
1.079289941117167473e-03
1.079109730198979378e-03
1.078929752111434937e-03
1.078749541193246841e-03
1.078569446690380573e-03
1.078388886526226997e-03
1.078208559192717075e-03
1.078028115443885326e-03
1.077847438864409924e-03
1.077666645869612694e-03
1.077486202120780945e-03
1.077305176295340061e-03
1.077124266885221004e-03
1.076943357475101948e-03
1.076762331649661064e-03
1.076581072993576527e-03
1.076400047168135643e-03
1.076218555681407452e-03
1.076037180610001087e-03
1.075855689123272896e-03
1.075674081221222878e-03
1.075492356903851032e-03
1.075310516171157360e-03
1.075128791853785515e-03
1.074946834705770016e-03
1.074764761142432690e-03
1.074582454748451710e-03
1.074400264769792557e-03
1.074217725545167923e-03
1.074035302735865116e-03
1.073852763511240482e-03
1.073669991455972195e-03
1.073487102985382080e-03
1.073304214514791965e-03
1.073121093213558197e-03
1.072937971912324429e-03
1.072754734195768833e-03
1.072571380063891411e-03
1.072387793101370335e-03
1.072204206138849258e-03
1.072020386345684528e-03
1.071836566552519798e-03
1.071652746759355068e-03
1.071468461304903030e-03
1.071284292265772820e-03
1.071099890395998955e-03
1.070915372110903263e-03
1.070730737410485744e-03
1.070545986294746399e-03
1.070361002348363400e-03
1.070175785571336746e-03
1.069990685209631920e-03
1.069805352017283440e-03
1.069619902409613132e-03
1.069434219971299171e-03
1.069248537532985210e-03
1.069062622264027596e-03
1.068876357749104500e-03
1.068690326064825058e-03
1.068503828719258308e-03
1.068317214958369732e-03
1.068130484782159328e-03
1.067943638190627098e-03
1.067756558768451214e-03
1.067569479346275330e-03
1.067382050678133965e-03
1.067194389179348946e-03
1.067006611265242100e-03
1.066818833351135254e-03
1.066630706191062927e-03
1.066442462615668774e-03
1.066253986209630966e-03
1.066065276972949505e-03
1.065876684151589870e-03
1.065687742084264755e-03
1.065498334355652332e-03
1.065309043042361736e-03
1.065119402483105659e-03
1.064929645508527756e-03
1.064739772118628025e-03
1.064549316652119160e-03
1.064359210431575775e-03
1.064168405719101429e-03
1.063977717421948910e-03
1.063786679878830910e-03
1.063595525920391083e-03
1.063404022715985775e-03
1.063212286680936813e-03
1.063020317815244198e-03
1.062828116118907928e-03
1.062635798007249832e-03
1.062443130649626255e-03
1.062250463292002678e-03
1.062057330273091793e-03
1.061864080838859081e-03
1.061670482158660889e-03
1.061476650647819042e-03
1.061282586306333542e-03
1.061088289134204388e-03
1.060893759131431580e-03
1.060698879882693291e-03
1.060503884218633175e-03
1.060308539308607578e-03
1.060112845152616501e-03
1.059916918165981770e-03
1.059720758348703384e-03
1.059524365700781345e-03
1.059327507391571999e-03
1.059130532667040825e-03
1.058933208696544170e-03
1.058735651895403862e-03
1.058537745848298073e-03
1.058339490555226803e-03
1.058141002431511879e-03
1.057942165061831474e-03
1.057742862030863762e-03
1.057543675415217876e-03
1.057343790307641029e-03
1.057143672369420528e-03
1.056943205185234547e-03
1.056742505170404911e-03
1.056541339494287968e-03
1.056339824572205544e-03
1.056138193234801292e-03
1.055936096236109734e-03
1.055733417160809040e-03
1.055530854500830173e-03
1.055327476933598518e-03
1.055123750120401382e-03
1.054919906891882420e-03
1.054715714417397976e-03
1.054510939866304398e-03
1.054305932484567165e-03
1.054100459441542625e-03
1.053894753567874432e-03
1.053688349202275276e-03
1.053481712006032467e-03
1.053274609148502350e-03
1.053067157045006752e-03
1.052859355695545673e-03
1.052650972269475460e-03
1.052442123182117939e-03
1.052233041264116764e-03
1.052023377269506454e-03
1.051813364028930664e-03
1.051602768711745739e-03
1.051391940563917160e-03
1.051180530339479446e-03
1.050968654453754425e-03
1.050756312906742096e-03
1.050543389283120632e-03
1.050330232828855515e-03
1.050116261467337608e-03
1.049902057275176048e-03
1.049687387421727180e-03
1.049472019076347351e-03
1.049256185069680214e-03
1.049039885401725769e-03
1.048823120072484016e-03
1.048605772666633129e-03
1.048387843184173107e-03
1.048169448040425777e-03
1.047950470820069313e-03
1.047731027938425541e-03
1.047510886564850807e-03
1.047290279529988766e-03
1.047069090418517590e-03
1.046847319230437279e-03
1.046624849550426006e-03
1.046401797793805599e-03
1.046178280375897884e-03
1.045954180881381035e-03
1.045729266479611397e-03
1.045504002831876278e-03
1.045277807861566544e-03
1.045051147229969501e-03
1.044823788106441498e-03
1.044595963321626186e-03
1.044367323629558086e-03
1.044137985445559025e-03
1.043907948769629002e-03
1.043677446432411671e-03
1.043446012772619724e-03
1.043214113451540470e-03
1.042981399223208427e-03
1.042747870087623596e-03
1.042513875290751457e-03
1.042278949171304703e-03
1.042043324559926987e-03
1.041807117871940136e-03
1.041569979861378670e-03
1.041332026943564415e-03
1.041093491949141026e-03
1.040854025632143021e-03
1.040613977238535881e-03
1.040372997522354126e-03
1.040131202898919582e-03
1.039888709783554077e-03
1.039645285345613956e-03
1.039401162415742874e-03
1.039155991747975349e-03
1.038910239003598690e-03
1.038663438521325588e-03
1.038416055962443352e-03
1.038167509250342846e-03
1.037918147630989552e-03
1.037668087519705296e-03
1.037416979670524597e-03
1.037164940498769283e-03
1.036912202835083008e-03
1.036658301018178463e-03
1.036403584294021130e-03
1.036147936247289181e-03
1.035891124047338963e-03
1.035633729770779610e-03
1.035375171341001987e-03
1.035115681588649750e-03
1.034855144098401070e-03
1.034593791700899601e-03
1.034331275150179863e-03
1.034067827276885509e-03
1.033803215250372887e-03
1.033537671901285648e-03
1.033271313644945621e-03
1.033003558404743671e-03
1.032734988257288933e-03
1.032465137541294098e-03
1.032194471918046474e-03
1.031922525726258755e-03
1.031649764627218246e-03
1.031375606544315815e-03
1.031100517138838768e-03
1.030824379995465279e-03
1.030546845868229866e-03
1.030268380418419838e-03
1.029988867230713367e-03
1.029707957059144974e-03
1.029425999149680138e-03
1.029142993502318859e-03
1.028858707286417484e-03
1.028573373332619667e-03
1.028286875225603580e-03
1.027998980134725571e-03
1.027709920890629292e-03
1.027419813908636570e-03
1.027128426358103752e-03
1.026835874654352665e-03
1.026542042382061481e-03
1.026247045956552029e-03
1.025950885377824306e-03
1.025653211399912834e-03
1.025354606099426746e-03
1.025054603815078735e-03
1.024753320962190628e-03
1.024450757540762424e-03
1.024147029966115952e-03
1.023842138238251209e-03
1.023535849526524544e-03
1.023228047415614128e-03
1.022919313982129097e-03
1.022609183564782143e-03
1.022297656163573265e-03
1.021985081024467945e-03
1.021671108901500702e-03
1.021355856209993362e-03
1.021039322949945927e-03
1.020721392706036568e-03
1.020402298308908939e-03
1.020081923343241215e-03
1.019760267809033394e-03
1.019437215290963650e-03
1.019112765789031982e-03
1.018787152133882046e-03
1.018460607156157494e-03
1.018132432363927364e-03
1.017802977003157139e-03
1.017472357489168644e-03
1.017140457406640053e-03
1.016807160340249538e-03
1.016472699120640755e-03
1.016137073747813702e-03
1.015800051391124725e-03
1.015461864881217480e-03
1.015122397802770138e-03
1.014781766571104527e-03
1.014439854770898819e-03
1.014096778817474842e-03
1.013752538710832596e-03
1.013407018035650253e-03
1.013060333207249641e-03
1.012712717056274414e-03
1.012363471090793610e-03
1.012013410218060017e-03
1.011662185192108154e-03
1.011309679597616196e-03
1.010956242680549622e-03
1.010601525194942951e-03
1.010245759971439838e-03
1.009889179840683937e-03
1.009531435556709766e-03
1.009172410704195499e-03
1.008812570944428444e-03
1.008451683446764946e-03
1.008089864626526833e-03
1.007726998068392277e-03
1.007363316603004932e-03
1.006998587399721146e-03
1.006633043289184570e-03
1.006266451440751553e-03
1.005899277515709400e-03
1.005531055852770805e-03
1.005162019282579422e-03
1.004792167805135250e-03
1.004421734251081944e-03
1.004050369374454021e-03
1.003678189590573311e-03
1.003305311314761639e-03
1.002931967377662659e-03
1.002557808533310890e-03
1.002182951197028160e-03
1.001807628199458122e-03
1.001431606709957123e-03
1.001055003143846989e-03
1.000678050331771374e-03
1.000300282612442970e-03
9.999221656471490860e-04
9.995438158512115479e-04
9.991647675633430481e-04
9.987853700295090675e-04
9.984056232497096062e-04
9.980255272239446640e-04
9.976449655368924141e-04
9.972642874345183372e-04
9.968833765015006065e-04
9.965021163225173950e-04
9.961205068975687027e-04
9.957390138879418373e-04
9.953571716323494911e-04
9.949752129614353180e-04
9.945932542905211449e-04
9.942110627889633179e-04
9.938288712874054909e-04
9.934466797858476639e-04
9.930644882842898369e-04
9.926824131980538368e-04
9.923003381118178368e-04
9.919182630255818367e-04
9.915364207699894905e-04
9.911545785143971443e-04
9.907730855047702789e-04
9.903917089104652405e-04
9.900106815621256828e-04
9.896297706291079521e-04
9.892490925267338753e-04
9.888687636703252792e-04
9.884886676445603371e-04
9.881091536954045296e-04
9.877296397462487221e-04
9.873507078737020493e-04
9.869722416624426842e-04
9.865941246971487999e-04
9.862165898084640503e-04
9.858394041657447815e-04
9.854628005996346474e-04
9.850866626948118210e-04
9.847112232819199562e-04
9.843362495303153992e-04
9.839618578553199768e-04
9.835882810875773430e-04
9.832150535658001900e-04
9.828428737819194794e-04
9.824710432440042496e-04
9.820999111980199814e-04
9.817294776439666748e-04
9.813600918278098106e-04
9.809910552576184273e-04
9.806230664253234863e-04
9.802556596696376801e-04
9.798893006518483162e-04
9.795236401259899139e-04
9.791587945073843002e-04
9.787947637960314751e-04
9.784316644072532654e-04
9.780693799257278442e-04
9.777080267667770386e-04
9.773476049304008484e-04
9.769879980012774467e-04
9.766294388100504875e-04
9.762719273567199707e-04
9.759151726029813290e-04
9.755594073794782162e-04
9.752047481015324593e-04
9.748509619385004044e-04
9.744981653057038784e-04
9.741464746184647083e-04
9.737957152538001537e-04
9.734460036270320415e-04
9.730973979458212852e-04
9.727497235871851444e-04
9.724031551741063595e-04
9.720577509142458439e-04
9.717132779769599438e-04
9.713699109852313995e-04
9.710278245620429516e-04
9.706865530461072922e-04
9.703466203063726425e-04
9.700076770968735218e-04
9.696698398329317570e-04
9.693330503068864346e-04
9.689975995570421219e-04
9.686630219221115112e-04
9.683297248557209969e-04
9.679974755272269249e-04
9.676664485596120358e-04
9.673364693298935890e-04
9.670076542533934116e-04
9.666798869147896767e-04
9.663534001447260380e-04
9.660280193202197552e-04
9.657038608565926552e-04
9.653806919232010841e-04
9.650586871430277824e-04
9.647379047237336636e-04
9.644183446653187275e-04
9.641000069677829742e-04
9.637824259698390961e-04
9.634662419557571411e-04
9.631511638872325420e-04
9.628374245949089527e-04
9.625246166251599789e-04
9.622130310162901878e-04
9.619026095606386662e-04
9.615934104658663273e-04
9.612852009013295174e-04
