4.352847172413021326e-04
4.352703981567174196e-04
4.352559626568108797e-04
4.352414689492434263e-04
4.352270625531673431e-04
4.352125106379389763e-04
4.351979587227106094e-04
4.351834650151431561e-04
4.351687966845929623e-04
4.351540701463818550e-04
4.351393727120012045e-04
4.351246461737900972e-04
4.351098614279180765e-04
4.350949893705546856e-04
4.350801464170217514e-04
4.350651288405060768e-04
4.350501403678208590e-04
4.350351227913051844e-04
4.350200761109590530e-04
4.350049421191215515e-04
4.349897499196231365e-04
4.349745868239551783e-04
4.349593073129653931e-04
4.349440569058060646e-04
4.349286609794944525e-04
4.349132068455219269e-04
4.348978400230407715e-04
4.348823567852377892e-04
4.348667571321129799e-04
4.348511283751577139e-04
4.348355287220329046e-04
4.348197835497558117e-04
4.348040674813091755e-04
4.347882641013711691e-04
4.347724898252636194e-04
4.347565118223428726e-04
4.347405920270830393e-04
4.347245558165013790e-04
4.347085487097501755e-04
4.346924251876771450e-04
4.346762725617736578e-04
4.346600617282092571e-04
4.346437926869839430e-04
4.346274363342672586e-04
4.346110799815505743e-04
4.345945781096816063e-04
4.345781926531344652e-04
4.345615452621132135e-04
4.345449560787528753e-04
4.345282504800707102e-04
4.345115739852190018e-04
4.344947228673845530e-04
4.344779008533805609e-04
4.344609624240547419e-04
4.344440530985593796e-04
4.344269691500812769e-04
4.344099434092640877e-04
4.343927430454641581e-04
4.343755717854946852e-04
4.343582259025424719e-04
4.343409673310816288e-04
4.343235923442989588e-04
4.343061009421944618e-04
4.342885513324290514e-04
4.342710017226636410e-04
4.342532774899154902e-04
4.342355241533368826e-04
4.342177417129278183e-04
4.341999010648578405e-04
4.341819148976355791e-04
4.341638996265828609e-04
4.341458843555301428e-04
4.341277526691555977e-04
4.341095045674592257e-04
4.340911982581019402e-04
4.340728628449141979e-04
4.340544110164046288e-04
4.340359300840646029e-04
4.340173327364027500e-04
4.339986771810799837e-04
4.339798470027744770e-04
4.339611623436212540e-04
4.339422739576548338e-04
4.339232109487056732e-04
4.339042643550783396e-04
4.338851431384682655e-04
4.338659637141972780e-04
4.338466678746044636e-04
4.338271974120289087e-04
4.338079015724360943e-04
4.337882855907082558e-04
4.337686987128108740e-04
4.337489954195916653e-04
4.337292339187115431e-04
4.337093268986791372e-04
4.336893616709858179e-04
4.336693382356315851e-04
4.336493148002773523e-04
4.336290294304490089e-04
4.336087731644511223e-04
4.335883713793009520e-04
4.335678531788289547e-04
4.335472476668655872e-04
4.335265548434108496e-04
4.335058329161256552e-04
4.334849363658577204e-04
4.334640398155897856e-04
4.334429686423391104e-04
4.334217519499361515e-04
4.334005934651941061e-04
4.333792603574693203e-04
4.333577526267617941e-04
4.333362448960542679e-04
4.333145625423640013e-04
4.332928219810128212e-04
4.332709359005093575e-04
4.332489916123449802e-04
4.332269309088587761e-04
4.332047537900507450e-04
4.331824311520904303e-04
4.331599629949778318e-04
4.331375239416956902e-04
4.331148520577698946e-04
4.330921219661831856e-04
4.330693627707660198e-04
4.330463416408747435e-04
4.330232623033225536e-04
4.330000956542789936e-04
4.329767834860831499e-04
4.329533549025654793e-04
4.329298099037259817e-04
4.329060902819037437e-04
4.328823124524205923e-04
4.328583599999547005e-04
4.328343493398278952e-04
4.328100767452269793e-04
4.327857459429651499e-04
4.327613278292119503e-04
4.327367641963064671e-04
4.327120841480791569e-04
4.326872294768691063e-04
4.326622583903372288e-04
4.326371708884835243e-04
4.326119378674775362e-04
4.325865302234888077e-04
4.325610061641782522e-04
4.325353656895458698e-04
4.325095796957612038e-04
4.324834735598415136e-04
4.324574838392436504e-04
4.324312612880021334e-04
4.324048641137778759e-04
4.323782050050795078e-04
4.323514876887202263e-04
4.323246539570391178e-04
4.322976164985448122e-04
4.322703753132373095e-04
4.322430468164384365e-04
4.322156310081481934e-04
4.321878368500620127e-04
4.321600426919758320e-04
4.321320157032459974e-04
4.321038722991943359e-04
4.320754960644990206e-04
4.320469452068209648e-04
4.320182197261601686e-04
4.319893487263470888e-04
4.319603322073817253e-04
4.319310537539422512e-04
4.319016006775200367e-04
4.318719729781150818e-04
4.318422288633882999e-04
4.318122519180178642e-04
4.317821003496646881e-04
4.317516868468374014e-04
4.317211278248578310e-04
4.316903068684041500e-04
4.316593694966286421e-04
4.316282283980399370e-04
4.315969126764684916e-04
4.315652768127620220e-04
4.315334663260728121e-04
4.315014812164008617e-04
4.314691468607634306e-04
4.314367834012955427e-04
4.314040997996926308e-04
4.313712124712765217e-04
4.313380341045558453e-04
4.313046811148524284e-04
4.312712117098271847e-04
4.312373639550060034e-04
4.312032833695411682e-04
4.311691154725849628e-04
4.311345692258328199e-04
4.310997610446065664e-04
4.310646036174148321e-04
4.310294752940535545e-04
4.309938522055745125e-04
4.309580253902822733e-04
4.309220239520072937e-04
4.308857023715972900e-04
4.308491188567131758e-04
4.308123025111854076e-04
4.307751078158617020e-04
4.307377384975552559e-04
4.307001072447746992e-04
4.306620976421982050e-04
4.306238261051476002e-04
4.305852344259619713e-04
4.305464390199631453e-04
4.305072361603379250e-04
4.304677131585776806e-04
4.304280155338346958e-04
4.303879686631262302e-04
4.303475434426218271e-04
4.303068271838128567e-04
4.302658489905297756e-04
4.302243760321289301e-04
4.301827866584062576e-04
4.301406734157353640e-04
4.300983564462512732e-04
4.300556320231407881e-04
4.300125001464039087e-04
4.299691063351929188e-04
4.299253050703555346e-04
4.298812418710440397e-04
4.298366548027843237e-04
4.297917766962200403e-04
4.297464911360293627e-04
4.297007981222122908e-04
4.296548431739211082e-04
4.296083061490207911e-04
4.295615071896463633e-04
4.295141552574932575e-04
4.294665413908660412e-04
4.294184618629515171e-04
4.293699166737496853e-04
4.293209931347519159e-04
4.292716621421277523e-04
4.292218654882162809e-04
4.291716031730175018e-04
4.291209334041923285e-04
4.290697106625884771e-04
4.290181095711886883e-04
4.289659846108406782e-04
4.289133648853749037e-04
4.288603377062827349e-04
4.288068157620728016e-04
4.287527699489146471e-04
4.286981711629778147e-04
4.286431358195841312e-04
4.285874019842594862e-04
4.285314062144607306e-04
4.284746246412396431e-04
4.284173483029007912e-04
4.283596645109355450e-04
4.283013695385307074e-04
4.282424051780253649e-04
4.281829751562327147e-04
4.281228466425091028e-04
4.280621651560068130e-04
4.280009306967258453e-04
4.279390850570052862e-04
4.278765700291842222e-04
4.278135311324149370e-04
4.277496773283928633e-04
4.276852705515921116e-04
4.276202234905213118e-04
4.275543615221977234e-04
4.274880047887563705e-04
4.274208913557231426e-04
4.273531085345894098e-04
4.272846272215247154e-04
4.272153892088681459e-04
4.271453944966197014e-04
4.270746721886098385e-04
4.270032513886690140e-04
4.269309574738144875e-04
4.268579941708594561e-04
4.267842159606516361e-04
4.267095646355301142e-04
4.266341566108167171e-04
4.265579336788505316e-04
4.264808667358011007e-04
4.264029557816684246e-04
4.263241717126220465e-04
4.262444563210010529e-04
4.261639551259577274e-04
4.260825226083397865e-04
4.260000714566558599e-04
4.259168053977191448e-04
4.258325207047164440e-04
4.257472173776477575e-04
4.256609827280044556e-04
4.255738167557865381e-04
4.254856030456721783e-04
4.253964289091527462e-04
4.253060906194150448e-04
4.252147627994418144e-04
4.251224454492330551e-04
4.250289348419755697e-04
4.249342891853302717e-04
4.248385375831276178e-04
4.247416509315371513e-04
4.246436583343893290e-04
4.245444433763623238e-04
4.244440642651170492e-04
4.243424336891621351e-04
4.242395807523280382e-04
4.241355345584452152e-04
4.240301495883613825e-04
4.239234840497374535e-04
4.238154797349125147e-04
4.237061366438865662e-04
4.235954838804900646e-04
4.234834050294011831e-04
4.233699874021112919e-04
4.232552018947899342e-04
4.231389029882848263e-04
4.230211197864264250e-04
4.229019104968756437e-04
4.227811004966497421e-04
4.226588353049010038e-04
4.225349402986466885e-04
4.224095318932086229e-04
4.222825518809258938e-04
4.221539420541375875e-04
4.220236733090132475e-04
4.218917456455528736e-04
4.217580426484346390e-04
4.216227098368108273e-04
4.214855143800377846e-04
4.213466600049287081e-04
4.212060011923313141e-04
4.210634215269237757e-04
4.209190956316888332e-04
4.207727324683219194e-04
4.206246812827885151e-04
4.204746801406145096e-04
4.203225544188171625e-04
4.201685369480401278e-04
4.200125695206224918e-04
4.198545357212424278e-04
4.196944355498999357e-04
4.195322107989341021e-04
4.193678905721753836e-04
4.192014166619628668e-04
4.190328181721270084e-04
4.188619204796850681e-04
4.186889564152806997e-04
4.185135767329484224e-04
4.183361015748232603e-04
4.181561816949397326e-04
4.179739917162805796e-04
4.177894734311848879e-04
4.176025395281612873e-04
4.174132482148706913e-04
4.172213957644999027e-04
4.170272441115230322e-04
4.168305313214659691e-04
4.166314029134809971e-04
4.164297133684158325e-04
4.162254335824400187e-04
4.160186799708753824e-04
4.158093361184000969e-04
4.155974020250141621e-04
4.153827612753957510e-04
4.151655593886971474e-04
4.149456508457660675e-04
4.147231229580938816e-04
4.144978884141892195e-04
4.142699763178825378e-04
4.140393284615129232e-04
4.138060612604022026e-04
4.135699127800762653e-04
4.133311740588396788e-04
4.130896122660487890e-04
4.128453729208558798e-04
4.125983105041086674e-04
4.123486578464508057e-04
4.120961530134081841e-04
4.118408542126417160e-04
4.115828487556427717e-04
4.113221657462418079e-04
4.110587178729474545e-04
4.107925342395901680e-04
4.105237603653222322e-04
4.102522507309913635e-04
4.099780635442584753e-04
4.097011697012931108e-04
4.094218311365693808e-04
4.091397859156131744e-04
4.088551504537463188e-04
4.085680411662906408e-04
4.082784580532461405e-04
4.079863429069519043e-04
4.076918703503906727e-04
4.073949239682406187e-04
4.070957074873149395e-04
4.067941044922918081e-04
4.064902896061539650e-04
4.061842337250709534e-04
4.058761114720255136e-04
4.055659228470176458e-04
4.052536387462168932e-04
4.049392591696232557e-04
4.046231333632022142e-04
4.043051740154623985e-04
4.039853520225733519e-04
4.036638129036873579e-04
4.033406148664653301e-04
4.030159907415509224e-04
4.026897076983004808e-04
4.023619985673576593e-04
4.020330961793661118e-04
4.017028841190040112e-04
4.013713332824409008e-04
4.010387929156422615e-04
4.007051466032862663e-04
4.003705980721861124e-04
4.000351764261722565e-04
3.996989107690751553e-04
3.993620048277080059e-04
3.990244586020708084e-04
3.986863011959940195e-04
3.983477654401212931e-04
3.980088804382830858e-04
3.976695297751575708e-04
3.973300335928797722e-04
3.969905374106019735e-04
3.966507792938500643e-04
3.963110502809286118e-04
3.959715540986508131e-04
3.956320288125425577e-04
3.952927363570779562e-04
3.949538804590702057e-04
3.946152864955365658e-04
3.942771581932902336e-04
3.939395246561616659e-04
3.936024731956422329e-04
3.932659747079014778e-04
3.929301747120916843e-04
3.925951314158737659e-04
3.922609612345695496e-04
3.919275768566876650e-04
3.915950946975499392e-04
3.912635438609868288e-04
3.909330407623201609e-04
3.906036727130413055e-04
3.902751777786761522e-04
3.899480507243424654e-04
3.896219132002443075e-04
3.892970562446862459e-04
3.889735380653291941e-04
3.886511840391904116e-04
3.883302269969135523e-04
3.880107251461595297e-04
3.876924456562846899e-04
3.873757086694240570e-04
3.870603686664253473e-04
3.867466002702713013e-04
3.864342288579791784e-04
3.861234872601926327e-04
3.858143172692507505e-04
3.855066606774926186e-04
3.852007503155618906e-04
3.848962951451539993e-04
3.845935279969125986e-04
3.842924197670072317e-04
3.839930868707597256e-04
3.836953837890177965e-04
3.833994560409337282e-04
3.831052745226770639e-04
3.828127228189259768e-04
3.825220046564936638e-04
3.822331200353801250e-04
3.819459816440939903e-04
3.816605603788048029e-04
3.813770308624953032e-04
3.810953057836741209e-04
3.808153560385107994e-04
3.805373271461576223e-04
3.802611317951232195e-04
3.799866826739162207e-04
3.797141835093498230e-04
3.794435178861021996e-04
3.791746858041733503e-04
3.789076872635632753e-04
3.786425804719328880e-04
3.783793945331126451e-04
3.781180421356111765e-04
3.778585523832589388e-04
3.776008961722254753e-04
3.773451317101716995e-04
3.770913172047585249e-04
3.768393362406641245e-04
3.765891888178884983e-04
3.763409040402621031e-04
3.760944819077849388e-04
3.758499224204570055e-04
