3.751922049559652805e-04
3.751903423108160496e-04
3.751885669771581888e-04
3.751866461243480444e-04
3.751847834791988134e-04
3.751830372493714094e-04
3.751811746042221785e-04
3.751793410629034042e-04
3.751775366254150867e-04
3.751756157726049423e-04
3.751738113351166248e-04
3.751719486899673939e-04
3.751701733563095331e-04
3.751683398149907589e-04
3.751665062736719847e-04
3.751646436285227537e-04
3.751627809833735228e-04
3.751609474420547485e-04
3.751591721083968878e-04
3.751573676709085703e-04
3.751555050257593393e-04
3.751536423806101084e-04
3.751518088392913342e-04
3.751499170903116465e-04
3.751481417566537857e-04
3.751463955268263817e-04
3.751443873625248671e-04
3.751426120288670063e-04
3.751407493837177753e-04
3.751389449462294579e-04
3.751370531972497702e-04
3.751352196559309959e-04
3.751333570107817650e-04
3.751316107809543610e-04
3.751297190319746733e-04
3.751278563868254423e-04
3.751260810531675816e-04
3.751242766156792641e-04
3.751224139705300331e-04
3.751205804292112589e-04
3.751187468878924847e-04
3.751169133465737104e-04
3.751150798052549362e-04
3.751131880562752485e-04
3.751113545149564743e-04
3.751095500774681568e-04
3.751077165361493826e-04
3.751058829948306084e-04
3.751039912458509207e-04
3.751022159121930599e-04
3.751003823708742857e-04
3.750985488295555115e-04
3.750967443920671940e-04
3.750947653315961361e-04
3.750930191017687321e-04
3.750912146642804146e-04
3.750893520191311836e-04
3.750876057893037796e-04
3.750857722479850054e-04
3.750838804990053177e-04
3.750820178538560867e-04
3.750801552087068558e-04
3.750784380827099085e-04
3.750765754375606775e-04
3.750747710000723600e-04
3.750729083549231291e-04
3.750710457097738981e-04
3.750691830646246672e-04
3.750673786271363497e-04
3.750655450858175755e-04
3.750636824406683445e-04
3.750619071070104837e-04
3.750600735656917095e-04
3.750582400243729353e-04
3.750563482753932476e-04
3.750545147340744734e-04
3.750527394004166126e-04
3.750508185476064682e-04
3.750490723177790642e-04
3.750472387764602900e-04
3.750453761313110590e-04
3.750435716938227415e-04
3.750417090486735106e-04
3.750398755073547363e-04
3.750380710698664188e-04
3.750362375285476446e-04
3.750343748833984137e-04
3.750325122382491827e-04
3.750307078007608652e-04
3.750288451556116343e-04
3.750270698219537735e-04
3.750252362806349993e-04
3.750233736354857683e-04
3.750215400941669941e-04
3.750197356566786766e-04
3.750178730115294456e-04
3.750160976778715849e-04
3.750141768250614405e-04
3.750124305952340364e-04
3.750105388462543488e-04
3.750087635125964880e-04
3.750068717636168003e-04
3.750050964299589396e-04
3.750032919924706221e-04
3.750013420358300209e-04
3.749995667021721601e-04
3.749977331608533859e-04
3.749959287233650684e-04
3.749940951820462942e-04
3.749922616407275200e-04
3.749904863070696592e-04
3.749885945580899715e-04
3.749867319129407406e-04
3.749849274754524231e-04
3.749831230379641056e-04
3.749812894966453314e-04
3.749794559553265572e-04
3.749776224140077829e-04
3.749758179765194654e-04
3.749739553313702345e-04
3.749721508938819170e-04
3.749703464563935995e-04
3.749684838112443686e-04
3.749666502699255943e-04
3.749648458324372768e-04
3.749629831872880459e-04
3.749611787497997284e-04
3.749593743123114109e-04
3.749575407709926367e-04
3.749556781258434057e-04
3.749538736883550882e-04
3.749519819393754005e-04
3.749502066057175398e-04
3.749484021682292223e-04
3.749465395230799913e-04
3.749446768779307604e-04
3.749428724404424429e-04
3.749410097952932119e-04
3.749392053578048944e-04
3.749374300241470337e-04
3.749355673789978027e-04
3.749337629415094852e-04
3.749319002963602543e-04
3.749300958588719368e-04
3.749282914213836193e-04
3.749264287762343884e-04
3.749246534425765276e-04
3.749227616935968399e-04
3.749209572561085224e-04
3.749191237147897482e-04
3.749172901734709740e-04
3.749154857359826565e-04
3.749136521946638823e-04
3.749118186533451080e-04
3.749100142158567905e-04
3.749081515707075596e-04
3.749064053408801556e-04
3.749045135919004679e-04
3.749027382582426071e-04
3.749008756130933762e-04
3.748990420717746019e-04
3.748972376342862844e-04
3.748953458853065968e-04
3.748935705516487360e-04
3.748917079064995050e-04
3.748899034690111876e-04
3.748881281353533268e-04
3.748862654902040958e-04
3.748844610527157784e-04
3.748826566152274609e-04
3.748807939700782299e-04
3.748789895325899124e-04
3.748771559912711382e-04
3.748753224499523640e-04
3.748734889086335897e-04
3.748716262634843588e-04
3.748698800336569548e-04
3.748680173885077238e-04
3.748661838471889496e-04
3.748643794097006321e-04
3.748624876607209444e-04
3.748607123270630836e-04
3.748588205780833960e-04
3.748570452444255352e-04
3.748552699107676744e-04
3.748534072656184435e-04
3.748515737242996693e-04
3.748497110791504383e-04
3.748478775378316641e-04
3.748461313080042601e-04
3.748442686628550291e-04
3.748424642253667116e-04
3.748406306840479374e-04
3.748388262465596199e-04
3.748370509129017591e-04
3.748352173715829849e-04
3.748333838302642107e-04
3.748315211851149797e-04
3.748297458514571190e-04
3.748278541024774313e-04
3.748260496649891138e-04
3.748242743313312531e-04
3.748224116861820221e-04
3.748205781448632479e-04
3.748188319150358438e-04
3.748169401660561562e-04
3.748151357285678387e-04
3.748133021872490644e-04
3.748114977497607470e-04
3.748096351046115160e-04
3.748078888747841120e-04
3.748060262296348810e-04
3.748042217921465635e-04
3.748023882508277893e-04
3.748005256056785583e-04
3.747987793758511543e-04
3.747968876268714666e-04
3.747950540855526924e-04
3.747932496480643749e-04
3.747914452105760574e-04
3.747896116692572832e-04
3.747877490241080523e-04
3.747860027942806482e-04
3.747841401491314173e-04
3.747823357116430998e-04
3.747805021703243256e-04
3.747786395251750946e-04
3.747768932953476906e-04
3.747750306501984596e-04
3.747732262127101421e-04
3.747714508790522814e-04
3.747695882339030504e-04
3.747677837964147329e-04
3.747659211512655020e-04
3.747641167137771845e-04
3.747623413801193237e-04
3.747605078388005495e-04
3.747586160898208618e-04
3.747568989638239145e-04
3.747550363186746836e-04
3.747532027773559093e-04
3.747513983398675919e-04
3.747495939023792744e-04
3.747477021533995867e-04
3.747458395082503557e-04
3.747441223822534084e-04
3.747422597371041775e-04
3.747405135072767735e-04
3.747386799659579992e-04
3.747368464246392250e-04
3.747350128833204508e-04
3.747332666534930468e-04
3.747313749045133591e-04
3.747295995708554983e-04
3.747277660295367241e-04
3.747259615920484066e-04
3.747240698430687189e-04
3.747223236132413149e-04
3.747204900719225407e-04
3.747186565306037664e-04
3.747169103007763624e-04
3.747150767594575882e-04
3.747132432181388140e-04
3.747114096768200397e-04
3.747096343431621790e-04
3.747077425941824913e-04
3.747058799490332603e-04
3.747041337192058563e-04
3.747023001778870821e-04
3.747004957403987646e-04
3.746986330952495337e-04
3.746968577615916729e-04
3.746950533241033554e-04
3.746931906789541245e-04
3.746913862414658070e-04
3.746895235963165760e-04
3.746877773664891720e-04
3.746859147213399410e-04
3.746841102838516235e-04
3.746823640540242195e-04
3.746805305127054453e-04
3.746786969713866711e-04
3.746768925338983536e-04
3.746750007849186659e-04
3.746732836589217186e-04
3.746714501176029444e-04
3.746696456801146269e-04
3.746678121387958527e-04
3.746660368051379919e-04
3.746641450561583042e-04
3.746623406186699867e-04
3.746605361811816692e-04
3.746587899513542652e-04
3.746569273062050343e-04
3.746551519725471735e-04
3.746532311197370291e-04
3.746514848899096251e-04
3.746496513485908508e-04
3.746478469111025333e-04
3.746460715774446726e-04
3.746441798284649849e-04
3.746424044948071241e-04
3.746406000573188066e-04
3.746387956198304892e-04
3.746369620785117149e-04
3.746351576410233974e-04
3.746333240997046232e-04
3.746314614545553923e-04
3.746296861208975315e-04
3.746279107872396708e-04
3.746261063497513533e-04
3.746242146007716656e-04
3.746224392671138048e-04
3.746206057257950306e-04
3.746188885997980833e-04
3.746169968508183956e-04
3.746152506209909916e-04
3.746133879758417606e-04
3.746115835383534431e-04
3.746097208932042122e-04
3.746079455595463514e-04
3.746060829143971205e-04
3.746043075807392597e-04
3.746025031432509422e-04
3.746006987057626247e-04
3.745988942682743073e-04
3.745970316231250763e-04
3.745952271856367588e-04
3.745934518519788980e-04
3.745915892068296671e-04
3.745898138731718063e-04
3.745879512280225754e-04
3.745862049981951714e-04
3.745843423530459404e-04
3.745825379155576229e-04
3.745807043742388487e-04
3.745788999367505312e-04
3.745771828107535839e-04
3.745752910617738962e-04
3.745734575204551220e-04
3.745717112906277180e-04
3.745698486454784870e-04
3.745681315194815397e-04
3.745662688743323088e-04
3.745644935406744480e-04
3.745626017916947603e-04
3.745608264580368996e-04
3.745590220205485821e-04
3.745571884792298079e-04
3.745554131455719471e-04
3.745535505004227161e-04
3.745518333744257689e-04
3.745500580407679081e-04
3.745481371879577637e-04
3.745463909581303596e-04
3.745445283129811287e-04
3.745427820831537247e-04
3.745408903341740370e-04
3.745391150005161762e-04
3.745373396668583155e-04
3.745354770217090845e-04
3.745337016880512238e-04
3.745318681467324495e-04
3.745300637092441320e-04
3.745282301679253578e-04
3.745263966266065836e-04
3.745246212929487228e-04
3.745227877516299486e-04
3.745210124179720879e-04
3.745192079804837704e-04
3.745174326468259096e-04
3.745155700016766787e-04
3.745137073565274477e-04
3.745119320228695869e-04
3.745101566892117262e-04
3.745083231478929520e-04
3.745066060218960047e-04
3.745047724805772305e-04
3.745029098354279995e-04
3.745010471902787685e-04
3.744993300642818213e-04
3.744974965229630470e-04
3.744957211893051863e-04
3.744939458556473255e-04
3.744921123143285513e-04
3.744902496691793203e-04
3.744884452316910028e-04
3.744866990018635988e-04
3.744848654605448246e-04
3.744830901268869638e-04
3.744811983779072762e-04
3.744794230442494154e-04
3.744776186067610979e-04
3.744758432731032372e-04
3.744740097317844629e-04
3.744721761904656887e-04
3.744704299606382847e-04
3.744686255231499672e-04
3.744667919818311930e-04
3.744650166481733322e-04
3.744632122106850147e-04
3.744613786693662405e-04
3.744595451280474663e-04
3.744577988982200623e-04
3.744559944607317448e-04
3.744541609194129705e-04
3.744523564819246531e-04
3.744505811482667923e-04
3.744487767107784748e-04
3.744469722732901573e-04
3.744451387319713831e-04
3.744433051906526089e-04
3.744415298569947481e-04
3.744396963156759739e-04
3.744378918781876564e-04
3.744360874406993389e-04
3.744343412108719349e-04
3.744324785657227039e-04
3.744307032320648432e-04
3.744289861060678959e-04
3.744270943570882082e-04
3.744252899195998907e-04
3.744234563782811165e-04
3.744216810446232557e-04
3.744198766071349382e-04
3.744180721696466208e-04
3.744162968359887600e-04
3.744144341908395290e-04
3.744126879610121250e-04
3.744108544196933508e-04
3.744090208783745766e-04
3.744072455447167158e-04
3.744054702110588551e-04
3.744036657735705376e-04
3.744018322322517633e-04
3.744000568985939026e-04
3.743982233572751284e-04
3.743964189197868109e-04
3.743946435861289501e-04
3.743928391486406326e-04
3.743910347111523151e-04
3.743892593774944544e-04
3.743874549400061369e-04
3.743856796063482761e-04
3.743838169611990452e-04
3.743820125237107277e-04
3.743802662938833237e-04
3.743784036487340927e-04
3.743766283150762320e-04
3.743748529814183712e-04
3.743730485439300537e-04
3.743711858987808228e-04
3.743694687727838755e-04
3.743676352314651012e-04
3.743658598978072405e-04
3.743640554603189230e-04
3.743622219190001488e-04
3.743603592738509178e-04
3.743585548363626003e-04
3.743568086065351963e-04
3.743550041690468788e-04
3.743532288353890181e-04
3.743514535017311573e-04
3.743496199604123831e-04
3.743478155229240656e-04
3.743459819816052914e-04
3.743442357517778873e-04
3.743424313142895699e-04
3.743405686691403389e-04
3.743387351278215647e-04
3.743369597941637039e-04
3.743352426681667566e-04
3.743333800230175257e-04
3.743316628970205784e-04
3.743298002518713474e-04
3.743280540220439434e-04
3.743262204807251692e-04
3.743244160432368517e-04
3.743226116057485342e-04
3.743208944797515869e-04
3.743190318346023560e-04
3.743172273971140385e-04
3.743154229596257210e-04
3.743136476259678602e-04
3.743118140846490860e-04
3.743100678548216820e-04
3.743082634173333645e-04
3.743064880836755037e-04
3.743046836461871862e-04
3.743028501048684120e-04
3.743010456673800945e-04
3.742992994375526905e-04
3.742974658962339163e-04
3.742956323549151421e-04
3.742938279174268246e-04
3.742920234799385071e-04
3.742902481462806463e-04
3.742884146049618721e-04
3.742867556866258383e-04
3.742848930414766073e-04
