4.728336352854967117e-04
4.728317144326865673e-04
4.728299099951982498e-04
4.728282801806926727e-04
4.728264757432043552e-04
4.728246130980551243e-04
4.728230123873800039e-04
4.728212370537221432e-04
4.728193744085729122e-04
4.728177154902368784e-04
4.728158819489181042e-04
4.728142812382429838e-04
4.728124476969242096e-04
4.728107014670968056e-04
4.728089843410998583e-04
4.728072672151029110e-04
4.728054918814450502e-04
4.728037456516176462e-04
4.728019121102988720e-04
4.728003113996237516e-04
4.727986233774572611e-04
4.727968771476298571e-04
4.727950145024806261e-04
4.727933264803141356e-04
4.727915802504867315e-04
4.727897758129984140e-04
4.727880877908319235e-04
4.727862251456826925e-04
4.727845662273466587e-04
4.727827617898583412e-04
4.727809573523700237e-04
4.727792693302035332e-04
4.727775522042065859e-04
4.727758932858705521e-04
4.727740888483822346e-04
4.727723135147243738e-04
4.727705963887274265e-04
4.727688792627304792e-04
4.727670166175812483e-04
4.727653576992452145e-04
4.727635823655873537e-04
4.727618361357599497e-04
4.727601481135934591e-04
4.727583436761051416e-04
4.727566847577691078e-04
4.727549676317721605e-04
4.727531049866229296e-04
4.727514169644564390e-04
4.727496125269681215e-04
4.727479536086320877e-04
4.727461782749742270e-04
4.727443156298249960e-04
4.727427440229803324e-04
4.727410268969833851e-04
4.727391351480036974e-04
4.727375053334981203e-04
4.727357882075011730e-04
4.727339837700128555e-04
4.727322957478463650e-04
4.727304039988666773e-04
4.727286868728697300e-04
4.727269115392118692e-04
4.727251071017235518e-04
4.727235354948788881e-04
4.727217310573905706e-04
4.727199557237327099e-04
4.727184423245489597e-04
4.727164341602474451e-04
4.727148625534027815e-04
4.727131745312362909e-04
4.727113700937479734e-04
4.727095947600901127e-04
4.727077903226017952e-04
4.727060731966048479e-04
4.727044142782688141e-04
4.727024934254586697e-04
4.727009218186140060e-04
4.726992629002779722e-04
4.726973129436373711e-04
4.726956831291317940e-04
4.726939660031348467e-04
4.726921906694769859e-04
4.726904735434800386e-04
4.726886691059917212e-04
4.726869519799947739e-04
4.726850893348455429e-04
4.726834304165095091e-04
4.726817714981734753e-04
4.726799379568547010e-04
4.726782790385186672e-04
4.726764163933694363e-04
4.726747574750334024e-04
4.726729821413755417e-04
4.726712650153785944e-04
4.726695478893816471e-04
4.726678307633846998e-04
4.726658808067440987e-04
4.726643965113908052e-04
4.726625920739024878e-04
4.726608749479055405e-04
4.726590996142476797e-04
4.726572951767593622e-04
4.726557817775756121e-04
4.726539191324263811e-04
4.726520564872771502e-04
4.726505139842629433e-04
4.726486804429441690e-04
4.726469633169472218e-04
4.726452752947807312e-04
4.726433253381401300e-04
4.726416664198040962e-04
4.726399492938071489e-04
4.726381157524883747e-04
4.726364568341523409e-04
4.726347106043249369e-04
4.726330807898193598e-04
4.726313636638224125e-04
4.726295010186731815e-04
4.726277838926762342e-04
4.726260667666792870e-04
4.726244078483432531e-04
4.726225452031940222e-04
4.726208280771970749e-04
4.726191109512001276e-04
4.726174229290336370e-04
4.726156184915453196e-04
4.726137558463960886e-04
4.726121551357209682e-04
4.726104671135544777e-04
4.726086626760661602e-04
4.726070037577301264e-04
4.726052866317331791e-04
4.726033657789230347e-04
4.726017941720783710e-04
4.725999315269291401e-04
4.725982726085931063e-04
4.725964972749352455e-04
4.725947801489382982e-04
4.725930339191108942e-04
4.725912585854530334e-04
4.725895996671169996e-04
4.725878825411200523e-04
4.725860198959708214e-04
4.725844482891261578e-04
4.725826729554682970e-04
4.725808976218104362e-04
4.725792387034744024e-04
4.725774633698165417e-04
4.725756589323282242e-04
4.725740000139921904e-04
4.725722828879952431e-04
4.725705075543373823e-04
4.725687031168490648e-04
4.725670441985130310e-04
4.725653561763465405e-04
4.725634062197059393e-04
4.725617764052003622e-04
4.725600592792034149e-04
4.725583421532064676e-04
4.725566250272095203e-04
4.725547914858907461e-04
4.725530743598937988e-04
4.725513572338968515e-04
4.725496401078999043e-04
4.725479229819029570e-04
4.725462349597364664e-04
4.725444305222481489e-04
4.725427133962512016e-04
4.725409962702542543e-04
4.725391918327659369e-04
4.725374747067689896e-04
4.725358448922634125e-04
4.725340986624360085e-04
4.725323815364390612e-04
4.725306062027812004e-04
4.725288308691233397e-04
4.725271719507873058e-04
4.725253966171294451e-04
4.725236503873020411e-04
4.725219332613050938e-04
4.725202452391386032e-04
4.725183825939893723e-04
4.725166654679924250e-04
4.725150647573173046e-04
4.725132021121680737e-04
4.725115431938320398e-04
4.725099133793264627e-04
4.725079925265163183e-04
4.725063918158411980e-04
4.725046164821833372e-04
4.725028993561863899e-04
4.725011240225285292e-04
4.724994068965315819e-04
4.724976606667041779e-04
4.724957980215549469e-04
4.724942264147102833e-04
4.724924510810524225e-04
4.724907339550554752e-04
4.724890168290585279e-04
4.724873579107224941e-04
4.724855534732341766e-04
4.724839236587285995e-04
4.724821192212402821e-04
4.724804020952433348e-04
4.724787140730768442e-04
4.724768514279276133e-04
4.724751925095915794e-04
4.724735335912555456e-04
4.724717000499367714e-04
4.724699829239398241e-04
4.724683240056037903e-04
4.724664613604545593e-04
4.724647151306271553e-04
4.724629980046302080e-04
4.724613099824637175e-04
4.724595055449754000e-04
4.724578466266393661e-04
4.724561295006424189e-04
4.724544123746454716e-04
4.724527243524789810e-04
4.724508617073297501e-04
4.724492609966546297e-04
4.724476311821490526e-04
4.724457685369998217e-04
4.724440514110028744e-04
4.724423051811754704e-04
4.724405298475176096e-04
4.724388127215206623e-04
4.724371538031846285e-04
4.724353202618658543e-04
4.724335740320384502e-04
4.724320024251937866e-04
4.724301688838750124e-04
4.724284226540476084e-04
4.724267346318811178e-04
4.724250175058841705e-04
4.724233294837176800e-04
4.724216123577207327e-04
4.724198370240628719e-04
4.724180325865745544e-04
4.724163445644080639e-04
4.724145983345806599e-04
4.724128812085837126e-04
4.724112513940781355e-04
4.724093305412679911e-04
4.724077298305928707e-04
4.724061000160872936e-04
4.724042373709380627e-04
4.724025784526020288e-04
4.724008613266050816e-04
4.723991733044385910e-04
4.723973397631198168e-04
4.723957099486142397e-04
4.723939055111259222e-04
4.723921301774680614e-04
4.723905585706233978e-04
4.723886959254741669e-04
4.723870661109685898e-04
4.723852616734802723e-04
4.723834572359919548e-04
4.723818274214863777e-04
4.723801102954894304e-04
4.723782476503401995e-04
4.723765887320041656e-04
4.723749589174985886e-04
4.723732417915016413e-04
4.723714373540133238e-04
4.723698075395077467e-04
4.723680031020194292e-04
4.723662859760224819e-04
4.723645688500255346e-04
4.723627935163676739e-04
4.723611345980316401e-04
4.723593592643737793e-04
4.723577585536986589e-04
4.723559250123798847e-04
4.723541787825524807e-04
4.723524034488946199e-04
4.723506572190672159e-04
4.723490856122225523e-04
4.723472520709037781e-04
4.723455349449068308e-04
4.723437887150794268e-04
4.723422171082347631e-04
4.723403835669159889e-04
4.723386373370885849e-04
4.723370657302439213e-04
4.723351448774337769e-04
4.723335732705891132e-04
4.723317688331007957e-04
4.723300808109343052e-04
4.723283345811069012e-04
4.723266465589404106e-04
4.723249876406043768e-04
4.723231249954551458e-04
4.723216115962713957e-04
4.723197489511221647e-04
4.723179736174643040e-04
4.723163146991282701e-04
4.723145975731313229e-04
4.723129386547952890e-04
4.723110178019851446e-04
4.723093588836491108e-04
4.723076417576521635e-04
4.723059537354856730e-04
4.723042075056582689e-04
4.723024321720004082e-04
4.723008023574948311e-04
4.722989979200065136e-04
4.722973390016704798e-04
4.722955636680126190e-04
4.722939047496765852e-04
4.722922458313405514e-04
4.722904704976826906e-04
4.722886951640248299e-04
4.722869489341974258e-04
4.722852318082004786e-04
4.722836019936949015e-04
4.722818266600370407e-04
4.722800804302096367e-04
4.722784506157040596e-04
4.722767334897071123e-04
4.722750745713710785e-04
4.722732410300523043e-04
4.722715821117162704e-04
4.722698649857193232e-04
4.722680023405700922e-04
4.722662852145731449e-04
4.722645680885761976e-04
4.722628218587487936e-04
4.722611047327518463e-04
4.722593876067548990e-04
4.722576704807579517e-04
4.722559533547610044e-04
4.722543817479163408e-04
4.722525482065975666e-04
4.722508310806006193e-04
4.722491139546036720e-04
4.722473677247762680e-04
4.722457379102706909e-04
4.722439334727823734e-04
4.722422163467854261e-04
4.722405574284493923e-04
4.722388694062829018e-04
4.722370067611336708e-04
4.722354060504585505e-04
4.722336307168006897e-04
4.722319135908037424e-04
4.722302546724677086e-04
4.722285375464707613e-04
4.722268204204738140e-04
4.722249577753245831e-04
4.722233279608190060e-04
4.722215526271611452e-04
4.722198063973337412e-04
4.722180892713367939e-04
4.722164012491703033e-04
4.722147132270038128e-04
4.722128796856850386e-04
4.722113080788403749e-04
4.722094454336911440e-04
4.722078738268464804e-04
4.722060693893581629e-04
4.722044104710221291e-04
4.722026351373642683e-04
4.722008598037064075e-04
4.721992881968617439e-04
4.721975419670343399e-04
4.721958539448678493e-04
4.721941368188709021e-04
4.721924196928739548e-04
4.721906152553856373e-04
4.721889563370496035e-04
4.721872683148831129e-04
4.721855220850557089e-04
4.721838049590587616e-04
4.721820005215704441e-04
4.721802833955734968e-04
4.721785953734070063e-04
4.721767909359186888e-04
4.721751611214131117e-04
4.721733566839247942e-04
4.721717268694192171e-04
4.721700097434222698e-04
4.721682635135948658e-04
4.721666336990892887e-04
4.721649747807532549e-04
4.721631412394344807e-04
4.721614823210984468e-04
4.721596778836101294e-04
4.721579898614436388e-04
4.721562727354466915e-04
4.721545556094497442e-04
4.721529548987746239e-04
4.721510340459644794e-04
4.721494333352893591e-04
4.721477453131228685e-04
4.721459990832954645e-04
4.721443692687898874e-04
4.721425066236406565e-04
4.721408477053046227e-04
4.721391305793076754e-04
4.721374425571411848e-04
4.721356381196528673e-04
4.721340083051472902e-04
4.721321456599980593e-04
4.721305449493229389e-04
4.721288278233259916e-04
4.721270524896681309e-04
4.721254226751625538e-04
4.721236764453351498e-04
4.721220466308295727e-04
4.721202712971717119e-04
4.721185541711747646e-04
4.721168079413473606e-04
4.721151490230113268e-04
4.721133736893534660e-04
4.721117147710174322e-04
4.721100267488509417e-04
4.721082223113626242e-04
4.721065051853656769e-04
4.721048462670296431e-04
4.721031582448631525e-04
4.721014120150357485e-04
4.720996366813778877e-04
4.720979195553809404e-04
4.720962606370449066e-04
4.720944853033870459e-04
4.720928263850510120e-04
4.720911092590540648e-04
4.720894212368875742e-04
4.720877041108906269e-04
4.720859578810632229e-04
4.720842407550662756e-04
4.720825236290693283e-04
4.720807482954114676e-04
4.720791475847363472e-04
4.720774304587393999e-04
4.720757133327424526e-04
4.720739962067455053e-04
4.720723663922399282e-04
4.720705037470906973e-04
4.720688448287546635e-04
4.720671568065881729e-04
4.720654978882521391e-04
4.720637807622551918e-04
4.720620054285973310e-04
4.720602883026003838e-04
4.720584256574511528e-04
4.720568540506064892e-04
4.720551951322704554e-04
4.720535362139344215e-04
4.720516735687851906e-04
4.720501019619405270e-04
4.720483266282826662e-04
4.720466677099466324e-04
4.720448632724583149e-04
4.720431752502918243e-04
4.720415163319557905e-04
4.720397409982979298e-04
4.720379947684705257e-04
4.720363067463040352e-04
4.720345896203070879e-04
4.720328433904796839e-04
4.720312717836350203e-04
4.720295546576380730e-04
4.720278375316411257e-04
4.720260621979832649e-04
4.720244905911386013e-04
4.720226279459893703e-04
4.720208526123315096e-04
4.720192810054868460e-04
4.720174765679985285e-04
4.720157594420015812e-04
4.720141296274960041e-04
4.720124125014990568e-04
4.720107535831630230e-04
4.720089782495051622e-04
4.720071738120168447e-04
4.720055439975112677e-04
4.720037104561924934e-04
4.720021388493478298e-04
4.720003053080290556e-04
4.719987045973539352e-04
4.719968710560351610e-04
4.719952994491904974e-04
4.719935532193630934e-04
4.719917778857052326e-04
4.719901480711996555e-04
4.719884891528636217e-04
4.719867720268666744e-04
4.719850549008697271e-04
4.719832795672118664e-04
4.719815333373844624e-04
4.719798453152179718e-04
4.719781281892210245e-04
4.719764692708849907e-04
4.719746939372271299e-04
4.719730932265520096e-04
4.719713761005550623e-04
