2.523785689845681190e-03
2.522572875022888184e-03
2.521361457183957100e-03
2.520151436328887939e-03
2.518942579627037048e-03
2.517735119909048080e-03
2.516528591513633728e-03
2.515323925763368607e-03
2.514120191335678101e-03
2.512917853891849518e-03
2.511715982109308243e-03
2.510516671463847160e-03
2.509318059310317039e-03
2.508120611310005188e-03
2.506924560293555260e-03
2.505729673430323601e-03
2.504535950720310211e-03
2.503343857824802399e-03
2.502152696251869202e-03
2.500962931662797928e-03
2.499774098396301270e-03
2.498586662113666534e-03
2.497400855645537376e-03
2.496215514838695526e-03
2.495032036677002907e-03
2.493849257007241249e-03
2.492667874321341515e-03
2.491487888619303703e-03
2.490309067070484161e-03
2.489131176844239235e-03
2.487954683601856232e-03
2.486779121682047844e-03
2.485604956746101379e-03
2.484431955963373184e-03
2.483259886503219604e-03
2.482089214026927948e-03
2.480919705703854561e-03
2.479751128703355789e-03
2.478583948686718941e-03
2.477417932823300362e-03
2.476252848282456398e-03
2.475089160725474358e-03
2.473926404491066933e-03
2.472765045240521431e-03
2.471604617312550545e-03
2.470445120707154274e-03
2.469287021085619926e-03
2.468130085617303848e-03
2.466974081471562386e-03
2.465819008648395538e-03
2.464665332809090614e-03
2.463512588292360306e-03
2.462360775098204613e-03
2.461210358887910843e-03
2.460060408338904381e-03
2.458912553265690804e-03
2.457764931023120880e-03
2.456619171425700188e-03
2.455473644658923149e-03
2.454329514876008034e-03
2.453186549246311188e-03
2.452044980600476265e-03
2.450903644785284996e-03
2.449763473123311996e-03
2.448624698445200920e-03
2.447486855089664459e-03
2.446349710226058960e-03
2.445213962346315384e-03
2.444079378619790077e-03
2.442945493385195732e-03
2.441812539473176003e-03
2.440680749714374542e-03
2.439550124108791351e-03
2.438420196995139122e-03
2.437291201204061508e-03
2.436163369566202164e-03
2.435036702081561089e-03
2.433910733088850975e-03
2.432785928249359131e-03
2.431662054732441902e-03
2.430539112538099289e-03
2.429416868835687637e-03
2.428296022117137909e-03
2.427175641059875488e-03
2.426056889817118645e-03
2.424938371405005455e-03
2.423821017146110535e-03
2.422704594209790230e-03
2.421589335426688194e-03
2.420474775135517120e-03
2.419361611828207970e-03
2.418248681351542473e-03
2.417136682197451591e-03
2.416026080027222633e-03
2.414916176348924637e-03
2.413807203993201256e-03
2.412698930129408836e-03
2.411591820418834686e-03
2.410485176369547844e-03
2.409379463642835617e-03
2.408275147899985313e-03
2.407171297818422318e-03
2.406068611890077591e-03
2.404966391623020172e-03
2.403865335509181023e-03
2.402764977887272835e-03
2.401665784418582916e-03
2.400566590949892998e-03
2.399469027295708656e-03
2.398371929302811623e-03
2.397275995463132858e-03
2.396180294454097748e-03
2.395085990428924561e-03
2.393992384895682335e-03
2.392899710685014725e-03
2.391807269304990768e-03
2.390715992078185081e-03
2.389625646173954010e-03
2.388535998761653900e-03
2.387447282671928406e-03
2.386359265074133873e-03
2.385271713137626648e-03
2.384185092523694038e-03
2.383099403232336044e-03
2.382014412432909012e-03
2.380929887294769287e-03
2.379846526309847832e-03
2.378763863816857338e-03
2.377681899815797806e-03
2.376600634306669235e-03
2.375520067289471626e-03
2.374439965933561325e-03
2.373361261561512947e-03
2.372282790020108223e-03
2.371205249801278114e-03
2.370128175243735313e-03
2.369052032008767128e-03
2.367976587265729904e-03
2.366901841014623642e-03
2.365828026086091995e-03
2.364754211157560349e-03
2.363681560382246971e-03
2.362609375268220901e-03
2.361538121476769447e-03
2.360467333346605301e-03
2.359397243708372116e-03
2.358327852562069893e-03
2.357259159907698631e-03
2.356191165745258331e-03
2.355123637244105339e-03
2.354057040065526962e-03
2.352990442886948586e-03
2.351925009861588478e-03
2.350860275328159332e-03
2.349796006456017494e-03
2.348732203245162964e-03
2.347669331356883049e-03
2.346606925129890442e-03
2.345544751733541489e-03
2.344483509659767151e-03
2.343422966077923775e-03
2.342362888157367706e-03
2.341303741559386253e-03
2.340244362130761147e-03
2.339185914024710655e-03
2.338128164410591125e-03
2.337070880457758904e-03
2.336014062166213989e-03
2.334958175197243690e-03
2.333902288228273392e-03
2.332847099751234055e-03
2.331793075427412987e-03
2.330738818272948265e-03
2.329685259610414505e-03
2.328632399439811707e-03
2.327579772099852562e-03
2.326527843251824379e-03
2.325476380065083504e-03
2.324425382539629936e-03
2.323374850675463676e-03
2.322325017303228378e-03
2.321275183930993080e-03
2.320226281881332397e-03
2.319177612662315369e-03
2.318129641935229301e-03
2.317081904038786888e-03
2.316034631803631783e-03
2.314988290891051292e-03
2.313941717147827148e-03
2.312895841896533966e-03
2.311850199475884438e-03
2.310805022716522217e-03
2.309760777279734612e-03
2.308716531842947006e-03
2.307672519236803055e-03
2.306629437953233719e-03
2.305586356669664383e-03
2.304543508216738701e-03
2.303501591086387634e-03
2.302459673956036568e-03
2.301418222486972809e-03
2.300376771017909050e-03
2.299336250871419907e-03
2.298295497894287109e-03
2.297255909070372581e-03
2.296216087415814400e-03
2.295176731422543526e-03
2.294137841090559959e-03
2.293098717927932739e-03
2.292060526087880135e-03
2.291022334247827530e-03
2.289984608069062233e-03
2.288946881890296936e-03
2.287909621372818947e-03
2.286872826516628265e-03
2.285836264491081238e-03
2.284800168126821518e-03
2.283763838931918144e-03
2.282727975398302078e-03
2.281692577525973320e-03
2.280657179653644562e-03
2.279622247442603111e-03
2.278587548062205315e-03
2.277552848681807518e-03
2.276518614962697029e-03
2.275484381243586540e-03
2.274450380355119705e-03
2.273416845127940178e-03
2.272383542731404305e-03
2.271350007504224777e-03
2.270316937938332558e-03
2.269284101203083992e-03
2.268251264467835426e-03
2.267218660563230515e-03
2.266186522319912910e-03
2.265154151245951653e-03
2.264122245833277702e-03
2.263090340420603752e-03
2.262058667838573456e-03
2.261026995256543159e-03
2.259995555505156517e-03
2.258963882923126221e-03
2.257932676002383232e-03
2.256901701912283897e-03
2.255870494991540909e-03
2.254839520901441574e-03
2.253809012472629547e-03
2.252778038382530212e-03
2.251747529953718185e-03
2.250716788694262505e-03
2.249686513096094131e-03
2.248656004667282104e-03
2.247625496238470078e-03
2.246595453470945358e-03
2.245564945042133331e-03
2.244534902274608612e-03
2.243504626676440239e-03
2.242474583908915520e-03
2.241444773972034454e-03
2.240414498373866081e-03
2.239384688436985016e-03
2.238354412838816643e-03
2.237324370071291924e-03
2.236294094473123550e-03
2.235264284536242485e-03
2.234234474599361420e-03
2.233203966170549393e-03
2.232174156233668327e-03
2.231144113466143608e-03
2.230113605037331581e-03
2.229083562269806862e-03
2.228053286671638489e-03
2.227023011073470116e-03
2.225992968305945396e-03
2.224962692707777023e-03
2.223932184278964996e-03
2.222901675850152969e-03
2.221871167421340942e-03
2.220840658992528915e-03
2.219809917733073235e-03
2.218779409304261208e-03
2.217748202383518219e-03
2.216717228293418884e-03
2.215686487033963203e-03
2.214655280113220215e-03
2.213624073192477226e-03
2.212592633441090584e-03
2.211561659350991249e-03
2.210529986768960953e-03
2.209498081356287003e-03
2.208466408774256706e-03
2.207434736192226410e-03
2.206402597948908806e-03
2.205370459705591202e-03
2.204338554292917252e-03
2.203305717557668686e-03
2.202273346483707428e-03
2.201240742579102516e-03
2.200208138674497604e-03
2.199175301939249039e-03
2.198141999542713165e-03
2.197108929976820946e-03
2.196075860410928726e-03
2.195042325183749199e-03
2.194008557125926018e-03
2.192975021898746490e-03
2.191941021010279655e-03
2.190907020121812820e-03
2.189873019233345985e-03
2.188839018344879150e-03
2.187804318964481354e-03
2.186769619584083557e-03
2.185734920203685760e-03
2.184700220823287964e-03
2.183665055781602859e-03
2.182629890739917755e-03
2.181594958528876305e-03
2.180559327825903893e-03
2.179523929953575134e-03
2.178488299250602722e-03
2.177452435716986656e-03
2.176416339352726936e-03
2.175380242988467216e-03
2.174344146624207497e-03
2.173308050259947777e-03
2.172271488234400749e-03
2.171234926208853722e-03
2.170198364183306694e-03
2.169161802157759666e-03
2.168124774470925331e-03
2.167087979614734650e-03
2.166050951927900314e-03
2.165013458579778671e-03
2.163976198062300682e-03
2.162939170375466347e-03
2.161901909857988358e-03
2.160864649340510368e-03
2.159826923161745071e-03
2.158789196982979774e-03
2.157751936465501785e-03
2.156714210286736488e-03
2.155676716938614845e-03
2.154638757929205894e-03
2.153601264581084251e-03
2.152563538402318954e-03
2.151525579392910004e-03
2.150488086044788361e-03
2.149450359866023064e-03
2.148412400856614113e-03
2.147374907508492470e-03
2.146337414160370827e-03
2.145299920812249184e-03
2.144262194633483887e-03
2.143224934116005898e-03
2.142187440767884254e-03
2.141150180250406265e-03
2.140112686902284622e-03
2.139075892046093941e-03
2.138038631528615952e-03
2.137001836672425270e-03
2.135965041816234589e-03
2.134928712621331215e-03
2.133892150595784187e-03
2.132855821400880814e-03
2.131819957867264748e-03
2.130783861503005028e-03
2.129748230800032616e-03
2.128712600097060204e-03
2.127677435055375099e-03
2.126642502844333649e-03
2.125608036294579506e-03
2.124573569744825363e-03
2.123539103195071220e-03
2.122505335137248039e-03
2.121471799910068512e-03
2.120438497513532639e-03
2.119405660778284073e-03
2.118373056873679161e-03
2.117340918630361557e-03
2.116309013217687607e-03
2.115277573466300964e-03
2.114246599376201630e-03
2.113215625286102295e-03
2.112185582518577576e-03
2.111156005412340164e-03
2.110126661136746407e-03
2.109097782522439957e-03
2.108069602400064468e-03
2.107041655108332634e-03
2.106014406308531761e-03
2.104987623170018196e-03
2.103961072862148285e-03
2.102935686707496643e-03
2.101910300552845001e-03
2.100886078551411629e-03
2.099861856549978256e-03
2.098838798701763153e-03
2.097815973684191704e-03
2.096793847158551216e-03
2.095772419124841690e-03
2.094751689583063126e-03
2.093731658533215523e-03
2.092712325975298882e-03
2.091693459078669548e-03
2.090675523504614830e-03
2.089658286422491074e-03
2.088642213493585587e-03
2.087626373395323753e-03
2.086611464619636536e-03
2.085597487166523933e-03
2.084583975374698639e-03
2.083571627736091614e-03
2.082559978589415550e-03
2.081549260765314102e-03
2.080539241433143616e-03
2.079530153423547745e-03
2.078521763905882835e-03
2.077514538541436195e-03
2.076508244499564171e-03
2.075502648949623108e-03
2.074498217552900314e-03
2.073494717478752136e-03
2.072491915896534920e-03
2.071490278467535973e-03
2.070489572361111641e-03
2.069489797577261925e-03
2.068490954115986824e-03
2.067493740469217300e-03
2.066496526822447777e-03
2.065500942990183830e-03
2.064506523311138153e-03
2.063512802124023438e-03
2.062520477920770645e-03
2.061528852209448814e-03
2.060538390651345253e-03
2.059548860415816307e-03
2.058560727164149284e-03
2.057573758065700531e-03
2.056587487459182739e-03
2.055602613836526871e-03
2.054618904367089272e-03
2.053636126220226288e-03
2.052654977887868881e-03
2.051674760878086090e-03
2.050695475190877914e-03
2.049717353656888008e-03
2.048740629106760025e-03
2.047765068709850311e-03
2.046790439635515213e-03
2.045817440375685692e-03
2.044845139607787132e-03
2.043874468654394150e-03
2.042904496192932129e-03
2.041935920715332031e-03
2.040968975052237511e-03
2.040002727881073952e-03
2.039038110524415970e-03
2.038074191659688950e-03
2.037112135440111160e-03
2.036151010543107986e-03
2.035191049799323082e-03
2.034232486039400101e-03
2.033275086432695389e-03
2.032319083809852600e-03
2.031364012509584427e-03
2.030410571023821831e-03
2.029458293691277504e-03
2.028507180511951447e-03
2.027557464316487312e-03
2.026609145104885101e-03
2.025661757215857506e-03
2.024715533480048180e-03
2.023770939558744431e-03
2.022827509790658951e-03
2.021885244175791740e-03
2.020944608375430107e-03
2.020005136728286743e-03
2.019066596403717995e-03
2.018129453063011169e-03
2.017193706706166267e-03
2.016259124502539635e-03
2.015325939282774925e-03
2.014393918216228485e-03
2.013463294133543968e-03
2.012534067034721375e-03
2.011605771258473396e-03
2.010679105296730995e-03
2.009753836318850517e-03
2.008829265832901001e-03
2.007906092330813408e-03
2.006984548643231392e-03
2.006063936278223991e-03
2.005144953727722168e-03
2.004227135330438614e-03
2.003310248255729675e-03
2.002394758164882660e-03
2.001480897888541222e-03
2.000567736104130745e-03
1.999656204134225845e-03
1.998745603486895561e-03
