3.750715113710612059e-04
3.750697069335728884e-04
3.750678733922541142e-04
3.750660689547657967e-04
3.750642645172774792e-04
3.750624309759587049e-04
3.750606265384703875e-04
3.750587347894906998e-04
3.750569012481719255e-04
3.750551259145140648e-04
3.750533214770257473e-04
3.750514879357069731e-04
3.750496834982186556e-04
3.750479081645607948e-04
3.750460746232420206e-04
3.750442410819232464e-04
3.750423493329435587e-04
3.750405739992856979e-04
3.750387695617973804e-04
3.750368778128176928e-04
3.750350733753293753e-04
3.750332689378410578e-04
3.750314353965222836e-04
3.750296309590339661e-04
3.750278265215456486e-04
3.750260802917182446e-04
3.750241885427385569e-04
3.750223841052502394e-04
3.750205796677619219e-04
3.750187461264431477e-04
3.750169125851243734e-04
3.750150790438055992e-04
3.750133037101477385e-04
3.750114119611680508e-04
3.750096366275101900e-04
3.750077739823609591e-04
3.750060277525335550e-04
3.750041942112147808e-04
3.750023606698960066e-04
3.750005853362381458e-04
3.749987517949193716e-04
3.749969182536005974e-04
3.749950847122818232e-04
3.749932802747935057e-04
3.749914467334747314e-04
3.749896131921559572e-04
3.749877796508371830e-04
3.749859461095184088e-04
3.749841707758605480e-04
3.749823372345417738e-04
3.749805327970534563e-04
3.749786992557346821e-04
3.749768948182463646e-04
3.749750903807580471e-04
3.749731986317783594e-04
3.749714232981204987e-04
3.749696188606321812e-04
3.749678435269743204e-04
3.749659808818250895e-04
3.749641764443367720e-04
3.749624302145093679e-04
3.749604802578687668e-04
3.749587340280413628e-04
3.749569295905530453e-04
3.749551251530647278e-04
3.749532625079154968e-04
3.749514871742576361e-04
3.749496827367693186e-04
3.749478491954505444e-04
3.749459865503013134e-04
3.749442112166434526e-04
3.749424358829855919e-04
3.749405732378363609e-04
3.749387688003480434e-04
3.749369934666901827e-04
3.749351017177104950e-04
3.749333554878830910e-04
3.749314928427338600e-04
3.749297175090759993e-04
3.749279130715876818e-04
3.749260795302689075e-04
3.749242168851196766e-04
3.749224124476313591e-04
3.749205789063125849e-04
3.749188326764851809e-04
3.749169700313359499e-04
3.749151364900171757e-04
3.749133320525288582e-04
3.749115567188709974e-04
3.749097231775522232e-04
3.749078896362334490e-04
3.749060560949146748e-04
3.749042225535959005e-04
3.749024472199380398e-04
3.749006427824497223e-04
3.748988674487918615e-04
3.748970048036426306e-04
3.748952294699847698e-04
3.748933668248355389e-04
3.748915914911776781e-04
3.748897579498589039e-04
3.748879535123705864e-04
3.748861199710518122e-04
3.748843446373939514e-04
3.748824819922447205e-04
3.748807066585868597e-04
3.748788440134376287e-04
3.748770686797797680e-04
3.748752933461219072e-04
3.748734598048031330e-04
3.748716262634843588e-04
3.748697927221655846e-04
3.748680464923381805e-04
3.748662711586803198e-04
3.748644085135310888e-04
3.748625749722123146e-04
3.748607996385544538e-04
3.748589660972356796e-04
3.748571616597473621e-04
3.748552990145981312e-04
3.748535527847707272e-04
3.748516610357910395e-04
3.748498857021331787e-04
3.748480812646448612e-04
3.748463059309870005e-04
3.748444141820073128e-04
3.748426970560103655e-04
3.748408344108611345e-04
3.748390008695423603e-04
3.748372255358844995e-04
3.748354210983961821e-04
3.748335875570774078e-04
3.748317249119281769e-04
3.748299786821007729e-04
3.748281160369515419e-04
3.748263407032936811e-04
3.748245653696358204e-04
3.748227609321475029e-04
3.748208982869982719e-04
3.748191229533404112e-04
3.748173476196825504e-04
3.748154849745333195e-04
3.748136514332145452e-04
3.748118469957262278e-04
3.748100425582379103e-04
3.748082672245800495e-04
3.748064627870917320e-04
3.748046292457729578e-04
3.748028539121150970e-04
3.748010494746267796e-04
3.747992741409689188e-04
3.747974114958196878e-04
3.747955779545009136e-04
3.747938026208430529e-04
3.747919981833547354e-04
3.747901355382055044e-04
3.747883602045476437e-04
3.747865557670593262e-04
3.747847804334014654e-04
3.747830050997436047e-04
3.747811424545943737e-04
3.747793380171060562e-04
3.747775044757872820e-04
3.747756709344685078e-04
3.747738956008106470e-04
3.747720620594918728e-04
3.747702285181730986e-04
3.747684822883456945e-04
3.747666487470269203e-04
3.747648152057081461e-04
3.747630689758807421e-04
3.747612354345619678e-04
3.747594309970736504e-04
3.747576265595853329e-04
3.747558221220970154e-04
3.747539885807782412e-04
3.747521841432899237e-04
3.747504379134625196e-04
3.747485752683132887e-04
3.747467708308249712e-04
3.747450246009975672e-04
3.747431619558483362e-04
3.747413866221904755e-04
3.747395821847021580e-04
3.747377486433833838e-04
3.747359733097255230e-04
3.747341979760676622e-04
3.747323644347488880e-04
3.747305308934301138e-04
3.747287264559417963e-04
3.747269511222839355e-04
3.747251175809651613e-04
3.747233422473073006e-04
3.747215087059885263e-04
3.747197042685002089e-04
3.747178998310118914e-04
3.747160953935235739e-04
3.747142909560352564e-04
3.747124865185469389e-04
3.747107111848890781e-04
3.747089358512312174e-04
3.747070732060819864e-04
3.747052978724241257e-04
3.747034934349358082e-04
3.747016889974474907e-04
3.746998845599591732e-04
3.746980510186403990e-04
3.746962465811520815e-04
3.746945003513246775e-04
3.746926668100059032e-04
3.746908332686871290e-04
3.746890288311988115e-04
3.746872826013714075e-04
3.746853908523917198e-04
3.746836737263947725e-04
3.746818401850759983e-04
3.746800066437572241e-04
3.746782022062689066e-04
3.746763977687805891e-04
3.746745933312922716e-04
3.746727888938039541e-04
3.746709844563156366e-04
3.746691800188273191e-04
3.746674628928303719e-04
3.746656293515115976e-04
3.746637958101928234e-04
3.746620495803654194e-04
3.746601869352161884e-04
3.746583824977278709e-04
3.746566653717309237e-04
3.746548318304121494e-04
3.746529982890933752e-04
3.746511938516050577e-04
3.746494185179471970e-04
3.746475849766284227e-04
3.746458387468010187e-04
3.746440052054822445e-04
3.746421425603330135e-04
3.746404545381665230e-04
3.746385627891868353e-04
3.746367583516985178e-04
3.746349248103797436e-04
3.746331785805523396e-04
3.746314032468944788e-04
3.746295697055757046e-04
3.746277652680873871e-04
3.746259317267686129e-04
3.746241854969412088e-04
3.746223519556224346e-04
3.746205475181341171e-04
3.746188012883067131e-04
3.746169386431574821e-04
3.746151924133300781e-04
3.746133297681808472e-04
3.746115544345229864e-04
3.746098082046955824e-04
3.746080037672072649e-04
3.746061993297189474e-04
3.746043657884001732e-04
3.746025904547423124e-04
3.746008151210844517e-04
3.745990106835961342e-04
3.745972062461078167e-04
3.745953436009585857e-04
3.745935973711311817e-04
3.745917929336428642e-04
3.745900467038154602e-04
3.745881549548357725e-04
3.745863796211779118e-04
3.745846042875200510e-04
3.745827998500317335e-04
3.745809954125434160e-04
3.745791909750550985e-04
3.745773865375667810e-04
3.745755821000784636e-04
3.745738358702510595e-04
3.745720023289322853e-04
3.745701978914439678e-04
3.745683934539556503e-04
3.745665890164673328e-04
3.745647845789790154e-04
3.745630383491516113e-04
3.745612048078328371e-04
3.745594003703445196e-04
3.745576250366866589e-04
3.745558497030287981e-04
3.745540743693709373e-04
3.745522408280521631e-04
3.745504363905638456e-04
3.745486901607364416e-04
3.745468566194176674e-04
3.745451103895902634e-04
3.745433059521019459e-04
3.745415015146136284e-04
3.745396388694643974e-04
3.745378635358065367e-04
3.745360882021486759e-04
3.745342837646603584e-04
3.745324793271720409e-04
3.745306457858532667e-04
3.745288704521954060e-04
3.745271533261984587e-04
3.745252906810492277e-04
3.745235153473913670e-04
3.745217109099030495e-04
3.745199064724147320e-04
3.745181602425873280e-04
3.745163267012685537e-04
3.745145804714411497e-04
3.745127760339528322e-04
3.745109424926340580e-04
3.745091671589761972e-04
3.745073627214878798e-04
3.745055582839995623e-04
3.745037538465112448e-04
3.745019785128533840e-04
3.745001740753650665e-04
3.744984278455376625e-04
3.744965652003884315e-04
3.744948480743914843e-04
3.744929563254117966e-04
3.744912100955843925e-04
3.744893765542656183e-04
3.744876303244382143e-04
3.744857967831194401e-04
3.744840214494615793e-04
3.744822170119732618e-04
3.744804416783154011e-04
3.744786372408270836e-04
3.744768910109996796e-04
3.744750574696809053e-04
3.744732821360230446e-04
3.744715359061956406e-04
3.744696732610464096e-04
3.744678688235580921e-04
3.744660934899002314e-04
3.744643181562423706e-04
3.744625137187540531e-04
3.744607092812657356e-04
3.744589921552687883e-04
3.744571877177804708e-04
3.744553541764616966e-04
3.744535497389733791e-04
3.744517453014850616e-04
3.744499990716576576e-04
3.744481946341693401e-04
3.744463901966810226e-04
3.744445857591927052e-04
3.744428104255348444e-04
3.744410641957074404e-04
3.744392306543886662e-04
3.744374262169003487e-04
3.744356508832424879e-04
3.744339046534150839e-04
3.744320711120963097e-04
3.744302666746079922e-04
3.744285204447805882e-04
3.744266869034618139e-04
3.744249115698039532e-04
3.744231362361460924e-04
3.744213026948273182e-04
3.744195564649999142e-04
3.744177229236811399e-04
3.744159475900232792e-04
3.744141431525349617e-04
3.744123678188771009e-04
3.744105633813887835e-04
3.744087589439004660e-04
3.744070418179035187e-04
3.744051791727542877e-04
3.744034329429268837e-04
3.744016285054385662e-04
3.743998531717807055e-04
3.743980778381228447e-04
3.743962151929736137e-04
3.743944398593157530e-04
3.743926645256578922e-04
3.743909182958304882e-04
3.743891138583421707e-04
3.743873385246843100e-04
3.743854758795350790e-04
3.743837296497076750e-04
3.743818961083889008e-04
3.743801498785614967e-04
3.743783454410731792e-04
3.743765701074153185e-04
3.743748238775879145e-04
3.743730194400995970e-04
3.743711567949503660e-04
3.743693523574620485e-04
3.743676061276346445e-04
3.743657725863158703e-04
3.743640554603189230e-04
3.743622801266610622e-04
3.743604465853422880e-04
3.743587003555148840e-04
3.743569250218570232e-04
3.743550914805382490e-04
3.743533452507108450e-04
3.743515117093920708e-04
3.743497654795646667e-04
3.743479610420763493e-04
3.743461566045880318e-04
3.743444103747606277e-04
3.743426350411027670e-04
3.743407141882926226e-04
3.743389970622956753e-04
3.743372217286378145e-04
3.743354754988104105e-04
3.743336419574916363e-04
3.743318666238337755e-04
3.743301494978368282e-04
3.743282868526875973e-04
3.743265697266906500e-04
3.743247070815414190e-04
3.743229317478835583e-04
3.743211564142256975e-04
3.743194683920592070e-04
3.743176057469099760e-04
3.743158013094216585e-04
3.743140259757637978e-04
3.743123088497668505e-04
3.743104462046176195e-04
3.743086417671293020e-04
3.743068955373018980e-04
3.743051493074744940e-04
3.743032575584948063e-04
3.743015404324978590e-04
3.742997068911790848e-04
3.742979606613516808e-04
3.742961562238633633e-04
3.742943226825445890e-04
3.742926346603780985e-04
3.742908302228897810e-04
3.742890839930623770e-04
3.742872213479131460e-04
3.742854460142552853e-04
3.742837288882583380e-04
3.742818953469395638e-04
3.742800909094512463e-04
3.742783155757933855e-04
3.742765402421355247e-04
3.742747358046472073e-04
3.742729895748198032e-04
3.742712142411619425e-04
3.742693806998431683e-04
3.742676344700157642e-04
3.742658591363579035e-04
3.742640838027000427e-04
3.742622502613812685e-04
3.742605331353843212e-04
3.742586995940655470e-04
3.742568951565772295e-04
3.742551198229193687e-04
3.742533735930919647e-04
3.742515691556036472e-04
3.742497938219457865e-04
3.742480184882879257e-04
3.742462140507996082e-04
3.742444387171417475e-04
3.742426924873143435e-04
3.742408880498260260e-04
3.742390836123377085e-04
3.742373082786798477e-04
3.742355911526829004e-04
3.742337576113641262e-04
3.742319822777062654e-04
3.742302069440484047e-04
3.742284316103905439e-04
3.742265689652413130e-04
3.742247936315834522e-04
3.742230765055865049e-04
3.742212429642677307e-04
3.742194967344403267e-04
3.742177214007824659e-04
3.742159460671246052e-04
3.742141707334667444e-04
3.742123953998088837e-04
3.742105909623205662e-04
3.742088447324931622e-04
3.742070985026657581e-04
3.742052940651774406e-04
3.742034023161977530e-04
3.742016851902008057e-04
3.741999389603734016e-04
3.741981345228850842e-04
3.741963300853967667e-04
3.741945547517389059e-04
3.741928085219115019e-04
3.741910331882536411e-04
3.741892287507653236e-04
3.741873952094465494e-04
3.741856780834496021e-04
3.741839027497917414e-04
3.741820983123034239e-04
3.741803229786455631e-04
3.741785476449877024e-04
3.741768014151602983e-04
3.741749387700110674e-04
3.741732216440141201e-04
