4.749686631839722395e-04
4.749666550196707249e-04
4.749648505821824074e-04
4.749629588332027197e-04
4.749610961880534887e-04
4.749592917505651712e-04
4.749572835862636566e-04
4.749554500449448824e-04
4.749536165036261082e-04
4.749516956508159637e-04
4.749498330056667328e-04
4.749479703605175018e-04
4.749460786115378141e-04
4.749442159663885832e-04
4.749423533212393522e-04
4.749404324684292078e-04
4.749385698232799768e-04
4.749366198666393757e-04
4.749347281176596880e-04
4.749330109916627407e-04
4.749310028273612261e-04
4.749292274937033653e-04
4.749272484332323074e-04
4.749254730995744467e-04
4.749235522467643023e-04
4.749216604977846146e-04
4.749197978526353836e-04
4.749179352074861526e-04
4.749159852508455515e-04
4.749141226056963205e-04
4.749122017528861761e-04
4.749103973153978586e-04
4.749085346702486277e-04
4.749066429212689400e-04
4.749047802761197090e-04
4.749028594233095646e-04
4.749010549858212471e-04
4.748991632368415594e-04
4.748973296955227852e-04
4.748954379465430975e-04
4.748936044052243233e-04
4.748916544485837221e-04
4.748897626996040344e-04
4.748879291582852602e-04
4.748859792016446590e-04
4.748841747641563416e-04
4.748822830151766539e-04
4.748804494738578796e-04
4.748785868287086487e-04
4.748766077682375908e-04
4.748747742269188166e-04
4.748729697894304991e-04
4.748711071442812681e-04
4.748692444991320372e-04
4.748672363348305225e-04
4.748654318973422050e-04
4.748635401483625174e-04
4.748617066070437431e-04
4.748598148580640554e-04
4.748579522129148245e-04
4.748560895677655935e-04
4.748541687149554491e-04
4.748523642774671316e-04
4.748504143208265305e-04
4.748486098833382130e-04
4.748466890305280685e-04
4.748448845930397511e-04
4.748429346363991499e-04
4.748410137835890055e-04
4.748391511384397745e-04
4.748373467009514570e-04
4.748355422634631395e-04
4.748336214106529951e-04
4.748316423501819372e-04
4.748298670165240765e-04
4.748279461637139320e-04
4.748261417262256145e-04
4.748241917695850134e-04
4.748223873320966959e-04
4.748205246869474649e-04
4.748186620417982340e-04
4.748167993966490030e-04
4.748148494400084019e-04
4.748130450025200844e-04
4.748111823573708534e-04
4.748093197122216225e-04
4.748074570670723915e-04
4.748055362142622471e-04
4.748036444652825594e-04
4.748017236124724150e-04
4.748000064864754677e-04
4.747980565298348665e-04
4.747961938846856356e-04
4.747943312395364046e-04
4.747924394905567169e-04
4.747906350530683994e-04
4.747887142002582550e-04
4.747867933474481106e-04
4.747849889099597931e-04
4.747831262648105621e-04
4.747812636196613312e-04
4.747793718706816435e-04
4.747775674331933260e-04
4.747755883727222681e-04
4.747737839352339506e-04
4.747719212900847197e-04
4.747701168525964022e-04
4.747681668959558010e-04
4.747663042508065701e-04
4.747643833979964256e-04
4.747624916490167379e-04
4.747607163153588772e-04
4.747588245663791895e-04
4.747569910250604153e-04
4.747550992760807276e-04
4.747531784232705832e-04
4.747513739857822657e-04
4.747495695482939482e-04
4.747476195916533470e-04
4.747457860503345728e-04
4.747438943013548851e-04
4.747420316562056541e-04
4.747401690110564232e-04
4.747383063659071922e-04
4.747364146169275045e-04
4.747345519717782736e-04
4.747326311189681292e-04
4.747308848891407251e-04
4.747289058286696672e-04
4.747271013911813498e-04
4.747252096422016621e-04
4.747233761008828878e-04
4.747215716633945704e-04
4.747195634990930557e-04
4.747177590616047382e-04
4.747159837279468775e-04
4.747140337713062763e-04
4.747122293338179588e-04
4.747102793771773577e-04
4.747084167320281267e-04
4.747066122945398092e-04
4.747046914417296648e-04
4.747028870042413473e-04
4.747009661514312029e-04
4.746991617139428854e-04
4.746972990687936544e-04
4.746954073198139668e-04
4.746934864670038223e-04
4.746916820295155048e-04
4.746897320728749037e-04
4.746879567392170429e-04
4.746860940940678120e-04
4.746842314489185810e-04
4.746823396999388933e-04
4.746805061586201191e-04
4.746786144096404314e-04
4.746768099721521139e-04
4.746749473270028830e-04
4.746730264741927385e-04
4.746712802443653345e-04
4.746692720800638199e-04
4.746674967464059591e-04
4.746656049974262714e-04
4.746637423522770405e-04
4.746618214994668961e-04
4.746599297504872084e-04
4.746581544168293476e-04
4.746563499793410301e-04
4.746544291265308857e-04
4.746525664813816547e-04
4.746506747324019670e-04
4.746487538795918226e-04
4.746470076497644186e-04
4.746451450046151876e-04
4.746432823594659567e-04
4.746413324028253555e-04
4.746394988615065813e-04
4.746376653201878071e-04
4.746358026750385761e-04
4.746339400298893452e-04
4.746320773847401142e-04
4.746302729472517967e-04
4.746283520944416523e-04
4.746265476569533348e-04
4.746246268041431904e-04
4.746228223666548729e-04
4.746209015138447285e-04
4.746190970763564110e-04
4.746172053273767233e-04
4.746153717860579491e-04
4.746134800370782614e-04
4.746116755995899439e-04
4.746097547467797995e-04
4.746079503092914820e-04
4.746060294564813375e-04
4.746041377075016499e-04
4.746023041661828756e-04
4.746004706248641014e-04
4.745986079797148705e-04
4.745966871269047260e-04
4.745948826894164085e-04
4.745930200442671776e-04
4.745911573991179466e-04
4.745892947539687157e-04
4.745874903164803982e-04
4.745856276713311672e-04
4.745837650261819363e-04
4.745819023810327053e-04
4.745800106320530176e-04
4.745781479869037867e-04
4.745763726532459259e-04
4.745745100080966949e-04
4.745725600514560938e-04
4.745707556139677763e-04
4.745688929688185453e-04
4.745670303236693144e-04
4.745651385746896267e-04
4.745633050333708525e-04
4.745614132843911648e-04
4.745596379507333040e-04
4.745577753055840731e-04
4.745558835566043854e-04
4.745540209114551544e-04
4.745522164739668369e-04
4.745502374134957790e-04
4.745484911836683750e-04
4.745466576423496008e-04
4.745447658933699131e-04
4.745429614558815956e-04
4.745409823954105377e-04
4.745391779579222202e-04
4.745372862089425325e-04
4.745355108752846718e-04
4.745335609186440706e-04
4.745317564811557531e-04
4.745298938360065222e-04
4.745280602946877480e-04
4.745262267533689737e-04
4.745243059005588293e-04
4.745225305669009686e-04
4.745205806102603674e-04
4.745188343804329634e-04
4.745169717352837324e-04
4.745150217786431313e-04
4.745132464449852705e-04
4.745114420074969530e-04
4.745095211546868086e-04
4.745077167171984911e-04
4.745057667605578899e-04
4.745039914269000292e-04
4.745021287817507982e-04
4.745002370327711105e-04
4.744984034914523363e-04
4.744965117424726486e-04
4.744947073049843311e-04
4.744927864521741867e-04
4.744909820146858692e-04
4.744890611618757248e-04
4.744873149320483208e-04
4.744853940792381763e-04
4.744836187455803156e-04
4.744817269966006279e-04
4.744799516629427671e-04
4.744780017063021660e-04
4.744761390611529350e-04
4.744742473121732473e-04
4.744724719785153866e-04
4.744706675410270691e-04
4.744687175843864679e-04
4.744668840430676937e-04
4.744650796055793762e-04
4.744632751680910587e-04
4.744614125229418278e-04
4.744594625663012266e-04
4.744575999211519957e-04
4.744558245874941349e-04
4.744539328385144472e-04
4.744520701933652163e-04
4.744502075482159853e-04
4.744484322145581245e-04
4.744464822579175234e-04
4.744447360280901194e-04
4.744428151752799749e-04
4.744409525301307440e-04
4.744390898849815130e-04
4.744372854474931955e-04
4.744354810100048780e-04
4.744335310533642769e-04
4.744317557197064161e-04
4.744299512822180986e-04
4.744280304294079542e-04
4.744261677842587233e-04
4.744243633467704058e-04
4.744225007016211748e-04
4.744206962641328573e-04
4.744187463074922562e-04
4.744170291814953089e-04
4.744150501210242510e-04
4.744132456835359335e-04
4.744113830383867025e-04
4.744095786008983850e-04
4.744076868519186974e-04
4.744057659991085529e-04
4.744039615616202354e-04
4.744021862279623747e-04
4.744002362713217735e-04
4.743984318338334560e-04
4.743965982925146818e-04
4.743947647511959076e-04
4.743929312098771334e-04
4.743910685647279024e-04
4.743893223349004984e-04
4.743873141705989838e-04
4.743855388369411230e-04
4.743836470879614353e-04
4.743818426504731178e-04
4.743799800053238869e-04
4.743781464640051126e-04
4.743762838188558817e-04
4.743744793813675642e-04
4.743726167362183332e-04
4.743707540910691023e-04
4.743688623420894146e-04
4.743670870084315538e-04
4.743651952594518661e-04
4.743633617181330919e-04
4.743615281768143177e-04
4.743596946354955435e-04
4.743578028865158558e-04
4.743559693451970816e-04
4.743541649077087641e-04
4.743523022625595331e-04
4.743504105135798454e-04
4.743486060760915279e-04
4.743467725347727537e-04
4.743448225781321526e-04
4.743430472444742918e-04
4.743412428069859743e-04
4.743393510580062866e-04
4.743375757243484259e-04
4.743356257677078247e-04
4.743338504340499640e-04
4.743320459965616465e-04
4.743300960399210453e-04
4.743283207062631845e-04
4.743263707496225834e-04
4.743245954159647226e-04
4.743227618746459484e-04
4.743209283333271742e-04
4.743191238958388567e-04
4.743172612506896257e-04
4.743153695017099380e-04
4.743134486488997936e-04
4.743116442114114761e-04
4.743098397739231586e-04
4.743080644402652979e-04
4.743062600027769804e-04
4.743042809423059225e-04
4.743024474009871483e-04
4.743006138596683741e-04
4.742988094221800566e-04
4.742969467770308256e-04
4.742951423395425081e-04
4.742932214867323637e-04
4.742914170492440462e-04
4.742895544040948153e-04
4.742878081742674112e-04
4.742859455291181803e-04
4.742840828839689493e-04
4.742822202388197184e-04
4.742804158013314009e-04
4.742785531561821699e-04
4.742766905110329390e-04
4.742748278658837080e-04
4.742730525322258472e-04
4.742712480947375298e-04
4.742693563457578421e-04
4.742675228044390678e-04
4.742656310554593801e-04
4.742637975141406059e-04
4.742620512843132019e-04
4.742601013276726007e-04
4.742583259940147400e-04
4.742564342450350523e-04
4.742545715998858213e-04
4.742527380585670471e-04
4.742508754134178162e-04
4.742491291835904121e-04
4.742472665384411812e-04
4.742453456856310368e-04
4.742435994558036327e-04
4.742417368106544018e-04
4.742398741655051708e-04
4.742380697280168533e-04
4.742362070828676224e-04
4.742342862300574780e-04
4.742325400002300739e-04
4.742306191474199295e-04
4.742288729175925255e-04
4.742270393762737513e-04
4.742252349387854338e-04
4.742233140859752893e-04
4.742215096484869719e-04
4.742196470033377409e-04
4.742178425658494234e-04
4.742159508168697357e-04
4.742141172755509615e-04
4.742123128380626440e-04
4.742105084005743265e-04
4.742086457554250956e-04
4.742068413179367781e-04
4.742048622574657202e-04
4.742031160276383162e-04
4.742012533824890852e-04
4.741994489450007677e-04
4.741975862998515368e-04
4.741957527585327625e-04
4.741938610095530748e-04
4.741920856758952141e-04
4.741902230307459831e-04
4.741884768009185791e-04
4.741866141557693481e-04
4.741848097182810307e-04
4.741828888654708862e-04
4.741811135318130255e-04
4.741792217828333378e-04
4.741774464491754770e-04
4.741755838040262461e-04
4.741737502627074718e-04
4.741719167213886976e-04
4.741700249724090099e-04
4.741681914310902357e-04
4.741663869936019182e-04
4.741644952446222305e-04
4.741627199109643698e-04
4.741608572658151388e-04
4.741589946206659079e-04
4.741571901831775904e-04
4.741553857456892729e-04
4.741535231005400419e-04
4.741517186630517244e-04
4.741498560179024935e-04
4.741479933727532625e-04
4.741461889352649450e-04
4.741444136016070843e-04
4.741426091641187668e-04
4.741406883113086224e-04
4.741388256661593914e-04
4.741370794363319874e-04
4.741352458950132132e-04
4.741332959383726120e-04
4.741315497085452080e-04
4.741296870633959770e-04
4.741278535220772028e-04
4.741259908769279718e-04
4.741240991279482841e-04
4.741223237942904234e-04
4.741205775644630194e-04
4.741186276078224182e-04
4.741169104818254709e-04
4.741150478366762400e-04
4.741131851915270090e-04
4.741113807540386915e-04
4.741095472127199173e-04
4.741076554637402296e-04
4.741058219224214554e-04
4.741040174849331379e-04
4.741022130474448204e-04
4.741004086099565029e-04
4.740986332762986422e-04
4.740967415273189545e-04
4.740948788821697235e-04
4.740930162370204926e-04
4.740911826957017183e-04
4.740893782582134008e-04
4.740875738207250834e-04
4.740856238640844822e-04
4.740838485304266214e-04
4.740821023005992174e-04
4.740801814477890730e-04
4.740784061141312122e-04
4.740765434689819813e-04
4.740747099276632071e-04
4.740729345940053463e-04
4.740711301565170288e-04
4.740692675113677979e-04
4.740674630738794804e-04
4.740655422210693359e-04
4.740637377835810184e-04
4.740619042422622442e-04
4.740600707009434700e-04
4.740582080557942390e-04
4.740564909297972918e-04
4.740546282846480608e-04
4.740527074318379164e-04
4.740509029943495989e-04
4.740491276606917381e-04
4.740472359117120504e-04
4.740454605780541897e-04
4.740435688290745020e-04
