5.780504434369504452e-04
5.780485807918012142e-04
5.780467181466519833e-04
5.780448555015027523e-04
5.780429928563535213e-04
5.780410137958824635e-04
5.780391511507332325e-04
5.780372885055840015e-04
5.780354258604347706e-04
5.780335632152855396e-04
5.780317005701363087e-04
5.780298379249870777e-04
5.780278006568551064e-04
5.780259380117058754e-04
5.780241335742175579e-04
5.780222127214074135e-04
5.780204082839190960e-04
5.780184874311089516e-04
5.780165665782988071e-04
5.780147621408104897e-04
5.780128412880003452e-04
5.780109204351902008e-04
5.780090577900409698e-04
5.780071951448917389e-04
5.780053324997425079e-04
5.780034698545932770e-04
5.780014907941222191e-04
5.779996281489729881e-04
5.779977655038237572e-04
5.779958446510136127e-04
5.779940402135252953e-04
5.779921193607151508e-04
5.779902567155659199e-04
5.779882194474339485e-04
5.779864150099456310e-04
5.779846105724573135e-04
5.779826897196471691e-04
5.779807688668370247e-04
5.779789644293487072e-04
5.779771599918603897e-04
5.779751809313893318e-04
5.779733182862401009e-04
5.779713974334299564e-04
5.779695347882807255e-04
5.779676721431314945e-04
5.779658094979822636e-04
5.779639468528330326e-04
5.779620260000228882e-04
5.779602215625345707e-04
5.779583007097244263e-04
5.779564380645751953e-04
5.779545172117650509e-04
5.779527127742767334e-04
5.779507919214665890e-04
5.779489292763173580e-04
5.779470666311681271e-04
5.779450875706970692e-04
5.779432249255478382e-04
5.779414204880595207e-04
5.779395578429102898e-04
5.779376369901001453e-04
5.779357743449509144e-04
5.779339116998016834e-04
5.779320490546524525e-04
5.779301282018423080e-04
5.779282655566930771e-04
5.779264029115438461e-04
5.779244820587337017e-04
5.779226194135844707e-04
5.779206985607743263e-04
5.779188359156250954e-04
5.779169150628149509e-04
5.779151106253266335e-04
5.779131897725164890e-04
5.779113271273672581e-04
5.779095226898789406e-04
5.779075436294078827e-04
5.779057391919195652e-04
5.779038183391094208e-04
5.779019556939601898e-04
5.779000930488109589e-04
5.778982304036617279e-04
5.778963095508515835e-04
5.778944469057023525e-04
5.778925260528922081e-04
5.778906634077429771e-04
5.778888007625937462e-04
5.778869381174445152e-04
5.778850754722952843e-04
5.778832128271460533e-04
5.778813501819968224e-04
5.778794293291866779e-04
5.778775084763765335e-04
5.778757040388882160e-04
5.778737831860780716e-04
5.778719205409288406e-04
5.778699996881186962e-04
5.778681952506303787e-04
5.778662743978202343e-04
5.778644117526710033e-04
5.778624326921999454e-04
5.778606864623725414e-04
5.778588820248842239e-04
5.778569611720740795e-04
5.778550403192639351e-04
5.778531776741147041e-04
5.778513150289654732e-04
5.778495105914771557e-04
5.778476479463279247e-04
5.778457270935177803e-04
5.778438062407076359e-04
5.778420018032193184e-04
5.778400227427482605e-04
5.778382765129208565e-04
5.778362974524497986e-04
5.778344348073005676e-04
5.778325721621513367e-04
5.778305931016802788e-04
5.778289050795137882e-04
5.778270424343645573e-04
5.778251797892153263e-04
5.778231425210833549e-04
5.778213380835950375e-04
5.778194754384458065e-04
5.778175545856356621e-04
5.778156919404864311e-04
5.778138292953372002e-04
5.778120248578488827e-04
5.778101622126996517e-04
5.778081831522285938e-04
5.778062622994184494e-04
5.778044578619301319e-04
5.778025370091199875e-04
5.778007325716316700e-04
5.777988117188215256e-04
5.777969490736722946e-04
5.777950864285230637e-04
5.777932237833738327e-04
5.777913611382246017e-04
5.777894984930753708e-04
5.777876358479261398e-04
5.777857149951159954e-04
5.777839105576276779e-04
5.777821061201393604e-04
5.777801270596683025e-04
5.777782644145190716e-04
5.777764599770307541e-04
5.777745391242206097e-04
5.777726764790713787e-04
5.777708138339221478e-04
5.777688929811120033e-04
5.777670303359627724e-04
5.777651676908135414e-04
5.777633050456643105e-04
5.777614424005150795e-04
5.777595797553658485e-04
5.777577171102166176e-04
5.777558544650673866e-04
5.777539918199181557e-04
5.777520709671080112e-04
5.777502665296196938e-04
5.777483456768095493e-04
5.777464830316603184e-04
5.777445621788501740e-04
5.777426995337009430e-04
5.777408368885517120e-04
5.777390324510633945e-04
5.777371115982532501e-04
5.777352489531040192e-04
5.777333281002938747e-04
5.777315236628055573e-04
5.777297192253172398e-04
5.777278565801680088e-04
5.777258775196969509e-04
5.777240730822086334e-04
5.777221522293984890e-04
5.777203477919101715e-04
5.777184269391000271e-04
5.777165642939507961e-04
5.777147016488015652e-04
5.777128390036523342e-04
5.777109763585031033e-04
5.777090555056929588e-04
5.777071928605437279e-04
5.777053884230554104e-04
5.777034675702452660e-04
5.777016631327569485e-04
5.776997422799468040e-04
5.776978796347975731e-04
5.776959587819874287e-04
5.776941543444991112e-04
5.776922334916889668e-04
5.776904290542006493e-04
5.776885082013905048e-04
5.776866455562412739e-04
5.776848411187529564e-04
5.776829202659428120e-04
5.776810576207935810e-04
5.776791949756443501e-04
5.776772741228342056e-04
5.776754114776849747e-04
5.776736070401966572e-04
5.776716861873865128e-04
5.776697653345763683e-04
5.776679026894271374e-04
5.776660982519388199e-04
5.776642356067895889e-04
5.776623729616403580e-04
5.776605103164911270e-04
5.776586476713418961e-04
5.776567850261926651e-04
5.776549223810434341e-04
5.776530597358942032e-04
5.776511970907449722e-04
5.776493344455957413e-04
5.776474135927855968e-04
5.776456091552972794e-04
5.776437465101480484e-04
5.776418838649988174e-04
5.776399630121886730e-04
5.776381003670394421e-04
5.776362959295511246e-04
5.776344332844018936e-04
5.776325706392526627e-04
5.776307079941034317e-04
5.776287871412932873e-04
5.776269827038049698e-04
5.776251200586557388e-04
5.776231992058455944e-04
5.776213365606963634e-04
5.776194739155471325e-04
5.776176112703979015e-04
5.776156904175877571e-04
5.776138277724385262e-04
5.776119651272892952e-04
5.776101024821400642e-04
5.776082398369908333e-04
5.776063771918416023e-04
5.776045145466923714e-04
5.776026519015431404e-04
5.776008474640548229e-04
5.775989848189055920e-04
5.775971221737563610e-04
5.775952595286071301e-04
5.775933968834578991e-04
5.775915342383086681e-04
5.775896715931594372e-04
5.775877507403492928e-04
5.775859463028609753e-04
5.775840836577117443e-04
5.775821628049015999e-04
5.775803001597523689e-04
5.775785539299249649e-04
5.775765748694539070e-04
5.775747122243046761e-04
5.775729077868163586e-04
5.775709869340062141e-04
5.775691242888569832e-04
5.775673198513686657e-04
5.775654572062194347e-04
5.775635945610702038e-04
5.775616737082600594e-04
5.775598692707717419e-04
5.775580066256225109e-04
5.775561439804732800e-04
5.775542231276631355e-04
5.775524186901748180e-04
5.775504978373646736e-04
5.775486933998763561e-04
5.775468307547271252e-04
5.775449681095778942e-04
5.775430472567677498e-04
5.775411846116185188e-04
5.775393801741302013e-04
5.775375175289809704e-04
5.775356548838317394e-04
5.775337922386825085e-04
5.775319878011941910e-04
5.775301251560449600e-04
5.775282625108957291e-04
5.775263998657464981e-04
5.775245954282581806e-04
5.775226745754480362e-04
5.775208119302988052e-04
5.775189492851495743e-04
5.775171448476612568e-04
5.775152239948511124e-04
5.775133031420409679e-04
5.775114404968917370e-04
5.775096360594034195e-04
5.775077734142541885e-04
5.775058525614440441e-04
5.775040481239557266e-04
5.775022436864674091e-04
5.775003228336572647e-04
5.774984601885080338e-04
5.774965975433588028e-04
5.774947348982095718e-04
5.774929304607212543e-04
5.774910678155720234e-04
5.774892051704227924e-04
5.774872843176126480e-04
5.774854798801243305e-04
5.774836172349750996e-04
5.774817545898258686e-04
5.774799501523375511e-04
5.774780292995274067e-04
5.774762248620390892e-04
5.774743040092289448e-04
5.774724995717406273e-04
5.774705787189304829e-04
5.774687742814421654e-04
5.774668534286320210e-04
5.774649907834827900e-04
5.774631281383335590e-04
5.774613237008452415e-04
5.774594610556960106e-04
5.774575984105467796e-04
5.774557357653975487e-04
5.774538731202483177e-04
5.774520104750990868e-04
5.774501478299498558e-04
5.774482851848006248e-04
5.774464807473123074e-04
5.774445598945021629e-04
5.774427554570138454e-04
5.774409510195255280e-04
5.774389719590544701e-04
5.774371093139052391e-04
5.774353048764169216e-04
5.774334422312676907e-04
5.774316377937793732e-04
5.774297751486301422e-04
5.774278542958199978e-04
5.774260498583316803e-04
5.774241290055215359e-04
5.774222663603723049e-04
5.774205201305449009e-04
5.774185992777347565e-04
5.774167948402464390e-04
5.774148739874362946e-04
5.774130113422870636e-04
5.774112069047987461e-04
5.774093442596495152e-04
5.774074816145002842e-04
5.774056189693510532e-04
5.774037563242018223e-04
5.774019518867135048e-04
5.774000310339033604e-04
5.773982848040759563e-04
5.773963639512658119e-04
5.773945595137774944e-04
5.773926968686282635e-04
5.773907760158181190e-04
5.773889133706688881e-04
5.773871089331805706e-04
5.773852462880313396e-04
5.773833836428821087e-04
5.773815209977328777e-04
5.773797165602445602e-04
5.773777957074344158e-04
5.773759330622851849e-04
5.773740704171359539e-04
5.773722077719867229e-04
5.773704615421593189e-04
5.773685406893491745e-04
5.773667362518608570e-04
5.773648153990507126e-04
5.773630109615623951e-04
5.773611483164131641e-04
5.773593438789248466e-04
5.773574812337756157e-04
5.773556767962872982e-04
5.773537559434771538e-04
5.773518932983279228e-04
5.773500306531786919e-04
5.773481680080294609e-04
5.773463635705411434e-04
5.773445009253919125e-04
5.773426964879035950e-04
5.773408338427543640e-04
5.773389129899442196e-04
5.773370503447949886e-04
5.773353041149675846e-04
5.773334414698183537e-04
5.773315206170082092e-04
5.773296579718589783e-04
5.773277953267097473e-04
5.773259326815605164e-04
5.773241282440721989e-04
5.773222655989229679e-04
5.773204611614346504e-04
5.773185403086245060e-04
5.773167358711361885e-04
5.773148732259869576e-04
5.773130687884986401e-04
5.773112061433494091e-04
5.773093434982001781e-04
5.773074808530509472e-04
5.773056764155626297e-04
5.773038137704133987e-04
5.773020093329250813e-04
5.773001466877758503e-04
5.772982840426266193e-04
5.772964213974773884e-04
5.772945587523281574e-04
5.772925796918570995e-04
5.772908334620296955e-04
5.772890290245413780e-04
5.772871081717312336e-04
5.772852455265820026e-04
5.772834410890936852e-04
5.772815784439444542e-04
5.772797740064561367e-04
5.772779695689678192e-04
5.772760487161576748e-04
5.772742442786693573e-04
5.772723234258592129e-04
5.772704025730490685e-04
5.772685981355607510e-04
5.772667354904115200e-04
5.772648728452622890e-04
5.772631266154348850e-04
5.772612639702856541e-04
5.772594013251364231e-04
5.772575968876481056e-04
5.772557924501597881e-04
5.772538715973496437e-04
5.772520089522004128e-04
5.772501463070511818e-04
5.772483418695628643e-04
5.772464792244136333e-04
5.772446165792644024e-04
5.772427539341151714e-04
5.772408912889659405e-04
5.772390868514776230e-04
5.772372242063283920e-04
5.772354197688400745e-04
5.772334989160299301e-04
5.772317526862025261e-04
5.772299482487142086e-04
5.772280273959040642e-04
5.772261647507548332e-04
5.772242438979446888e-04
5.772224976681172848e-04
5.772206932306289673e-04
5.772187723778188229e-04
5.772169097326695919e-04
5.772151052951812744e-04
5.772132426500320435e-04
5.772114382125437260e-04
5.772095755673944950e-04
5.772077129222452641e-04
5.772058502770960331e-04
5.772040458396077156e-04
5.772022414021193981e-04
5.772003205493092537e-04
5.771985161118209362e-04
5.771966534666717052e-04
5.771947908215224743e-04
5.771929863840341568e-04
5.771910655312240124e-04
5.771892610937356949e-04
5.771873984485864639e-04
5.771855358034372330e-04
5.771837895736098289e-04
5.771819269284605980e-04
5.771800642833113670e-04
5.771782016381621361e-04
5.771763389930129051e-04
5.771745345555245876e-04
5.771726137027144432e-04
5.771708092652261257e-04
5.771690630353987217e-04
5.771671421825885773e-04
5.771653377451002598e-04
5.771635333076119423e-04
5.771614960394799709e-04
5.771596916019916534e-04
5.771579453721642494e-04
5.771560827270150185e-04
5.771542782895267010e-04
5.771522992290556431e-04
5.771505529992282391e-04
5.771486321464180946e-04
5.771468859165906906e-04
5.771449068561196327e-04
5.771431024186313152e-04
5.771412979811429977e-04
5.771394935436546803e-04
5.771376308985054493e-04
5.771357682533562183e-04
5.771339638158679008e-04
5.771321011707186699e-04
5.771302967332303524e-04
5.771284340880811214e-04
5.771265132352709770e-04
5.771247670054435730e-04
5.771229043602943420e-04
5.771210417151451111e-04
