1.222739927470684052e-03
1.222493592649698257e-03
1.222247257828712463e-03
1.222000923007726669e-03
1.221754588186740875e-03
1.221508369781076908e-03
1.221262034960091114e-03
1.221015816554427147e-03
1.220769365318119526e-03
1.220523263327777386e-03
1.220277044922113419e-03
1.220030710101127625e-03
1.219784491695463657e-03
1.219538273289799690e-03
1.219291938468813896e-03
1.219045720063149929e-03
1.218799734488129616e-03
1.218553516082465649e-03
1.218307181261479855e-03
1.218060962855815887e-03
1.217814860865473747e-03
1.217568642459809780e-03
1.217322307638823986e-03
1.217076322063803673e-03
1.216830103658139706e-03
1.216583768837153912e-03
1.216337550431489944e-03
1.216091564856469631e-03
1.215845230035483837e-03
1.215598895214498043e-03
1.215352676808834076e-03
1.215106574818491936e-03
1.214860239997506142e-03
1.214614021591842175e-03
1.214367686770856380e-03
1.214121468365192413e-03
1.213875249959528446e-03
1.213628798723220825e-03
1.213382580317556858e-03
1.213136012665927410e-03
1.212889677844941616e-03
1.212643226608633995e-03
1.212397008202970028e-03
1.212150440551340580e-03
1.211904105730354786e-03
1.211657538078725338e-03
1.211410970427095890e-03
1.211164519190788269e-03
1.210917951539158821e-03
1.210671500302851200e-03
1.210424932651221752e-03
1.210178132168948650e-03
1.209931564517319202e-03
1.209684764035046101e-03
1.209438079968094826e-03
1.209191512316465378e-03
1.208944595418870449e-03
1.208697794936597347e-03
1.208450994454324245e-03
1.208204193972051144e-03
1.207957044243812561e-03
1.207710127346217632e-03
1.207463094033300877e-03
1.207215944305062294e-03
1.206968794576823711e-03
1.206721761263906956e-03
1.206474727950990200e-03
1.206227345392107964e-03
1.205980079248547554e-03
1.205732696689665318e-03
1.205485197715461254e-03
1.205237815156579018e-03
1.204990199767053127e-03
1.204742700792849064e-03
1.204495085403323174e-03
1.204247586429119110e-03
1.203999505378305912e-03
1.203751889988780022e-03
1.203504041768610477e-03
1.203256077133119106e-03
1.203008228912949562e-03
1.202760031446814537e-03
1.202511833980679512e-03
1.202263752929866314e-03
1.202015439048409462e-03
1.201767008751630783e-03
1.201518578454852104e-03
1.201270148158073425e-03
1.201021485030651093e-03
1.200772821903228760e-03
1.200524158775806427e-03
1.200275379233062267e-03
1.200026366859674454e-03
1.199777354486286640e-03
1.199528342112898827e-03
1.199279213324189186e-03
1.199029968120157719e-03
1.198780490085482597e-03
1.198531012050807476e-03
1.198281534016132355e-03
1.198031939566135406e-03
1.197782112285494804e-03
1.197532285004854202e-03
1.197282457724213600e-03
1.197032281197607517e-03
1.196782104671001434e-03
1.196531928144395351e-03
1.196281402371823788e-03
1.196030876599252224e-03
1.195780234411358833e-03
1.195529708638787270e-03
1.195278717204928398e-03
1.195027725771069527e-03
1.194776734337210655e-03
1.194525510072708130e-03
1.194274169392883778e-03
1.194022712297737598e-03
1.193771022371947765e-03
1.193519099615514278e-03
1.193267293274402618e-03
1.193015254102647305e-03
1.192763098515570164e-03
1.192510942928493023e-03
1.192258438095450401e-03
1.192006166093051434e-03
1.191753195598721504e-03
1.191500341519713402e-03
1.191247138194739819e-03
1.190993934869766235e-03
1.190740731544792652e-03
1.190487178973853588e-03
1.190233393572270870e-03
1.189979608170688152e-03
1.189725822769105434e-03
1.189471455290913582e-03
1.189217087812721729e-03
1.188962603919208050e-03
1.188707770779728889e-03
1.188452937640249729e-03
1.188197871670126915e-03
1.187942456454038620e-03
1.187686924822628498e-03
1.187431393191218376e-03
1.187175512313842773e-03
1.186919515021145344e-03
1.186663284897804260e-03
1.186406938359141350e-03
1.186150126159191132e-03
1.185893197543919086e-03
1.185636385343968868e-03
1.185378991067409515e-03
1.185121363960206509e-03
1.184863620437681675e-03
1.184605760499835014e-03
1.184347784146666527e-03
1.184089225716888905e-03
1.183830667287111282e-03
1.183571759611368179e-03
1.183312619104981422e-03
1.183053245767951012e-03
1.182793756015598774e-03
1.182533684186637402e-03
1.182273728772997856e-03
1.182013307698071003e-03
1.181752653792500496e-03
1.181491883471608162e-03
1.181230531074106693e-03
1.180969178676605225e-03
1.180707477033138275e-03
1.180445426143705845e-03
1.180183258838951588e-03
1.179920625872910023e-03
1.179657876491546631e-03
1.179394777864217758e-03
1.179131329990923405e-03
1.178867532871663570e-03
1.178603502921760082e-03
1.178339240141212940e-03
1.178074511699378490e-03
1.177809666842222214e-03
1.177544239908456802e-03
1.177278463728725910e-03
1.177012687548995018e-03
1.176746445707976818e-03
1.176479854620993137e-03
1.176213030703365803e-03
1.175945508293807507e-03
1.175678102299571037e-03
1.175409997813403606e-03
1.175141660496592522e-03
1.174872973933815956e-03
1.174603821709752083e-03
1.174334320239722729e-03
1.174064585939049721e-03
1.173794385977089405e-03
1.173523720353841782e-03
1.173252821899950504e-03
1.172981574200093746e-03
1.172709628008306026e-03
1.172437332570552826e-03
1.172164920717477798e-03
1.171891810372471809e-03
1.171618350781500340e-03
1.171344541944563389e-03
1.171070383861660957e-03
1.170795643702149391e-03
1.170520437881350517e-03
1.170244766399264336e-03
1.169968745671212673e-03
1.169692375697195530e-03
1.169415307231247425e-03
1.169137889519333839e-03
1.168859889730811119e-03
1.168581657111644745e-03
1.168302842415869236e-03
1.168023445643484592e-03
1.167743583209812641e-03
1.167463255114853382e-03
1.167182344943284988e-03
1.166901085525751114e-03
1.166619244031608105e-03
1.166336820460855961e-03
1.166053814813494682e-03
1.165770576335489750e-03
1.165486406534910202e-03
1.165201887488365173e-03
1.164917019195854664e-03
1.164631219580769539e-03
1.164345070719718933e-03
1.164058223366737366e-03
1.163770910352468491e-03
1.163482898846268654e-03
1.163194421678781509e-03
1.162905362434685230e-03
1.162615604698657990e-03
1.162325148470699787e-03
1.162034459412097931e-03
1.161742722615599632e-03
1.161450520157814026e-03
1.161157852038741112e-03
1.160864601843059063e-03
1.160570187494158745e-03
1.160275540314614773e-03
1.159980194643139839e-03
1.159684034064412117e-03
1.159387407824397087e-03
1.159089966677129269e-03
1.158791827037930489e-03
1.158493221737444401e-03
1.158193685114383698e-03
1.157893566414713860e-03
1.157592632807791233e-03
1.157291000708937645e-03
1.156988670118153095e-03
1.156685524620115757e-03
1.156381797045469284e-03
1.156077254563570023e-03
1.155772013589739799e-03
1.155465841293334961e-03
1.155159086920320988e-03
1.154851517640054226e-03
1.154543249867856503e-03
1.154234167188405991e-03
1.153924153186380863e-03
1.153613324277102947e-03
1.153301913291215897e-03
1.152989687398076057e-03
1.152676530182361603e-03
1.152362441644072533e-03
1.152047771029174328e-03
1.151732169091701508e-03
1.151415635831654072e-03
1.151098404079675674e-03
1.150780241005122662e-03
1.150461263023316860e-03
1.150141470134258270e-03
1.149820629507303238e-03
1.149499090388417244e-03
1.149176503531634808e-03
1.148853101767599583e-03
1.148529001511633396e-03
1.148203620687127113e-03
1.147877657786011696e-03
1.147550647146999836e-03
1.147222821600735188e-03
1.146893831901252270e-03
1.146564143709838390e-03
1.146233640611171722e-03
1.145901856943964958e-03
1.145569374784827232e-03
1.145235961303114891e-03
1.144901500083506107e-03
1.144566107541322708e-03
1.144229783676564693e-03
1.143892528489232063e-03
1.143554225564002991e-03
1.143215107731521130e-03
1.142874825745820999e-03
1.142533728852868080e-03
1.142191584222018719e-03
1.141848508268594742e-03
1.141504384577274323e-03
1.141159213148057461e-03
1.140813110396265984e-03
1.140466309152543545e-03
1.140118343755602837e-03
1.139769330620765686e-03
1.139419269748032093e-03
1.139068161137402058e-03
1.138716121204197407e-03
1.138363266363739967e-03
1.138009130954742432e-03
1.137654413469135761e-03
1.137298182584345341e-03
1.136941369622945786e-03
1.136583276093006134e-03
1.136224367655813694e-03
1.135864411480724812e-03
1.135503523983061314e-03
1.135141705162823200e-03
1.134778838604688644e-03
1.134414924308657646e-03
1.134050195105373859e-03
1.133684301748871803e-03
1.133317477069795132e-03
1.132949604652822018e-03
1.132581033743917942e-03
1.132211182266473770e-03
1.131840632297098637e-03
1.131468918174505234e-03
1.131096505559980869e-03
1.130722928792238235e-03
1.130348537117242813e-03
1.129973214119672775e-03
1.129596959799528122e-03
1.129219774156808853e-03
1.128841773606836796e-03
1.128462841734290123e-03
1.128082978539168835e-03
1.127702184021472931e-03
1.127320807427167892e-03
1.126938266679644585e-03
1.126554911024868488e-03
1.126170740462839603e-03
1.125785871408879757e-03
1.125400187447667122e-03
1.125013455748558044e-03
1.124626141972839832e-03
1.124237780459225178e-03
1.123848953284323215e-03
1.123459194786846638e-03
1.123068737797439098e-03
1.122677582316100597e-03
1.122285611927509308e-03
1.121893175877630711e-03
1.121499692089855671e-03
1.121105742640793324e-03
1.120711094699800014e-03
1.120315631851553917e-03
1.119919819757342339e-03
1.119523192755877972e-03
1.119126100093126297e-03
1.118728308938443661e-03
1.118329819291830063e-03
1.117931096814572811e-03
1.117531792260706425e-03
1.117131789214909077e-03
1.116731320507824421e-03
1.116330386139452457e-03
1.115928986109793186e-03
1.115527120418846607e-03
1.115124789066612720e-03
1.114722108468413353e-03
1.114318962208926678e-03
1.113915466703474522e-03
1.113511505536735058e-03
1.113107544369995594e-03
1.112703117541968822e-03
1.112298341467976570e-03
1.111893099732697010e-03
1.111487741582095623e-03
1.111082150600850582e-03
1.110676326788961887e-03
1.110270270146429539e-03
1.109864097088575363e-03
1.109457574784755707e-03
1.109051168896257877e-03
1.108644530177116394e-03
1.108237658627331257e-03
1.107830670662224293e-03
1.107423915527760983e-03
1.107016811147332191e-03
1.106609823182225227e-03
1.106202718801796436e-03
1.105795730836689472e-03
1.105388510040938854e-03
1.104981638491153717e-03
1.104574766941368580e-03
1.104168011806905270e-03
1.103761373087763786e-03
1.103354617953300476e-03
1.102948212064802647e-03
1.102541689760982990e-03
1.102135633118450642e-03
1.101729809306561947e-03
1.101324101909995079e-03
1.100918627344071865e-03
1.100513502024114132e-03
1.100108493119478226e-03
1.099703833460807800e-03
1.099299406632781029e-03
1.098895329050719738e-03
1.098491717129945755e-03
1.098088221624493599e-03
1.097685308195650578e-03
1.097282627597451210e-03
1.096880412660539150e-03
1.096478663384914398e-03
1.096077379770576954e-03
1.095676445402204990e-03
1.095275860279798508e-03
1.094876090064644814e-03
1.094476669095456600e-03
1.094077713787555695e-03
1.093679224140942097e-03
1.093281316570937634e-03
1.092884107492864132e-03
1.092487014830112457e-03
1.092090969905257225e-03
1.091695390641689301e-03
1.091300393454730511e-03
1.090905978344380856e-03
1.090512378141283989e-03
1.090119127184152603e-03
1.089726691134274006e-03
1.089334837161004543e-03
1.088943798094987869e-03
1.088553341105580330e-03
1.088163815438747406e-03
1.087774639017879963e-03
1.087386393919587135e-03
1.086998963728547096e-03
1.086612115614116192e-03
1.086226082406938076e-03
1.085840747691690922e-03
1.085456227883696556e-03
1.085072406567633152e-03
1.084689632989466190e-03
1.084307325072586536e-03
1.083925948478281498e-03
1.083545503206551075e-03
1.083165640011429787e-03
1.082786708138883114e-03
1.082408591173589230e-03
1.082031289115548134e-03
1.081654918380081654e-03
1.081279246136546135e-03
1.080904738046228886e-03
1.080530812032520771e-03
1.080157933756709099e-03
1.079785753972828388e-03
1.079414505511522293e-03
1.079044188372790813e-03
1.078674686141312122e-03
1.078306115232408047e-03
1.077938475646078587e-03
1.077571534551680088e-03
1.077205874025821686e-03
1.076840911991894245e-03
1.076476764865219593e-03
1.076113665476441383e-03
1.075751497410237789e-03
1.075389911420643330e-03
1.075029605999588966e-03
1.074670231901109219e-03
1.074311789125204086e-03
1.073954044841229916e-03
1.073597464710474014e-03
1.073241583071649075e-03
1.072886749170720577e-03
1.072532963007688522e-03
1.072179991751909256e-03
1.071827951818704605e-03
1.071476959623396397e-03
1.071126782335340977e-03
1.070777536369860172e-03
1.070429221726953983e-03
1.070081954821944237e-03
1.069735502824187279e-03
1.069389982149004936e-03
1.069045509211719036e-03
1.068701967597007751e-03
1.068359357304871082e-03
1.068017678335309029e-03
1.067676930688321590e-03
1.067336997948586941e-03
1.066998229362070560e-03
1.066660159267485142e-03
1.066323136910796165e-03
1.065987045876681805e-03
