3.654866013675928116e-03
3.652482293546199799e-03
3.650099970400333405e-03
3.647719509899616241e-03
3.645341144874691963e-03
3.642964642494916916e-03
3.640590002760291100e-03
3.638217225670814514e-03
3.635845845565199852e-03
3.633476560935378075e-03
3.631109138950705528e-03
3.628743812441825867e-03
3.626380115747451782e-03
3.624018048867583275e-03
3.621657844632863998e-03
3.619299735873937607e-03
3.616943256929516792e-03
3.614588873460888863e-03
3.612235654145479202e-03
3.609884530305862427e-03
3.607535269111394882e-03
3.605188103392720222e-03
3.602842334657907486e-03
3.600498195737600327e-03
3.598156385123729706e-03
3.595816437155008316e-03
3.593478119000792503e-03
3.591141197830438614e-03
3.588806604966521263e-03
3.586473176255822182e-03
3.584141843020915985e-03
3.581812372431159019e-03
3.579484997317194939e-03
3.577159019187092781e-03
3.574834903702139854e-03
3.572511952370405197e-03
3.570191562175750732e-03
3.567872568964958191e-03
3.565555671229958534e-03
3.563239937648177147e-03
3.560926532372832298e-03
3.558614756911993027e-03
3.556304611265659332e-03
3.553996561095118523e-03
3.551689442247152328e-03
3.549385117366909981e-03
3.547082189470529556e-03
3.544780425727367401e-03
3.542480757459998131e-03
3.540183184668421745e-03
3.537887241691350937e-03
3.535592928528785706e-03
3.533300012350082397e-03
3.531009191647171974e-03
3.528720000758767128e-03
3.526432905346155167e-03
3.524147439748048782e-03
3.521863603964447975e-03
3.519581630825996399e-03
3.517300821840763092e-03
3.515022341161966324e-03
3.512745723128318787e-03
3.510470269247889519e-03
3.508196910843253136e-03
3.505924949422478676e-03
3.503654850646853447e-03
3.501387080177664757e-03
3.499120241031050682e-03
3.496855497360229492e-03
3.494592616334557533e-03
3.492331365123391151e-03
3.490071976557374001e-03
3.487813984975218773e-03
3.485557856038212776e-03
3.483303356915712357e-03
3.481050487607717514e-03
3.478799713775515556e-03
3.476550569757819176e-03
3.474303055554628372e-03
3.472057403996586800e-03
3.469813149422407150e-03
3.467571223154664040e-03
3.465331159532070160e-03
3.463092027232050896e-03
3.460854990407824516e-03
3.458620049059391022e-03
3.456386271864175797e-03
3.454154590144753456e-03
3.451924538239836693e-03
3.449696348980069160e-03
3.447470022365450859e-03
3.445245325565338135e-03
3.443021792918443680e-03
3.440800821408629417e-03
3.438581014052033424e-03
3.436363535001873970e-03
3.434147220104932785e-03
3.431932767853140831e-03
3.429720643907785416e-03
3.427510149776935577e-03
3.425301052629947662e-03
3.423093352466821671e-03
3.420888213440775871e-03
3.418684471398591995e-03
3.416482126340270042e-03
3.414282575249671936e-03
3.412083722651004791e-03
3.409887198358774185e-03
3.407692303881049156e-03
3.405499272048473358e-03
3.403308102861046791e-03
3.401118563488125801e-03
3.398931119590997696e-03
3.396744839847087860e-03
3.394560888409614563e-03
3.392378333956003189e-03
3.390198107808828354e-03
3.388019278645515442e-03
3.385842079296708107e-03
3.383666975423693657e-03
3.381493734195828438e-03
3.379322355613112450e-03
3.377152606844902039e-03
3.374984720721840858e-03
3.372818697243928909e-03
3.370654303580522537e-03
3.368491772562265396e-03
3.366331569850444794e-03
3.364172764122486115e-03
3.362015821039676666e-03
3.359860507771372795e-03
3.357707289978861809e-03
3.355555702000856400e-03
3.353406442329287529e-03
3.351258579641580582e-03
3.349112346768379211e-03
3.346968442201614380e-03
3.344826400279998779e-03
3.342686453834176064e-03
3.340547671541571617e-03
3.338411217555403709e-03
3.336276626214385033e-03
3.334143897518515587e-03
3.332013031467795372e-03
3.329884028062224388e-03
3.327756421640515327e-03
3.325631376355886459e-03
3.323507960885763168e-03
3.321386640891432762e-03
3.319267183542251587e-03
3.317149356007575989e-03
3.315033391118049622e-03
3.312919521704316139e-03
3.310807747766375542e-03
3.308697836473584175e-03
3.306589554995298386e-03
3.304484067484736443e-03
3.302379511296749115e-03
3.300277283415198326e-03
3.298176918178796768e-03
3.296078881248831749e-03
3.293982241302728653e-03
3.291887696832418442e-03
3.289795247837901115e-03
3.287704894319176674e-03
3.285616636276245117e-03
3.283530008047819138e-03
3.281445242464542389e-03
3.279362805187702179e-03
3.277282230556011200e-03
3.275203751400113106e-03
3.273126669228076935e-03
3.271051682531833649e-03
3.268978791311383247e-03
3.266908694058656693e-03
3.264839993789792061e-03
3.262773156166076660e-03
3.260708646848797798e-03
3.258645534515380859e-03
3.256585681810975075e-03
3.254526993259787560e-03
3.252470400184392929e-03
3.250415436923503876e-03
3.248362801969051361e-03
3.246312262490391731e-03
3.244264284148812294e-03
3.242217935621738434e-03
3.240173449739813805e-03
3.238131059333682060e-03
3.236090531572699547e-03
3.234052564948797226e-03
3.232016693800687790e-03
3.229982685297727585e-03
3.227950772270560265e-03
3.225920489057898521e-03
3.223892999812960625e-03
3.221867373213171959e-03
3.219843609258532524e-03
3.217822173610329628e-03
3.215802833437919617e-03
3.213785123080015182e-03
3.211769973859190941e-03
3.209756920114159584e-03
3.207745263352990150e-03
3.205736633390188217e-03
3.203729633241891861e-03
3.201724961400032043e-03
3.199722385033965111e-03
3.197721904143691063e-03
3.195723285898566246e-03
3.193726995959877968e-03
3.191733034327626228e-03
3.189741401001811028e-03
3.187750931829214096e-03
3.185763256624341011e-03
3.183777909725904465e-03
3.181794192641973495e-03
3.179813269525766373e-03
3.177833743393421173e-03
3.175856778398156166e-03
3.173881908878684044e-03
3.171908902004361153e-03
3.169938689097762108e-03
3.167970106005668640e-03
3.166004084050655365e-03
3.164039691910147667e-03
3.162077860906720161e-03
3.160118125379085541e-03
3.158160485327243805e-03
3.156204707920551300e-03
3.154251258820295334e-03
3.152300603687763214e-03
3.150351578369736671e-03
3.148404648527503014e-03
3.146459814161062241e-03
3.144518006592988968e-03
3.142576897516846657e-03
3.140639048069715500e-03
3.138703526929020882e-03
3.136769402772188187e-03
3.134837839752435684e-03
3.132908837869763374e-03
3.130981931462883949e-03
3.129056422039866447e-03
3.127133473753929138e-03
3.125213319435715675e-03
3.123294794932007790e-03
3.121378598734736443e-03
3.119464265182614326e-03
3.117552492767572403e-03
3.115642815828323364e-03
3.113735467195510864e-03
3.111830214038491249e-03
3.109927289187908173e-03
3.108026226982474327e-03
3.106127725914120674e-03
3.104231320321559906e-03
3.102336777374148369e-03
3.100444795563817024e-03
3.098554909229278564e-03
3.096667584031820297e-03
3.094781888648867607e-03
3.092898288741707802e-03
3.091017482802271843e-03
3.089138539507985115e-03
3.087261691689491272e-03
3.085387172177433968e-03
3.083514748141169548e-03
3.081644885241985321e-03
3.079776652157306671e-03
3.077910747379064560e-03
3.076047403737902641e-03
3.074186621233820915e-03
3.072327002882957458e-03
3.070470178499817848e-03
3.068615449592471123e-03
3.066762583330273628e-03
3.064912511035799980e-03
3.063063835725188255e-03
3.061218187212944031e-03
3.059374401345849037e-03
3.057532710954546928e-03
3.055693348869681358e-03
3.053855849429965019e-03
3.052020678296685219e-03
3.050188068300485611e-03
3.048357553780078888e-03
3.046528669074177742e-03
3.044702578336000443e-03
3.042878350242972374e-03
3.041056450456380844e-03
3.039236646145582199e-03
3.037418937310576439e-03
3.035603323951363564e-03
3.033790504559874535e-03
3.031978849321603775e-03
3.030170220881700516e-03
3.028363455086946487e-03
3.026559017598628998e-03
3.024756442755460739e-03
3.022956196218729019e-03
3.021158277988433838e-03
3.019361989572644234e-03
3.017568495124578476e-03
3.015777096152305603e-03
3.013987559825181961e-03
3.012200118973851204e-03
3.010415006428956985e-03
3.008631756529211998e-03
3.006851300597190857e-03
3.005072241649031639e-03
3.003295511007308960e-03
3.001521341502666473e-03
2.999749034643173218e-03
2.997978823259472847e-03
2.996210940182209015e-03
2.994445152580738068e-03
2.992681227624416351e-03
2.990919863805174828e-03
2.989160129800438881e-03
2.987402956932783127e-03
2.985647879540920258e-03
2.983894431963562965e-03
2.982143312692642212e-03
2.980394987389445305e-03
2.978648059070110321e-03
2.976903459057211876e-03
2.975160954520106316e-03
2.973420545458793640e-03
2.971682231873273849e-03
2.969946246594190598e-03
2.968211891129612923e-03
2.966480096802115440e-03
2.964750397950410843e-03
2.963022328913211823e-03
2.961296821013092995e-03
2.959573641419410706e-03
2.957851858809590340e-03
2.956132171675562859e-03
2.954415045678615570e-03
2.952699549496173859e-03
2.950986381620168686e-03
2.949275309219956398e-03
2.947566332295536995e-03
2.945859450846910477e-03
2.944154432043433189e-03
2.942451974377036095e-03
2.940750913694500923e-03
2.939052414149045944e-03
2.937355311587452888e-03
2.935661002993583679e-03
2.933968324214220047e-03
2.932277740910649300e-03
2.930589253082871437e-03
2.928903093561530113e-03
2.927218331024050713e-03
2.925536362454295158e-03
2.923855790868401527e-03
2.922177547588944435e-03
2.920501399785280228e-03
2.918827347457408905e-03
2.917154692113399506e-03
2.915484830737113953e-03
2.913816599175333977e-03
2.912150463089346886e-03
2.910486422479152679e-03
2.908824244514107704e-03
2.907163929194211960e-03
2.905506175011396408e-03
2.903850283473730087e-03
2.902195788919925690e-03
2.900544088333845139e-03
2.898893551900982857e-03
2.897245576605200768e-03
2.895599231123924255e-03
2.893955213949084282e-03
2.892312826588749886e-03
2.890672767534852028e-03
2.889034571126103401e-03
2.887398237362504005e-03
2.885764231905341148e-03
2.884131623432040215e-03
2.882501110434532166e-03
2.880872925743460655e-03
2.879246370866894722e-03
2.877622144296765327e-03
2.875999547541141510e-03
2.874378813430666924e-03
2.872760407626628876e-03
2.871143631637096405e-03
2.869528951123356819e-03
2.867915667593479156e-03
2.866304712370038033e-03
2.864695852622389793e-03
2.863088622689247131e-03
2.861483488231897354e-03
2.859880682080984116e-03
2.858279505744576454e-03
2.856679726392030716e-03
2.855082508176565170e-03
2.853486919775605202e-03
2.851893194019794464e-03
2.850301330909132957e-03
2.848711097612977028e-03
2.847123425453901291e-03
2.845537150278687477e-03
2.843953203409910202e-03
2.842370886355638504e-03
2.840790664777159691e-03
2.839211607351899147e-03
2.837635343894362450e-03
2.836060477420687675e-03
2.834487473592162132e-03
2.832916565239429474e-03
2.831347286701202393e-03
2.829779870808124542e-03
2.828214550390839577e-03
2.826650859788060188e-03
2.825089264661073685e-03
2.823529532179236412e-03
2.821971196681261063e-03
2.820415189489722252e-03
2.818860579282045364e-03
2.817308064550161362e-03
2.815757645294070244e-03
2.814208623021841049e-03
2.812661696225404739e-03
2.811116166412830353e-03
2.809572732076048851e-03
2.808031160384416580e-03
2.806491451337933540e-03
2.804953837767243385e-03
2.803417621180415154e-03
2.801883034408092499e-03
2.800350543111562729e-03
2.798819914460182190e-03
2.797290915623307228e-03
2.795764245092868805e-03
2.794238273054361343e-03
2.792714862152934074e-03
2.791192848235368729e-03
2.789672929793596268e-03
2.788154873996973038e-03
2.786638215184211731e-03
2.785123419016599655e-03
2.783610718324780464e-03
2.782099414616823196e-03
2.780589973554015160e-03
2.779082395136356354e-03
2.777576679363846779e-03
2.776072593405842781e-03
2.774570370092988014e-03
2.773069543763995171e-03
2.771570812910795212e-03
2.770073479041457176e-03
2.768578240647912025e-03
2.767084399238228798e-03
2.765592187643051147e-03
2.764102537184953690e-03
2.762613585218787193e-03
2.761127194389700890e-03
2.759642433375120163e-03
2.758158836513757706e-03
2.756677335128188133e-03
2.755197230726480484e-03
2.753719221800565720e-03
2.752242842689156532e-03
2.750768326222896576e-03
2.749294973909854889e-03
2.747823717072606087e-03
2.746354090049862862e-03
2.744886092841625214e-03
2.743419725447893143e-03
2.741955220699310303e-03
2.740492345765233040e-03
2.739030867815017700e-03
2.737571485340595245e-03
2.736113267019391060e-03
2.734657144173979759e-03
2.733202651143074036e-03
2.731749555096030235e-03
2.730298321694135666e-03
2.728848950937390327e-03
2.727401209995150566e-03
2.725954866036772728e-03
2.724510384723544121e-03
2.723067067563533783e-03
2.721625845879316330e-03
2.720186486840248108e-03
2.718747826293110847e-03
2.717311726883053780e-03
2.715877024456858635e-03
2.714443951845169067e-03
2.713012043386697769e-03
2.711582463234663010e-03
2.710154047235846519e-03
2.708727028220891953e-03
2.707302337512373924e-03
2.705878578126430511e-03
2.704457147046923637e-03
