6.975761498324573040e-04
6.975143332965672016e-04
6.974525167606770992e-04
6.973906420171260834e-04
6.973286508582532406e-04
6.972666014917194843e-04
6.972046103328466415e-04
6.971424445509910583e-04
6.970802205614745617e-04
6.970178801566362381e-04
6.969554815441370010e-04
6.968930829316377640e-04
6.968305679038167000e-04
6.967680528759956360e-04
6.967054214328527451e-04
6.966427317820489407e-04
6.965799839235842228e-04
6.965171778574585915e-04
6.964543135836720467e-04
6.963912746869027615e-04
6.963282357901334763e-04
6.962650222703814507e-04
6.962019251659512520e-04
6.961386534385383129e-04
6.960752652958035469e-04
6.960118771530687809e-04
6.959484308026731014e-04
6.958848680369555950e-04
6.958211306482553482e-04
6.957573932595551014e-04
6.956936558708548546e-04
6.956297438591718674e-04
6.955657736398279667e-04
6.955016870051622391e-04
6.954376585781574249e-04
6.953735137358307838e-04
6.953091360628604889e-04
6.952448165975511074e-04
6.951802643015980721e-04
6.951158284209668636e-04
6.950511015020310879e-04
6.949864909984171391e-04
6.949216476641595364e-04
6.948566879145801067e-04
6.947918445803225040e-04
6.947266520000994205e-04
6.946614594198763371e-04
6.945962668396532536e-04
6.945309578441083431e-04
6.944654742255806923e-04
6.943999906070530415e-04
6.943342741578817368e-04
6.942685577087104321e-04
6.942027248442173004e-04
6.941367173567414284e-04
6.940707098692655563e-04
6.940046441741287708e-04
6.939384620636701584e-04
6.938720471225678921e-04
6.938056903891265392e-04
6.937391008250415325e-04
6.936724530532956123e-04
6.936056888662278652e-04
6.935388082638382912e-04
6.934718694537878036e-04
6.934048142284154892e-04
6.933377007953822613e-04
6.932704127393662930e-04
6.932029500603675842e-04
6.931355455890297890e-04
6.930677918717265129e-04
6.930000963620841503e-04
6.929321680217981339e-04
6.928642396815121174e-04
6.927962531335651875e-04
6.927279755473136902e-04
6.926595815457403660e-04
6.925911875441670418e-04
6.925226189196109772e-04
6.924539338797330856e-04
6.923850160092115402e-04
6.923160981386899948e-04
6.922470638528466225e-04
6.921777967363595963e-04
6.921084714122116566e-04
6.920390296727418900e-04
6.919694133102893829e-04
6.918995641171932220e-04
6.918297731317579746e-04
6.917598075233399868e-04
6.916896090842783451e-04
6.916192942298948765e-04
6.915488047525286674e-04
6.914783734828233719e-04
6.914076511748135090e-04
6.913367542438209057e-04
6.912657991051673889e-04
6.911946111358702183e-04
6.911233649589121342e-04
6.910518859513103962e-04
6.909802905283868313e-04
6.909085204824805260e-04
6.908365176059305668e-04
6.907644565217196941e-04
6.906922208145260811e-04
6.906198686920106411e-04
6.905472837388515472e-04
6.904745823703706264e-04
6.904017645865678787e-04
6.903287139721214771e-04
6.902555469423532486e-04
6.901821470819413662e-04
6.901085725985467434e-04
6.900348816998302937e-04
6.899610743857920170e-04
6.898868596181273460e-04
6.898126448504626751e-04
6.897382554598152637e-04
6.896636332385241985e-04
6.895888363942503929e-04
6.895138067193329334e-04
6.894386606290936470e-04
6.893632817082107067e-04
6.892877863720059395e-04
6.892120582051575184e-04
6.891360972076654434e-04
6.890600197948515415e-04
6.889836513437330723e-04
6.889071082696318626e-04
6.888304487802088261e-04
6.887534400448203087e-04
6.886763148941099644e-04
6.885989569127559662e-04
6.885213661007583141e-04
6.884436006657779217e-04
6.883656606078147888e-04
6.882874295115470886e-04
6.882090237922966480e-04
6.881302106194198132e-04
6.880513974465429783e-04
6.879723514430224895e-04
6.878929561935365200e-04
6.878134445287287235e-04
6.877335836179554462e-04
6.876536062918603420e-04
6.875732215121388435e-04
6.874927785247564316e-04
6.874120444990694523e-04
6.873309030197560787e-04
6.872496451251208782e-04
6.871682126075029373e-04
6.870863726362586021e-04
6.870042998343706131e-04
6.869219942018389702e-04
6.868394557386636734e-04
6.867566844448447227e-04
6.866735639050602913e-04
6.865901523269712925e-04
6.865065079182386398e-04
6.864226306788623333e-04
6.863384041935205460e-04
6.862538284622132778e-04
6.861690781079232693e-04
6.860839785076677799e-04
6.859987042844295502e-04
6.859129643999040127e-04
6.858270498923957348e-04
6.857407861389219761e-04
6.856542313471436501e-04
6.855672691017389297e-04
6.854800158180296421e-04
6.853926461189985275e-04
6.853048107586801052e-04
6.852165097370743752e-04
6.851281505078077316e-04
6.850393256172537804e-04
6.849501514807343483e-04
6.848606863059103489e-04
6.847707554697990417e-04
6.846806500107049942e-04
6.845900788903236389e-04
6.844992167316377163e-04
6.844079471193253994e-04
6.843162700533866882e-04
6.842243019491434097e-04
6.841319845989346504e-04
6.840392015874385834e-04
6.839461275376379490e-04
6.838526460342109203e-04
6.837587570771574974e-04
6.836644606664776802e-04
6.835697568021714687e-04
6.834747036918997765e-04
6.833792431280016899e-04
6.832832586951553822e-04
6.831869832240045071e-04
6.830903002992272377e-04
6.829932099208235741e-04
6.828957702964544296e-04
6.827976321801543236e-04
6.826991448178887367e-04
6.826003082096576691e-04
6.825008313171565533e-04
6.824011798016726971e-04
6.823008880019187927e-04
6.822001305408775806e-04
6.820990238338708878e-04
6.819972768425941467e-04
6.818951806053519249e-04
6.817923858761787415e-04
6.816893583163619041e-04
6.815858068875968456e-04
6.814816733822226524e-04
6.813769578002393246e-04
6.812718347646296024e-04
6.811661878600716591e-04
6.810599588789045811e-04
6.809531478211283684e-04
6.808459293097257614e-04
6.807381287217140198e-04
6.806297460570931435e-04
6.805207813158631325e-04
6.804112344980239868e-04
6.803012220188975334e-04
6.801906274631619453e-04
6.800793344154953957e-04
6.799675174988806248e-04
6.798551185056567192e-04
6.797421374358236790e-04
6.796285160817205906e-04
6.795141962356865406e-04
6.793993525207042694e-04
6.792838103137910366e-04
6.791675696149468422e-04
6.790508050471544266e-04
6.789333419874310493e-04
6.788152968510985374e-04
6.786965532228350639e-04
6.785769364796578884e-04
6.784567958675324917e-04
6.783359567634761333e-04
6.782144191674888134e-04
6.780921830795705318e-04
6.779691902920603752e-04
6.778454990126192570e-04
6.777210510335862637e-04
6.775957881473004818e-04
6.774699431844055653e-04
6.773432251065969467e-04
6.772156921215355396e-04
6.770875770598649979e-04
6.769585306756198406e-04
6.768287857994437218e-04
6.766982260160148144e-04
6.765667349100112915e-04
6.764344288967549801e-04
6.763013079762458801e-04
6.761674885638058186e-04
6.760326796211302280e-04
6.758971721865236759e-04
6.757606170140206814e-04
6.756232469342648983e-04
6.754850037395954132e-04
6.753458292223513126e-04
6.752057815901935101e-04
6.750648608431220055e-04
6.749229505658149719e-04
6.747801671735942364e-04
6.746363360434770584e-04
6.744916900061070919e-04
6.743459962308406830e-04
6.741993711329996586e-04
6.740517565049231052e-04
6.739032105542719364e-04
6.737536168657243252e-04
6.736029172316193581e-04
6.734512862749397755e-04
6.732986075803637505e-04
6.731449393555521965e-04
6.729901069775223732e-04
6.728342850692570210e-04
6.726773572154343128e-04
6.725193816237151623e-04
6.723603000864386559e-04
6.722001126036047935e-04
6.720388191752135754e-04
6.718763615936040878e-04
6.717127398587763309e-04
6.715480703860521317e-04
6.713822949677705765e-04
6.712152971886098385e-04
6.710471352562308311e-04
6.708776345476508141e-04
6.707071443088352680e-04
6.705353152938187122e-04
6.703623221255838871e-04
6.701881648041307926e-04
6.700127269141376019e-04
6.698360666632652283e-04
6.696580676361918449e-04
6.694789626635611057e-04
6.692984607070684433e-04
6.691167363896965981e-04
6.689337897114455700e-04
6.687493296340107918e-04
6.685637636110186577e-04
6.683768006041646004e-04
6.681885570287704468e-04
6.679989164695143700e-04
6.678079953417181969e-04
6.676157936453819275e-04
6.674221949651837349e-04
6.672271993011236191e-04
6.670308066532015800e-04
6.668330752290785313e-04
6.666340050287544727e-04
6.664335378445684910e-04
6.662316154688596725e-04
6.660284125246107578e-04
6.658236961811780930e-04
6.656175828538835049e-04
6.654101307503879070e-04
6.652012234553694725e-04
6.649909191764891148e-04
6.647791597060859203e-04
6.645660614594817162e-04
6.643513916060328484e-04
6.641353247687220573e-04
6.639179773628711700e-04
6.636990583501756191e-04
6.634786841459572315e-04
6.632569129578769207e-04
6.630338029935956001e-04
6.628091214224696159e-04
6.625830428674817085e-04
6.623555091209709644e-04
6.621266365982592106e-04
6.618962506763637066e-04
6.616644095629453659e-04
6.614312878809869289e-04
6.611965363845229149e-04
6.609605043195188046e-04
6.607229588553309441e-04
6.604841910302639008e-04
6.602439680136740208e-04
6.600022898055613041e-04
6.597593310289084911e-04
6.595149170607328415e-04
6.592690479010343552e-04
6.590220145881175995e-04
6.587735842913389206e-04
6.585237570106983185e-04
6.582725909538567066e-04
6.580200861208140850e-04
6.577664171345531940e-04
6.575113511644303799e-04
6.572550628334283829e-04
6.569976103492081165e-04
6.567386444658041000e-04
6.564785726368427277e-04
6.562174530699849129e-04
6.559549365192651749e-04
6.556912558153271675e-04
6.554265273734927177e-04
6.551605765707790852e-04
6.548935198225080967e-04
6.546253571286797523e-04
6.543560302816331387e-04
6.540858303196728230e-04
6.538143497891724110e-04
6.535419961437582970e-04
6.532685947604477406e-04
6.529943202622234821e-04
6.527188816107809544e-04
6.524427444674074650e-04
6.521655595861375332e-04
6.518875015899538994e-04
6.516087451018393040e-04
6.513288826681673527e-04
6.510484963655471802e-04
6.507670623250305653e-04
6.504850462079048157e-04
6.502022733911871910e-04
6.499187438748776913e-04
6.496345740742981434e-04
6.493498221971094608e-04
6.490643136203289032e-04
6.487783393822610378e-04
6.484917830675840378e-04
6.482047028839588165e-04
6.479170988313853741e-04
6.476289709098637104e-04
6.473405519500374794e-04
6.470514927059412003e-04
6.467622006312012672e-04
6.464724428951740265e-04
6.461824523285031319e-04
6.458921125158667564e-04
6.456014816649258137e-04
6.453106179833412170e-04
6.450195214711129665e-04
6.447282503359019756e-04
6.444367463700473309e-04
6.441451841965317726e-04
6.438535056076943874e-04
6.435617688111960888e-04
6.432700902223587036e-04
6.429781205952167511e-04
6.426864420063793659e-04
6.423945887945592403e-04
6.421029102057218552e-04
6.418113480322062969e-04
6.415198440663516521e-04
6.412284565158188343e-04
6.409373600035905838e-04
6.406463799066841602e-04
6.403555744327604771e-04
6.400651182048022747e-04
6.397747783921658993e-04
6.394849042408168316e-04
6.391953211277723312e-04
6.389060290530323982e-04
6.386170280165970325e-04
6.383286090567708015e-04
6.380404811352491379e-04
6.377528188750147820e-04
6.374655640684068203e-04
6.371788913384079933e-04
6.368926842696964741e-04
6.366070010699331760e-04
6.363218999467790127e-04
6.360372644849121571e-04
6.357532693073153496e-04
6.354700308293104172e-04
6.351871415972709656e-04
6.349051254801452160e-04
6.346236914396286011e-04
6.343428394757211208e-04
6.340627442114055157e-04
6.337834638543426991e-04
6.335048819892108440e-04
6.332269404083490372e-04
6.329497555270791054e-04
6.326734437607228756e-04
6.323979469016194344e-04
6.321231485344469547e-04
6.318492814898490906e-04
6.315761711448431015e-04
6.313039921224117279e-04
6.310325115919113159e-04
6.307620787993073463e-04
6.304924609139561653e-04
6.302237161435186863e-04
6.299559026956558228e-04
6.296889623627066612e-04
6.294229533523321152e-04
6.291579920798540115e-04
6.288939621299505234e-04
6.286308052949607372e-04
6.283686961978673935e-04
6.281075766310095787e-04
6.278473883867263794e-04
6.275881896726787090e-04
6.273299804888665676e-04
6.270728190429508686e-04
6.268165889196097851e-04
6.265614647418260574e-04
6.263074465095996857e-04
6.260543013922870159e-04
6.258022622205317020e-04
6.255513289943337440e-04
6.253013852983713150e-04
6.250524311326444149e-04
6.248045247048139572e-04
6.245578406378626823e-04
6.243120878934860229e-04
6.240673828870058060e-04
6.238238420337438583e-04
6.235813489183783531e-04
6.233399617485702038e-04
6.230995641089975834e-04
6.228602142073214054e-04
6.226220284588634968e-04
6.223850068636238575e-04
6.221489165909588337e-04
6.219139322638511658e-04
6.216800538823008537e-04
6.214473396539688110e-04
6.212156731635332108e-04
6.209850544109940529e-04
6.207554833963513374e-04
6.205270765349268913e-04
6.202997174113988876e-04
6.200735224410891533e-04
6.198483170010149479e-04
6.196241592988371849e-04
6.194011075422167778e-04
6.191792199388146400e-04
6.189583800733089447e-04
6.187385297380387783e-04
