5.725364899262785912e-04
5.725348019041121006e-04
5.725331138819456100e-04
5.725313094444572926e-04
5.725296214222908020e-04
5.725278751924633980e-04
5.725261289626359940e-04
5.725244409404695034e-04
5.725226947106420994e-04
5.725208320654928684e-04
5.725191440433263779e-04
5.725174560211598873e-04
5.725156515836715698e-04
5.725139635615050793e-04
5.725122173316776752e-04
5.725104711018502712e-04
5.725087248720228672e-04
5.725069786421954632e-04
5.725051742047071457e-04
5.725034279748797417e-04
5.725016817450523376e-04
5.724999937228858471e-04
5.724982474930584431e-04
5.724965012632310390e-04
5.724948132410645485e-04
5.724930088035762310e-04
5.724913207814097404e-04
5.724895745515823364e-04
5.724877119064331055e-04
5.724860238842666149e-04
5.724842776544392109e-04
5.724825896322727203e-04
5.724807851947844028e-04
5.724790971726179123e-04
5.724774091504514217e-04
5.724755465053021908e-04
5.724738584831357002e-04
5.724721122533082962e-04
5.724703078158199787e-04
5.724686780013144016e-04
5.724669317714869976e-04
5.724651855416595936e-04
5.724634393118321896e-04
5.724615766666829586e-04
5.724599468521773815e-04
5.724582006223499775e-04
5.724563961848616600e-04
5.724547663703560829e-04
5.724530201405286789e-04
5.724511574953794479e-04
5.724494694732129574e-04
5.724477232433855534e-04
5.724459770135581493e-04
5.724442307837307453e-04
5.724424845539033413e-04
5.724407383240759373e-04
5.724390503019094467e-04
5.724373622797429562e-04
5.724355578422546387e-04
5.724338116124272346e-04
5.724321235902607441e-04
5.724303773604333401e-04
5.724286311306059361e-04
5.724268849007785320e-04
5.724251968786120415e-04
5.724234506487846375e-04
5.724217044189572334e-04
5.724199581891298294e-04
5.724182119593024254e-04
5.724165239371359348e-04
5.724146612919867039e-04
5.724129732698202133e-04
5.724112270399928093e-04
5.724095390178263187e-04
5.724077927879989147e-04
5.724061047658324242e-04
5.724043003283441067e-04
5.724024958908557892e-04
5.724008078686892986e-04
5.723990034312009811e-04
5.723972572013735771e-04
5.723956273868680000e-04
5.723938229493796825e-04
5.723921349272131920e-04
5.723903886973857880e-04
5.723886424675583839e-04
5.723868962377309799e-04
5.723851500079035759e-04
5.723834037780761719e-04
5.723817157559096813e-04
5.723799695260822773e-04
5.723782815039157867e-04
5.723764188587665558e-04
5.723747308366000652e-04
5.723730428144335747e-04
5.723712965846061707e-04
5.723694921471178532e-04
5.723678623326122761e-04
5.723659996874630451e-04
5.723643116652965546e-04
5.723626236431300640e-04
5.723608192056417465e-04
5.723591893911361694e-04
5.723574431613087654e-04
5.723556387238204479e-04
5.723538924939930439e-04
5.723521462641656399e-04
5.723504000343382359e-04
5.723486538045108318e-04
5.723469657823443413e-04
5.723452777601778507e-04
5.723435315303504467e-04
5.723417270928621292e-04
5.723400390706956387e-04
5.723382928408682346e-04
5.723366048187017441e-04
5.723348585888743401e-04
5.723331705667078495e-04
5.723314243368804455e-04
5.723297363147139549e-04
5.723278736695647240e-04
5.723260692320764065e-04
5.723244394175708294e-04
5.723227513954043388e-04
5.723210051655769348e-04
5.723192007280886173e-04
5.723174544982612133e-04
5.723157664760947227e-04
5.723140784539282322e-04
5.723123322241008282e-04
5.723105859942734241e-04
5.723088979721069336e-04
5.723071517422795296e-04
5.723054055124521255e-04
5.723036010749638081e-04
5.723019712604582310e-04
5.723001668229699135e-04
5.722984205931425095e-04
5.722967325709760189e-04
5.722950445488095284e-04
5.722931819036602974e-04
5.722914938814938068e-04
5.722898058593273163e-04
5.722880596294999123e-04
5.722863133996725082e-04
5.722846253775060177e-04
5.722828791476786137e-04
5.722810747101902962e-04
5.722793866880238056e-04
5.722776986658573151e-04
5.722758942283689976e-04
5.722742062062025070e-04
5.722724599763751030e-04
5.722706555388867855e-04
5.722689675167202950e-04
5.722672212868928909e-04
5.722655914723873138e-04
5.722637870348989964e-04
5.722619825974106789e-04
5.722602945752441883e-04
5.722586065530776978e-04
5.722569185309112072e-04
5.722551723010838032e-04
5.722534260712563992e-04
5.722516798414289951e-04
5.722498754039406776e-04
5.722482455894351006e-04
5.722465575672686100e-04
5.722447531297802925e-04
5.722430068999528885e-04
5.722412606701254845e-04
5.722395726479589939e-04
5.722378846257925034e-04
5.722360801883041859e-04
5.722343921661376953e-04
5.722327041439712048e-04
5.722308997064828873e-04
5.722292698919773102e-04
5.722274072468280792e-04
5.722257774323225021e-04
5.722239147871732712e-04
5.722222849726676941e-04
5.722205387428402901e-04
5.722187925130128860e-04
5.722171626985073090e-04
5.722153000533580780e-04
5.722135538235306740e-04
5.722118658013641834e-04
5.722101195715367794e-04
5.722084315493702888e-04
5.722066853195428848e-04
5.722049972973763943e-04
5.722031928598880768e-04
5.722015630453824997e-04
5.721997586078941822e-04
5.721980705857276917e-04
5.721963243559002876e-04
5.721946363337337971e-04
5.721928318962454796e-04
5.721911438740789890e-04
5.721895140595734119e-04
5.721876514144241810e-04
5.721860215999186039e-04
5.721842753700911999e-04
5.721824709326028824e-04
5.721807829104363918e-04
5.721790366806089878e-04
5.721773486584424973e-04
5.721755442209541798e-04
5.721738561987876892e-04
5.721721681766211987e-04
5.721704219467937946e-04
5.721686757169663906e-04
5.721669294871389866e-04
5.721652414649724960e-04
5.721634952351450920e-04
5.721617490053176880e-04
5.721600609831511974e-04
5.721583147533237934e-04
5.721566267311573029e-04
5.721548222936689854e-04
5.721531342715024948e-04
5.721514462493360043e-04
5.721496418118476868e-04
5.721479537896811962e-04
5.721462075598537922e-04
5.721445195376873016e-04
5.721427733078598976e-04
5.721410270780324936e-04
5.721393390558660030e-04
5.721376510336995125e-04
5.721359048038721085e-04
5.721341585740447044e-04
5.721324705518782139e-04
5.721307243220508099e-04
5.721290362998843193e-04
5.721272318623960018e-04
5.721256020478904247e-04
5.721237976104021072e-04
5.721221677958965302e-04
5.721204215660691261e-04
5.721186171285808086e-04
5.721169291064143181e-04
5.721152410842478275e-04
5.721134948544204235e-04
5.721117486245930195e-04
5.721100023947656155e-04
5.721083143725991249e-04
5.721066263504326344e-04
5.721048219129443169e-04
5.721031920984387398e-04
5.721013876609504223e-04
5.720996996387839317e-04
5.720978952012956142e-04
5.720963235944509506e-04
5.720945191569626331e-04
5.720928311347961426e-04
5.720910266973078251e-04
5.720892804674804211e-04
5.720876506529748440e-04
5.720859626308083534e-04
5.720841581933200359e-04
5.720824701711535454e-04
5.720806657336652279e-04
5.720790941268205643e-04
5.720773478969931602e-04
5.720756598748266697e-04
5.720739136449992657e-04
5.720721674151718616e-04
5.720704211853444576e-04
5.720686749555170536e-04
5.720669287256896496e-04
5.720651824958622456e-04
5.720633780583739281e-04
5.720617482438683510e-04
5.720601184293627739e-04
5.720583721995353699e-04
5.720566259697079659e-04
5.720549379475414753e-04
5.720531335100531578e-04
5.720513872802257538e-04
5.720496992580592632e-04
5.720480112358927727e-04
5.720463232137262821e-04
5.720445187762379646e-04
5.720428307540714741e-04
5.720411427319049835e-04
5.720393965020775795e-04
5.720375920645892620e-04
5.720359040424227715e-04
5.720341578125953674e-04
5.720325279980897903e-04
5.720307235606014729e-04
5.720290937460958958e-04
5.720273475162684917e-04
5.720256594941020012e-04
5.720239132642745972e-04
5.720222252421081066e-04
5.720204790122807026e-04
5.720187909901142120e-04
5.720169865526258945e-04
5.720153567381203175e-04
5.720136105082929134e-04
5.720118642784655094e-04
5.720100598409771919e-04
5.720084300264716148e-04
5.720066837966442108e-04
5.720050539821386337e-04
5.720032495446503162e-04
5.720015615224838257e-04
5.719998152926564217e-04
5.719981854781508446e-04
5.719963810406625271e-04
5.719947512261569500e-04
5.719930049963295460e-04
5.719912587665021420e-04
5.719895707443356514e-04
5.719878245145082474e-04
5.719861364923417568e-04
5.719843902625143528e-04
5.719826440326869488e-04
5.719810142181813717e-04
5.719792679883539677e-04
5.719775799661874771e-04
5.719757755286991596e-04
5.719740875065326691e-04
5.719723412767052650e-04
5.719706532545387745e-04
5.719689652323722839e-04
5.719672190025448799e-04
5.719655309803783894e-04
5.719637847505509853e-04
5.719619803130626678e-04
5.719602922908961773e-04
5.719586624763906002e-04
5.719569162465631962e-04
5.719552282243967056e-04
5.719534237869083881e-04
5.719517939724028111e-04
5.719501059502363205e-04
5.719482433050870895e-04
5.719466134905815125e-04
5.719449254684150219e-04
5.719431210309267044e-04
5.719414330087602139e-04
5.719397449865937233e-04
5.719380569644272327e-04
5.719363107345998287e-04
5.719345062971115112e-04
5.719328764826059341e-04
5.719312466681003571e-04
5.719295586459338665e-04
5.719277542084455490e-04
5.719259497709572315e-04
5.719243781641125679e-04
5.719226901419460773e-04
5.719209439121186733e-04
5.719191394746303558e-04
5.719174514524638653e-04
5.719156470149755478e-04
5.719139589928090572e-04
5.719122709706425667e-04
5.719105247408151627e-04
5.719088367186486721e-04
5.719071486964821815e-04
5.719054024666547775e-04
5.719037726521492004e-04
5.719020264223217964e-04
5.719002801924943924e-04
5.718985339626669884e-04
5.718969041481614113e-04
5.718950997106730938e-04
5.718934698961675167e-04
5.718917236663401127e-04
5.718899774365127087e-04
5.718882894143462181e-04
5.718866013921797276e-04
5.718848551623523235e-04
5.718832253478467464e-04
5.718814209103584290e-04
5.718796746805310249e-04
5.718780448660254478e-04
5.718763568438589573e-04
5.718746106140315533e-04
5.718729225918650627e-04
5.718711181543767452e-04
5.718694301322102547e-04
5.718677421100437641e-04
5.718660540878772736e-04
5.718643660657107830e-04
5.718626198358833790e-04
5.718608153983950615e-04
5.718591855838894844e-04
5.718573811464011669e-04
5.718557513318955898e-04
5.718540051020681858e-04
5.718523752875626087e-04
5.718506290577352047e-04
5.718488828279078007e-04
5.718471948057413101e-04
5.718454485759139061e-04
5.718437023460865021e-04
5.718420725315809250e-04
5.718403263017535210e-04
5.718386382795870304e-04
5.718369502574205399e-04
5.718352040275931358e-04
5.718335160054266453e-04
5.718317697755992413e-04
5.718300235457718372e-04
5.718283937312662601e-04
5.718266475014388561e-04
5.718249012716114521e-04
5.718232132494449615e-04
5.718215252272784710e-04
5.718197789974510670e-04
5.718180909752845764e-04
5.718164029531180859e-04
5.718146567232906818e-04
5.718130851164460182e-04
5.718112806789577007e-04
5.718095344491302967e-04
5.718078464269638062e-04
5.718061001971364021e-04
5.718044121749699116e-04
5.718027241528034210e-04
5.718009779229760170e-04
5.717992899008095264e-04
5.717975436709821224e-04
5.717959138564765453e-04
5.717941094189882278e-04
5.717924213968217373e-04
5.717907333746552467e-04
5.717889871448278427e-04
5.717873573303222656e-04
5.717856693081557751e-04
5.717839230783283710e-04
5.717822350561618805e-04
5.717804888263344765e-04
5.717788008041679859e-04
5.717770545743405819e-04
5.717753665521740913e-04
5.717736203223466873e-04
5.717719323001801968e-04
5.717703024856746197e-04
5.717685562558472157e-04
5.717668682336807251e-04
5.717651220038533211e-04
5.717633175663650036e-04
5.717616295441985130e-04
5.717600579373538494e-04
5.717582534998655319e-04
5.717566236853599548e-04
5.717548192478716373e-04
5.717530730180442333e-04
5.717513849958777428e-04
5.717497551813721657e-04
5.717480671592056751e-04
5.717463209293782711e-04
5.717445746995508671e-04
5.717429448850452900e-04
5.717411986552178860e-04
5.717395106330513954e-04
5.717378226108849049e-04
5.717360763810575008e-04
5.717343883588910103e-04
5.717326421290636063e-04
5.717309541068971157e-04
5.717292078770697117e-04
5.717275780625641346e-04
5.717257736250758171e-04
5.717241438105702400e-04
5.717223975807428360e-04
5.717207095585763454e-04
5.717189633287489414e-04
5.717172753065824509e-04
5.717155290767550468e-04
5.717138992622494698e-04
5.717123276554048061e-04
5.717104650102555752e-04
5.717087187804281712e-04
5.717070307582616806e-04
5.717054009437561035e-04
5.717037129215896130e-04
5.717020248994231224e-04
5.717002204619348049e-04
5.716985906474292278e-04
5.716968444176018238e-04
5.716951563954353333e-04
5.716934101656079292e-04
5.716917803511023521e-04
5.716900341212749481e-04
5.716883460991084576e-04
5.716867162846028805e-04
5.716849118471145630e-04
5.716831074096262455e-04
5.716814775951206684e-04
5.716798477806150913e-04
5.716781015507876873e-04
5.716763553209602833e-04
