3.714480553753674030e-04
3.714463382493704557e-04
3.714446793310344219e-04
3.714429331012070179e-04
3.714413032867014408e-04
3.714395861607044935e-04
3.714378399308770895e-04
3.714361810125410557e-04
3.714344347827136517e-04
3.714327467605471611e-04
3.714310296345502138e-04
3.714293125085532665e-04
3.714276244863867760e-04
3.714258782565593719e-04
3.714241611305624247e-04
3.714224440045654774e-04
3.714207268785685301e-04
3.714190097525715828e-04
3.714173217304050922e-04
3.714156046044081450e-04
3.714138874784111977e-04
3.714121703524142504e-04
3.714105114340782166e-04
3.714087652042508125e-04
3.714070771820843220e-04
3.714053600560873747e-04
3.714036429300904274e-04
3.714019549079239368e-04
3.714002668857574463e-04
3.713985788635909557e-04
3.713968035299330950e-04
3.713951446115970612e-04
3.713934565894305706e-04
3.713917394634336233e-04
3.713900223374366760e-04
3.713883052114397287e-04
3.713865880854427814e-04
3.713849000632762909e-04
3.713831829372793436e-04
3.713814658112823963e-04
3.713797777891159058e-04
3.713780606631189585e-04
3.713764017447829247e-04
3.713746555149555206e-04
3.713729092851281166e-04
3.713712503667920828e-04
3.713695332407951355e-04
3.713678743224591017e-04
3.713660989888012409e-04
3.713644400704652071e-04
3.713627229444682598e-04
3.713610058184713125e-04
3.713593177963048220e-04
3.713576006703078747e-04
3.713559126481413841e-04
3.713542246259748936e-04
3.713525657076388597e-04
3.713508485816419125e-04
3.713491023518145084e-04
3.713473561219871044e-04
3.713456972036510706e-04
3.713439800776541233e-04
3.713422920554876328e-04
3.713405749294906855e-04
3.713388578034937382e-04
3.713371406774967909e-04
3.713354235514998436e-04
3.713337064255028963e-04
3.713320475071668625e-04
3.713302721735090017e-04
3.713286423590034246e-04
3.713269834406673908e-04
3.713252081070095301e-04
3.713235200848430395e-04
3.713218320626765490e-04
3.713201149366796017e-04
3.713183978106826544e-04
3.713167097885161638e-04
3.713149344548583031e-04
3.713132755365222692e-04
3.713115584105253220e-04
3.713098703883588314e-04
3.713082114700227976e-04
3.713065525516867638e-04
3.713046899065375328e-04
3.713030309882014990e-04
3.713013720698654652e-04
3.712996258400380611e-04
3.712979087140411139e-04
3.712962206918746233e-04
3.712945326697081327e-04
3.712928737513720989e-04
3.712912148330360651e-04
3.712894394993782043e-04
3.712876932695508003e-04
3.712860343512147665e-04
3.712843754328787327e-04
3.712826583068817854e-04
3.712809120770543814e-04
3.712792531587183475e-04
3.712775360327214003e-04
3.712757898028939962e-04
3.712741308845579624e-04
3.712724428623914719e-04
3.712707257363945246e-04
3.712690086103975773e-04
3.712672914844006300e-04
3.712656616698950529e-04
3.712639445438981056e-04
3.712622274179011583e-04
3.712605102919042110e-04
3.712587931659072638e-04
3.712570760399103165e-04
3.712554171215742826e-04
3.712537582032382488e-04
3.712520119734108448e-04
3.712503530550748110e-04
3.712486359290778637e-04
3.712469479069113731e-04
3.712452307809144258e-04
3.712435136549174786e-04
3.712417965289205313e-04
3.712400794029235840e-04
3.712384204845875502e-04
3.712367324624210596e-04
3.712350444402545691e-04
3.712333273142576218e-04
3.712315519805997610e-04
3.712299221660941839e-04
3.712282632477581501e-04
3.712264879141002893e-04
3.712247998919337988e-04
3.712231991812586784e-04
3.712214529514312744e-04
3.712197649292647839e-04
3.712180769070982933e-04
3.712163306772708893e-04
3.712146135512739420e-04
3.712129546329379082e-04
3.712112084031105042e-04
3.712095494847744703e-04
3.712078032549470663e-04
3.712060861289501190e-04
3.712044272106140852e-04
3.712027682922780514e-04
3.712010511662811041e-04
3.711993049364537001e-04
3.711976169142872095e-04
3.711959288921207190e-04
3.711942699737846851e-04
3.711925528477877378e-04
3.711908357217907906e-04
3.711891768034547567e-04
3.711874305736273527e-04
3.711857425514608622e-04
3.711840254254639149e-04
3.711823665071278811e-04
3.711806784849613905e-04
3.711790195666253567e-04
3.711773024406284094e-04
3.711755853146314621e-04
3.711738681886345148e-04
3.711721801664680243e-04
3.711704921443015337e-04
3.711688332259654999e-04
3.711671160999685526e-04
3.711653989739716053e-04
3.711637400556355715e-04
3.711620520334690809e-04
3.711603058036416769e-04
3.711585886776447296e-04
3.711569588631391525e-04
3.711552126333117485e-04
3.711535828188061714e-04
3.711518656928092241e-04
3.711501485668122768e-04
3.711484605446457863e-04
3.711467725224792957e-04
3.711450553964823484e-04
3.711433091666549444e-04
3.711416211444884539e-04
3.711399331223219633e-04
3.711382451001554728e-04
3.711365570779889822e-04
3.711348981596529484e-04
3.711331519298255444e-04
3.711315221153199673e-04
3.711298049893230200e-04
3.711280878633260727e-04
3.711263998411595821e-04
3.711247700266540051e-04
3.711230237968266010e-04
3.711213648784905672e-04
3.711196768563240767e-04
3.711179597303271294e-04
3.711163008119910955e-04
3.711145545821636915e-04
3.711128665599972010e-04
3.711111494340002537e-04
3.711095196194946766e-04
3.711077733896672726e-04
3.711061144713312387e-04
3.711043973453342915e-04
3.711027093231678009e-04
3.711010504048317671e-04
3.710992750711739063e-04
3.710976452566683292e-04
3.710959281306713820e-04
3.710942401085048914e-04
3.710925520863384008e-04
3.710908058565109968e-04
3.710891469381749630e-04
3.710874298121780157e-04
3.710857708938419819e-04
3.710840537678450346e-04
3.710823948495090008e-04
3.710806486196815968e-04
3.710789605975151062e-04
3.710773016791790724e-04
3.710755845531821251e-04
3.710738965310156345e-04
3.710722667165100574e-04
3.710705204866826534e-04
3.710688033606857061e-04
3.710671153385192156e-04
3.710654564201831818e-04
3.710637683980166912e-04
3.710620221681892872e-04
3.710603341460227966e-04
3.710586752276867628e-04
3.710570163093507290e-04
3.710553282871842384e-04
3.710536111611872911e-04
3.710518940351903439e-04
3.710502351168543100e-04
3.710485470946878195e-04
3.710468008648604155e-04
3.710451710503548384e-04
3.710434830281883478e-04
3.710417659021914005e-04
3.710401069838553667e-04
3.710383607540279627e-04
3.710367018356919289e-04
3.710349847096949816e-04
3.710333257913589478e-04
3.710316668730229139e-04
3.710299497470259666e-04
3.710282908286899328e-04
3.710265737026929855e-04
3.710248565766960382e-04
3.710231976583600044e-04
3.710215387400239706e-04
3.710198507178574800e-04
3.710181335918605328e-04
3.710164164658635855e-04
3.710146993398666382e-04
3.710130113177001476e-04
3.710113232955336571e-04
3.710096352733671665e-04
3.710080054588615894e-04
3.710062883328646421e-04
3.710046003106981516e-04
3.710029122885316610e-04
3.710012533701956272e-04
3.709995653480291367e-04
3.709978482220321894e-04
3.709961601998656988e-04
3.709944139700382948e-04
3.709927550517022610e-04
3.709910961333662271e-04
3.709894372150301933e-04
3.709876909852027893e-04
3.709859738592058420e-04
3.709843149408698082e-04
3.709826560225337744e-04
3.709809680003672838e-04
3.709792508743703365e-04
3.709775628522038460e-04
3.709758457262068987e-04
3.709741577040404081e-04
3.709725278895348310e-04
3.709708107635378838e-04
3.709691518452018499e-04
3.709674638230353594e-04
3.709657758008688688e-04
3.709640877787023783e-04
3.709623997565358877e-04
3.709607408381998539e-04
3.709590528160333633e-04
3.709573647938668728e-04
3.709557058755308390e-04
3.709539887495338917e-04
3.709522716235369444e-04
3.709506127052009106e-04
3.709489246830344200e-04
3.709472075570374727e-04
3.709455195348709822e-04
3.709438606165349483e-04
3.709421725943684578e-04
3.709404263645410538e-04
3.709387674462050200e-04
3.709371085278689861e-04
3.709354205057024956e-04
3.709336742758750916e-04
3.709320735651999712e-04
3.709303564392030239e-04
3.709286393132060766e-04
3.709270094987004995e-04
3.709253214765340090e-04
3.709236625581979752e-04
3.709219745360314846e-04
3.709202865138649940e-04
3.709185693878680468e-04
3.709168522618710995e-04
3.709151642397046089e-04
3.709135053213685751e-04
3.709118464030325413e-04
3.709101292770355940e-04
3.709084412548691034e-04
3.709067532327026129e-04
3.709051234181970358e-04
3.709033771883696318e-04
3.709017182700335979e-04
3.709001175593584776e-04
3.708983422257006168e-04
3.708966833073645830e-04
3.708949661813676357e-04
3.708932781592011452e-04
3.708916192408651114e-04
3.708899603225290775e-04
3.708882723003625870e-04
3.708865842781960964e-04
3.708848671521991491e-04
3.708831791300326586e-04
3.708815202116966248e-04
3.708797448780387640e-04
3.708781150635331869e-04
3.708764270413666964e-04
3.708747390192002058e-04
3.708730801008641720e-04
3.708713629748672247e-04
3.708697331603616476e-04
3.708680160343647003e-04
3.708663571160286665e-04
3.708646399900317192e-04
3.708629228640347719e-04
3.708613221533596516e-04
3.708596341311931610e-04
3.708579461090266705e-04
3.708562580868601799e-04
3.708545409608632326e-04
3.708528820425271988e-04
3.708511940203607082e-04
3.708495059981942177e-04
3.708478470798581839e-04
3.708461881615221500e-04
3.708444710355252028e-04
3.708427539095282555e-04
3.708410949911922216e-04
3.708394360728561878e-04
3.708377189468592405e-04
3.708360891323536634e-04
3.708344011101871729e-04
3.708327130880206823e-04
3.708310250658541918e-04
3.708293370436877012e-04
3.708276781253516674e-04
3.708259901031851768e-04
3.708242729771882296e-04
3.708225849550217390e-04
3.708209260366857052e-04
3.708192380145192146e-04
3.708175790961831808e-04
3.708158619701862335e-04
3.708141739480197430e-04
3.708125732373446226e-04
3.708108561113476753e-04
3.708091680891811848e-04
3.708074509631842375e-04
3.708057920448482037e-04
3.708041331265121698e-04
3.708024160005152225e-04
3.708007861860096455e-04
3.707990981638431549e-04
3.707974392455071211e-04
3.707957221195101738e-04
3.707940632011741400e-04
3.707924042828381062e-04
3.707905998453497887e-04
3.707890282385051250e-04
3.707873693201690912e-04
3.707856230903416872e-04
3.707839641720056534e-04
3.707823343575000763e-04
3.707806463353335857e-04
3.707789292093366385e-04
3.707772702910006046e-04
3.707756113726645708e-04
3.707739233504980803e-04
3.707722062245011330e-04
3.707705182023346424e-04
3.707688010763376951e-04
3.707671712618321180e-04
3.707654541358351707e-04
3.707637661136686802e-04
3.707621362991631031e-04
3.707604773808270693e-04
3.707587893586605787e-04
3.707570722326636314e-04
3.707554424181580544e-04
3.707537252921611071e-04
3.707520372699946165e-04
3.707504074554890394e-04
3.707486612256616354e-04
3.707469732034951448e-04
3.707453724928200245e-04
3.707436844706535339e-04
3.707419964484870434e-04
3.707403084263205528e-04
3.707386204041540623e-04
3.707369905896484852e-04
3.707352734636515379e-04
3.707336145453155041e-04
3.707319265231490135e-04
3.707302385009825230e-04
3.707285795826464891e-04
3.707268333528190851e-04
3.707252035383135080e-04
3.707235446199774742e-04
3.707218857016414404e-04
3.707201685756444931e-04
3.707185387611389160e-04
3.707168507389724255e-04
3.707151336129754782e-04
3.707135329023003578e-04
3.707117575686424971e-04
3.707100986503064632e-04
3.707084688358008862e-04
3.707068099174648523e-04
3.707050927914679050e-04
3.707034629769623280e-04
3.707018040586262941e-04
3.707001160364598036e-04
3.706983698066323996e-04
3.706967690959572792e-04
3.706950519699603319e-04
3.706933930516242981e-04
3.706917341332882643e-04
3.706900170072913170e-04
3.706883289851248264e-04
3.706866700667887926e-04
3.706850111484527588e-04
3.706833231262862682e-04
3.706816642079502344e-04
3.706800052896142006e-04
3.706782881636172533e-04
3.706766583491116762e-04
3.706750285346060991e-04
3.706732823047786951e-04
3.706716524902731180e-04
3.706699935719370842e-04
3.706683346536010504e-04
3.706666175276041031e-04
3.706649586092680693e-04
3.706632705871015787e-04
3.706615825649350882e-04
3.706599527504295111e-04
3.706582065206021070e-04
3.706566058099269867e-04
3.706548595800995827e-04
3.706532297655940056e-04
3.706515126395970583e-04
3.706498537212610245e-04
3.706482239067554474e-04
3.706465358845889568e-04
3.706448187585920095e-04
3.706432180479168892e-04
3.706415009219199419e-04
3.706398128997534513e-04
3.706381539814174175e-04
3.706365241669118404e-04
3.706348070409148932e-04
3.706330899149179459e-04
3.706314601004123688e-04
3.706298011820763350e-04
3.706281131599098444e-04
3.706264251377433538e-04
3.706247662194073200e-04
3.706231364049017429e-04
3.706214483827352524e-04
3.706197603605687618e-04
3.706181305460631847e-04
3.706163843162357807e-04
3.706147545017302036e-04
3.706130955833941698e-04
3.706114366650581360e-04
3.706097486428916454e-04
3.706080315168946981e-04
3.706064308062195778e-04
3.706047136802226305e-04
