1.332510611973702908e-03
1.332229818217456341e-03
1.331949140876531601e-03
1.331668463535606861e-03
1.331387669779360294e-03
1.331107108853757381e-03
1.330826431512832642e-03
1.330545754171907902e-03
1.330264960415661335e-03
1.329984283074736595e-03
1.329703489318490028e-03
1.329422811977565289e-03
1.329142018221318722e-03
1.328861224465072155e-03
1.328580430708825588e-03
1.328299753367900848e-03
1.328018843196332455e-03
1.327738049440085888e-03
1.327457255683839321e-03
1.327176229096949100e-03
1.326895318925380707e-03
1.326614525169134140e-03
1.326333498582243919e-03
1.326052471995353699e-03
1.325771561823785305e-03
1.325490535236895084e-03
1.325209392234683037e-03
1.324928249232470989e-03
1.324647339060902596e-03
1.324366196058690548e-03
1.324085053056478500e-03
1.323803677223622799e-03
1.323522534221410751e-03
1.323241158388555050e-03
1.322960015386343002e-03
1.322678523138165474e-03
1.322397263720631599e-03
1.322115655057132244e-03
1.321834162808954716e-03
1.321552786976099014e-03
1.321271178312599659e-03
1.320989686064422131e-03
1.320707960985600948e-03
1.320426235906779766e-03
1.320144510827958584e-03
1.319862669333815575e-03
1.319580595009028912e-03
1.319298986345529556e-03
1.319016912020742893e-03
1.318734837695956230e-03
1.318452763371169567e-03
1.318170689046382904e-03
1.317888498306274414e-03
1.317606307566165924e-03
1.317323883995413780e-03
1.317041344009339809e-03
1.316759036853909492e-03
1.316476496867835522e-03
1.316194073297083378e-03
1.315911416895687580e-03
1.315628527663648129e-03
1.315345754846930504e-03
1.315062865614891052e-03
1.314779859967529774e-03
1.314496854320168495e-03
1.314213732257485390e-03
1.313930377364158630e-03
1.313647255301475525e-03
1.313363900408148766e-03
1.313080545514822006e-03
1.312796841375529766e-03
1.312513137236237526e-03
1.312229549512267113e-03
1.311945728957653046e-03
1.311661791987717152e-03
1.311377855017781258e-03
1.311093801632523537e-03
1.310809515416622162e-03
1.310525229200720787e-03
1.310240710154175758e-03
1.309956307522952557e-03
1.309671788476407528e-03
1.309387036599218845e-03
1.309102051891386509e-03
1.308817300014197826e-03
1.308532198891043663e-03
1.308246981352567673e-03
1.307961763814091682e-03
1.307676546275615692e-03
1.307390746660530567e-03
1.307105296291410923e-03
1.306819496676325798e-03
1.306533464230597019e-03
1.306247548200190067e-03
1.305961282923817635e-03
1.305675134062767029e-03
1.305388635955750942e-03
1.305102137848734856e-03
1.304815406911075115e-03
1.304528559558093548e-03
1.304241712205111980e-03
1.303954515606164932e-03
1.303667202591896057e-03
1.303379889577627182e-03
1.303092227317392826e-03
1.302804797887802124e-03
1.302516902796924114e-03
1.302228658460080624e-03
1.301940646953880787e-03
1.301652169786393642e-03
1.301363692618906498e-03
1.301074866205453873e-03
1.300786156207323074e-03
1.300497096963226795e-03
1.300207921303808689e-03
1.299918629229068756e-03
1.299629104323685169e-03
1.299339230172336102e-03
1.299049356020987034e-03
1.298759481869637966e-03
1.298469025641679764e-03
1.298178685829043388e-03
1.297888113185763359e-03
1.297597191296517849e-03
1.297306269407272339e-03
1.297014881856739521e-03
1.296723610721528530e-03
1.296431873925030231e-03
1.296140137128531933e-03
1.295847934670746326e-03
1.295555732212960720e-03
1.295263413339853287e-03
1.294970745220780373e-03
1.294677727855741978e-03
1.294384477660059929e-03
1.294091227464377880e-03
1.293797628022730350e-03
1.293503795750439167e-03
1.293209847062826157e-03
1.292915549129247665e-03
1.292620901949703693e-03
1.292326254770159721e-03
1.292031141929328442e-03
1.291736029088497162e-03
1.291440334171056747e-03
1.291144755668938160e-03
1.290848595090210438e-03
1.290552318096160889e-03
1.290255808271467686e-03
1.289959182031452656e-03
1.289662090130150318e-03
1.289364648982882500e-03
1.289067207835614681e-03
1.288769301027059555e-03
1.288471044972538948e-03
1.288172439672052860e-03
1.287873717956244946e-03
1.287574879825115204e-03
1.287275459617376328e-03
1.286975922994315624e-03
1.286676153540611267e-03
1.286375918425619602e-03
1.286075217649340630e-03
1.285774284042418003e-03
1.285473350435495377e-03
1.285171834751963615e-03
1.284870202653110027e-03
1.284567988477647305e-03
1.284265425056219101e-03
1.283962861634790897e-03
1.283659599721431732e-03
1.283356221392750740e-03
1.283052493818104267e-03
1.282748300582170486e-03
1.282443990930914879e-03
1.282139332033693790e-03
1.281834091059863567e-03
1.281528500840067863e-03
1.281222677789628506e-03
1.280916389077901840e-03
1.280609751120209694e-03
1.280302880331873894e-03
1.279995543882250786e-03
1.279687741771340370e-03
1.279379706829786301e-03
1.279071322642266750e-03
1.278762356378138065e-03
1.278453273698687553e-03
1.278143492527306080e-03
1.277833245694637299e-03
1.277522882446646690e-03
1.277212053537368774e-03
1.276900758966803551e-03
1.276588998734951019e-03
1.276276889257133007e-03
1.275964314118027687e-03
1.275651389732956886e-03
1.275337999686598778e-03
1.275024260394275188e-03
1.274709822610020638e-03
1.274395151995122433e-03
1.274079899303615093e-03
1.273764297366142273e-03
1.273448229767382145e-03
1.273131812922656536e-03
1.272814697585999966e-03
1.272497349418699741e-03
1.272179302759468555e-03
1.271860906854271889e-03
1.271542161703109741e-03
1.271222834475338459e-03
1.270903041586279869e-03
1.270582666620612144e-03
1.270261709578335285e-03
1.269940519705414772e-03
1.269618631340563297e-03
1.269296277314424515e-03
1.268973341211676598e-03
1.268649939447641373e-03
1.268326188437640667e-03
1.268001738935709000e-03
1.267676940187811852e-03
1.267351326532661915e-03
1.267025480046868324e-03
1.266698935069143772e-03
1.266372040845453739e-03
1.266044331714510918e-03
1.265716040506958961e-03
1.265387400053441525e-03
1.265058177523314953e-03
1.264728372916579247e-03
1.264397986233234406e-03
1.264067133888602257e-03
1.263735583052039146e-03
1.263403566554188728e-03
1.263070735149085522e-03
1.262737438082695007e-03
1.262403675355017185e-03
1.262069097720086575e-03
1.261734170839190483e-03
1.261398778297007084e-03
1.261062454432249069e-03
1.260725664906203747e-03
1.260388293303549290e-03
1.260050106793642044e-03
1.259711571037769318e-03
1.259372220374643803e-03
1.259032404050230980e-03
1.258692005649209023e-03
1.258350792340934277e-03
1.258008996956050396e-03
1.257666735909879208e-03
1.257323659956455231e-03
1.256980234757065773e-03
1.256635761819779873e-03
1.256290823221206665e-03
1.255945418961346149e-03
1.255599199794232845e-03
1.255252398550510406e-03
1.254904898814857006e-03
1.254556584171950817e-03
1.254208036698400974e-03
1.253858441486954689e-03
1.253508147783577442e-03
1.253157388418912888e-03
1.252806046977639198e-03
1.252453774213790894e-03
1.252101035788655281e-03
1.251747598871588707e-03
1.251393579877912998e-03
1.251038862392306328e-03
1.250683329999446869e-03
1.250327099114656448e-03
1.249970286153256893e-03
1.249612774699926376e-03
1.249254564754664898e-03
1.248895656317472458e-03
1.248536165803670883e-03
1.248175860382616520e-03
1.247815089300274849e-03
1.247453386895358562e-03
1.247091218829154968e-03
1.246728235855698586e-03
1.246364670805633068e-03
1.246000290848314762e-03
1.245635328814387321e-03
1.245269784703850746e-03
1.244903425686061382e-03
1.244536368176341057e-03
1.244168728590011597e-03
1.243800390511751175e-03
1.243431237526237965e-03
1.243061502464115620e-03
1.242691185325384140e-03
1.242320169694721699e-03
1.241948455572128296e-03
1.241576159372925758e-03
1.241203048266470432e-03
1.240829471498727798e-03
1.240455079823732376e-03
1.240079989656805992e-03
1.239704200997948647e-03
1.239327946677803993e-03
1.238950993865728378e-03
1.238573575392365456e-03
1.238195109181106091e-03
1.237816293723881245e-03
1.237436779774725437e-03
1.237056683748960495e-03
1.236675889231264591e-03
1.236294279806315899e-03
1.235912321135401726e-03
1.235529896803200245e-03
1.235146657563745975e-03
1.234762719832360744e-03
1.234378316439688206e-03
1.233993447385728359e-03
1.233607647009193897e-03
1.233221613802015781e-03
1.232834882102906704e-03
1.232447568327188492e-03
1.232059788890182972e-03
1.231671194545924664e-03
1.231282250955700874e-03
1.230892841704189777e-03
1.230502850376069546e-03
1.230112276971340179e-03
1.229721237905323505e-03
1.229329500347375870e-03
1.228937529958784580e-03
1.228544861078262329e-03
1.228151842951774597e-03
1.227758242748677731e-03
1.227364409714937210e-03
1.226969761773943901e-03
1.226574881002306938e-03
1.226179650984704494e-03
1.225783838890492916e-03
1.225387444719672203e-03
1.224990701302886009e-03
1.224593841470777988e-03
1.224196399562060833e-03
1.223798608407378197e-03
1.223400351591408253e-03
1.223001745529472828e-03
1.222602790221571922e-03
1.222203485667705536e-03
1.221803948283195496e-03
1.221403828822076321e-03
1.221003592945635319e-03
1.220603124238550663e-03
1.220202306285500526e-03
1.219801139086484909e-03
1.219399739056825638e-03
1.218998106196522713e-03
1.218596124090254307e-03
1.218194025568664074e-03
1.217791577801108360e-03
1.217389013618230820e-03
1.216986216604709625e-03
1.216583070345222950e-03
1.216179924085736275e-03
1.215776544995605946e-03
1.215373165905475616e-03
1.214969321154057980e-03
1.214565709233283997e-03
1.214161748066544533e-03
1.213757670484483242e-03
1.213353592902421951e-03
1.212949398905038834e-03
1.212545204907655716e-03
1.212140894494950771e-03
1.211736467666924000e-03
1.211332157254219055e-03
1.210927730426192284e-03
1.210523187182843685e-03
1.210118643939495087e-03
1.209714217111468315e-03
1.209309906698763371e-03
1.208905596286058426e-03
1.208501285873353481e-03
1.208096975460648537e-03
1.207692665047943592e-03
1.207288703881204128e-03
1.206884626299142838e-03
1.206480897963047028e-03
1.206076936796307564e-03
1.205673324875533581e-03
1.205269829370081425e-03
1.204866450279951096e-03
1.204463420435786247e-03
1.204060390591621399e-03
1.203657477162778378e-03
1.203254796564579010e-03
1.202852581627666950e-03
1.202450366690754890e-03
1.202048500999808311e-03
1.201646751724183559e-03
1.201245351694524288e-03
1.200844184495508671e-03
1.200443366542458534e-03
1.200042781420052052e-03
1.199642429128289223e-03
1.199242542497813702e-03
1.198842772282660007e-03
1.198443584144115448e-03
1.198044628836214542e-03
1.197646139189600945e-03
1.197247882373631001e-03
1.196849858388304710e-03
1.196452416479587555e-03
1.196055440232157707e-03
1.195658696815371513e-03
1.195262535475194454e-03
1.194866723380982876e-03
1.194471260532736778e-03
1.194076379761099815e-03
1.193681731820106506e-03
1.193287782371044159e-03
1.192894065752625465e-03
1.192500931210815907e-03
1.192108495160937309e-03
1.191716059111058712e-03
1.191324554383754730e-03
1.190933398902416229e-03
1.190542825497686863e-03
1.190152717754244804e-03
1.189763308502733707e-03
1.189374132081866264e-03
1.188985770568251610e-03
1.188597758300602436e-03
1.188210444524884224e-03
1.187823596410453320e-03
1.187437330372631550e-03
1.187051879242062569e-03
1.186666777357459068e-03
1.186282257549464703e-03
1.185898552648723125e-03
1.185515196993947029e-03
1.185132423415780067e-03
1.184750581160187721e-03
1.184369204565882683e-03
1.183988177217543125e-03
1.183608197607100010e-03
1.183228683657944202e-03
1.182849635370075703e-03
1.182471634820103645e-03
1.182094099931418896e-03
1.181717147119343281e-03
1.181340776383876801e-03
1.180965336970984936e-03
1.180590479634702206e-03
1.180216204375028610e-03
1.179842627607285976e-03
1.179469749331474304e-03
1.179097685962915421e-03
1.178726204670965672e-03
1.178355305455625057e-03
1.177985221147537231e-03
1.177615835331380367e-03
1.177247148007154465e-03
1.176879159174859524e-03
1.176511752419173717e-03
1.176145160570740700e-03
1.175779383629560471e-03
1.175414188764989376e-03
1.175049925222992897e-03
1.174686010926961899e-03
1.174323260784149170e-03
1.173960859887301922e-03
1.173599390313029289e-03
1.173238619230687618e-03
1.172878430224955082e-03
1.172519056126475334e-03
1.172160496935248375e-03
1.171802519820630550e-03
1.171445590443909168e-03
1.171089126728475094e-03
1.170733361504971981e-03
1.170378411188721657e-03
1.170024159364402294e-03
1.169670722447335720e-03
1.169318100437521935e-03
1.168966060504317284e-03
1.168614719063043594e-03
1.168264308944344521e-03
1.167914713732898235e-03
1.167565584182739258e-03
1.167217385955154896e-03
1.166869886219501495e-03
1.166522968560457230e-03
1.166176865808665752e-03
1.165831810794770718e-03
1.165487105026841164e-03
1.165143330581486225e-03
1.164800138212740421e-03
1.164457993581891060e-03
1.164116314612329006e-03
1.163775450550019741e-03
1.163435168564319611e-03
