8.377369958907365799e-04
8.376358309760689735e-04
8.375346078537404537e-04
8.374332683160901070e-04
8.373317541554570198e-04
8.372302982024848461e-04
8.371287258341908455e-04
8.370271534658968449e-04
8.369254064746201038e-04
8.368236594833433628e-04
8.367219124920666218e-04
8.366199326701462269e-04
8.365180110558867455e-04
8.364158566109836102e-04
8.363137021660804749e-04
8.362114895135164261e-04
8.361092768609523773e-04
8.360068313777446747e-04
8.359043858945369720e-04
8.358017075806856155e-04
8.356990874744951725e-04
8.355964673683047295e-04
8.354936726391315460e-04
8.353906450793147087e-04
8.352877339348196983e-04
8.351846481673419476e-04
8.350815623998641968e-04
8.349784184247255325e-04
8.348749834112823009e-04
8.347715483978390694e-04
8.346680551767349243e-04
8.345643873326480389e-04
8.344608359038829803e-04
8.343569934368133545e-04
8.342530345544219017e-04
8.341491920873522758e-04
8.340449421666562557e-04
8.339408086612820625e-04
8.338364423252642155e-04
8.337321341969072819e-04
8.336277096532285213e-04
8.335229940712451935e-04
8.334183949045836926e-04
8.333134464919567108e-04
8.332085562869906425e-04
8.331035496667027473e-04
8.329983684234321117e-04
8.328931871801614761e-04
8.327877731062471867e-04
8.326824172399938107e-04
8.325768285430967808e-04
8.324711816385388374e-04
8.323653019033372402e-04
8.322593639604747295e-04
8.321534260176122189e-04
8.320472552441060543e-04
8.319410262629389763e-04
8.318346808664500713e-04
8.317281026393175125e-04
8.316213497892022133e-04
8.315147133544087410e-04
8.314079022966325283e-04
8.313009166158735752e-04
8.311936398968100548e-04
8.310863631777465343e-04
8.309789700433611870e-04
8.308715769089758396e-04
8.307638927362859249e-04
8.306560339406132698e-04
8.305481169372797012e-04
8.304401417262852192e-04
8.303318172693252563e-04
8.302234928123652935e-04
8.301149355247616768e-04
8.300064364448189735e-04
8.298975881189107895e-04
8.297885651700198650e-04
8.296796004287898540e-04
8.295704610645771027e-04
8.294610888697206974e-04
8.293514256365597248e-04
8.292417624033987522e-04
8.291319827549159527e-04
8.290220284834504128e-04
8.289118995890021324e-04
8.288015378639101982e-04
8.286911179311573505e-04
8.285804651677608490e-04
8.284696377813816071e-04
8.283587521873414516e-04
8.282476337626576424e-04
8.281362242996692657e-04
8.280248730443418026e-04
8.279131725430488586e-04
8.278012974187731743e-04
8.276893640868365765e-04
8.275771397165954113e-04
8.274648571386933327e-04
8.273523999378085136e-04
8.272395934909582138e-04
8.271266124211251736e-04
8.270136895589530468e-04
8.269003010354936123e-04
8.267867960967123508e-04
8.266732329502701759e-04
8.265593787655234337e-04
8.264454081654548645e-04
8.263310301117599010e-04
8.262165938504040241e-04
8.261018665507435799e-04
8.259871392510831356e-04
8.258720627054572105e-04
8.257566369138658047e-04
8.256412693299353123e-04
8.255254942923784256e-04
8.254094864241778851e-04
8.252935367636382580e-04
8.251771214418113232e-04
8.250604732893407345e-04
8.249436505138874054e-04
8.248265949077904224e-04
8.247094228863716125e-04
8.245920180343091488e-04
8.244741475209593773e-04
8.243561605922877789e-04
8.242379990406334400e-04
8.241194882430136204e-04
8.240008610300719738e-04
8.238818845711648464e-04
8.237626752816140652e-04
8.236432331614196301e-04
8.235235000029206276e-04
8.234035340137779713e-04
8.232832769863307476e-04
8.231629617512226105e-04
8.230421226471662521e-04
8.229211671277880669e-04
8.227998623624444008e-04
8.226782665587961674e-04
8.225564961321651936e-04
8.224343182519078255e-04
8.223119657486677170e-04
8.221893222071230412e-04
8.220663294196128845e-04
8.219429873861372471e-04
8.218194707296788692e-04
8.216956048272550106e-04
8.215715643018484116e-04
8.214470581151545048e-04
8.213222608901560307e-04
8.211972308345139027e-04
8.210717933252453804e-04
8.209461229853332043e-04
8.208201616071164608e-04
8.206937927752733231e-04
8.205671329051256180e-04
8.204401237890124321e-04
8.203128818422555923e-04
8.201851742342114449e-04
8.200570009648799896e-04
8.199287694878876209e-04
8.198000141419470310e-04
8.196709677577018738e-04
8.195417467504739761e-04
8.194118272513151169e-04
8.192817913368344307e-04
8.191512897610664368e-04
8.190204389393329620e-04
8.188892388716340065e-04
8.187576313503086567e-04
8.186256163753569126e-04
8.184932521544396877e-04
8.183605968952178955e-04
8.182273595593869686e-04
8.180938893929123878e-04
8.179599535651504993e-04
8.178256102837622166e-04
8.176908595487475395e-04
8.175557013601064682e-04
8.174200775101780891e-04
8.172841044142842293e-04
8.171477238647639751e-04
8.170108776539564133e-04
8.168736239895224571e-04
8.167358464561402798e-04
8.165977196767926216e-04
8.164590108208358288e-04
8.163200109265744686e-04
8.161804289557039738e-04
8.160404977388679981e-04
8.159002172760665417e-04
8.157591801136732101e-04
8.156177354976534843e-04
8.154758252203464508e-04
8.153334492817521095e-04
8.151906076818704605e-04
8.150472422130405903e-04
8.149034692905843258e-04
8.147589396685361862e-04
8.146141772158443928e-04
8.144688326865434647e-04
8.143229642882943153e-04
8.141765720210969448e-04
8.140294812619686127e-04
8.138821576721966267e-04
8.137340773828327656e-04
8.135855896398425102e-04
8.134363451972603798e-04
8.132865768857300282e-04
8.131364011205732822e-04
8.129855268634855747e-04
8.128341869451105595e-04
8.126821485348045826e-04
8.125295862555503845e-04
8.123765001073479652e-04
8.122227736748754978e-04
8.120683487504720688e-04
8.119132835417985916e-04
8.117578690871596336e-04
8.116016397252678871e-04
8.114448282867670059e-04
8.112873183563351631e-04
8.111292845569550991e-04
8.109704940579831600e-04
8.108112378977239132e-04
8.106511086225509644e-04
8.104903972707688808e-04
8.103290456347167492e-04
8.101670537143945694e-04
8.100044215098023415e-04
8.098409743979573250e-04
8.096767705865204334e-04
8.095119264908134937e-04
8.093465585261583328e-04
8.091802592389285564e-04
8.090133778750896454e-04
8.088457398116588593e-04
8.086772868409752846e-04
8.085081935860216618e-04
8.083382854238152504e-04
8.081676205620169640e-04
8.079963736236095428e-04
8.078241371549665928e-04
8.076512604020535946e-04
8.074776851572096348e-04
8.073031203821301460e-04
8.071279735304415226e-04
8.069518953561782837e-04
8.067751186899840832e-04
8.065974107012152672e-04
8.064190042205154896e-04
8.062397246249020100e-04
8.060596301220357418e-04
8.058785460889339447e-04
8.056968799792230129e-04
8.055143407545983791e-04
8.053307537920773029e-04
8.051465265452861786e-04
8.049613097682595253e-04
8.047753362916409969e-04
8.045884314924478531e-04
8.044006535783410072e-04
8.042118861339986324e-04
8.040224201977252960e-04
8.038318483158946037e-04
8.036405779421329498e-04
8.034483180381357670e-04
8.032551850192248821e-04
8.030610042624175549e-04
8.028658921830356121e-04
8.026699069887399673e-04
8.024730486795306206e-04
8.022752008400857449e-04
8.020764216780662537e-04
8.018766529858112335e-04
8.016758947633206844e-04
8.014742052182555199e-04
8.012716425582766533e-04
8.010680321604013443e-04
8.008634322322905064e-04
8.006579591892659664e-04
8.004514966160058975e-04
8.002439280971884727e-04
8.000353700481355190e-04
7.998259388841688633e-04
7.996154017746448517e-04
7.994038751348853111e-04
7.991913589648902416e-04
7.989778532646596432e-04
7.987632998265326023e-04
7.985478150658309460e-04
7.983312825672328472e-04
7.981135859154164791e-04
7.978950743563473225e-04
7.976753986440598965e-04
7.974548498168587685e-04
7.972330786287784576e-04
7.970104925334453583e-04
7.967866840772330761e-04
7.965620025061070919e-04
7.963362731970846653e-04
7.961093797348439693e-04
7.958815549500286579e-04
7.956525660119950771e-04
7.954228203743696213e-04
7.951917941682040691e-04
7.949599530547857285e-04
7.947268895804882050e-04
7.944928947836160660e-04
7.942578522488474846e-04
7.940218783915042877e-04
7.937847403809428215e-04
7.935466710478067398e-04
7.933076121844351292e-04
7.930675637908279896e-04
7.928263512440025806e-04
7.925843237899243832e-04
7.923412485979497433e-04
7.920970092527568340e-04
7.918520714156329632e-04
7.916057948023080826e-04
7.913588779047131538e-04
7.911107968538999557e-04
7.908617844805121422e-04
7.906118407845497131e-04
7.903609657660126686e-04
7.901091012172400951e-04
7.898562471382319927e-04
7.896024035289883614e-04
7.893478614278137684e-04
7.890923297964036465e-04
7.888356922194361687e-04
7.885784725658595562e-04
7.883201469667255878e-04
7.880609482526779175e-04
7.878009346313774586e-04
7.875401643104851246e-04
7.872784044593572617e-04
7.870157714933156967e-04
7.867524400353431702e-04
7.864882354624569416e-04
7.862232159823179245e-04
7.859573233872652054e-04
7.856907323002815247e-04
7.854233845137059689e-04
7.851552800275385380e-04
7.848864188417792320e-04
7.846168591640889645e-04
7.843466009944677353e-04
7.840757607482373714e-04
7.838039309717714787e-04
7.835315773263573647e-04
7.832585833966732025e-04
7.829848327673971653e-04
7.827106746844947338e-04
7.824357599020004272e-04
7.821602630428969860e-04
7.818842423148453236e-04
7.816075230948626995e-04
7.813303964212536812e-04
7.810527458786964417e-04
7.807745714671909809e-04
7.804958149790763855e-04
7.802165928296744823e-04
7.799369050189852715e-04
7.796568679623305798e-04
7.793763070367276669e-04
7.790953386574983597e-04
7.788141374476253986e-04
7.785323541611433029e-04
7.782503380440175533e-04
7.779678562656044960e-04
7.776851998642086983e-04
7.774020778015255928e-04
7.771187229081988335e-04
7.768351933918893337e-04
7.765513146296143532e-04
7.762672612443566322e-04
7.759829750284552574e-04
7.756984559819102287e-04
7.754138787277042866e-04
7.751290104351937771e-04
7.748440257273614407e-04
7.745588663965463638e-04
7.742738816887140274e-04
7.739884895272552967e-04
7.737030391581356525e-04
7.734177052043378353e-04
7.731323130428791046e-04
7.728468626737594604e-04
7.725614705123007298e-04
7.722759037278592587e-04
7.719905115664005280e-04
7.717051776126027107e-04
7.714200182817876339e-04
7.711348589509725571e-04
7.708496414124965668e-04
7.705647731199860573e-04
7.702800212427973747e-04
7.699953275732696056e-04
7.697108667343854904e-04
7.694264641031622887e-04
7.691424107179045677e-04
7.688585901632905006e-04
7.685748860239982605e-04
7.682915311306715012e-04
7.680084672756493092e-04
7.677256362512707710e-04
7.674431544728577137e-04
7.671608473174273968e-04
7.668790058232843876e-04
7.665974553674459457e-04
7.663162541575729847e-04
7.660354604013264179e-04
7.657551323063671589e-04
7.654749788343906403e-04
7.651954074390232563e-04
7.649163017049431801e-04
7.646374870091676712e-04
7.643593125976622105e-04
7.640814874321222305e-04
7.638041279278695583e-04
7.635271758772432804e-04
7.632509805262088776e-04
7.629750762134790421e-04
7.626997539773583412e-04
7.624249556101858616e-04
7.621507393196225166e-04
7.618771051056683064e-04
7.616038783453404903e-04
7.613314664922654629e-04
7.610595203004777431e-04
7.607882726006209850e-04
7.605174323543906212e-04
7.602474070154130459e-04
7.599779055453836918e-04
7.597090443596243858e-04
7.594408234581351280e-04
7.591734174638986588e-04
7.589064771309494972e-04
7.586402934975922108e-04
7.583748083561658859e-04
7.581099052913486958e-04
7.578457007184624672e-04
7.575823110528290272e-04
7.573196198791265488e-04
7.570575689896941185e-04
7.567963330075144768e-04
7.565356208942830563e-04
7.562757236883044243e-04
7.560167578049004078e-04
7.557583739981055260e-04
7.555007468909025192e-04
7.552438764832913876e-04
7.549877627752721310e-04
7.547325221821665764e-04
7.544778636656701565e-04
7.542240782640874386e-04
7.539711077697575092e-04
7.537187775596976280e-04
7.534673786722123623e-04
7.532166782766580582e-04
7.529669092036783695e-04
7.527177222073078156e-04
7.524695247411727905e-04
7.522220839746296406e-04
7.519755163230001926e-04
7.517296471633017063e-04
7.514844764955341816e-04
7.512402953580021858e-04
7.509968127124011517e-04
7.507542613893747330e-04
7.505125249736011028e-04
7.502714870497584343e-04
7.500313222408294678e-04
7.497920305468142033e-04
7.495534955523908138e-04
7.493158336728811264e-04
7.490790449082851410e-04
7.488429546356201172e-04
7.486077374778687954e-04
7.483733934350311756e-04
7.481398060917854309e-04
7.479071500711143017e-04
7.476751343347132206e-04
7.474441663362085819e-04
7.472138386219739914e-04
7.469844422303140163e-04
7.467558607459068298e-04
7.465280359610915184e-04
7.463012007065117359e-04
7.460751803591847420e-04
7.458498002961277962e-04
7.456252351403236389e-04
7.454016013070940971e-04
7.451787241734564304e-04
7.449567783623933792e-04
7.447355310432612896e-04
7.445151568390429020e-04
7.442955975420773029e-04
