3.755886573344469070e-04
3.755867655854672194e-04
3.755849320441484451e-04
3.755831567104905844e-04
3.755813522730022669e-04
3.755794896278530359e-04
3.755776269827038050e-04
3.755759098567068577e-04
3.755740763153880835e-04
3.755722718778997660e-04
3.755704092327505350e-04
3.755686630029231310e-04
3.755668294616043568e-04
3.755650832317769527e-04
3.755631332751363516e-04
3.755613870453089476e-04
3.755595826078206301e-04
3.755577490665018559e-04
3.755559155251830816e-04
3.755541401915252209e-04
3.755523066502064466e-04
3.755504731088876724e-04
3.755486395675688982e-04
3.755468351300805807e-04
3.755450597964227200e-04
3.755432262551039457e-04
3.755414509214460850e-04
3.755395591724663973e-04
3.755377547349780798e-04
3.755359502974897623e-04
3.755342331714928150e-04
3.755323705263435841e-04
3.755305660888552666e-04
3.755287034437060356e-04
3.755269281100481749e-04
3.755251236725598574e-04
3.755233192350715399e-04
3.755214565899223089e-04
3.755196230486035347e-04
3.755178186111152172e-04
3.755160432774573565e-04
3.755142097361385822e-04
3.755124052986502647e-04
3.755106299649924040e-04
3.755088546313345432e-04
3.755069919861853123e-04
3.755051584448665380e-04
3.755034122150391340e-04
3.755015204660594463e-04
3.754997160285711288e-04
3.754979406949132681e-04
3.754961362574249506e-04
3.754943318199366331e-04
3.754924982786178589e-04
3.754906647372990847e-04
3.754888602998107672e-04
3.754870558623224497e-04
3.754852805286645889e-04
3.754834178835153580e-04
3.754816425498574972e-04
3.754798672161996365e-04
3.754780045710504055e-04
3.754762001335620880e-04
3.754743374884128571e-04
3.754726203624159098e-04
3.754706995096057653e-04
3.754689532797783613e-04
3.754671197384595871e-04
3.754653444048017263e-04
3.754635108634829521e-04
3.754617355298250914e-04
3.754598728846758604e-04
3.754580393433570862e-04
3.754562349058687687e-04
3.754544886760413647e-04
3.754526842385530472e-04
3.754509089048951864e-04
3.754490753635764122e-04
3.754472709260880947e-04
3.754454082809388638e-04
3.754435747396200895e-04
3.754417994059622288e-04
3.754399949684739113e-04
3.754381905309855938e-04
3.754363860934972763e-04
3.754345525521785021e-04
3.754328063223510981e-04
3.754309727810323238e-04
3.754290810320526361e-04
3.754273348022252321e-04
3.754255303647369146e-04
3.754237841349095106e-04
3.754219214897602797e-04
3.754201170522719622e-04
3.754184290301054716e-04
3.754165372811257839e-04
3.754146746359765530e-04
3.754128701984882355e-04
3.754110948648303747e-04
3.754092322196811438e-04
3.754074568860232830e-04
3.754056815523654222e-04
3.754038189072161913e-04
3.754020144697278738e-04
3.754002391360700130e-04
3.753984346985816956e-04
3.753966011572629213e-04
3.753948258236050606e-04
3.753930213861167431e-04
3.753911878447979689e-04
3.753894707188010216e-04
3.753876371774822474e-04
3.753858036361634731e-04
3.753839991986751556e-04
3.753821947611868382e-04
3.753803903236985207e-04
3.753785567823797464e-04
3.753767523448914289e-04
3.753749479074031115e-04
3.753731725737452507e-04
3.753713681362569332e-04
3.753695345949381590e-04
3.753677010536193848e-04
3.753659839276224375e-04
3.753641503863036633e-04
3.753623750526458025e-04
3.753605706151574850e-04
3.753587370738387108e-04
3.753569035325199366e-04
3.753551864065229893e-04
3.753532946575433016e-04
3.753514902200549841e-04
3.753497148863971233e-04
3.753479104489088058e-04
3.753460186999291182e-04
3.753443015739321709e-04
3.753424680326133966e-04
3.753406635951250792e-04
3.753388300538063049e-04
3.753370547201484442e-04
3.753353375941514969e-04
3.753334749490022659e-04
3.753316996153444052e-04
3.753298660740256310e-04
3.753280034288764000e-04
3.753262571990489960e-04
3.753244527615606785e-04
3.753225901164114475e-04
3.753208147827535868e-04
3.753190394490957260e-04
3.753172059077769518e-04
3.753154887817800045e-04
3.753136261366307735e-04
3.753118508029729128e-04
3.753099299501627684e-04
3.753082419279962778e-04
3.753064374905079603e-04
3.753046912606805563e-04
3.753028286155313253e-04
3.753010241780430079e-04
3.752992197405546904e-04
3.752974735107272863e-04
3.752956108655780554e-04
3.752938064280897379e-04
3.752920019906014204e-04
3.752902557607740164e-04
3.752884222194552422e-04
3.752865886781364679e-04
3.752847551368176937e-04
3.752830380108207464e-04
3.752811753656715155e-04
3.752793709281831980e-04
3.752775955945253372e-04
3.752757911570370197e-04
3.752740740310400724e-04
3.752721531782299280e-04
3.752703778445720673e-04
3.752686025109142065e-04
3.752668271772563457e-04
3.752650518435984850e-04
3.752631600946187973e-04
3.752614138647913933e-04
3.752596094273030758e-04
3.752578049898147583e-04
3.752559132408350706e-04
3.752541670110076666e-04
3.752524207811802626e-04
3.752505872398614883e-04
3.752487536985427141e-04
3.752470365725457668e-04
3.752452030312269926e-04
3.752434568013995886e-04
3.752415650524199009e-04
3.752397897187620401e-04
3.752379852812737226e-04
3.752362390514463186e-04
3.752344055101275444e-04
3.752326301764696836e-04
3.752307675313204527e-04
3.752289630938321352e-04
3.752272459678351879e-04
3.752254124265164137e-04
3.752235788851976395e-04
3.752217744477093220e-04
3.752199700102210045e-04
3.752181946765631437e-04
3.752164193429052830e-04
3.752146149054169655e-04
3.752128686755895615e-04
3.752110060304403305e-04
3.752092015929520130e-04
3.752073680516332388e-04
3.752056509256362915e-04
3.752037882804870605e-04
3.752019838429987431e-04
3.752002376131713390e-04
3.751984622795134783e-04
3.751965705305337906e-04
3.751948534045368433e-04
3.751929616555571556e-04
3.751912736333906651e-04
3.751894400920718908e-04
3.751876647584140301e-04
3.751858603209257126e-04
3.751840267796069384e-04
3.751822514459490776e-04
3.751805052161216736e-04
3.751786134671419859e-04
3.751768963411450386e-04
3.751750045921653509e-04
3.751732292585074902e-04
3.751714248210191727e-04
3.751696785911917686e-04
3.751679323613643646e-04
3.751660697162151337e-04
3.751642943825572729e-04
3.751625190488994122e-04
3.751607146114110947e-04
3.751589392777532339e-04
3.751570766326040030e-04
3.751553012989461422e-04
3.751534968614578247e-04
3.751517797354608774e-04
3.751499461941421032e-04
3.751480835489928722e-04
3.751462791115045547e-04
3.751445619855076075e-04
3.751427284441888332e-04
3.751409822143614292e-04
3.751392068807035685e-04
3.751373733393847942e-04
3.751355980057269335e-04
3.751337935682386160e-04
3.751319309230893850e-04
3.751302137970924377e-04
3.751283802557736635e-04
3.751266340259462595e-04
3.751248295884579420e-04
3.751230251509696245e-04
3.751212498173117638e-04
3.751194162759929895e-04
3.751175827346742153e-04
3.751158365048468113e-04
3.751140320673584938e-04
3.751123149413615465e-04
3.751104231923818588e-04
3.751086187548935413e-04
3.751068725250661373e-04
3.751050680875778198e-04
3.751032345462590456e-04
3.751014883164316416e-04
3.750996838789433241e-04
3.750978794414550066e-04
3.750961041077971458e-04
3.750943287741392851e-04
3.750925825443118811e-04
3.750907198991626501e-04
3.750889154616743326e-04
3.750870819203555584e-04
3.750853065866976976e-04
3.750835312530398369e-04
3.750817268155515194e-04
3.750799223780632019e-04
3.750781470444053411e-04
3.750764008145779371e-04
3.750745672732591629e-04
3.750727337319403887e-04
3.750709875021129847e-04
3.750691539607942104e-04
3.750674659386277199e-04
3.750656032934784889e-04
3.750638570636510849e-04
3.750620526261627674e-04
3.750602481886744499e-04
3.750584437511861324e-04
3.750566393136978149e-04
3.750548639800399542e-04
3.750530886463820934e-04
3.750512842088937759e-04
3.750495088752359152e-04
3.750476753339171410e-04
3.750459000002592802e-04
3.750441246666014194e-04
3.750423493329435587e-04
3.750405448954552412e-04
3.750387695617973804e-04
3.750370524358004332e-04
3.750352188944816589e-04
3.750334144569933414e-04
3.750316973309963942e-04
3.750298346858471632e-04
3.750279720406979322e-04
3.750262258108705282e-04
3.750244504772126675e-04
3.750227042473852634e-04
3.750208124984055758e-04
3.750191244762390852e-04
3.750172909349203110e-04
3.750154864974319935e-04
3.750137111637741327e-04
3.750118776224553585e-04
3.750101022887974977e-04
3.750083560589700937e-04
3.750066389329731464e-04
3.750047180801630020e-04
3.750028845388442278e-04
3.750011965166777372e-04
3.749993920791894197e-04
3.749976167455315590e-04
3.749958414118736982e-04
3.749940660782158375e-04
3.749922616407275200e-04
3.749904280994087458e-04
3.749886236619204283e-04
3.749868774320930243e-04
3.749851020984351635e-04
3.749832394532859325e-04
3.749815223272889853e-04
3.749797469936311245e-04
3.749779134523123503e-04
3.749761381186544895e-04
3.749743336811661720e-04
3.749725583475083113e-04
3.749708121176809072e-04
3.749690076801925898e-04
3.749672032427042723e-04
3.749654570128768682e-04
3.749636234715580940e-04
3.749618772417306900e-04
3.749601019080728292e-04
3.749582392629235983e-04
3.749564930330961943e-04
3.749546885956078768e-04
3.749529423657804728e-04
3.749511961359530687e-04
3.749494208022952080e-04
3.749475581571459770e-04
3.749457828234881163e-04
3.749440656974911690e-04
3.749421739485114813e-04
3.749404568225145340e-04
3.749386232811957598e-04
3.749368188437074423e-04
3.749350435100495815e-04
3.749332972802221775e-04
3.749314928427338600e-04
3.749297466129064560e-04
3.749279712792485952e-04
3.749261377379298210e-04
3.749243915081024170e-04
3.749225870706140995e-04
3.749208117369562387e-04
3.749190655071288347e-04
3.749172319658100605e-04
3.749154275283217430e-04
3.749136521946638823e-04
3.749118768610060215e-04
3.749101015273481607e-04
3.749082679860293865e-04
3.749065508600324392e-04
3.749047755263745785e-04
3.749030001927167177e-04
3.749011957552284002e-04
3.748994495254009962e-04
3.748976159840822220e-04
3.748958406504243612e-04
3.748940362129360437e-04
3.748922317754477262e-04
3.748905437532812357e-04
3.748887102119624615e-04
3.748868475668132305e-04
3.748851013369858265e-04
3.748833842109888792e-04
3.748816088773310184e-04
3.748798044398427010e-04
3.748779708985239267e-04
3.748761955648660660e-04
3.748743911273777485e-04
3.748726740013808012e-04
3.748708986677229404e-04
3.748690651264041662e-04
3.748672897927463055e-04
3.748655144590884447e-04
3.748637682292610407e-04
3.748619346879422665e-04
3.748601593542844057e-04
3.748584422282874584e-04
3.748566086869686842e-04
3.748548042494803667e-04
3.748530580196529627e-04
3.748513408936560154e-04
3.748495073523372412e-04
3.748476738110184669e-04
3.748459566850215197e-04
3.748441231437027454e-04
3.748424060177057981e-04
3.748406015802174807e-04
3.748387680388987064e-04
3.748370800167322159e-04
3.748352464754134417e-04
3.748334711417555809e-04
3.748317249119281769e-04
3.748298622667789459e-04
3.748280869331210852e-04
3.748263698071241379e-04
3.748245362658053637e-04
3.748228191398084164e-04
3.748210147023200989e-04
3.748192102648317814e-04
3.748174349311739206e-04
3.748156595975160599e-04
3.748138842638581991e-04
3.748121089302003384e-04
3.748103044927120209e-04
3.748085582628846169e-04
3.748067829292267561e-04
3.748050075955688953e-04
3.748032322619110346e-04
3.748014569282531738e-04
3.747996233869343996e-04
3.747978771571069956e-04
3.747961018234491348e-04
3.747943264897912741e-04
3.747925511561334133e-04
3.747907758224755526e-04
3.747890295926481485e-04
3.747872251551598310e-04
3.747854207176715136e-04
3.747836453840136528e-04
3.747818700503557920e-04
3.747800947166979313e-04
3.747783484868705273e-04
3.747765731532126665e-04
3.747747978195548058e-04
3.747730515897274017e-04
3.747712471522390842e-04
3.747694136109203100e-04
3.747676673810929060e-04
3.747658920474350452e-04
3.747640876099467278e-04
3.747623413801193237e-04
3.747605660464614630e-04
3.747588198166340590e-04
3.747569862753152847e-04
3.747551818378269672e-04
3.747534647118300200e-04
3.747516602743417025e-04
3.747498849406838417e-04
3.747481387108564377e-04
3.747463342733681202e-04
3.747445880435407162e-04
3.747428127098828554e-04
3.747409500647336245e-04
3.747392620425671339e-04
3.747374285012483597e-04
3.747356531675904989e-04
3.747339651454240084e-04
3.747321025002747774e-04
3.747303562704473734e-04
3.747285809367895126e-04
3.747267764993011951e-04
3.747250302694737911e-04
3.747232549358159304e-04
3.747214213944971561e-04
3.747197042685002089e-04
3.747179289348423481e-04
3.747161536011844873e-04
3.747144364751875401e-04
3.747126029338687658e-04
3.747108276002109051e-04
3.747090522665530443e-04
3.747072769328951836e-04
3.747055307030677795e-04
3.747038135770708323e-04
3.747019800357520580e-04
3.747002338059246540e-04
3.746984584722667933e-04
3.746967413462698460e-04
3.746948787011206150e-04
3.746931324712932110e-04
