5.791558069176971912e-04
5.791539442725479603e-04
5.791520234197378159e-04
5.791501025669276714e-04
5.791481817141175270e-04
5.791462608613073826e-04
5.791444564238190651e-04
5.791425937786698341e-04
5.791406729258596897e-04
5.791387520730495453e-04
5.791369476355612278e-04
5.791349685750901699e-04
5.791331059299409389e-04
5.791312432847917080e-04
5.791294388473033905e-04
5.791274597868323326e-04
5.791254807263612747e-04
5.791236180812120438e-04
5.791216972284018993e-04
5.791198345832526684e-04
5.791179719381034374e-04
5.791160510852932930e-04
5.791141302324831486e-04
5.791123257949948311e-04
5.791104049421846867e-04
5.791084840893745422e-04
5.791065632365643978e-04
5.791047005914151669e-04
5.791028379462659359e-04
5.791009170934557915e-04
5.790990544483065605e-04
5.790971335954964161e-04
5.790952127426862717e-04
5.790934083051979542e-04
5.790914292447268963e-04
5.790895665995776653e-04
5.790877039544284344e-04
5.790857831016182899e-04
5.790839786641299725e-04
5.790819996036589146e-04
5.790800787508487701e-04
5.790782161056995392e-04
5.790764116682112217e-04
5.790744326077401638e-04
5.790725699625909328e-04
5.790707073174417019e-04
5.790687282569706440e-04
5.790669238194823265e-04
5.790650611743330956e-04
5.790631985291838646e-04
5.790612776763737202e-04
5.790593568235635757e-04
5.790574359707534313e-04
5.790555733256042004e-04
5.790537106804549694e-04
5.790518480353057384e-04
5.790498689748346806e-04
5.790480645373463631e-04
5.790460854768753052e-04
5.790442228317260742e-04
5.790423601865768433e-04
5.790403811261057854e-04
5.790385766886174679e-04
5.790366558358073235e-04
5.790347931906580925e-04
5.790328723378479481e-04
5.790310096926987171e-04
5.790291470475494862e-04
5.790272844024002552e-04
5.790253635495901108e-04
5.790234426967799664e-04
5.790215800516307354e-04
5.790196591988205910e-04
5.790178547613322735e-04
5.790159339085221291e-04
5.790140130557119846e-04
5.790122086182236671e-04
5.790102877654135227e-04
5.790083669126033783e-04
5.790065042674541473e-04
5.790045834146440029e-04
5.790027207694947720e-04
5.790007417090237141e-04
5.789989372715353966e-04
5.789970164187252522e-04
5.789951537735760212e-04
5.789933493360877037e-04
5.789913702756166458e-04
5.789895076304674149e-04
5.789875867776572704e-04
5.789857823401689529e-04
5.789838614873588085e-04
5.789819988422095776e-04
5.789801361970603466e-04
5.789782153442502022e-04
5.789763526991009712e-04
5.789744318462908268e-04
5.789725109934806824e-04
5.789706483483314514e-04
5.789687274955213070e-04
5.789669230580329895e-04
5.789650022052228451e-04
5.789630813524127007e-04
5.789612187072634697e-04
5.789592978544533253e-04
5.789574352093040943e-04
5.789556307718157768e-04
5.789537099190056324e-04
5.789518472738564014e-04
5.789499264210462570e-04
5.789480637758970261e-04
5.789462011307477951e-04
5.789442802779376507e-04
5.789423012174665928e-04
5.789404967799782753e-04
5.789386341348290443e-04
5.789367714896798134e-04
5.789348506368696690e-04
5.789329297840595245e-04
5.789310671389102936e-04
5.789291462861001492e-04
5.789272836409509182e-04
5.789254209958016872e-04
5.789236165583133698e-04
5.789216957055032253e-04
5.789197748526930809e-04
5.789179122075438499e-04
5.789159913547337055e-04
5.789141869172453880e-04
5.789122660644352436e-04
5.789104034192860126e-04
5.789083661511540413e-04
5.789065617136657238e-04
5.789046990685164928e-04
5.789028364233672619e-04
5.789009155705571175e-04
5.788991111330688000e-04
5.788971902802586555e-04
5.788953858427703381e-04
5.788934649899601936e-04
5.788915441371500492e-04
5.788896814920008183e-04
5.788877606391906738e-04
5.788859562017023563e-04
5.788840353488922119e-04
5.788821144960820675e-04
5.788801936432719231e-04
5.788784474134445190e-04
5.788764683529734612e-04
5.788746639154851437e-04
5.788727430626749992e-04
5.788708222098648548e-04
5.788689595647156239e-04
5.788671551272273064e-04
5.788651178590953350e-04
5.788633134216070175e-04
5.788614507764577866e-04
5.788595881313085556e-04
5.788577836938202381e-04
5.788558046333491802e-04
5.788538837805390358e-04
5.788520793430507183e-04
5.788501584902405739e-04
5.788482958450913429e-04
5.788464331999421120e-04
5.788445705547928810e-04
5.788426497019827366e-04
5.788407288491725922e-04
5.788389244116842747e-04
5.788370035588741302e-04
5.788350827060639858e-04
5.788332200609147549e-04
5.788312992081046104e-04
5.788294947706162930e-04
5.788276903331279755e-04
5.788257112726569176e-04
5.788238486275076866e-04
5.788219277746975422e-04
5.788200651295483112e-04
5.788182024843990803e-04
5.788163980469107628e-04
5.788144189864397049e-04
5.788126145489513874e-04
5.788107519038021564e-04
5.788087728433310986e-04
5.788069684058427811e-04
5.788050475530326366e-04
5.788031849078834057e-04
5.788012640550732613e-04
5.787994596175849438e-04
5.787975387647747993e-04
5.787957343272864819e-04
5.787938134744763374e-04
5.787919508293271065e-04
5.787899717688560486e-04
5.787881673313677311e-04
5.787863046862185001e-04
5.787843838334083557e-04
5.787825793959200382e-04
5.787806003354489803e-04
5.787787376902997494e-04
5.787768750451505184e-04
5.787750124000012875e-04
5.787730915471911430e-04
5.787712289020419121e-04
5.787694244645535946e-04
5.787675618194043636e-04
5.787656991742551327e-04
5.787637783214449883e-04
5.787619156762957573e-04
5.787601112388074398e-04
5.787581321783363819e-04
5.787562695331871510e-04
5.787543486803770065e-04
5.787525442428886890e-04
5.787506233900785446e-04
5.787488189525902271e-04
5.787468980997800827e-04
5.787449772469699383e-04
5.787431728094816208e-04
5.787413101643323898e-04
5.787393311038613319e-04
5.787374684587121010e-04
5.787356640212237835e-04
5.787338013760745525e-04
5.787318805232644081e-04
5.787300178781151772e-04
5.787281552329659462e-04
5.787262343801558018e-04
5.787244299426674843e-04
5.787224508821964264e-04
5.787206464447081089e-04
5.787187255918979645e-04
5.787169211544096470e-04
5.787150585092604160e-04
5.787131376564502716e-04
5.787112750113010406e-04
5.787094123661518097e-04
5.787074915133416653e-04
5.787055706605315208e-04
5.787037080153822899e-04
5.787019035778939724e-04
5.787000409327447414e-04
5.786981200799345970e-04
5.786962574347853661e-04
5.786943947896361351e-04
5.786925321444869041e-04
5.786907277069985867e-04
5.786888650618493557e-04
5.786868860013782978e-04
5.786850233562290668e-04
5.786831607110798359e-04
5.786812980659306049e-04
5.786794936284422874e-04
5.786776309832930565e-04
5.786756519228219986e-04
5.786738474853336811e-04
5.786719266325235367e-04
5.786700639873743057e-04
5.786681431345641613e-04
5.786662804894149303e-04
5.786644760519266129e-04
5.786626134067773819e-04
5.786607507616281509e-04
5.786587717011570930e-04
5.786570254713296890e-04
5.786550464108586311e-04
5.786532419733703136e-04
5.786513793282210827e-04
5.786494584754109383e-04
5.786475958302617073e-04
5.786457913927733898e-04
5.786439287476241589e-04
5.786420661024749279e-04
5.786401452496647835e-04
5.786382243968546391e-04
5.786364781670272350e-04
5.786344991065561771e-04
5.786326364614069462e-04
5.786307738162577152e-04
5.786289693787693977e-04
5.786271067336201668e-04
5.786251858808100224e-04
5.786233232356607914e-04
5.786214605905115604e-04
5.786195397377014160e-04
5.786177353002130985e-04
5.786158726550638676e-04
5.786139518022537231e-04
5.786121473647654057e-04
5.786102847196161747e-04
5.786083056591451168e-04
5.786065012216567993e-04
5.786045803688466549e-04
5.786027177236974239e-04
5.786008550785481930e-04
5.785990506410598755e-04
5.785971879959106445e-04
5.785953253507614136e-04
5.785935209132730961e-04
5.785915418528020382e-04
5.785897374153137207e-04
5.785878165625035763e-04
5.785860703326761723e-04
5.785840330645442009e-04
5.785821704193949699e-04
5.785803077742457390e-04
5.785784451290965080e-04
5.785766406916081905e-04
5.785747780464589596e-04
5.785729154013097286e-04
5.785709363408386707e-04
5.785690736956894398e-04
5.785673274658620358e-04
5.785654066130518913e-04
5.785635439679026604e-04
5.785615649074316025e-04
5.785598186776041985e-04
5.785578978247940540e-04
5.785560351796448231e-04
5.785542307421565056e-04
5.785523680970072746e-04
5.785505054518580437e-04
5.785486428067088127e-04
5.785468383692204952e-04
5.785449175164103508e-04
5.785431130789220333e-04
5.785410758107900620e-04
5.785392713733017445e-04
5.785373505204916000e-04
5.785355460830032825e-04
5.785336252301931381e-04
5.785318207927048206e-04
5.785299581475555897e-04
5.785280955024063587e-04
5.785262328572571278e-04
5.785243702121078968e-04
5.785224493592977524e-04
5.785206449218094349e-04
5.785187822766602039e-04
5.785168614238500595e-04
5.785149405710399151e-04
5.785131943412125111e-04
5.785113899037241936e-04
5.785094108432531357e-04
5.785076064057648182e-04
5.785056855529546738e-04
5.785038229078054428e-04
5.785019602626562119e-04
5.785001558251678944e-04
5.784982931800186634e-04
5.784963723272085190e-04
5.784945678897202015e-04
5.784927052445709705e-04
5.784907843917608261e-04
5.784889799542725086e-04
5.784871173091232777e-04
5.784851964563131332e-04
5.784833920188248158e-04
5.784815293736755848e-04
5.784796667285263538e-04
5.784778040833771229e-04
5.784758832305669785e-04
5.784740205854177475e-04
5.784721579402685165e-04
5.784703535027801991e-04
5.784684908576309681e-04
5.784666282124817371e-04
5.784647655673325062e-04
5.784629029221832752e-04
5.784610984846949577e-04
5.784591776318848133e-04
5.784573731943964958e-04
5.784554523415863514e-04
5.784535896964371204e-04
5.784517270512878895e-04
5.784498061984777451e-04
5.784478853456676006e-04
5.784461391158401966e-04
5.784442182630300522e-04
5.784424720332026482e-04
5.784405511803925037e-04
5.784386885352432728e-04
5.784368840977549553e-04
5.784349632449448109e-04
5.784331588074564934e-04
5.784312379546463490e-04
5.784294917248189449e-04
5.784275126643478870e-04
5.784257082268595695e-04
5.784238455817103386e-04
5.784219829365611076e-04
5.784200620837509632e-04
5.784181994386017323e-04
5.784162785857915878e-04
5.784145323559641838e-04
5.784125532954931259e-04
5.784108070656657219e-04
5.784088862128555775e-04
5.784070817753672600e-04
5.784051609225571156e-04
5.784032982774078846e-04
5.784014938399195671e-04
5.783996311947703362e-04
5.783978267572820187e-04
5.783958476968109608e-04
5.783940432593226433e-04
5.783922388218343258e-04
5.783904343843460083e-04
5.783883971162140369e-04
5.783864762634038925e-04
5.783847300335764885e-04
5.783828673884272575e-04
5.783810629509389400e-04
5.783791420981287956e-04
5.783772794529795647e-04
5.783754750154912472e-04
5.783736123703420162e-04
5.783716915175318718e-04
5.783698288723826408e-04
5.783679662272334099e-04
5.783661617897450924e-04
5.783642991445958614e-04
5.783624364994466305e-04
5.783605156466364861e-04
5.783587112091481686e-04
5.783568485639989376e-04
5.783550441265106201e-04
5.783531232737004757e-04
5.783512606285512447e-04
5.783494561910629272e-04
5.783475935459136963e-04
5.783457891084253788e-04
5.783438682556152344e-04
5.783419474028050900e-04
5.783401429653167725e-04
5.783382803201675415e-04
5.783364176750183105e-04
5.783345550298690796e-04
5.783326923847198486e-04
5.783308297395706177e-04
5.783289670944213867e-04
5.783271044492721558e-04
5.783253000117838383e-04
5.783234373666346073e-04
5.783215747214853764e-04
5.783197120763361454e-04
5.783178494311869144e-04
5.783159285783767700e-04
5.783141241408884525e-04
5.783123197034001350e-04
5.783104570582509041e-04
5.783085944131016731e-04
5.783067899756133556e-04
5.783048691228032112e-04
5.783030646853148937e-04
5.783012020401656628e-04
5.782992811873555183e-04
5.782974185422062874e-04
5.782956141047179699e-04
5.782936932519078255e-04
5.782919470220804214e-04
5.782900261692702770e-04
5.782881635241210461e-04
5.782863590866327286e-04
5.782844964414834976e-04
5.782825755886733532e-04
5.782807129435241222e-04
5.782789085060358047e-04
5.782769876532256603e-04
5.782751832157373428e-04
5.782733205705881119e-04
5.782715161330997944e-04
5.782696534879505634e-04
5.782678490504622459e-04
5.782658699899911880e-04
5.782640655525028706e-04
5.782622611150145531e-04
5.782603984698653221e-04
5.782585358247160912e-04
5.782566731795668602e-04
5.782548105344176292e-04
5.782528896816074848e-04
5.782511434517800808e-04
5.782492808066308498e-04
5.782474763691425323e-04
5.782455555163323879e-04
5.782436928711831570e-04
5.782418302260339260e-04
5.782400257885456085e-04
5.782381049357354641e-04
5.782363004982471466e-04
5.782344378530979156e-04
5.782325752079486847e-04
5.782307707704603672e-04
5.782289663329720497e-04
5.782270454801619053e-04
5.782251828350126743e-04
5.782233201898634434e-04
5.782214575447142124e-04
