5.720393382944166660e-04
5.720375920645892620e-04
5.720358458347618580e-04
5.720341578125953674e-04
5.720323533751070499e-04
5.720306071452796459e-04
5.720288027077913284e-04
5.720271728932857513e-04
5.720254848711192608e-04
5.720237386412918568e-04
5.720220506191253662e-04
5.720202461816370487e-04
5.720185581594705582e-04
5.720168119296431541e-04
5.720151821151375771e-04
5.720132612623274326e-04
5.720116896554827690e-04
5.720098852179944515e-04
5.720082554034888744e-04
5.720065091736614704e-04
5.720047629438340664e-04
5.720030749216675758e-04
5.720013286918401718e-04
5.719996406696736813e-04
5.719978944398462772e-04
5.719961482100188732e-04
5.719944601878523827e-04
5.719927139580249786e-04
5.719909677281975746e-04
5.719892214983701706e-04
5.719875334762036800e-04
5.719859036616981030e-04
5.719841574318706989e-04
5.719824112020432949e-04
5.719806649722158909e-04
5.719789187423884869e-04
5.719771725125610828e-04
5.719754262827336788e-04
5.719736800529062748e-04
5.719719920307397842e-04
5.719702458009123802e-04
5.719686741940677166e-04
5.719668697565793991e-04
5.719652399420738220e-04
5.719634355045855045e-04
5.719616892747581005e-04
5.719600012525916100e-04
5.719581968151032925e-04
5.719565670005977154e-04
5.719547625631093979e-04
5.719531327486038208e-04
5.719512701034545898e-04
5.719497567042708397e-04
5.719478940591216087e-04
5.719463224522769451e-04
5.719444015994668007e-04
5.719427135773003101e-04
5.719410255551338196e-04
5.719393957406282425e-04
5.719375913031399250e-04
5.719358450733125210e-04
5.719342152588069439e-04
5.719324108213186264e-04
5.719307227991521358e-04
5.719289765693247318e-04
5.719272885471582413e-04
5.719254841096699238e-04
5.719237960875034332e-04
5.719221662729978561e-04
5.719203618355095387e-04
5.719186738133430481e-04
5.719169275835156441e-04
5.719153559766709805e-04
5.719134933315217495e-04
5.719119217246770859e-04
5.719100590795278549e-04
5.719084292650222778e-04
5.719065666198730469e-04
5.719048785977065563e-04
5.719031905755400658e-04
5.719014443457126617e-04
5.718998145312070847e-04
5.718980100937187672e-04
5.718962056562304497e-04
5.718945758417248726e-04
5.718929460272192955e-04
5.718911415897309780e-04
5.718894535675644875e-04
5.718877073377370834e-04
5.718860775232315063e-04
5.718842730857431889e-04
5.718825268559157848e-04
5.718808388337492943e-04
5.718792090192437172e-04
5.718774045817553997e-04
5.718756583519279957e-04
5.718740867450833321e-04
5.718722240999341011e-04
5.718705942854285240e-04
5.718689062632620335e-04
5.718671600334346294e-04
5.718654138036072254e-04
5.718637257814407349e-04
5.718618631362915039e-04
5.718603497371077538e-04
5.718584870919585228e-04
5.718568572774529457e-04
5.718551110476255417e-04
5.718534230254590511e-04
5.718516767956316471e-04
5.718499305658042431e-04
5.718483007512986660e-04
5.718464381061494350e-04
5.718448082916438580e-04
5.718430038541555405e-04
5.718413158319890499e-04
5.718396278098225594e-04
5.718379397876560688e-04
5.718361935578286648e-04
5.718345055356621742e-04
5.718328175134956837e-04
5.718310130760073662e-04
5.718293832615017891e-04
5.718276952393352985e-04
5.718259490095078945e-04
5.718242609873414040e-04
5.718223983421921730e-04
5.718207103200256824e-04
5.718190222978591919e-04
5.718172760680317879e-04
5.718155298382043839e-04
5.718138418160378933e-04
5.718122120015323162e-04
5.718104075640439987e-04
5.718087777495384216e-04
5.718070315197110176e-04
5.718053434975445271e-04
5.718035972677171230e-04
5.718019092455506325e-04
5.718001630157232285e-04
5.717984749935567379e-04
5.717967287637293339e-04
5.717950989492237568e-04
5.717932945117354393e-04
5.717916064895689487e-04
5.717898602597415447e-04
5.717881140299141407e-04
5.717864260077476501e-04
5.717847961932420731e-04
5.717829917557537556e-04
5.717813037335872650e-04
5.717795575037598610e-04
5.717779276892542839e-04
5.717761232517659664e-04
5.717744352295994759e-04
5.717727472074329853e-04
5.717710009776055813e-04
5.717693129554390907e-04
5.717676249332726002e-04
5.717659951187670231e-04
5.717641324736177921e-04
5.717624444514513016e-04
5.717608728446066380e-04
5.717590684071183205e-04
5.717573803849518299e-04
5.717556923627853394e-04
5.717539461329579353e-04
5.717522581107914448e-04
5.717503954656422138e-04
5.717487656511366367e-04
5.717470776289701462e-04
5.717453313991427422e-04
5.717435851693153381e-04
5.717419553548097610e-04
5.717401509173214436e-04
5.717384628951549530e-04
5.717368330806493759e-04
5.717350868508219719e-04
5.717333988286554813e-04
5.717315943911671638e-04
5.717299063690006733e-04
5.717281601391732693e-04
5.717265885323286057e-04
5.717247840948402882e-04
5.717231542803347111e-04
5.717214080505073071e-04
5.717196618206799030e-04
5.717179737985134125e-04
5.717162275686860085e-04
5.717145395465195179e-04
5.717129097320139408e-04
5.717111052945256233e-04
5.717094172723591328e-04
5.717076710425317287e-04
5.717059830203652382e-04
5.717042367905378342e-04
5.717025487683713436e-04
5.717009189538657665e-04
5.716991145163774490e-04
5.716974847018718719e-04
5.716957384720444679e-04
5.716941086575388908e-04
5.716923042200505733e-04
5.716906744055449963e-04
5.716888117603957653e-04
5.716871237382292747e-04
5.716853775084018707e-04
5.716838059015572071e-04
5.716820014640688896e-04
5.716803134419023991e-04
5.716786254197359085e-04
5.716769956052303314e-04
5.716751911677420139e-04
5.716735613532364368e-04
5.716718151234090328e-04
5.716701271012425423e-04
5.716683808714151382e-04
5.716666928492486477e-04
5.716650048270821571e-04
5.716632585972547531e-04
5.716615705750882626e-04
5.716598243452608585e-04
5.716580199077725410e-04
5.716563900932669640e-04
5.716548184864223003e-04
5.716529558412730694e-04
5.716513842344284058e-04
5.716496962122619152e-04
5.716478917747735977e-04
5.716462619602680206e-04
5.716445157304406166e-04
5.716427695006132126e-04
5.716409650631248951e-04
5.716393352486193180e-04
5.716375890187919140e-04
5.716358427889645100e-04
5.716341547667980194e-04
5.716325249522924423e-04
5.716308369301259518e-04
5.716290907002985477e-04
5.716274026781320572e-04
5.716256564483046532e-04
5.716239684261381626e-04
5.716223386116325855e-04
5.716205923818051815e-04
5.716187297366559505e-04
5.716170417144894600e-04
5.716155283153057098e-04
5.716137820854783058e-04
5.716120940633118153e-04
5.716102314181625843e-04
5.716086598113179207e-04
5.716069135814905167e-04
5.716052837669849396e-04
5.716034211218357086e-04
5.716017913073301315e-04
5.715999868698418140e-04
5.715984152629971504e-04
5.715966690331697464e-04
5.715949810110032558e-04
5.715932347811758518e-04
5.715916049666702747e-04
5.715898587368428707e-04
5.715881707146763802e-04
5.715864244848489761e-04
5.715847364626824856e-04
5.715829902328550816e-04
5.715812440030276775e-04
5.715796141885221004e-04
5.715780425816774368e-04
5.715761799365282059e-04
5.715746083296835423e-04
5.715728038921952248e-04
5.715711740776896477e-04
5.715693696402013302e-04
5.715677980333566666e-04
5.715659935958683491e-04
5.715643055737018585e-04
5.715626175515353680e-04
5.715609877370297909e-04
5.715591832995414734e-04
5.715574952773749828e-04
5.715557490475475788e-04
5.715540610253810883e-04
5.715523730032145977e-04
5.715506267733871937e-04
5.715489387512207031e-04
5.715472507290542126e-04
5.715456209145486355e-04
5.715439328923821449e-04
5.715421866625547409e-04
5.715404986403882504e-04
5.715387524105608463e-04
5.715371225960552692e-04
5.715353763662278652e-04
5.715337465517222881e-04
5.715318839065730572e-04
5.715301376767456532e-04
5.715285078622400761e-04
5.715268780477344990e-04
5.715252482332289219e-04
5.715234437957406044e-04
5.715217557735741138e-04
5.715200095437467098e-04
5.715184961445629597e-04
5.715166334994137287e-04
5.715149454772472382e-04
5.715133156627416611e-04
5.715114530175924301e-04
5.715098814107477665e-04
5.715081351809203625e-04
5.715063889510929585e-04
5.715047591365873814e-04
5.715029546990990639e-04
5.715013830922544003e-04
5.714996368624269962e-04
5.714978906325995922e-04
5.714962026104331017e-04
5.714945727959275246e-04
5.714928265661001205e-04
5.714912549592554569e-04
5.714893923141062260e-04
5.714877624996006489e-04
5.714859580621123314e-04
5.714842700399458408e-04
5.714826402254402637e-04
5.714810104109346867e-04
5.714792059734463692e-04
5.714774597436189651e-04
5.714757717214524746e-04
5.714740254916250706e-04
5.714723956771194935e-04
5.714707076549530029e-04
5.714689032174646854e-04
5.714673898182809353e-04
5.714656435884535313e-04
5.714638973586261272e-04
5.714623257517814636e-04
5.714605213142931461e-04
5.714588332921266556e-04
5.714570870622992516e-04
5.714554572477936745e-04
5.714538274332880974e-04
5.714520229957997799e-04
5.714502767659723759e-04
5.714485887438058853e-04
5.714468425139784813e-04
5.714452709071338177e-04
5.714435246773064137e-04
5.714418366551399231e-04
5.714400322176516056e-04
5.714384024031460285e-04
5.714367725886404514e-04
5.714350845664739609e-04
5.714333383366465569e-04
5.714315921068191528e-04
5.714299040846526623e-04
5.714282742701470852e-04
5.714264698326587677e-04
5.714248400181531906e-04
5.714230937883257866e-04
5.714214057661592960e-04
5.714198341593146324e-04
5.714179715141654015e-04
5.714163999073207378e-04
5.714145954698324203e-04
5.714129656553268433e-04
5.714112194254994392e-04
5.714095896109938622e-04
5.714077851735055447e-04
5.714062135666608810e-04
5.714045255444943905e-04
5.714027793146669865e-04
5.714010330848395824e-04
5.713993450626730919e-04
5.713975988328456879e-04
5.713960272260010242e-04
5.713942809961736202e-04
5.713926511816680431e-04
5.713908467441797256e-04
5.713892169296741486e-04
5.713875289075076580e-04
5.713858408853411674e-04
5.713842110708355904e-04
5.713824066333472729e-04
5.713807186111807823e-04
5.713790305890142918e-04
5.713774007745087147e-04
5.713755963370203972e-04
5.713739665225148201e-04
5.713722202926874161e-04
5.713705904781818390e-04
5.713689606636762619e-04
5.713671562261879444e-04
5.713654099963605404e-04
5.713637219741940498e-04
5.713620921596884727e-04
5.713603459298610687e-04
5.713586579076945782e-04
5.713570863008499146e-04
5.713552818633615971e-04
5.713536520488560200e-04
5.713519640266895294e-04
5.713502177968621254e-04
5.713486461900174618e-04
5.713467835448682308e-04
5.713451537303626537e-04
5.713434657081961632e-04
5.713417194783687592e-04
5.713400314562022686e-04
5.713383434340357780e-04
5.713367136195302010e-04
5.713349673897027969e-04
5.713332211598753929e-04
5.713315331377089024e-04
5.713299615308642387e-04
5.713282153010368347e-04
5.713264690712094307e-04
5.713248392567038536e-04
5.713230930268764496e-04
5.713214632123708725e-04
5.713196587748825550e-04
5.713180289603769779e-04
5.713164573535323143e-04
5.713145947083830833e-04
5.713130231015384197e-04
5.713112768717110157e-04
5.713095888495445251e-04
5.713080172426998615e-04
5.713061545975506306e-04
5.713045829907059669e-04
5.713028949685394764e-04
5.713010905310511589e-04
5.712995189242064953e-04
5.712977144867181778e-04
5.712960846722126007e-04
5.712943966500461102e-04
5.712926504202187061e-04
5.712910206057131290e-04
5.712892743758857250e-04
5.712876445613801479e-04
5.712859565392136574e-04
5.712842103093862534e-04
5.712824640795588493e-04
5.712808342650532722e-04
5.712790880352258682e-04
5.712774000130593777e-04
5.712758284062147141e-04
5.712739657610654831e-04
5.712723941542208195e-04
5.712706479243934155e-04
5.712689599022269249e-04
5.712673300877213478e-04
5.712655256502330303e-04
5.712639540433883667e-04
5.712622078135609627e-04
5.712605197913944721e-04
5.712589481845498085e-04
5.712572019547224045e-04
5.712554557248950005e-04
5.712538259103894234e-04
5.712521378882229328e-04
5.712503916583955288e-04
5.712487036362290382e-04
5.712470738217234612e-04
5.712453275918960571e-04
5.712436395697295666e-04
5.712419515475630760e-04
5.712402053177356720e-04
5.712386337108910084e-04
5.712368292734026909e-04
5.712351412512362003e-04
5.712333950214087963e-04
5.712318234145641327e-04
5.712301353923976421e-04
5.712283891625702381e-04
5.712267011404037476e-04
5.712251295335590839e-04
5.712234415113925934e-04
5.712217534892261028e-04
5.712200654670596123e-04
5.712183192372322083e-04
5.712166312150657177e-04
5.712149431928992271e-04
5.712132551707327366e-04
5.712115089409053326e-04
5.712098791263997555e-04
5.712083075195550919e-04
5.712065030820667744e-04
5.712048150599002838e-04
5.712030688300728798e-04
5.712014972232282162e-04
5.711996927857398987e-04
5.711980629712343216e-04
5.711964331567287445e-04
5.711946287192404270e-04
5.711929989047348499e-04
5.711913108825683594e-04
5.711896810680627823e-04
5.711879930458962917e-04
