6.978312740102410316e-04
6.977748125791549683e-04
6.977182347327470779e-04
6.976616568863391876e-04
6.976050208322703838e-04
6.975483265705406666e-04
6.974916323088109493e-04
6.974347052164375782e-04
6.973777199164032936e-04
6.973208510316908360e-04
6.972637493163347244e-04
6.972065893933176994e-04
6.971494876779615879e-04
6.970920949243009090e-04
6.970348185859620571e-04
6.969774258323013783e-04
6.969199748709797859e-04
6.968624074943363667e-04
6.968047819100320339e-04
6.967470981180667877e-04
6.966892979107797146e-04
6.966314977034926414e-04
6.965735228732228279e-04
6.965154898352921009e-04
6.964574567973613739e-04
6.963993073441088200e-04
6.963411578908562660e-04
6.962828920222818851e-04
6.962245097383856773e-04
6.961658946238458157e-04
6.961074541322886944e-04
6.960488972254097462e-04
6.959901074878871441e-04
6.959313177503645420e-04
6.958724698051810265e-04
6.958134472370147705e-04
6.957544828765094280e-04
6.956953438930213451e-04
6.956360884942114353e-04
6.955768330954015255e-04
6.955175194889307022e-04
6.954580312594771385e-04
6.953984848223626614e-04
6.953387055546045303e-04
6.952791009098291397e-04
6.952192052267491817e-04
6.951593095436692238e-04
6.950992392376065254e-04
6.950391107238829136e-04
6.949789240024983883e-04
6.949185626581311226e-04
6.948582595214247704e-04
6.947976071387529373e-04
6.947371293790638447e-04
6.946764187887310982e-04
6.946155335754156113e-04
6.945547065697610378e-04
6.944936467334628105e-04
6.944325868971645832e-04
6.943712942302227020e-04
6.943100597709417343e-04
6.942485924810171127e-04
6.941870669834315777e-04
6.941254250705242157e-04
6.940636085346341133e-04
6.940017919987440109e-04
6.939398008398711681e-04
6.938778096809983253e-04
6.938155274838209152e-04
6.937532452866435051e-04
6.936908466741442680e-04
6.936282734386622906e-04
6.935655837878584862e-04
6.935027777217328548e-04
6.934398552402853966e-04
6.933768163435161114e-04
6.933136610314249992e-04
6.932504475116729736e-04
6.931870593689382076e-04
6.931235548108816147e-04
6.930599920451641083e-04
6.929961382411420345e-04
6.929322844371199608e-04
6.928682560101151466e-04
6.928040529601275921e-04
6.927397917024791241e-04
6.926752976141870022e-04
6.926108035258948803e-04
6.925460183992981911e-04
6.924812332727015018e-04
6.924162153154611588e-04
6.923511973582208157e-04
6.922859465703368187e-04
6.922204629518091679e-04
6.921549793332815170e-04
6.920892046764492989e-04
6.920234300196170807e-04
6.919574807398021221e-04
6.918913568370044231e-04
6.918250001035630703e-04
6.917585851624608040e-04
6.916919955983757973e-04
6.916252314113080502e-04
6.915582926012575626e-04
6.914912955835461617e-04
6.914240075275301933e-04
6.913567194715142250e-04
6.912891403771936893e-04
6.912213284522294998e-04
6.911535165272653103e-04
6.910854135639965534e-04
6.910171941854059696e-04
6.909488001838326454e-04
6.908802315592765808e-04
6.908114301040768623e-04
6.907425122335553169e-04
6.906734197400510311e-04
6.906041526235640049e-04
6.905346526764333248e-04
6.904650363139808178e-04
6.903951289132237434e-04
6.903251050971448421e-04
6.902549066580832005e-04
6.901845335960388184e-04
6.901139859110116959e-04
6.900431471876800060e-04
6.899721338413655758e-04
6.899008294567465782e-04
6.898294668644666672e-04
6.897577550262212753e-04
6.896859849803149700e-04
6.896139821037650108e-04
6.895418046042323112e-04
6.894692778587341309e-04
6.893966929055750370e-04
6.893237587064504623e-04
6.892505916766822338e-04
6.891772500239312649e-04
6.891037337481975555e-04
6.890299264341592789e-04
6.889560027047991753e-04
6.888817297294735909e-04
6.888072239235043526e-04
6.887325434945523739e-04
6.886576884426176548e-04
6.885824841447174549e-04
6.885070470161736012e-04
6.884313770569860935e-04
6.883554742671549320e-04
6.882792804390192032e-04
6.882027955725789070e-04
6.881260778754949570e-04
6.880492437630891800e-04
6.879720021970570087e-04
6.878944695927202702e-04
6.878167623654007912e-04
6.877387058921158314e-04
6.876604747958481312e-04
6.875818944536149502e-04
6.875030230730772018e-04
6.874238606542348862e-04
6.873445236124098301e-04
6.872647209092974663e-04
6.871847435832023621e-04
6.871045334264636040e-04
6.870238576084375381e-04
6.869430653750896454e-04
6.868619238957762718e-04
6.867803749628365040e-04
6.866984767839312553e-04
6.866163457743823528e-04
6.865339819341897964e-04
6.864512106403708458e-04
6.863680901005864143e-04
6.862846203148365021e-04
6.862009176984429359e-04
6.861168076284229755e-04
6.860324647277593613e-04
6.859475979581475258e-04
6.858624401502311230e-04
6.857769330963492393e-04
6.856911932118237019e-04
6.856049294583499432e-04
6.855184328742325306e-04
6.854314124211668968e-04
6.853441009297966957e-04
6.852564401924610138e-04
6.851684302091598511e-04
6.850800709798932076e-04
6.849911878816783428e-04
6.849018973298370838e-04
6.848123739473521709e-04
6.847223266959190369e-04
6.846319301985204220e-04
6.845410098321735859e-04
6.844498566351830959e-04
6.843582377769052982e-04
6.842660368420183659e-04
6.841735448688268661e-04
6.840806454420089722e-04
6.839871639385819435e-04
6.838933913968503475e-04
6.837990949861705303e-04
6.837043329142034054e-04
6.836091633886098862e-04
6.835134117864072323e-04
6.834172527305781841e-04
6.833206862211227417e-04
6.832236540503799915e-04
6.831260398030281067e-04
6.830279598943889141e-04
6.829292979091405869e-04
6.828302866779267788e-04
6.827306933701038361e-04
6.826306344009935856e-04
6.825299351476132870e-04
6.824288866482675076e-04
6.823271978646516800e-04
6.822249270044267178e-04
6.821221322752535343e-04
6.820188718847930431e-04
6.819149712100625038e-04
6.818104884587228298e-04
6.817055982537567616e-04
6.815999513491988182e-04
6.814937805756926537e-04
6.813869695179164410e-04
6.812796345911920071e-04
6.811716593801975250e-04
6.810631020925939083e-04
6.809539627283811569e-04
6.808441248722374439e-04
6.807337049394845963e-04
6.806226447224617004e-04
6.805108278058469296e-04
6.803984870202839375e-04
6.802853895351290703e-04
6.801717099733650684e-04
6.800573901273310184e-04
6.799422553740441799e-04
6.798264221288263798e-04
6.797100068069994450e-04
6.795929512009024620e-04
6.794750806875526905e-04
6.793564534746110439e-04
6.792370113544166088e-04
6.791169871576130390e-04
6.789962062612175941e-04
6.788746104575693607e-04
6.787523161619901657e-04
6.786290905438363552e-04
6.785052246414124966e-04
6.783805438317358494e-04
6.782551063224673271e-04
6.781287956982851028e-04
6.780017283745110035e-04
6.778737297281622887e-04
6.777450325898826122e-04
6.776154623366892338e-04
6.774849607609212399e-04
6.773536442779004574e-04
6.772215128876268864e-04
6.770883919671177864e-04
6.769544561393558979e-04
6.768195889890193939e-04
6.766838487237691879e-04
6.765471189282834530e-04
6.764095160178840160e-04
6.762710399925708771e-04
6.761315744370222092e-04
6.759911775588989258e-04
6.758497911505401134e-04
6.757073570042848587e-04
6.755639333277940750e-04
6.754196365363895893e-04
6.752743502147495747e-04
6.751279579475522041e-04
6.749805179424583912e-04
6.748320884071290493e-04
6.746826693415641785e-04
6.745322025381028652e-04
6.743805133737623692e-04
6.742279510945081711e-04
6.740742246620357037e-04
6.739193340763449669e-04
6.737633957527577877e-04
6.736064096912741661e-04
6.734482012689113617e-04
6.732889451086521149e-04
6.731284665875136852e-04
6.729668821208178997e-04
6.728041917085647583e-04
6.726401625201106071e-04
6.724750855937600136e-04
6.723089027218520641e-04
6.721413810737431049e-04
6.719726952724158764e-04
6.718027871102094650e-04
6.716315983794629574e-04
6.714593037031590939e-04
6.712857866659760475e-04
6.711108144372701645e-04
6.709347944706678391e-04
6.707573775202035904e-04
6.705786800011992455e-04
6.703988183289766312e-04
6.702175596728920937e-04
6.700349040329456329e-04
6.698511424474418163e-04
6.696660420857369900e-04
6.694796029478311539e-04
6.692917086184024811e-04
6.691026501357555389e-04
6.689120200462639332e-04
6.687202840112149715e-04
6.685270927846431732e-04
6.683325045742094517e-04
6.681365775875747204e-04
6.679393118247389793e-04
6.677407654933631420e-04
6.675407057628035545e-04
6.673391908407211304e-04
6.671365117654204369e-04
6.669323192909359932e-04
6.667266134172677994e-04
6.665198015980422497e-04
6.663113017566502094e-04
6.661015795543789864e-04
6.658904021605849266e-04
6.656779441982507706e-04
6.654639146290719509e-04
6.652486044913530350e-04
6.650318391621112823e-04
6.648136186413466930e-04
6.645940593443810940e-04
6.643731030635535717e-04
6.641508080065250397e-04
6.639270577579736710e-04
6.637019687332212925e-04
6.634755409322679043e-04
6.632476579397916794e-04
6.630183779634535313e-04
6.627878174185752869e-04
6.625558598898351192e-04
6.623225053772330284e-04
6.620879285037517548e-04
6.618518382310867310e-04
6.616146420128643513e-04
6.613759323954582214e-04
6.611360586248338223e-04
6.608948460780084133e-04
6.606522365473210812e-04
6.604085210710763931e-04
6.601634668186306953e-04
6.599171902053058147e-04
6.596695748157799244e-04
6.594208534806966782e-04
6.591709679923951626e-04
6.589198019355535507e-04
6.586673553101718426e-04
6.584140355698764324e-04
6.581593770533800125e-04
6.579037290066480637e-04
6.576469168066978455e-04
6.573889986611902714e-04
6.571299745701253414e-04
6.568699609488248825e-04
6.566089577972888947e-04
6.563469651155173779e-04
6.560838664881885052e-04
6.558200111612677574e-04
6.555550498887896538e-04
6.552892737090587616e-04
6.550223915837705135e-04
6.547549855895340443e-04
6.544865900650620461e-04
6.542173796333372593e-04
6.539472960866987705e-04
6.536765140481293201e-04
6.534052081406116486e-04
6.531329127028584480e-04
6.528600351884961128e-04
6.525864591822028160e-04
6.523123010993003845e-04
6.520375027321279049e-04
6.517621804960072041e-04
6.514862761832773685e-04
6.512099062092602253e-04
6.509329541586339474e-04
6.506555364467203617e-04
6.503777694888412952e-04
6.500995368696749210e-04
6.498210132122039795e-04
6.495420238934457302e-04
6.492628017440438271e-04
6.489831721410155296e-04
6.487034261226654053e-04
6.484233890660107136e-04
6.481431191787123680e-04
6.478627910837531090e-04
6.475821719504892826e-04
6.473015528172254562e-04
6.470207008533179760e-04
6.467398488894104958e-04
6.464589387178421021e-04
6.461781449615955353e-04
6.458971765823662281e-04
6.456164410337805748e-04
6.453356472775340080e-04
6.450550281442701817e-04
6.447744672186672688e-04
6.444941973313689232e-04
6.442139856517314911e-04
6.439338903874158859e-04
6.436541443690657616e-04
6.433746893890202045e-04
6.430954090319573879e-04
6.428165361285209656e-04
6.425379542633891106e-04
6.422596634365618229e-04
6.419818382710218430e-04
6.417043041437864304e-04
6.414272938854992390e-04
6.411506910808384418e-04
6.408744957298040390e-04
6.405988242477178574e-04
6.403236184269189835e-04
6.400489946827292442e-04
6.397749530151486397e-04
6.395013770088553429e-04
6.392283830791711807e-04
6.389560294337570667e-04
6.386842578649520874e-04
6.384132429957389832e-04
6.381426937878131866e-04
6.378729594871401787e-04
6.376039236783981323e-04
6.373355863615870476e-04
6.370678893290460110e-04
6.368010654114186764e-04
6.365348817780613899e-04
6.362695712596178055e-04
6.360048428177833557e-04
6.357410456985235214e-04
6.354781216941773891e-04
6.352159543894231319e-04
6.349544855765998363e-04
6.346940062940120697e-04
6.344344001263380051e-04
6.341756088659167290e-04
6.339177489280700684e-04
6.336607621051371098e-04
6.334047066047787666e-04
6.331494078040122986e-04
6.328951567411422729e-04
6.326419534161686897e-04
6.323895649984478951e-04
6.321381079033017159e-04
6.318876403383910656e-04
6.316381040960550308e-04
6.313896155916154385e-04
6.311420584097504616e-04
6.308954325504601002e-04
6.306497380137443542e-04
6.304052076302468777e-04
6.301617249846458435e-04
6.299191154539585114e-04
6.296774954535067081e-04
6.294368649832904339e-04
6.291973404586315155e-04
6.289588636718690395e-04
6.287214346230030060e-04
6.284850533120334148e-04
6.282496615312993526e-04
6.280152592808008194e-04
6.277819629758596420e-04
6.275496562011539936e-04
6.273185135796666145e-04
6.270883022807538509e-04
6.268591969273984432e-04
6.266310811042785645e-04
6.264040712267160416e-04
6.261780508793890476e-04
6.259531946852803230e-04
6.257293862290680408e-04
6.255065673030912876e-04
6.252847961150109768e-04
6.250641308724880219e-04
6.248445133678615093e-04
6.246258853934705257e-04
6.244083633646368980e-04
6.241918308660387993e-04
6.239764043129980564e-04
6.237621419131755829e-04
6.235487526282668114e-04
6.233364110812544823e-04
6.231252918951213360e-04
6.229151040315628052e-04
6.227059056982398033e-04
6.224976968951523304e-04
