7.762119057588279247e-04
7.762101013213396072e-04
7.762082386761903763e-04
7.762064924463629723e-04
7.762045715935528278e-04
7.762026507407426834e-04
7.762007880955934525e-04
7.761991582810878754e-04
7.761972374282777309e-04
7.761954329907894135e-04
7.761935703456401825e-04
7.761917077004909515e-04
7.761897868476808071e-04
7.761880988255143166e-04
7.761862943880259991e-04
7.761844899505376816e-04
7.761826273053884506e-04
7.761808228679001331e-04
7.761789602227509022e-04
7.761770975776016712e-04
7.761752349324524403e-04
7.761733722873032093e-04
7.761715678498148918e-04
7.761697052046656609e-04
7.761678425595164299e-04
7.761660381220281124e-04
7.761642336845397949e-04
7.761623128317296505e-04
7.761605083942413330e-04
7.761586457490921021e-04
7.761568995192646980e-04
7.761550368741154671e-04
7.761532906442880630e-04
7.761513697914779186e-04
7.761494489386677742e-04
7.761477609165012836e-04
7.761459564790129662e-04
7.761440938338637352e-04
7.761422311887145042e-04
7.761404267512261868e-04
7.761385641060769558e-04
7.761367596685886383e-04
7.761348970234394073e-04
7.761330343782901764e-04
7.761311717331409454e-04
7.761293672956526279e-04
7.761275046505033970e-04
7.761256420053541660e-04
7.761240121908485889e-04
7.761220331303775311e-04
7.761201704852283001e-04
7.761183660477399826e-04
7.761166780255734921e-04
7.761147571727633476e-04
7.761128945276141167e-04
7.761110318824648857e-04
7.761092274449765682e-04
7.761074230074882507e-04
7.761056185699999332e-04
7.761037559248507023e-04
7.761019514873623848e-04
7.761000888422131538e-04
7.760982261970639229e-04
7.760964799672365189e-04
7.760945009067654610e-04
7.760926964692771435e-04
7.760909502394497395e-04
7.760891458019614220e-04
7.760873413644731045e-04
7.760854787193238735e-04
7.760836160741746426e-04
7.760818116366863251e-04
7.760799489915370941e-04
7.760780281387269497e-04
7.760763401165604591e-04
7.760744774714112282e-04
7.760726148262619972e-04
7.760708103887736797e-04
7.760689477436244488e-04
7.760672015137970448e-04
7.760652806609869003e-04
7.760635344311594963e-04
7.760617299936711788e-04
7.760598091408610344e-04
7.760580047033727169e-04
7.760560838505625725e-04
7.760543376207351685e-04
7.760525913909077644e-04
7.760506123304367065e-04
7.760488078929483891e-04
7.760470034554600716e-04
7.760451990179717541e-04
7.760434527881443501e-04
7.760415319353342056e-04
7.760397274978458881e-04
7.760378648526966572e-04
7.760360604152083397e-04
7.760342559777200222e-04
7.760323933325707912e-04
7.760305888950824738e-04
7.760287262499332428e-04
7.760269800201058388e-04
7.760251173749566078e-04
7.760232547298073769e-04
7.760213920846581459e-04
7.760195876471698284e-04
7.760177250020205975e-04
7.760159205645322800e-04
7.760141161270439625e-04
7.760122534818947315e-04
7.760103908367455006e-04
7.760087028145790100e-04
7.760067237541079521e-04
7.760050357319414616e-04
7.760031148791313171e-04
7.760012522339820862e-04
7.759995642118155956e-04
7.759977597743272781e-04
7.759958971291780472e-04
7.759939180687069893e-04
7.759922300465404987e-04
7.759903674013912678e-04
7.759885047562420368e-04
7.759867003187537193e-04
7.759848376736044884e-04
7.759831496514379978e-04
7.759813452139496803e-04
7.759795407764613628e-04
7.759776199236512184e-04
7.759758736938238144e-04
7.759740110486745834e-04
7.759722066111862659e-04
7.759703439660370350e-04
7.759684813208878040e-04
7.759666186757385731e-04
7.759648142382502556e-04
7.759630098007619381e-04
7.759610889479517937e-04
7.759592845104634762e-04
7.759575964882969856e-04
7.759557338431477547e-04
7.759539876133203506e-04
7.759521249681711197e-04
7.759502623230218887e-04
7.759483996778726578e-04
7.759465952403843403e-04
7.759447908028960228e-04
7.759429863654077053e-04
7.759411819279193878e-04
7.759392028674483299e-04
7.759375730529427528e-04
7.759355939924716949e-04
7.759337313473224640e-04
7.759319851174950600e-04
7.759302388876676559e-04
7.759284344501793385e-04
7.759265135973691940e-04
7.759247091598808765e-04
7.759228465147316456e-04
7.759210420772433281e-04
7.759191794320940971e-04
7.759173749946057796e-04
7.759156287647783756e-04
7.759137079119682312e-04
7.759120198898017406e-04
7.759102154523134232e-04
7.759081781841814518e-04
7.759064319543540478e-04
7.759046275168657303e-04
7.759028812870383263e-04
7.759010186418890953e-04
7.758991559967398643e-04
7.758972933515906334e-04
7.758955471217632294e-04
7.758938008919358253e-04
7.758919382467865944e-04
7.758899591863155365e-04
7.758882711641490459e-04
7.758864667266607285e-04
7.758846040815114975e-04
7.758827996440231800e-04
7.758809369988739491e-04
7.758791325613856316e-04
7.758772699162364006e-04
7.758755236864089966e-04
7.758736610412597656e-04
7.758719730190932751e-04
7.758699357509613037e-04
7.758682477287948132e-04
7.758664432913064957e-04
7.758646388538181782e-04
7.758627180010080338e-04
7.758609135635197163e-04
7.758591091260313988e-04
7.758574211038649082e-04
7.758555584587156773e-04
7.758536958135664463e-04
7.758518913760781288e-04
7.758500287309288979e-04
7.758482825011014938e-04
7.758464198559522629e-04
7.758445572108030319e-04
7.758426945656538010e-04
7.758409483358263969e-04
7.758391438983380795e-04
7.758373976685106754e-04
7.758354768157005310e-04
7.758337305858731270e-04
7.758318097330629826e-04
7.758300052955746651e-04
7.758282590657472610e-04
7.758263382129371166e-04
7.758245919831097126e-04
7.758227293379604816e-04
7.758210413157939911e-04
7.758191204629838467e-04
7.758173742331564426e-04
7.758155115880072117e-04
7.758137071505188942e-04
7.758119609206914902e-04
7.758099818602204323e-04
7.758082356303930283e-04
7.758064311929047108e-04
7.758046849630773067e-04
7.758028223179280758e-04
7.758010178804397583e-04
7.757991552352905273e-04
7.757974090054631233e-04
7.757954881526529789e-04
7.757937419228255749e-04
7.757918792776763439e-04
7.757900748401880264e-04
7.757882121950387955e-04
7.757864077575504780e-04
7.757846033200621605e-04
7.757827988825738430e-04
7.757809362374246120e-04
7.757791317999362946e-04
7.757773273624479771e-04
7.757755229249596596e-04
7.757736020721495152e-04
7.757718558423221111e-04
7.757701096124947071e-04
7.757682469673454762e-04
7.757663843221962452e-04
7.757645216770470142e-04
7.757628336548805237e-04
7.757610292173922062e-04
7.757592247799038887e-04
7.757574203424155712e-04
7.757554994896054268e-04
7.757538114674389362e-04
7.757519488222897053e-04
7.757501443848013878e-04
7.757482817396521568e-04
7.757465355098247528e-04
7.757446146570146084e-04
7.757428102195262909e-04
7.757410057820379734e-04
7.757392595522105694e-04
7.757374551147222519e-04
7.757355924695730209e-04
7.757336716167628765e-04
7.757319835945963860e-04
7.757301791571080685e-04
7.757283165119588375e-04
7.757265702821314335e-04
7.757247076369822025e-04
7.757229614071547985e-04
7.757210987620055676e-04
7.757193525321781635e-04
7.757174316793680191e-04
7.757156272418797016e-04
7.757138228043913841e-04
7.757119019515812397e-04
7.757101557217538357e-04
7.757084094919264317e-04
7.757066050544381142e-04
7.757047424092888832e-04
7.757029379718005657e-04
7.757010171189904213e-04
7.756993290968239307e-04
7.756976410746574402e-04
7.756957784295082092e-04
7.756938575766980648e-04
7.756919949315488338e-04
7.756903069093823433e-04
7.756884442642331123e-04
7.756866398267447948e-04
7.756848353892564774e-04
7.756829145364463329e-04
7.756811683066189289e-04
7.756794220767915249e-04
7.756776176393032074e-04
7.756756967864930630e-04
7.756739505566656590e-04
7.756721461191773415e-04
7.756704580970108509e-04
7.756685372442007065e-04
7.756665581837296486e-04
7.756648701615631580e-04
7.756631239317357540e-04
7.756613777019083500e-04
7.756594568490982056e-04
7.756576524116098881e-04
7.756559061817824841e-04
7.756541017442941666e-04
7.756522390991449356e-04
7.756504346616566181e-04
7.756485720165073872e-04
7.756468257866799831e-04
7.756449631415307522e-04
7.756430422887206078e-04
7.756413542665541172e-04
7.756395498290657997e-04
7.756377453915774822e-04
7.756358827464282513e-04
7.756340783089399338e-04
7.756323320791125298e-04
7.756305858492851257e-04
7.756286649964749813e-04
7.756268605589866638e-04
7.756251143291592598e-04
7.756232516840100288e-04
7.756215054541826248e-04
7.756195846013724804e-04
7.756178383715450764e-04
7.756160921417176723e-04
7.756142877042293549e-04
7.756124250590801239e-04
7.756105624139308929e-04
7.756088161841034889e-04
7.756070117466151714e-04
7.756051491014659405e-04
7.756034028716385365e-04
7.756015984341502190e-04
7.755998522043228149e-04
7.755979313515126705e-04
7.755961851216852665e-04
7.755942060612142086e-04
7.755925762467086315e-04
7.755908300168812275e-04
7.755889091640710831e-04
7.755871047265827656e-04
7.755851838737726212e-04
7.755833794362843037e-04
7.755816332064568996e-04
7.755798869766294956e-04
7.755780825391411781e-04
7.755762198939919472e-04
7.755744154565036297e-04
7.755726692266762257e-04
7.755708647891879082e-04
7.755691767670214176e-04
7.755671394988894463e-04
7.755653350614011288e-04
7.755636470392346382e-04
7.755617261864244938e-04
7.755600963719189167e-04
7.755582337267696857e-04
7.755563710816204548e-04
7.755545666441321373e-04
7.755528204143047333e-04
7.755511323921382427e-04
7.755492115393280983e-04
7.755473488941788673e-04
7.755456026643514633e-04
7.755437982268631458e-04
7.755418773740530014e-04
7.755401893518865108e-04
7.755383267067372799e-04
7.755365222692489624e-04
7.755348342470824718e-04
7.755330298095941544e-04
7.755312253721058369e-04
7.755293627269566059e-04
7.755275582894682884e-04
7.755257538519799709e-04
7.755238329991698265e-04
7.755220867693424225e-04
7.755203405395150185e-04
7.755185361020267010e-04
7.755166734568774700e-04
7.755148690193891525e-04
7.755130063742399216e-04
7.755113183520734310e-04
7.755095139145851135e-04
7.755077094770967960e-04
7.755058468319475651e-04
7.755041588097810745e-04
7.755021797493100166e-04
7.755004917271435261e-04
7.754986290819942951e-04
7.754968828521668911e-04
7.754950784146785736e-04
7.754932739771902561e-04
7.754915277473628521e-04
7.754896651022136211e-04
7.754878606647253036e-04
7.754861144348978996e-04
7.754842517897486687e-04
7.754823891445994377e-04
7.754806429147720337e-04
7.754788384772837162e-04
7.754771504551172256e-04
7.754752296023070812e-04
7.754734251648187637e-04
7.754716207273304462e-04
7.754697580821812153e-04
7.754681282676756382e-04
7.754663238301873207e-04
7.754644029773771763e-04
7.754627149552106857e-04
7.754607941024005413e-04
7.754589896649122238e-04
7.754573016427457333e-04
7.754554389975965023e-04
7.754536345601081848e-04
7.754518301226198673e-04
7.754500838927924633e-04
7.754482794553041458e-04
7.754464168101549149e-04
7.754446123726665974e-04
7.754429243505001068e-04
7.754411199130117893e-04
7.754392572678625584e-04
7.754373364150524139e-04
7.754355319775640965e-04
7.754337275400757790e-04
7.754320395179092884e-04
7.754301768727600574e-04
7.754284888505935669e-04
7.754267426207661629e-04
7.754248799756169319e-04
7.754230755381286144e-04
7.754212128929793835e-04
7.754195248708128929e-04
7.754175458103418350e-04
7.754157995805144310e-04
7.754141115583479404e-04
7.754122489131987095e-04
7.754104444757103920e-04
7.754086982458829880e-04
7.754068356007337570e-04
7.754049729555845261e-04
7.754031685180962086e-04
7.754014222882688046e-04
7.753996178507804871e-04
7.753978716209530830e-04
7.753961835987865925e-04
7.753942627459764481e-04
7.753925165161490440e-04
7.753905956633388996e-04
7.753888494335114956e-04
7.753871032036840916e-04
7.753852987661957741e-04
7.753834943287074566e-04
7.753816316835582256e-04
7.753799436613917351e-04
7.753780810162425041e-04
7.753763929940760136e-04
7.753744721412658691e-04
7.753726677037775517e-04
7.753708632662892342e-04
7.753691170364618301e-04
7.753674290142953396e-04
7.753655663691461086e-04
7.753637037239968777e-04
7.753618992865085602e-04
7.753600366413593292e-04
7.753582322038710117e-04
7.753566023893654346e-04
7.753547397442162037e-04
7.753529353067278862e-04
7.753510726615786552e-04
7.753494428470730782e-04
7.753475802019238472e-04
7.753457757644355297e-04
7.753439713269472122e-04
7.753421668894588947e-04
7.753403624519705772e-04
7.753386162221431732e-04
7.753368117846548557e-04
7.753350073471665382e-04
7.753331447020173073e-04
7.753313984721899033e-04
7.753296522423624992e-04
7.753276731818914413e-04
7.753259269520640373e-04
7.753241807222366333e-04
7.753223180770874023e-04
7.753206882625818253e-04
7.753188256174325943e-04
7.753170793876051903e-04
7.753152749501168728e-04
7.753134123049676418e-04
7.753117242828011513e-04
7.753098616376519203e-04
7.753080572001636028e-04
7.753061363473534584e-04
