-9.027666598558425903e-02
3.943382799625396729e-01
7.151491940021514893e-02
1.903988271951675415e-01
2.935244143009185791e-01
2.123373150825500488e-01
-8.782462030649185181e-02
5.102627351880073547e-02
-8.970515429973602295e-02
-1.216357573866844177e-02
-6.048621982336044312e-02
-3.342079371213912964e-02
1.191187500953674316e-01
-2.988350987434387207e-01
1.615838264115154743e-04
8.036214113235473633e-02
2.831172943115234375e-01
1.171990931034088135e-01
1.039321050047874451e-01
9.384768083691596985e-03
-1.516267657279968262e-01
-1.428881436586380005e-01
-2.255672030150890350e-02
1.320536285638809204e-01
1.461224555969238281e-01
