-2.620068751275539398e-02
6.241905316710472107e-02
6.649028044193983078e-03
-4.422557353973388672e-02
-2.140757441520690918e-01
7.133144140243530273e-02
1.387985348701477051e-01
1.086082682013511658e-01
-1.415368169546127319e-01
3.496163338422775269e-02
1.887831091880798340e-02
1.015221104025840759e-01
4.087052866816520691e-02
-3.907037526369094849e-02
3.293370828032493591e-02
-2.512341598048806190e-03
2.770551852881908417e-02
1.206926628947257996e-01
5.975373461842536926e-02
1.679612696170806885e-01
5.879641324281692505e-02
3.581632673740386963e-01
1.500248610973358154e-01
1.614628881216049194e-01
