-7.301330566406250000e-01
-7.415440082550048828e-01
-7.823151946067810059e-01
-7.578933238983154297e-01
-5.199888944625854492e-01
-1.352776646614074707e+00
-1.005448460578918457e+00
-7.364161610603332520e-01
-1.183889389038085938e+00
-1.121656417846679688e+00
-4.878759086132049561e-01
-6.833124160766601562e-01
-8.772504329681396484e-01
-6.411680579185485840e-01
-1.608353137969970703e+00
-4.195253252983093262e-01
-5.275635719299316406e-01
-1.224676132202148438e+00
-1.003792285919189453e+00
-1.074221849441528320e+00
-9.779049158096313477e-01
-1.044475436210632324e+00
-3.641044199466705322e-01
-3.439134955406188965e-01
-9.987552762031555176e-01
-5.425642728805541992e-01
-5.949735641479492188e-01
-7.506127357482910156e-01
-7.461875081062316895e-01
-7.976108789443969727e-01
-8.914792537689208984e-01
-8.039372563362121582e-01
-4.603125751018524170e-01
-4.526578485965728760e-01
-7.006880640983581543e-01
-9.350584149360656738e-01
-8.587652444839477539e-01
-7.489717602729797363e-01
-5.662742853164672852e-01
-1.141780853271484375e+00
-6.183159351348876953e-01
-4.095917046070098877e-01
-1.060504794120788574e+00
-1.039255499839782715e+00
-5.754129886627197266e-01
-6.866781711578369141e-01
-8.369063735008239746e-01
-4.227352738380432129e-01
-1.499172210693359375e+00
-8.474447727203369141e-01
-9.696876406669616699e-01
-8.305422663688659668e-01
-9.461777806282043457e-01
-8.951792120933532715e-01
-1.357045769691467285e+00
-5.125845670700073242e-01
-1.300784230232238770e+00
-6.111196279525756836e-01
-8.547224402427673340e-01
-6.361222863197326660e-01
-9.316418170928955078e-01
-1.117516040802001953e+00
-1.220550537109375000e+00
-9.003518223762512207e-01
-7.362991571426391602e-01
-7.622174024581909180e-01
-1.444562435150146484e+00
-8.870813250541687012e-01
-5.179691910743713379e-01
-7.551490664482116699e-01
-1.194690704345703125e+00
-7.741289734840393066e-01
-6.582022309303283691e-01
-6.884697079658508301e-01
-7.819626927375793457e-01
-7.046763896942138672e-01
-1.051134705543518066e+00
-8.644401431083679199e-01
-8.241173028945922852e-01
-1.018349528312683105e+00
-9.528784155845642090e-01
-7.914559245109558105e-01
-1.140141010284423828e+00
-1.092560291290283203e+00
-1.161352396011352539e+00
-1.208863139152526855e+00
-8.512173295021057129e-01
-1.137705445289611816e+00
-9.705672860145568848e-01
-5.868887901306152344e-01
-1.332733988761901855e+00
-1.090348124504089355e+00
-7.946855425834655762e-01
-9.691266417503356934e-01
-6.242895126342773438e-01
-1.120814204216003418e+00
-4.148400723934173584e-01
-1.020847439765930176e+00
-5.593780875205993652e-01
-6.805064678192138672e-01
