-1.315683364868164062e+00
-6.676784753799438477e-01
-1.132927298545837402e+00
-1.356760382652282715e+00
-1.147395014762878418e+00
-1.992391198873519897e-01
-1.029617309570312500e+00
-9.052703380584716797e-01
-6.476766467094421387e-01
-1.099441647529602051e+00
-1.111865282058715820e+00
-7.977606654167175293e-01
-8.344166278839111328e-01
-1.019445776939392090e+00
-7.405207753181457520e-01
-1.359071016311645508e+00
-1.116192698478698730e+00
-7.834033966064453125e-01
-1.145839810371398926e+00
-1.075118541717529297e+00
-9.298432469367980957e-01
-1.255983829498291016e+00
-1.036397576332092285e+00
-1.314251899719238281e+00
-9.423593878746032715e-01
-9.210228919982910156e-01
-8.234719634056091309e-01
-1.365712136030197144e-01
-1.042705655097961426e+00
-9.731913805007934570e-01
-9.466069936752319336e-01
-8.454769849777221680e-01
-9.180133342742919922e-01
-6.654575467109680176e-01
-5.568776726722717285e-01
-1.126780867576599121e+00
-8.943150043487548828e-01
-6.552990674972534180e-01
-7.342358231544494629e-01
-1.116496443748474121e+00
-2.778447568416595459e-01
-9.027723073959350586e-01
-8.857948780059814453e-01
-5.218384265899658203e-01
-4.696601331233978271e-01
-3.729863166809082031e-01
-6.815270185470581055e-01
-5.283920168876647949e-01
-1.703897833824157715e+00
-9.247856736183166504e-01
-6.678370833396911621e-01
-2.887344658374786377e-01
-9.636509418487548828e-01
-2.985537350177764893e-01
-3.949631452560424805e-01
-1.014711022377014160e+00
-8.122723698616027832e-01
-1.041747331619262695e+00
-1.322200417518615723e+00
-6.002581119537353516e-01
-1.199617743492126465e+00
-1.273483633995056152e+00
-1.147409796714782715e+00
-8.911963701248168945e-01
-3.693959712982177734e-01
-8.558289408683776855e-01
-1.399355769157409668e+00
-1.022186994552612305e+00
-2.797835469245910645e-01
-6.147537231445312500e-01
-1.051924824714660645e+00
-1.315445661544799805e+00
-5.293648242950439453e-01
-7.188006639480590820e-01
-9.866042137145996094e-01
-4.079324305057525635e-01
-1.063459873199462891e+00
-7.149599790573120117e-01
-8.891442418098449707e-01
-5.362622141838073730e-01
-9.383473396301269531e-01
-1.163677215576171875e+00
-8.837143778800964355e-01
-1.173137784004211426e+00
-1.110905766487121582e+00
-1.199454903602600098e+00
-1.067289829254150391e+00
-1.000565290451049805e+00
-7.586579918861389160e-01
-1.041828513145446777e+00
-8.486549854278564453e-01
-9.929760694503784180e-01
-1.195320606231689453e+00
-9.426317214965820312e-01
-5.255205035209655762e-01
-8.625907301902770996e-01
-1.175339341163635254e+00
-1.264933347702026367e+00
-1.056948065757751465e+00
-8.752456903457641602e-01
