6.101434305310249329e-02
5.060629174113273621e-02
-6.188287585973739624e-02
3.114877045154571533e-01
-8.087204396724700928e-02
5.703721940517425537e-02
6.853269040584564209e-02
1.669197380542755127e-01
-1.957911849021911621e-01
1.874251812696456909e-01
2.741170860826969147e-02
2.050908207893371582e-01
1.023490875959396362e-01
1.195515170693397522e-01
-2.828239500522613525e-01
2.582544684410095215e-01
2.561210989952087402e-01
5.804985389113426208e-02
-2.029873132705688477e-01
1.817309558391571045e-01
-2.343156933784484863e-01
7.966962456703186035e-02
-2.111783623695373535e-02
1.633379757404327393e-01
1.287665516138076782e-01
