-1.471283078193664551e+00
-4.404307603836059570e-01
-9.049730896949768066e-01
-1.430381536483764648e+00
-7.666943073272705078e-01
-8.890889883041381836e-01
-1.521692156791687012e+00
-9.090421795845031738e-01
-4.616461992263793945e-01
-1.465239286422729492e+00
-6.824924349784851074e-01
-3.589173555374145508e-01
-7.845299243927001953e-01
-3.038309514522552490e-01
-2.680501639842987061e-01
-1.327658653259277344e+00
-8.214958906173706055e-01
-3.621897399425506592e-01
-8.224897384643554688e-01
-8.174333572387695312e-01
-9.019996523857116699e-01
-6.903867721557617188e-01
-9.473763108253479004e-01
-7.047009468078613281e-01
-1.704294681549072266e+00
-1.088093876838684082e+00
-1.023540019989013672e+00
-9.162030816078186035e-01
-1.606622457504272461e+00
-1.369945764541625977e+00
-1.220850348472595215e+00
-1.443216800689697266e+00
-1.331990122795104980e+00
-9.325734376907348633e-01
-1.065142393112182617e+00
-1.067820668220520020e+00
-5.346344709396362305e-01
-6.620544791221618652e-01
-1.330009460449218750e+00
-4.768378138542175293e-01
-6.665409803390502930e-01
-5.970431566238403320e-01
-1.199747562408447266e+00
-1.520157337188720703e+00
-7.693325877189636230e-01
-9.022778272628784180e-01
-1.165182709693908691e+00
-1.698642969131469727e+00
-8.761532902717590332e-01
-1.545814037322998047e+00
-1.515133857727050781e+00
-7.918835878372192383e-01
-1.435778737068176270e+00
-1.465265989303588867e+00
-4.353396594524383545e-01
-1.298444271087646484e+00
-1.071573615074157715e+00
-8.844358921051025391e-01
-1.294215202331542969e+00
-1.572971343994140625e+00
-1.528350830078125000e+00
-1.296482086181640625e+00
-3.248601555824279785e-01
-1.012655735015869141e+00
-1.066501855850219727e+00
-6.921894550323486328e-01
-1.134661555290222168e+00
-6.229046583175659180e-01
-8.122753500938415527e-01
-1.115312337875366211e+00
-1.105691194534301758e+00
-1.794639587402343750e+00
-9.477818608283996582e-01
-1.620884180068969727e+00
-1.802027106285095215e+00
-9.082106351852416992e-01
-8.286612629890441895e-01
-8.448350429534912109e-01
-1.103001236915588379e+00
-5.745337605476379395e-01
-7.879409193992614746e-01
-7.851253151893615723e-01
-7.330191135406494141e-01
-6.298285722732543945e-01
-6.874746084213256836e-01
-1.420755147933959961e+00
-1.195648908615112305e+00
-1.441122531890869141e+00
-8.568022847175598145e-01
-8.604618906974792480e-01
-9.432525038719177246e-01
1.617003232240676880e-01
-1.148836493492126465e+00
-9.324130415916442871e-01
-1.303004264831542969e+00
-5.484130382537841797e-01
-1.114013552665710449e+00
-4.605504274368286133e-01
-9.206063151359558105e-01
-1.110711216926574707e+00
