-2.638703025877475739e-02
2.054686099290847778e-02
-1.443195249885320663e-02
1.403995901346206665e-01
3.629636391997337341e-02
-1.273459643125534058e-01
1.314066648483276367e-01
2.585240900516510010e-01
8.752025663852691650e-02
-1.841192543506622314e-01
1.654668897390365601e-01
1.016619354486465454e-01
1.674182713031768799e-01
1.443032026290893555e-01
3.981523215770721436e-02
5.904858559370040894e-02
-1.453142464160919189e-01
7.855249196290969849e-02
4.802720621228218079e-02
-8.771240711212158203e-02
1.945252120494842529e-01
-2.095287442207336426e-01
2.344712615013122559e-02
-7.567787915468215942e-02
-1.043326258659362793e-01
5.145301297307014465e-02
4.550496861338615417e-02
-9.736026078462600708e-02
