-4.234478771686553955e-01
-5.571088790893554688e-01
-1.252294659614562988e+00
-1.185620784759521484e+00
-3.745608031749725342e-01
-4.572034776210784912e-01
-1.138888835906982422e+00
-1.041317939758300781e+00
-7.218421101570129395e-01
-1.395960688591003418e+00
-3.892636597156524658e-01
-8.349868655204772949e-01
-1.269636869430541992e+00
-1.330227017402648926e+00
-1.157035470008850098e+00
-1.040268301963806152e+00
-9.874612689018249512e-01
-1.257095932960510254e+00
-9.599638581275939941e-01
-5.939945578575134277e-01
-1.006318926811218262e+00
-1.322095632553100586e+00
-6.192429661750793457e-01
-1.349254488945007324e+00
-9.521000981330871582e-01
-1.071952462196350098e+00
-1.910456061363220215e+00
-1.034939289093017578e+00
-1.017780303955078125e+00
-1.243498444557189941e+00
-8.745326995849609375e-01
-1.238938808441162109e+00
-6.215606331825256348e-01
-3.269861042499542236e-01
-5.894834399223327637e-01
-2.594875693321228027e-01
-1.049383521080017090e+00
-4.941841363906860352e-01
-4.915860891342163086e-01
-5.066672563552856445e-01
-1.326635479927062988e+00
-6.668421626091003418e-01
-9.373586773872375488e-01
-8.832030892372131348e-01
-4.773379862308502197e-01
-1.227984070777893066e+00
-7.927353978157043457e-01
-4.144144356250762939e-01
-1.257276654243469238e+00
-5.077820420265197754e-01
-9.194037914276123047e-01
-1.175873517990112305e+00
-9.472363591194152832e-01
-1.334583997726440430e+00
-1.194902181625366211e+00
-9.224797487258911133e-01
-8.299943208694458008e-01
-4.115085601806640625e-01
-1.095886707305908203e+00
-1.151707768440246582e+00
-1.175915002822875977e+00
-1.023750782012939453e+00
-1.104377508163452148e+00
-9.174670577049255371e-01
-8.103631734848022461e-01
-7.161906957626342773e-01
-5.172497034072875977e-01
-9.807442426681518555e-01
-1.347492218017578125e+00
-1.357547521591186523e+00
-8.493166565895080566e-01
-1.271979689598083496e+00
-8.095663785934448242e-01
-4.688753485679626465e-01
-6.537694334983825684e-01
-1.448411464691162109e+00
-4.474147260189056396e-01
-7.893458604812622070e-01
-1.050868988037109375e+00
-5.040063858032226562e-01
-1.061561226844787598e+00
-6.032094955444335938e-01
-9.148367047309875488e-01
-7.957231998443603516e-01
-8.011422157287597656e-01
-5.023384094238281250e-01
-5.118773579597473145e-01
-8.019926548004150391e-01
-7.514821290969848633e-01
-9.662596583366394043e-01
-5.641361698508262634e-02
-9.580489993095397949e-01
-6.339755058288574219e-01
-6.986339092254638672e-01
-9.653204679489135742e-01
-6.472225189208984375e-01
-8.453680276870727539e-01
-1.042404651641845703e+00
-1.009685993194580078e+00
-1.127358317375183105e+00
