-9.692065715789794922e-01
-9.695615768432617188e-01
-1.107072114944458008e+00
-1.000059723854064941e+00
-9.558842778205871582e-01
-1.776243925094604492e+00
-7.862619757652282715e-01
-9.531733989715576172e-01
-6.221955418586730957e-01
-1.154047012329101562e+00
-8.372579813003540039e-01
-1.506793498992919922e+00
-1.449482083320617676e+00
-1.093829512596130371e+00
-1.487961411476135254e+00
-1.346020817756652832e+00
-1.260310173034667969e+00
-1.677909612655639648e+00
-1.065917611122131348e+00
-9.152376651763916016e-01
-1.146717429161071777e+00
-9.187308549880981445e-01
-1.291756033897399902e+00
-1.218080997467041016e+00
-1.098053097724914551e+00
-1.102287292480468750e+00
-1.251376390457153320e+00
-5.516320466995239258e-01
-1.226001381874084473e+00
-1.050186872482299805e+00
-1.109512329101562500e+00
-1.186528086662292480e+00
-8.998799324035644531e-01
-1.282990336418151855e+00
-2.460641562938690186e-01
-8.520254492759704590e-01
-7.406380772590637207e-01
-7.860473394393920898e-01
-1.433304309844970703e+00
-8.060110211372375488e-01
-6.874774098396301270e-01
-1.224274992942810059e+00
-1.390154004096984863e+00
-9.717618823051452637e-01
7.015676796436309814e-02
-1.238542556762695312e+00
-1.026324272155761719e+00
-8.333321809768676758e-01
-7.373887896537780762e-01
-1.624544143676757812e+00
-8.926062583923339844e-01
-6.039265990257263184e-01
-4.702178537845611572e-01
-9.575843811035156250e-01
-5.450776815414428711e-01
-1.058332324028015137e+00
-8.011996746063232422e-01
-1.426213860511779785e+00
-1.116695284843444824e+00
-5.082833766937255859e-01
-4.306946098804473877e-01
-8.673167228698730469e-01
-1.667205572128295898e+00
-1.128857851028442383e+00
-9.900242686271667480e-01
-1.346020221710205078e+00
-1.026147365570068359e+00
-6.398741602897644043e-01
-1.345402956008911133e+00
-8.773589730262756348e-01
-1.598180532455444336e+00
-9.756454229354858398e-01
-2.637143373489379883e+00
-1.253342866897583008e+00
-1.981202721595764160e+00
-1.117024779319763184e+00
-1.009452819824218750e+00
-1.607966065406799316e+00
-5.610178709030151367e-01
-4.813321530818939209e-01
-1.322524189949035645e+00
-1.563140869140625000e+00
-1.527471065521240234e+00
-1.761197090148925781e+00
-1.308905243873596191e+00
-1.471823215484619141e+00
-7.009474039077758789e-01
-8.675756454467773438e-01
-1.303712844848632812e+00
-7.762725353240966797e-01
-4.358164072036743164e-01
-5.228724479675292969e-01
-6.072823405265808105e-01
-6.439459919929504395e-01
-1.083612680435180664e+00
-9.227128028869628906e-01
-5.107508301734924316e-01
-1.429772377014160156e+00
-8.561012148857116699e-01
-1.393131256103515625e+00
