-1.367471814155578613e+00
-9.834911227226257324e-01
-5.872834920883178711e-01
-4.731170833110809326e-01
-1.136274814605712891e+00
-1.303153753280639648e+00
-6.859342455863952637e-01
-9.917203783988952637e-01
-1.009958148002624512e+00
-1.051149129867553711e+00
-1.288305163383483887e+00
-5.873789787292480469e-01
-8.244330286979675293e-01
-8.138702511787414551e-01
-5.196212530136108398e-01
-5.609710216522216797e-01
-1.129394054412841797e+00
-1.774713695049285889e-01
-7.538777589797973633e-01
-1.222262978553771973e+00
-6.883158087730407715e-01
-3.799792528152465820e-01
-6.548522114753723145e-01
-8.313912749290466309e-01
-4.216832220554351807e-01
-9.298396706581115723e-01
-1.018784999847412109e+00
-8.944351673126220703e-01
-7.239578962326049805e-01
-3.174824416637420654e-01
-4.823917448520660400e-01
-7.134559750556945801e-01
-6.815690398216247559e-01
-1.045102626085281372e-01
-4.278261065483093262e-01
-8.136344552040100098e-01
-1.014823555946350098e+00
-7.255835533142089844e-01
-2.462811172008514404e-01
-6.874639987945556641e-01
-4.610231220722198486e-01
-7.321074604988098145e-01
-5.964406579732894897e-02
-6.082252860069274902e-01
-7.433503270149230957e-01
-8.357252478599548340e-01
-8.327133059501647949e-01
-2.883617579936981201e-02
-1.170327544212341309e+00
-6.230786442756652832e-01
-5.784085988998413086e-01
-7.038256525993347168e-01
-5.086033940315246582e-01
-7.372754216194152832e-01
-5.397351980209350586e-01
-9.053099155426025391e-01
-1.172603726387023926e+00
-6.966547369956970215e-01
-7.142373323440551758e-01
-7.245529294013977051e-01
-1.343212127685546875e+00
-1.590074896812438965e-01
-6.764651536941528320e-01
-6.615089774131774902e-01
-9.226705431938171387e-01
-1.006752610206604004e+00
-5.535143017768859863e-01
-1.041662216186523438e+00
-5.850670933723449707e-01
-5.253580212593078613e-01
-4.634643793106079102e-01
-5.260849595069885254e-01
-2.999347746372222900e-01
-8.730001449584960938e-01
-7.112768292427062988e-01
-1.135886669158935547e+00
-8.691890835762023926e-01
-1.332692503929138184e+00
-6.350693702697753906e-01
-5.185006856918334961e-01
-3.452056646347045898e-01
-7.870547771453857422e-01
-9.749752283096313477e-01
-1.283622980117797852e+00
-1.219161391258239746e+00
-6.720073223114013672e-01
-8.956906795501708984e-01
-2.854522466659545898e-01
-6.043989062309265137e-01
-5.911079049110412598e-01
-8.629736900329589844e-01
-6.133717894554138184e-01
-3.246557712554931641e-01
-8.734762668609619141e-01
-1.066274523735046387e+00
-8.133667707443237305e-01
-6.931208968162536621e-01
-5.537682175636291504e-01
-1.036083698272705078e+00
-5.763033628463745117e-01
