-5.569105148315429688e-01
-5.747429728507995605e-01
-6.261540055274963379e-01
-5.547204613685607910e-01
-5.343044996261596680e-01
-5.188084244728088379e-01
-5.998059511184692383e-01
-6.299118995666503906e-01
-7.967730164527893066e-01
-3.152811825275421143e-01
-6.312471628189086914e-01
-7.169227004051208496e-01
-3.587221503257751465e-01
-6.133891344070434570e-01
-3.301915228366851807e-01
-4.878048002719879150e-01
-6.658110022544860840e-01
-3.669479191303253174e-01
-1.864643096923828125e-01
-4.198888838291168213e-01
-5.447125434875488281e-01
-2.131616473197937012e-01
-6.566833853721618652e-01
-8.738217353820800781e-01
-5.636150836944580078e-01
-5.468447804450988770e-01
-7.344548106193542480e-01
-2.995093464851379395e-01
-9.452289342880249023e-01
-3.347706496715545654e-01
-6.348694562911987305e-01
-5.768281221389770508e-01
-3.292002677917480469e-01
-7.654823660850524902e-01
-8.319210261106491089e-02
-6.884368658065795898e-01
-5.561320185661315918e-01
-6.447023749351501465e-01
-4.654915928840637207e-01
-5.694271922111511230e-01
-4.907686114311218262e-01
-5.174891948699951172e-01
-6.074236631393432617e-01
-8.843660354614257812e-01
-6.846443414688110352e-01
-2.836235463619232178e-01
-4.098652303218841553e-01
-8.239514827728271484e-01
-8.301044106483459473e-01
-4.363201856613159180e-01
-7.883577942848205566e-01
-6.267380118370056152e-01
-5.915986895561218262e-01
-5.122705101966857910e-01
-6.460126042366027832e-01
-6.378738284111022949e-01
-4.661814570426940918e-01
-4.084244966506958008e-01
-5.930827260017395020e-01
-3.006222546100616455e-01
-8.026461601257324219e-01
-3.685903549194335938e-01
-7.545124292373657227e-01
-2.940606772899627686e-01
-4.733485877513885498e-01
-6.052225232124328613e-01
-8.310824036598205566e-01
-3.097060918807983398e-01
-4.114198684692382812e-01
-1.450432240962982178e-01
-3.332713544368743896e-01
-4.691545665264129639e-01
-3.302156329154968262e-01
-7.391597032546997070e-01
-4.132040739059448242e-01
-7.999418973922729492e-01
-4.440637528896331787e-01
-2.771843373775482178e-01
-1.305901408195495605e-01
-6.111487746238708496e-01
-4.784486889839172363e-01
-8.344600200653076172e-01
-2.979762107133865356e-02
-2.949583828449249268e-01
-8.236562013626098633e-01
-4.986782371997833252e-01
-1.035043448209762573e-01
-1.712826192378997803e-01
-5.219202637672424316e-01
-3.615902960300445557e-01
-7.891849875450134277e-01
-4.216791689395904541e-01
-5.629560351371765137e-01
-7.139154076576232910e-01
-1.343790888786315918e-01
-3.913391232490539551e-01
-2.713848948478698730e-01
-5.095087885856628418e-01
-4.004444479942321777e-01
-1.307825446128845215e-01
