1.307174861431121826e-01
-1.174230501055717468e-01
1.480518132448196411e-01
2.028753757476806641e-01
-1.439861357212066650e-01
-7.595916092395782471e-02
-1.085506379604339600e-01
1.549284309148788452e-01
1.452108621597290039e-01
2.794304192066192627e-01
-1.705875843763351440e-01
6.757722795009613037e-02
2.042703479528427124e-01
-3.460651636123657227e-01
-7.502214610576629639e-02
-1.740022003650665283e-01
2.293517291545867920e-01
1.895587295293807983e-01
2.216700762510299683e-01
1.753888130187988281e-01
1.019453443586826324e-02
6.002105399966239929e-02
-5.985224619507789612e-02
-1.799775101244449615e-02
8.653471618890762329e-02
