-1.179375290870666504e+00
-5.465111136436462402e-01
-3.516867756843566895e-01
-1.274471044540405273e+00
-8.759735226631164551e-01
-1.045566797256469727e+00
-1.329061508178710938e+00
-6.204741001129150391e-01
-5.744563937187194824e-01
-1.008976936340332031e+00
-1.046051502227783203e+00
-1.235375523567199707e+00
-8.497960567474365234e-01
-1.144276857376098633e+00
-1.426961183547973633e+00
-1.331867098808288574e+00
-6.498103141784667969e-01
-1.008311152458190918e+00
-1.066711664199829102e+00
-1.076437830924987793e+00
-8.096622228622436523e-01
-1.203657746315002441e+00
-1.006273865699768066e+00
-6.201823949813842773e-01
-3.735399544239044189e-01
-1.130293607711791992e+00
-1.026510119438171387e+00
-1.313571691513061523e+00
-7.051023840904235840e-01
-8.342198133468627930e-01
-6.858053803443908691e-01
-9.743686914443969727e-01
-8.552320003509521484e-01
-5.043044686317443848e-01
-9.252247214317321777e-01
-1.157506704330444336e+00
-7.171119451522827148e-01
-9.800308346748352051e-01
-1.781886667013168335e-01
-9.986154437065124512e-01
-4.961814582347869873e-01
-5.925816297531127930e-01
-1.259518742561340332e+00
-1.005563139915466309e+00
-1.020416617393493652e+00
-6.907802224159240723e-01
-5.212106108665466309e-01
-1.638907432556152344e+00
-4.950195252895355225e-01
-1.481305480003356934e+00
-6.737203598022460938e-01
-1.034752964973449707e+00
-8.020773530006408691e-01
-9.106266498565673828e-01
-1.023104310035705566e+00
-1.016477823257446289e+00
-1.555092811584472656e+00
-7.427176833152770996e-01
-4.171826541423797607e-01
-1.317505836486816406e+00
-1.504108428955078125e+00
-8.415076136589050293e-01
-1.051738858222961426e+00
-8.326501250267028809e-01
-5.890042185783386230e-01
-1.206234812736511230e+00
-3.744512498378753662e-01
-7.263854742050170898e-01
-5.614778995513916016e-01
-7.467091083526611328e-01
-1.013875722885131836e+00
-6.171005964279174805e-01
-1.154412865638732910e+00
-9.076245427131652832e-01
-9.969151616096496582e-01
-1.293070316314697266e+00
-1.085795640945434570e+00
-1.010862708091735840e+00
-7.324662208557128906e-01
-3.266783654689788818e-01
-1.290560960769653320e+00
-1.430463910102844238e+00
-7.942416667938232422e-01
-1.064462661743164062e+00
-1.006688833236694336e+00
-1.120445728302001953e+00
-1.087824463844299316e+00
-6.845538616180419922e-01
-1.693019032478332520e+00
-1.154980659484863281e+00
-8.413072228431701660e-01
-1.068784475326538086e+00
-8.889939785003662109e-01
-7.881752848625183105e-01
-1.036937475204467773e+00
-3.438564240932464600e-01
-8.541330695152282715e-01
-1.320436358451843262e+00
-1.363764047622680664e+00
-1.200960516929626465e+00
