-2.637441083788871765e-02
-6.207029893994331360e-02
4.185563698410987854e-02
1.835866570472717285e-01
1.919365376234054565e-01
7.033362239599227905e-02
1.711294986307621002e-02
2.427654117345809937e-01
1.444189101457595825e-01
2.307969182729721069e-01
-6.399609893560409546e-02
1.694184690713882446e-01
5.991181358695030212e-02
7.233041524887084961e-02
-1.660837680101394653e-01
6.960742175579071045e-02
4.323235154151916504e-02
1.433697640895843506e-01
1.049935631453990936e-02
3.409911096096038818e-01
2.727282941341400146e-01
5.350121483206748962e-02
1.492867916822433472e-01
1.079380288720130920e-01
5.020992830395698547e-02
1.852897554636001587e-01
