-7.822305560111999512e-01
-7.387417554855346680e-01
-9.573917984962463379e-01
-4.561249315738677979e-01
-4.477505981922149658e-01
-4.262005686759948730e-01
-4.042448699474334717e-01
-6.395973563194274902e-01
-4.252790212631225586e-01
-5.622106790542602539e-01
-4.561069905757904053e-01
-5.326462388038635254e-01
-2.019176036119461060e-01
-6.331827044486999512e-01
-6.864821314811706543e-01
-7.760208845138549805e-01
-3.987573087215423584e-01
-5.305950045585632324e-01
-3.906320631504058838e-01
-8.565385937690734863e-01
-8.108028173446655273e-01
-5.661224126815795898e-01
-8.029524087905883789e-01
-6.625451445579528809e-01
-8.293871879577636719e-01
-7.634879946708679199e-01
-9.008355736732482910e-01
-6.273818016052246094e-01
-4.795447587966918945e-01
-4.654228687286376953e-01
-8.512677550315856934e-01
-6.149646043777465820e-01
-8.018075823783874512e-01
-1.041183590888977051e+00
-5.115642547607421875e-01
-3.664517104625701904e-01
-8.369560241699218750e-01
-8.354645371437072754e-01
-7.188849449157714844e-01
-5.433134436607360840e-01
-6.883145570755004883e-01
-4.780385196208953857e-01
-8.072940111160278320e-01
-5.525254607200622559e-01
-5.792710781097412109e-01
-4.895573258399963379e-01
-5.140154361724853516e-01
-8.373637795448303223e-01
-3.955003619194030762e-01
-1.012024879455566406e+00
-3.664936721324920654e-01
-2.228217273950576782e-01
-5.034025311470031738e-01
-5.547457337379455566e-01
-7.391516566276550293e-01
-5.656529664993286133e-01
-7.623375058174133301e-01
-5.488002896308898926e-01
-5.511421561241149902e-01
-5.817940831184387207e-01
-2.454892098903656006e-01
-7.811296582221984863e-01
-5.918419361114501953e-01
-6.809628605842590332e-01
-4.374000728130340576e-01
-8.358269929885864258e-01
-4.355638027191162109e-01
-4.168865680694580078e-01
-6.482790112495422363e-01
-6.949387788772583008e-01
-7.947000861167907715e-01
-1.696378886699676514e-01
-7.297644019126892090e-01
-3.301320970058441162e-01
-7.394362688064575195e-01
-5.836059451103210449e-01
-6.591936945915222168e-01
-2.555361390113830566e-01
-3.646894693374633789e-01
-5.378620028495788574e-01
-7.092239260673522949e-01
-5.433255434036254883e-01
-1.034753203392028809e+00
-8.072598576545715332e-01
-3.987547457218170166e-01
-6.382555365562438965e-01
-9.103268384933471680e-01
-6.662245988845825195e-01
2.003755420446395874e-02
-5.476402640342712402e-01
-9.273520708084106445e-01
-7.543633580207824707e-01
-4.005925953388214111e-01
-7.364164590835571289e-01
-2.939982116222381592e-01
-4.900019168853759766e-01
-7.100390791893005371e-01
-7.348573207855224609e-01
-8.508270978927612305e-01
-8.602957725524902344e-01
