2.143456339836120605e-01
-7.410176098346710205e-02
7.611072808504104614e-02
-1.358665376901626587e-01
2.014664858579635620e-01
1.920960098505020142e-01
2.020926028490066528e-01
2.776412963867187500e-01
1.854956150054931641e-01
9.734734892845153809e-02
9.050514549016952515e-02
-5.155995488166809082e-02
6.657801568508148193e-02
9.950165450572967529e-02
4.798619747161865234e-01
5.803586170077323914e-02
1.325866952538490295e-02
4.466043710708618164e-01
-5.630990117788314819e-02
1.377672851085662842e-01
6.884386390447616577e-02
1.315858513116836548e-01
-7.304258644580841064e-02
2.135876268148422241e-01
-2.249790914356708527e-02
7.242059335112571716e-03
3.595119342207908630e-02
