-5.825188010931015015e-02
1.055614650249481201e-01
3.309831395745277405e-02
2.252588719129562378e-01
1.735920459032058716e-01
1.954584270715713501e-01
2.927356027066707611e-02
1.854679137468338013e-01
7.614549249410629272e-03
3.201432526111602783e-01
3.179912567138671875e-01
1.715708076953887939e-01
9.520320594310760498e-02
2.279973821714520454e-03
2.839489467442035675e-02
2.481698691844940186e-01
1.203712299466133118e-01
-6.448898464441299438e-03
1.196527946740388870e-02
-6.839897483587265015e-02
2.587952651083469391e-02
1.486640870571136475e-01
-1.638389378786087036e-02
-5.868520960211753845e-02
-3.527806699275970459e-02
1.032591685652732849e-01
2.630384564399719238e-01
