-1.758394956588745117e+00
-2.848195433616638184e-01
-9.039280414581298828e-01
-1.139068245887756348e+00
-1.588038921356201172e+00
-1.731394529342651367e+00
-8.289021849632263184e-01
-1.044422864913940430e+00
-1.047090888023376465e+00
-1.159474730491638184e+00
-7.624793648719787598e-01
-1.376217961311340332e+00
-9.770595431327819824e-01
-1.018031835556030273e+00
-1.385335445404052734e+00
-1.200303196907043457e+00
-8.688032031059265137e-01
-1.019902229309082031e+00
-7.257820367813110352e-01
-7.337790727615356445e-01
-1.123843550682067871e+00
-1.521631121635437012e+00
-9.227641820907592773e-01
-1.083600044250488281e+00
-8.925144076347351074e-01
-1.248839974403381348e+00
-1.473779797554016113e+00
-8.809724450111389160e-01
-1.303395390510559082e+00
-1.320891737937927246e+00
-1.254752516746520996e+00
-8.900311589241027832e-01
-8.327531218528747559e-01
-1.216372609138488770e+00
-1.100002884864807129e+00
-1.504038333892822266e+00
-1.325805187225341797e+00
-6.600447893142700195e-01
-1.053345441818237305e+00
-1.096110343933105469e+00
-1.141034722328186035e+00
-1.054015994071960449e+00
-1.094199419021606445e+00
-8.567278981208801270e-01
-6.312630772590637207e-01
-9.796680808067321777e-01
-9.756932258605957031e-01
-7.742093205451965332e-01
-9.822743535041809082e-01
-6.258242130279541016e-01
-5.493395924568176270e-01
-6.243737936019897461e-01
-9.938061237335205078e-01
-9.824596047401428223e-01
-8.933075070381164551e-01
-7.835189104080200195e-01
-4.053487181663513184e-01
-9.552071094512939453e-01
-4.309008717536926270e-01
-2.254218906164169312e-01
-9.642073512077331543e-01
-9.736803770065307617e-01
-8.614014983177185059e-01
-1.012266397476196289e+00
-9.828057885169982910e-01
-7.833076119422912598e-01
-1.271397471427917480e+00
-9.608542323112487793e-01
-7.479357719421386719e-01
-6.478592753410339355e-01
-1.503955125808715820e+00
-3.437966108322143555e-01
-6.648120880126953125e-01
-1.384654402732849121e+00
-8.491370677947998047e-01
-7.908382415771484375e-01
-6.640366315841674805e-01
-1.354275703430175781e+00
-6.915594935417175293e-01
-6.870334148406982422e-01
-8.012881875038146973e-01
-1.255389809608459473e+00
-1.149563550949096680e+00
-1.523008465766906738e+00
-8.406034708023071289e-01
-8.142525553703308105e-01
-6.255320310592651367e-01
-1.277825474739074707e+00
-1.164729356765747070e+00
-1.372013926506042480e+00
-7.881486415863037109e-01
-2.006818294525146484e+00
-1.820626735687255859e+00
-5.150169134140014648e-01
-6.888632774353027344e-01
-9.510223269462585449e-01
-4.454660713672637939e-01
-1.050768971443176270e+00
-7.445852756500244141e-01
-1.262956142425537109e+00
