-7.931096851825714111e-02
4.567014425992965698e-02
-3.692382201552391052e-02
1.849627047777175903e-01
1.772663742303848267e-01
7.213430013507604599e-03
5.706372112035751343e-02
9.184788912534713745e-03
8.214891701936721802e-02
1.440696120262145996e-01
-4.093772917985916138e-02
-9.288299828767776489e-03
4.517484456300735474e-02
-4.735197871923446655e-02
1.133840065449476242e-02
6.547830067574977875e-03
1.470748931169509888e-01
-1.190204173326492310e-01
3.939198330044746399e-03
2.475923001766204834e-01
1.321935057640075684e-01
-1.356154531240463257e-01
4.821470379829406738e-02
1.186439022421836853e-01
