1.073692142963409424e-01
1.808954626321792603e-01
-2.871898002922534943e-02
1.448564976453781128e-01
1.968335807323455811e-01
2.762436680495738983e-02
7.451613247394561768e-02
4.218024015426635742e-02
-2.690082490444183350e-01
-1.426657289266586304e-01
2.464473992586135864e-01
3.474689647555351257e-02
2.040276974439620972e-01
8.000127226114273071e-02
-3.210122929885983467e-03
1.660190373659133911e-01
1.704568602144718170e-02
-7.532811164855957031e-02
2.481480985879898071e-01
1.888646371662616730e-02
3.879723250865936279e-01
-2.088043838739395142e-02
-1.033855974674224854e-01
6.738901883363723755e-02
