-8.075066804885864258e-01
-1.037466764450073242e+00
-3.682242929935455322e-01
-7.099859714508056641e-01
-8.745037913322448730e-01
-5.055223703384399414e-01
-8.338215947151184082e-01
-9.422558546066284180e-01
-5.881525278091430664e-01
-6.099617481231689453e-01
-2.235354185104370117e-01
-8.603905439376831055e-01
-8.899843096733093262e-01
-7.746089100837707520e-01
-8.683701753616333008e-01
-6.458255648612976074e-01
-6.219386458396911621e-01
-9.652399420738220215e-01
-6.428002119064331055e-01
-6.623089313507080078e-01
-1.078444361686706543e+00
-6.595303416252136230e-01
-7.909042835235595703e-01
-2.885010242462158203e-01
-4.579375386238098145e-01
-7.484757900238037109e-01
-6.781138181686401367e-01
-1.010281205177307129e+00
-7.551795244216918945e-01
-2.509977221488952637e-01
-5.814388990402221680e-01
-8.627910017967224121e-01
-8.194805383682250977e-01
-2.420465797185897827e-01
-1.699651032686233521e-01
-5.664291977882385254e-01
-7.647275328636169434e-01
-2.823799550533294678e-01
-1.071841835975646973e+00
-8.095265626907348633e-01
-9.099029302597045898e-01
-7.225689291954040527e-01
-9.355145692825317383e-01
-9.703149199485778809e-01
-4.501153826713562012e-01
-6.905226707458496094e-01
-9.069523215293884277e-01
-6.959369778633117676e-01
-5.697234869003295898e-01
-9.516938924789428711e-01
-6.479513645172119141e-01
-8.899899125099182129e-01
-2.831818461418151855e-01
-3.448396921157836914e-01
-6.645470857620239258e-01
-7.012891769409179688e-01
-3.129198551177978516e-01
-6.516129970550537109e-01
-5.201779007911682129e-01
-4.314022958278656006e-01
-8.272772431373596191e-01
-6.306812167167663574e-01
-8.679970502853393555e-01
-7.454259395599365234e-01
-9.581900238990783691e-01
-8.579224348068237305e-01
-8.417024016380310059e-01
-4.407933950424194336e-01
-8.215540051460266113e-01
-5.680650472640991211e-01
-7.660284638404846191e-01
-4.780244827270507812e-01
-7.541649341583251953e-01
-6.509311795234680176e-01
-6.438391208648681641e-01
-9.766101241111755371e-01
-3.679164350032806396e-01
-7.362071871757507324e-01
-7.411401867866516113e-01
-5.913168787956237793e-01
-6.716239452362060547e-01
-8.905795812606811523e-01
-7.834833860397338867e-01
-7.138703465461730957e-01
-2.073140591382980347e-01
-8.066303133964538574e-01
-8.800396323204040527e-01
-3.619324862957000732e-01
-9.135483503341674805e-01
-8.741361498832702637e-01
-6.060590744018554688e-01
-8.903338909149169922e-01
-8.253579735755920410e-01
-7.677405476570129395e-01
-2.442843019962310791e-01
-7.159898877143859863e-01
-8.565058708190917969e-01
-6.152000427246093750e-01
-1.134490013122558594e+00
-8.539520502090454102e-01
