-8.740857839584350586e-01
-4.854535758495330811e-01
-1.009883999824523926e+00
-8.043290376663208008e-01
-1.194650173187255859e+00
-6.049305796623229980e-01
-7.226434350013732910e-01
-4.268075227737426758e-01
-8.573499321937561035e-01
-2.534939050674438477e-01
-4.178604185581207275e-01
-4.915922284126281738e-01
-6.605217456817626953e-01
-9.981809854507446289e-01
-6.999667286872863770e-01
-2.883592844009399414e-01
-1.195605635643005371e+00
-8.659764528274536133e-01
-4.816231429576873779e-01
-1.277001857757568359e+00
-7.864727377891540527e-01
-8.924326896667480469e-01
-7.955258488655090332e-01
-7.602216601371765137e-01
-6.058341860771179199e-01
-7.530601620674133301e-01
-8.330590128898620605e-01
-9.043798446655273438e-01
-6.979141831398010254e-01
-9.226229786872863770e-01
-5.248870253562927246e-01
-6.588616371154785156e-01
-4.499648511409759521e-01
-9.714612364768981934e-01
-4.801802039146423340e-01
-2.932772934436798096e-01
-8.349622488021850586e-01
-4.463250935077667236e-01
-8.676366806030273438e-01
-7.468827366828918457e-01
-6.026490330696105957e-01
-1.229835748672485352e+00
-7.283101677894592285e-01
-5.211470723152160645e-01
-6.099806427955627441e-01
-1.122375249862670898e+00
-1.043242335319519043e+00
-8.914646506309509277e-01
-5.910859704017639160e-01
-5.114381313323974609e-01
-1.005543947219848633e+00
-1.078993916511535645e+00
-8.583974242210388184e-01
-7.626186609268188477e-01
-5.851757526397705078e-01
-6.383768916130065918e-01
-3.255109190940856934e-01
-1.192753195762634277e+00
-5.632808804512023926e-01
-2.210017144680023193e-01
-1.018478989601135254e+00
-1.100783348083496094e+00
-2.613967955112457275e-01
-1.058979272842407227e+00
-6.790586709976196289e-01
-7.948239445686340332e-01
-8.899253606796264648e-01
-6.328140497207641602e-01
-7.447218894958496094e-01
-9.214610457420349121e-01
-5.852293372154235840e-01
-6.515217423439025879e-01
-6.913441419601440430e-01
-6.202918291091918945e-01
-7.241266369819641113e-01
-1.717412322759628296e-01
-1.266619086265563965e+00
-1.400631904602050781e+00
-4.889186024665832520e-01
-1.279997587203979492e+00
-6.396604776382446289e-01
-6.466917991638183594e-01
-8.790113329887390137e-01
-5.633388757705688477e-01
-2.731279730796813965e-01
-3.963938355445861816e-01
-3.106533586978912354e-01
-6.043304800987243652e-01
-1.095728754997253418e+00
-6.675410270690917969e-01
-8.712113499641418457e-01
-5.980803966522216797e-01
-7.769022583961486816e-01
-7.127658128738403320e-01
-8.702490329742431641e-01
-5.703737735748291016e-01
-8.871263265609741211e-01
-7.936284542083740234e-01
-4.943018853664398193e-01
-1.076011776924133301e+00
