2.714953422546386719e-01
-1.058035790920257568e-01
7.799389213323593140e-02
1.120723932981491089e-01
8.911161683499813080e-03
5.368899088352918625e-03
4.963319748640060425e-02
-5.102407187223434448e-02
-1.076750978827476501e-01
-1.505079269409179688e-01
7.370608393102884293e-03
5.714458972215652466e-02
8.539893478155136108e-02
-6.847176700830459595e-02
-3.416847612243145704e-04
1.197007298469543457e-02
-3.025599941611289978e-02
5.262709036469459534e-02
1.744852960109710693e-01
6.840857118368148804e-02
-1.036774367094039917e-02
-1.713810116052627563e-01
1.032423675060272217e-01
8.845741301774978638e-02
