-1.282631278038024902e+00
-3.688022494316101074e-01
-4.605547785758972168e-01
-5.311484336853027344e-01
-8.799618482589721680e-01
-1.232424139976501465e+00
-1.323791265487670898e+00
-7.718044519424438477e-01
-7.525201439857482910e-01
-1.650146842002868652e+00
-1.258599877357482910e+00
-1.182676315307617188e+00
-9.574260711669921875e-01
-7.644233107566833496e-01
-4.595649242401123047e-01
-1.484103918075561523e+00
-1.598790526390075684e+00
-1.495133638381958008e+00
-6.413029432296752930e-01
-8.149399161338806152e-01
-1.028817057609558105e+00
-1.125597834587097168e+00
-1.572547554969787598e+00
-1.310091257095336914e+00
-1.686232805252075195e+00
-1.039197802543640137e+00
-1.267019748687744141e+00
-1.208579540252685547e+00
-9.481025338172912598e-01
-1.399847269058227539e+00
-1.182230710983276367e+00
-1.236273765563964844e+00
-1.009741663932800293e+00
-7.753397226333618164e-01
-1.376409888267517090e+00
-1.367540240287780762e+00
-6.712909340858459473e-01
-7.552089691162109375e-01
-9.960230588912963867e-01
-1.637382745742797852e+00
-8.356926441192626953e-01
-6.478669643402099609e-01
-1.070632457733154297e+00
-1.057603597640991211e+00
-3.714031279087066650e-01
-4.499959647655487061e-01
-1.225487232208251953e+00
-8.794021010398864746e-01
-1.240023136138916016e+00
-5.513193011283874512e-01
-2.711945474147796631e-01
-1.054763555526733398e+00
-9.911034107208251953e-01
-7.724467515945434570e-01
-8.350013494491577148e-01
-5.722977519035339355e-01
-6.463657617568969727e-01
-6.939684748649597168e-01
-9.022098183631896973e-01
-1.004293918609619141e+00
-1.074554562568664551e+00
-1.217588543891906738e+00
-1.194690465927124023e+00
-1.060816764831542969e+00
-1.127300500869750977e+00
-7.087299823760986328e-01
-1.422959327697753906e+00
-1.068216204643249512e+00
-1.157507538795471191e+00
-8.795000910758972168e-01
-1.014062762260437012e+00
-1.155775785446166992e+00
-1.258036494255065918e+00
-1.237241625785827637e+00
-1.003000617027282715e+00
-1.307290554046630859e+00
-8.268721103668212891e-01
-7.756643891334533691e-01
-1.310088992118835449e+00
-1.015952587127685547e+00
-6.424143910408020020e-01
-1.108349442481994629e+00
-1.232544898986816406e+00
-1.420589923858642578e+00
-1.171579122543334961e+00
-9.607213139533996582e-01
-1.471741199493408203e+00
-1.063314914703369141e+00
-8.268963694572448730e-01
-1.427466571331024170e-01
-1.093216896057128906e+00
-6.611972451210021973e-01
-6.809383034706115723e-01
-1.031854748725891113e+00
-9.346987605094909668e-01
-9.799355268478393555e-01
-1.042207479476928711e+00
-8.782290816307067871e-01
-4.678629040718078613e-01
-1.240938186645507812e+00
