1.571674644947052002e-01
-2.967681288719177246e-01
1.379080563783645630e-01
1.056396514177322388e-01
1.871344894170761108e-01
-3.786337375640869141e-02
3.168289065361022949e-01
-6.699067354202270508e-02
-6.915721297264099121e-02
1.812490075826644897e-01
7.349795848131179810e-02
5.025609955191612244e-02
8.431159704923629761e-02
6.624045222997665405e-02
-2.943669259548187256e-02
-2.571474909782409668e-01
1.754167824983596802e-01
8.049380034208297729e-03
-6.650610268115997314e-02
-7.553444243967533112e-03
1.076621860265731812e-01
1.140616685152053833e-01
7.109217694960534573e-04
2.216955125331878662e-01
2.554789483547210693e-01
