8.971624076366424561e-02
1.184575259685516357e-01
4.001721739768981934e-02
3.106573522090911865e-01
1.821447163820266724e-01
9.503652900457382202e-02
-1.191511601209640503e-01
8.200186491012573242e-02
3.697948902845382690e-02
2.850100398063659668e-02
4.558045268058776855e-01
-1.823362708091735840e-01
8.637348562479019165e-02
9.400556981563568115e-02
1.002854555845260620e-01
-3.622878342866897583e-02
1.570922583341598511e-01
7.315133512020111084e-02
-6.504495441913604736e-02
1.038281396031379700e-01
2.242830544710159302e-01
-4.570822045207023621e-02
8.810617774724960327e-02
1.822726726531982422e-01
3.882972002029418945e-01
1.212457641959190369e-01
