-3.586873412132263184e-03
-2.741853594779968262e-01
-1.006024032831192017e-01
6.191722676157951355e-02
1.507621109485626221e-01
9.586777538061141968e-02
3.726069331169128418e-01
-5.784933269023895264e-02
2.166979312896728516e-01
-1.099390015006065369e-01
3.273304998874664307e-01
-5.070098862051963806e-02
1.159531772136688232e-01
8.517390489578247070e-02
-9.536219388246536255e-02
-2.068939507007598877e-01
-8.783680945634841919e-02
-1.475182771682739258e-01
-9.078085422515869141e-02
6.307836621999740601e-02
7.125763595104217529e-02
1.517039835453033447e-01
1.081596538424491882e-01
-5.056672263890504837e-03
-2.268839627504348755e-01
