1.999205350875854492e-01
6.082651205360889435e-03
8.444122970104217529e-02
-1.120370179414749146e-01
1.847278028726577759e-01
1.843535453081130981e-01
3.518036305904388428e-01
8.399470150470733643e-02
4.874964803457260132e-02
-6.462187319993972778e-02
1.900319766718894243e-04
1.401373557746410370e-02
-1.564990431070327759e-01
9.742915630340576172e-02
-5.972115695476531982e-02
3.660899400711059570e-01
1.805686042644083500e-03
-1.362855881452560425e-01
-7.665388286113739014e-02
1.239463388919830322e-01
5.096554756164550781e-01
1.553900092840194702e-01
3.033414185047149658e-01
2.811265289783477783e-01
2.267891466617584229e-01
