9.154668450355529785e-02
-5.834650713950395584e-03
8.650262653827667236e-02
1.173249632120132446e-01
-4.365345463156700134e-02
-1.446680724620819092e-01
1.869516670703887939e-01
-7.741851359605789185e-02
-6.453419476747512817e-02
3.711276501417160034e-02
-8.565960079431533813e-02
-6.100728735327720642e-02
2.832248061895370483e-02
-2.093440294265747070e-01
-9.685896337032318115e-02
6.020003557205200195e-02
-1.082814261317253113e-01
9.291764348745346069e-02
-5.362519994378089905e-02
-6.974131613969802856e-02
-6.082388013601303101e-02
-3.143194317817687988e-02
-1.180757675319910049e-02
9.570731222629547119e-02
-2.684626914560794830e-02
