-1.484482645988464355e+00
-6.061080098152160645e-01
-1.228615999221801758e+00
-9.528242349624633789e-01
-1.048655629158020020e+00
-7.313989400863647461e-01
-5.642701983451843262e-01
-5.498274564743041992e-01
-9.267348051071166992e-01
-6.998046040534973145e-01
-5.167947411537170410e-01
-1.354342818260192871e+00
-1.012438535690307617e+00
-1.213717341423034668e+00
-1.000264167785644531e+00
-1.117717623710632324e+00
-1.456778168678283691e+00
-1.170802116394042969e+00
-1.252698421478271484e+00
-1.136997580528259277e+00
-1.523268103599548340e+00
-1.310744881629943848e+00
-1.400900602340698242e+00
-1.028225898742675781e+00
-1.242307305335998535e+00
-6.584661602973937988e-01
-1.270253777503967285e+00
-6.395441889762878418e-01
-2.634216248989105225e-01
-1.105378866195678711e+00
-1.141355276107788086e+00
-1.183311223983764648e+00
-1.024613142013549805e+00
-5.450094938278198242e-01
-7.482289671897888184e-01
-9.947730898857116699e-01
-1.796522259712219238e+00
-1.365868091583251953e+00
-7.062249779701232910e-01
-8.133207559585571289e-01
-6.583290696144104004e-01
-1.013328433036804199e+00
-9.779562354087829590e-01
-5.804975032806396484e-01
-1.171760916709899902e+00
-7.269790768623352051e-01
-1.035980939865112305e+00
-6.024206876754760742e-01
-9.472593069076538086e-01
-8.522076010704040527e-01
-1.000526547431945801e+00
-7.979366779327392578e-01
-1.198490500450134277e+00
-5.247825384140014648e-01
-6.828519105911254883e-01
-8.420424461364746094e-01
-9.543182849884033203e-01
-8.343332409858703613e-01
-1.163199543952941895e+00
-7.342636585235595703e-01
-1.157748818397521973e+00
-6.263775229454040527e-01
-1.021289110183715820e+00
-7.252812981605529785e-01
-5.194944739341735840e-01
-1.227768063545227051e+00
-1.648965716361999512e+00
-1.256627202033996582e+00
-5.940561294555664062e-01
-6.405958533287048340e-01
-8.246927261352539062e-01
-8.903351426124572754e-01
-9.935220479965209961e-01
-8.085877895355224609e-01
-6.915623545646667480e-01
-1.398786187171936035e+00
-9.427469372749328613e-01
-1.008768200874328613e+00
-1.084008455276489258e+00
-8.538819551467895508e-01
-9.852586388587951660e-01
-1.476532697677612305e+00
-8.547017574310302734e-01
-8.213133811950683594e-01
-8.308622837066650391e-01
-8.558823466300964355e-01
-7.616050243377685547e-01
-5.478293299674987793e-01
-1.719291508197784424e-02
-9.547323584556579590e-01
-7.426812052726745605e-01
-9.805253148078918457e-01
-6.563801169395446777e-01
-1.513254165649414062e+00
-8.934817910194396973e-01
-1.026098847389221191e+00
-9.634410142898559570e-01
-8.406485915184020996e-01
-9.365308880805969238e-01
-4.585843980312347412e-01
