-7.125301957130432129e-01
-4.005508124828338623e-01
-6.298035383224487305e-01
-9.339239597320556641e-01
-4.060054421424865723e-01
-8.834527730941772461e-01
-8.483216166496276855e-01
-9.125036001205444336e-01
-3.231746554374694824e-01
-6.843275427818298340e-01
-2.105804979801177979e-01
-5.227541327476501465e-01
-6.155214309692382812e-01
-3.516370952129364014e-01
-4.837915301322937012e-01
-5.205864906311035156e-01
-6.736568808555603027e-01
-6.725770831108093262e-01
-3.555382788181304932e-01
-5.979190468788146973e-01
-2.508349418640136719e-01
-4.811396300792694092e-01
-6.643165946006774902e-01
-7.407456040382385254e-01
-4.747464060783386230e-01
-4.263863861560821533e-01
-3.577352166175842285e-01
-6.928652524948120117e-01
-7.709112763404846191e-01
-4.338079690933227539e-01
-4.159547686576843262e-01
-5.854449868202209473e-01
-4.777579903602600098e-01
-5.861983895301818848e-01
-7.234419584274291992e-01
-7.352367639541625977e-01
-9.384144097566604614e-02
-4.644754528999328613e-01
-6.273209452629089355e-01
-8.957718014717102051e-01
-7.047129869461059570e-01
-4.840573668479919434e-01
-6.752637624740600586e-01
-6.986783146858215332e-01
-7.071469426155090332e-01
-8.167312741279602051e-01
-1.065914154052734375e+00
-8.346829414367675781e-01
-2.740266323089599609e-01
-5.529204607009887695e-01
-1.169960021972656250e+00
-6.284801959991455078e-01
-5.855931043624877930e-01
-8.877602815628051758e-01
-2.371233105659484863e-01
-3.249808847904205322e-01
-4.701366126537322998e-01
-6.991965174674987793e-01
-7.031277418136596680e-01
-6.725378632545471191e-01
-4.526374340057373047e-01
-1.538051962852478027e-01
-4.660834372043609619e-01
-7.421132326126098633e-01
-4.153329133987426758e-01
-5.856682658195495605e-01
-5.361481308937072754e-01
-1.705110222101211548e-01
-3.565306365489959717e-01
-1.646047979593276978e-01
-5.519670248031616211e-01
-7.231455445289611816e-01
-4.935793280601501465e-01
-4.856386780738830566e-01
-4.431427717208862305e-01
-6.254013776779174805e-01
-4.485866427421569824e-01
-2.933374643325805664e-01
-2.913440763950347900e-01
-5.859112143516540527e-01
-7.694056034088134766e-01
-3.684902489185333252e-01
-5.298852324485778809e-01
-6.135937571525573730e-01
-2.900412380695343018e-01
-5.058022141456604004e-01
-3.256907165050506592e-01
-4.849857091903686523e-01
-6.009111404418945312e-01
-6.990764737129211426e-01
-6.161668896675109863e-01
-6.629363298416137695e-01
-5.318314433097839355e-01
-4.626591503620147705e-01
-1.638881415128707886e-01
-7.951324582099914551e-01
-8.775948286056518555e-01
-3.520539999008178711e-01
-6.267489194869995117e-01
-8.559210896492004395e-01
