1.977062076330184937e-01
3.539697732776403427e-03
-1.175407320261001587e-01
7.513104379177093506e-02
1.668366789817810059e-01
-2.878431044518947601e-02
2.099485397338867188e-01
1.985682249069213867e-01
1.712694615125656128e-01
3.918793424963951111e-02
-2.526173368096351624e-02
1.273132711648941040e-01
8.864172548055648804e-02
1.487571299076080322e-01
5.404107645153999329e-02
9.994175285100936890e-02
1.275346726179122925e-01
1.863374263048171997e-01
1.798478513956069946e-01
-5.849821493029594421e-02
7.038751244544982910e-02
-1.164026334881782532e-01
2.263306528329849243e-01
-3.864780068397521973e-02
5.860675871372222900e-02
1.630010008811950684e-01
