3.109578490257263184e-01
3.575361147522926331e-02
1.002488955855369568e-01
1.628493703901767731e-02
1.438155118376016617e-02
9.719598293304443359e-02
-1.575071513652801514e-01
1.627843528985977173e-01
1.675882935523986816e-01
4.841167107224464417e-02
4.299264401197433472e-02
-4.946218803524971008e-02
-7.999029755592346191e-02
2.190418355166912079e-02
1.209429837763309479e-02
1.430562138557434082e-01
1.999368518590927124e-01
8.784750849008560181e-02
-1.597837209701538086e-01
9.845131635665893555e-02
8.346863090991973877e-02
-2.250533737242221832e-02
-1.398225873708724976e-01
1.475266665220260620e-01
2.638403475284576416e-01
-5.101106315851211548e-02
1.913733631372451782e-01
