-1.339134693145751953e+00
-1.098503112792968750e+00
-1.342065572738647461e+00
-1.530733227729797363e+00
-1.038513183593750000e+00
-7.783964872360229492e-01
-1.239884257316589355e+00
-1.212781190872192383e+00
-5.316776633262634277e-01
-3.161607384681701660e-01
-1.341749668121337891e+00
-7.744556665420532227e-01
-1.056621909141540527e+00
-1.619181632995605469e+00
-1.309401035308837891e+00
-6.775831580162048340e-01
-1.408285021781921387e+00
-1.389314293861389160e+00
-9.801810383796691895e-01
-7.857736349105834961e-01
-5.779931545257568359e-01
-1.088094949722290039e+00
-1.640859007835388184e+00
-7.838151454925537109e-01
-7.808936834335327148e-01
-5.285137891769409180e-01
-5.009481906890869141e-01
-1.010771036148071289e+00
-1.346497893333435059e+00
-4.225267171859741211e-01
-6.474869847297668457e-01
-7.510730624198913574e-01
-1.349714636802673340e+00
-1.054605841636657715e+00
-1.166086435317993164e+00
-4.780850112438201904e-01
-6.200217008590698242e-01
-1.166224122047424316e+00
-3.499689102172851562e-01
-1.036548972129821777e+00
-6.978961229324340820e-01
-1.491251707077026367e+00
-1.516081333160400391e+00
-2.667197883129119873e-01
-1.166743755340576172e+00
-1.043137669563293457e+00
-6.752776503562927246e-01
-8.475681543350219727e-01
-4.639901518821716309e-01
-9.304146766662597656e-01
-1.088202953338623047e+00
-1.270336270332336426e+00
-8.677164316177368164e-01
-1.110894799232482910e+00
-1.191233634948730469e+00
-9.140025973320007324e-01
-1.350705862045288086e+00
-1.430566549301147461e+00
-3.235235512256622314e-01
-6.149512529373168945e-01
-1.634139537811279297e+00
-1.306638240814208984e+00
-8.844512701034545898e-01
-7.088081240653991699e-01
-5.171251296997070312e-01
-1.210062265396118164e+00
-4.092027842998504639e-01
-1.375736117362976074e+00
-1.451758742332458496e+00
-1.096921682357788086e+00
-1.430033683776855469e+00
-1.079025983810424805e+00
-9.918742775917053223e-01
-1.358720302581787109e+00
-1.415699958801269531e+00
-1.516166448593139648e+00
-3.366619944572448730e-01
-1.250494837760925293e+00
-8.889995217323303223e-01
-1.938808858394622803e-01
-1.062382340431213379e+00
-1.024532675743103027e+00
-9.263059496879577637e-01
-8.720073699951171875e-01
-8.740180134773254395e-01
-4.683387875556945801e-01
-1.354435920715332031e+00
-8.678072690963745117e-01
-1.105547070503234863e+00
-3.613007962703704834e-01
-7.812210917472839355e-01
-8.499068617820739746e-01
-6.571045517921447754e-01
-1.270472884178161621e+00
-1.491305828094482422e+00
-9.073228240013122559e-01
-5.922837257385253906e-01
-1.574706673622131348e+00
-1.275422930717468262e+00
-1.026770710945129395e+00
