1.228066459298133850e-01
-9.365901350975036621e-02
1.324868798255920410e-01
9.920043498277664185e-02
-9.760762006044387817e-02
-1.144454181194305420e-01
1.177489086985588074e-01
-1.603449434041976929e-01
-1.196377500891685486e-01
5.544740706682205200e-02
3.318914026021957397e-02
2.325926162302494049e-02
1.296797096729278564e-01
1.526221632957458496e-01
-1.009524911642074585e-01
1.649695076048374176e-02
8.400925993919372559e-02
1.886920034885406494e-01
-2.922284044325351715e-02
1.524424105882644653e-01
9.455864876508712769e-02
4.382805153727531433e-02
1.170376315712928772e-01
1.152311414480209351e-01
1.325044929981231689e-01
-1.333914399147033691e-01
