-1.143930107355117798e-01
-1.977767981588840485e-02
-1.516878157854080200e-01
-2.093674056231975555e-02
1.596785522997379303e-02
-1.013655886054039001e-01
1.640578061342239380e-01
1.189571470022201538e-01
2.944796383380889893e-01
1.249931454658508301e-01
-6.824290752410888672e-02
1.296754181385040283e-01
3.075584471225738525e-01
-1.194340139627456665e-01
-9.275905042886734009e-02
-9.190507978200912476e-02
-4.528074711561203003e-02
5.196998827159404755e-03
1.253783851861953735e-01
7.719422131776809692e-02
1.077401265501976013e-01
5.199857801198959351e-02
1.550487615168094635e-02
7.075165212154388428e-02
-7.726451754570007324e-02
6.850596517324447632e-02
