1.882816255092620850e-01
-9.363063424825668335e-02
-1.022065207362174988e-01
-8.684270083904266357e-02
-9.916365146636962891e-02
1.603572666645050049e-01
1.376863270998001099e-01
2.223138213157653809e-01
-5.553246662020683289e-02
1.054686680436134338e-01
-5.463317502290010452e-03
9.617192298173904419e-02
-9.214070439338684082e-02
6.658351776422932744e-05
4.529958963394165039e-02
1.092617064714431763e-01
-9.283296763896942139e-02
2.749395184218883514e-02
6.668513268232345581e-02
3.931177854537963867e-01
-3.673059865832328796e-02
-3.404420614242553711e-02
2.075245827436447144e-01
2.598759233951568604e-01
-6.443544477224349976e-02
-8.858602494001388550e-02
