-6.125370860099792480e-01
-8.638494610786437988e-01
-9.851626157760620117e-01
-6.017639636993408203e-01
-1.073171019554138184e+00
-1.164505124092102051e+00
-4.347899556159973145e-01
-1.454888939857482910e+00
-9.746968746185302734e-01
-1.119974493980407715e+00
-1.059099197387695312e+00
-1.461583971977233887e+00
-9.672275185585021973e-01
-1.228328585624694824e+00
-5.008862018585205078e-01
-1.542336344718933105e+00
-1.081594944000244141e+00
-6.756929159164428711e-01
-8.275343179702758789e-01
-8.371774554252624512e-01
-5.316109657287597656e-01
-1.471628785133361816e+00
-8.272567391395568848e-01
-1.313619732856750488e+00
-1.246940732002258301e+00
-9.512481093406677246e-01
-1.122026562690734863e+00
-4.798861742019653320e-01
-2.013381004333496094e+00
-1.294812917709350586e+00
-9.391835927963256836e-01
-1.592061758041381836e+00
-1.350943326950073242e+00
-1.110990762710571289e+00
-3.822738528251647949e-01
-1.257125139236450195e+00
-1.118201613426208496e+00
-1.140718102455139160e+00
-1.161885142326354980e+00
-1.400981783866882324e+00
-1.177191972732543945e+00
-9.980629682540893555e-01
-1.086898922920227051e+00
-9.617340564727783203e-01
-1.243214845657348633e+00
-7.547466158866882324e-01
-1.105915546417236328e+00
-1.041668176651000977e+00
-1.027308821678161621e+00
-6.234523057937622070e-01
-1.123917102813720703e+00
-7.374754548072814941e-01
-1.678180694580078125e+00
-7.566621303558349609e-01
-8.670403361320495605e-01
-7.608914971351623535e-01
-7.273675799369812012e-01
-8.625318408012390137e-01
-9.633690118789672852e-01
-6.918939948081970215e-01
-6.836948394775390625e-01
-1.525619506835937500e+00
-9.546964764595031738e-01
-1.234362721443176270e+00
-1.139230489730834961e+00
-1.566449522972106934e+00
-8.795683383941650391e-01
-8.358821272850036621e-01
-1.517784476280212402e+00
-8.206812143325805664e-01
-3.975887894630432129e-01
-9.797608256340026855e-01
-1.290758013725280762e+00
-1.117808103561401367e+00
-6.049415469169616699e-01
-9.123941063880920410e-01
-3.356688320636749268e-01
-1.021151542663574219e+00
-1.018944144248962402e+00
-1.932101845741271973e-01
-7.280638813972473145e-01
-7.169817686080932617e-01
-8.234904408454895020e-01
-6.035454869270324707e-01
-1.070101976394653320e+00
-1.135373353958129883e+00
-7.353479266166687012e-01
-1.032601594924926758e+00
-6.648670434951782227e-01
-1.254908800125122070e+00
-1.904966533184051514e-01
-5.618218183517456055e-01
-8.812963366508483887e-01
-1.077131509780883789e+00
-5.244761109352111816e-01
-1.167024374008178711e+00
-9.803243279457092285e-01
-9.049912095069885254e-01
-1.348356842994689941e+00
-1.104475378990173340e+00
