-7.553280591964721680e-01
-8.003768324851989746e-01
-2.525571882724761963e-01
-4.412174820899963379e-01
-9.721859693527221680e-01
-6.081545948982238770e-01
-5.710256099700927734e-01
-4.517839252948760986e-01
-8.701778650283813477e-01
-4.274175167083740234e-01
-6.615397334098815918e-01
-6.206447482109069824e-01
-6.212594509124755859e-01
-9.801407456398010254e-01
-1.126574635505676270e+00
-1.219727277755737305e+00
-7.928829789161682129e-01
-5.767617821693420410e-01
-4.675820171833038330e-01
-8.723511695861816406e-01
-3.019985556602478027e-02
-5.369726419448852539e-01
-6.866883039474487305e-01
-7.523490190505981445e-01
-6.065347790718078613e-01
-6.160361766815185547e-01
-8.480971455574035645e-01
-2.563304007053375244e-01
-5.936378836631774902e-01
-1.584257185459136963e-01
-5.256156921386718750e-01
-5.917871594429016113e-01
-4.387529492378234863e-01
-4.168534576892852783e-01
-5.216910839080810547e-01
-5.506736636161804199e-01
-3.876520097255706787e-01
-7.021316289901733398e-01
-5.637258887290954590e-01
-6.386239528656005859e-01
-4.816334247589111328e-01
-6.608438491821289062e-01
-8.972157239913940430e-01
-7.794020771980285645e-01
-3.361811339855194092e-01
-5.976168513298034668e-01
-9.004837274551391602e-01
-3.751063644886016846e-01
-6.140233874320983887e-01
-7.358528375625610352e-01
-7.388556003570556641e-01
-5.986736416816711426e-01
-6.990432143211364746e-01
-3.776550292968750000e-01
-7.483673691749572754e-01
-7.030193209648132324e-01
-4.575159847736358643e-01
-7.705069184303283691e-01
-9.548938870429992676e-01
-9.619217514991760254e-01
-7.471237778663635254e-01
-1.689064353704452515e-01
-8.435190916061401367e-01
-3.286534547805786133e-01
-9.562435150146484375e-01
-2.709439694881439209e-01
-4.769123196601867676e-01
-4.200233221054077148e-01
-2.431982904672622681e-01
-5.657340884208679199e-01
-1.563002914190292358e-01
-7.909885048866271973e-01
-5.202806591987609863e-01
-5.280995368957519531e-01
-4.018191695213317871e-01
-1.050698041915893555e+00
-2.663472592830657959e-01
-7.652323842048645020e-01
-4.922221004962921143e-01
-6.277228593826293945e-01
-6.150282621383666992e-01
-7.493479251861572266e-01
-7.879347801208496094e-01
-1.020148515701293945e+00
-8.574220538139343262e-01
-8.547957539558410645e-01
-2.794735431671142578e-01
-8.727022409439086914e-01
-2.153574377298355103e-01
-3.258852064609527588e-01
-8.987938165664672852e-01
-2.479485273361206055e-01
-9.260200858116149902e-01
-5.536389946937561035e-01
-4.950498640537261963e-01
-5.898683071136474609e-01
-4.251173138618469238e-01
-4.928736090660095215e-01
-6.188613772392272949e-01
-3.212435841560363770e-01
