1.096643414348363876e-02
-1.477282941341400146e-01
6.164974346756935120e-02
-1.856959015130996704e-01
6.811431050300598145e-02
1.906802654266357422e-01
2.464373130351305008e-03
3.215346252545714378e-03
1.202578619122505188e-01
1.492265891283750534e-02
-5.887593328952789307e-02
1.818005368113517761e-02
9.695125371217727661e-02
1.034627780318260193e-01
-5.201377719640731812e-02
2.471183687448501587e-01
1.656132787466049194e-01
8.440818637609481812e-02
-2.714397311210632324e-01
1.591807603836059570e-01
6.690014153718948364e-02
1.949678361415863037e-01
-1.807271689176559448e-01
5.462231859564781189e-02
-2.102684229612350464e-01
-4.677594639360904694e-03
