-3.290871679782867432e-01
-1.472352147102355957e+00
-7.173902988433837891e-01
-1.261676430702209473e+00
-1.266783118247985840e+00
-1.089488744735717773e+00
-1.059628129005432129e+00
-8.341022133827209473e-01
-1.197678208351135254e+00
-9.125336408615112305e-01
-1.114213109016418457e+00
-1.415826201438903809e+00
-7.685776948928833008e-01
-8.637033104896545410e-01
-1.140574932098388672e+00
-3.570957481861114502e-01
-6.940129995346069336e-01
-1.934301853179931641e+00
-4.044931530952453613e-01
-7.022292613983154297e-01
-6.483156085014343262e-01
-8.023242354393005371e-01
-9.743983745574951172e-01
-7.899535894393920898e-01
-9.706617593765258789e-01
-7.906408905982971191e-01
-8.488575816154479980e-01
-6.645774841308593750e-01
-6.620171070098876953e-01
-1.051526784896850586e+00
-8.535178899765014648e-01
-1.361842989921569824e+00
-8.638216257095336914e-01
-1.585022330284118652e+00
-8.873268961906433105e-01
-8.383057713508605957e-01
-1.051890492439270020e+00
-1.148569345474243164e+00
-8.288402557373046875e-01
-1.171728014945983887e+00
-1.171865701675415039e+00
-6.781671643257141113e-01
-1.041678667068481445e+00
-8.184263110160827637e-01
-1.307011246681213379e+00
-8.868721723556518555e-01
-7.726309895515441895e-01
-9.765339493751525879e-01
-7.803217768669128418e-01
-1.259866595268249512e+00
-1.301327228546142578e+00
-6.416725516319274902e-01
-6.962946653366088867e-01
-7.116982936859130859e-01
-1.142770648002624512e+00
-5.929982066154479980e-01
-7.861475348472595215e-01
-1.006972312927246094e+00
-8.727025389671325684e-01
-1.432351112365722656e+00
-7.457906603813171387e-01
-1.242227315902709961e+00
-7.748520374298095703e-01
-1.276033282279968262e+00
-9.903917908668518066e-01
-6.501191258430480957e-01
-1.194513797760009766e+00
-1.517392992973327637e+00
-8.844484686851501465e-01
-1.184773802757263184e+00
-1.108464241027832031e+00
-1.386349797248840332e+00
-1.765916705131530762e+00
-1.027213811874389648e+00
-1.180235147476196289e+00
-1.013199925422668457e+00
-8.148539066314697266e-01
-1.073531866073608398e+00
-1.036994576454162598e+00
-8.558897376060485840e-01
-1.002493739128112793e+00
-8.866348266601562500e-01
-9.539809823036193848e-01
-1.129666328430175781e+00
-1.133021593093872070e+00
-3.873355686664581299e-01
-1.063351035118103027e+00
-1.096064209938049316e+00
-5.665011405944824219e-01
-1.020597219467163086e+00
-8.366382718086242676e-01
-6.019235849380493164e-01
-7.776852846145629883e-01
-1.163270473480224609e+00
-9.929758310317993164e-01
-1.208097815513610840e+00
-1.307801604270935059e+00
-1.141673922538757324e+00
-1.192816495895385742e+00
-6.699681878089904785e-01
