-1.448499321937561035e+00
-7.838284373283386230e-01
-9.103627204895019531e-01
-1.002297401428222656e+00
-1.254531741142272949e+00
-9.193530678749084473e-01
-3.849237859249114990e-01
-9.211117029190063477e-01
-1.030557990074157715e+00
-9.302046895027160645e-01
-1.067893505096435547e+00
-7.743120789527893066e-01
-4.433309435844421387e-01
-1.024931073188781738e+00
-6.775529384613037109e-01
-9.040948152542114258e-01
-7.563443779945373535e-01
-8.721041679382324219e-01
-1.098302841186523438e+00
-1.372615098953247070e+00
-9.951596260070800781e-01
-1.781582355499267578e+00
-9.427387118339538574e-01
-4.240291714668273926e-01
-1.164278268814086914e+00
-1.121466755867004395e+00
-1.420593500137329102e+00
-1.184466719627380371e+00
-9.831069111824035645e-01
-9.429847002029418945e-01
-1.107748985290527344e+00
-1.317093491554260254e+00
-6.098992228507995605e-01
-4.604430496692657471e-01
-1.014979481697082520e+00
-7.841820120811462402e-01
-9.935938715934753418e-01
-8.765895366668701172e-01
-1.352194428443908691e+00
-1.213383913040161133e+00
-6.176908612251281738e-01
-1.218422532081604004e+00
-6.571268439292907715e-01
-1.354933619499206543e+00
-8.210121989250183105e-01
-9.289946556091308594e-01
-1.445426225662231445e+00
-1.081685662269592285e+00
-7.458813190460205078e-01
-1.022903800010681152e+00
-9.821321368217468262e-01
-7.968291044235229492e-01
-7.178488969802856445e-01
-1.297327518463134766e+00
-4.767952859401702881e-01
-1.124264836311340332e+00
-1.501133203506469727e+00
-1.256900072097778320e+00
-1.174738883972167969e+00
-1.096157312393188477e+00
-9.495904445648193359e-01
-9.533239603042602539e-01
-7.308112382888793945e-01
-1.122190833091735840e+00
-1.747608333826065063e-01
-7.693054080009460449e-01
-5.825266838073730469e-01
-1.008886933326721191e+00
-6.593217849731445312e-01
-4.897738993167877197e-01
-1.345588445663452148e+00
-5.739065408706665039e-01
-1.500050067901611328e+00
-5.309569239616394043e-01
-7.473782300949096680e-01
-1.356911182403564453e+00
-1.062462568283081055e+00
-5.694959163665771484e-01
-1.097069025039672852e+00
-1.514541208744049072e-01
-7.444596886634826660e-01
-3.917757272720336914e-01
-1.009280681610107422e+00
-6.002130508422851562e-01
-8.122032284736633301e-01
-3.255794048309326172e-01
-7.887199521064758301e-01
-9.162455797195434570e-01
-9.780985713005065918e-01
-5.474177002906799316e-01
-8.785345554351806641e-01
-7.638455629348754883e-01
-1.191974639892578125e+00
-1.111051917076110840e+00
-5.179330706596374512e-01
-1.204268932342529297e+00
-7.062447667121887207e-01
-1.140148639678955078e+00
-1.152446746826171875e+00
5.539571121335029602e-02
