-4.982755333185195923e-02
6.409951299428939819e-02
1.397389024496078491e-01
-1.336463242769241333e-01
6.643920391798019409e-02
-3.544229269027709961e-02
-1.530283540487289429e-01
-1.463224291801452637e-01
3.478912711143493652e-01
5.123334471136331558e-03
-4.333010688424110413e-02
-1.247286126017570496e-01
2.126498669385910034e-01
9.523679316043853760e-02
7.288525998592376709e-02
-7.739876210689544678e-02
1.166718080639839172e-01
2.542774081230163574e-01
5.375897884368896484e-02
1.062456220388412476e-01
4.326566681265830994e-02
7.708585262298583984e-02
-1.540803015232086182e-01
2.027462124824523926e-01
-2.461336255073547363e-01
-1.938357762992382050e-02
7.285732775926589966e-02
1.622161827981472015e-02
