-1.669917821884155273e+00
-7.564469575881958008e-01
-1.295506834983825684e+00
-8.793515563011169434e-01
-1.292449116706848145e+00
-1.345725774765014648e+00
-1.177104830741882324e+00
-6.955137252807617188e-01
-1.596056818962097168e+00
-5.449647903442382812e-01
-7.738402485847473145e-01
-1.470646381378173828e+00
-8.448217511177062988e-01
-1.664180874824523926e+00
-1.643517971038818359e+00
-1.437084794044494629e+00
-1.032193303108215332e+00
-9.150707721710205078e-01
-7.596924901008605957e-01
-1.566029429435729980e+00
-6.948213577270507812e-01
-8.026605844497680664e-01
-1.254676222801208496e+00
-9.191753268241882324e-01
-6.145159006118774414e-01
-2.436208128929138184e-01
-1.844231128692626953e+00
-7.670257687568664551e-01
-1.450138926506042480e+00
-1.388848781585693359e+00
-1.022942185401916504e+00
-1.223095059394836426e+00
-1.673790216445922852e+00
-4.478392004966735840e-01
-7.191823124885559082e-01
-1.564193129539489746e+00
-7.885946631431579590e-01
-4.147943854331970215e-01
-1.081979155540466309e+00
-1.134554266929626465e+00
-1.661116719245910645e+00
-8.121420145034790039e-01
-1.374518275260925293e+00
-1.404889583587646484e+00
-9.102606177330017090e-01
-1.337497472763061523e+00
-1.153392672538757324e+00
-1.394495010375976562e+00
-1.251199364662170410e+00
-1.682248115539550781e+00
-7.395989298820495605e-01
-1.378244519233703613e+00
-1.373661875724792480e+00
-7.781917452812194824e-01
-6.269356608390808105e-01
-1.173119306564331055e+00
-7.372293472290039062e-01
-1.056297540664672852e+00
-5.531390309333801270e-01
-9.223072528839111328e-01
-4.175129234790802002e-01
-6.510325074195861816e-01
-5.401013493537902832e-01
-1.346260666847229004e+00
-6.141793131828308105e-01
-1.094453215599060059e+00
-5.558334589004516602e-01
-1.105696439743041992e+00
-9.267445206642150879e-01
-8.415057063102722168e-01
-2.927837669849395752e-01
-7.809284329414367676e-01
-4.242388308048248291e-01
-4.119957983493804932e-01
-8.529658913612365723e-01
-7.958019971847534180e-01
-5.082625746726989746e-01
-6.273464560508728027e-01
-9.711071848869323730e-01
-1.122808575630187988e+00
-1.680445313453674316e+00
-8.204253315925598145e-01
-1.568872630596160889e-01
-1.260179579257965088e-01
-4.018311798572540283e-01
-7.196220159530639648e-01
-4.311081767082214355e-01
-1.011179804801940918e+00
-1.518981695175170898e+00
-9.247880578041076660e-01
-8.691775202751159668e-01
-4.569609761238098145e-01
-7.763442993164062500e-01
-5.275286436080932617e-01
-1.415125012397766113e+00
-4.541615843772888184e-01
-1.114050626754760742e+00
-1.049302935600280762e+00
-9.058634042739868164e-01
-1.520085692405700684e+00
