9.950698586180806160e-04
9.949574014171957970e-04
9.948449442163109779e-04
9.947322541847825050e-04
9.946195641532540321e-04
9.945068741217255592e-04
9.943939512595534325e-04
9.942810283973813057e-04
9.941678727045655251e-04
9.940547170117497444e-04
9.939414449036121368e-04
9.938280563801527023e-04
9.937146678566932678e-04
9.936010465025901794e-04
9.934874251484870911e-04
9.933736873790621758e-04
9.932598331943154335e-04
9.931458625942468643e-04
9.930318919941782951e-04
9.929176885634660721e-04
9.928033687174320221e-04
9.926891652867197990e-04
9.925744961947202682e-04
9.924600599333643913e-04
9.923453908413648605e-04
9.922306053340435028e-04
9.921155869960784912e-04
9.920006850734353065e-04
9.918854339048266411e-04
9.917701827362179756e-04
9.916548151522874832e-04
9.915394475683569908e-04
9.914238471537828445e-04
9.913082467392086983e-04
9.911922970786690712e-04
9.910763474181294441e-04
9.909601649269461632e-04
9.908440988510847092e-04
9.907279163599014282e-04
9.906115010380744934e-04
9.904949693009257317e-04
9.903779719024896622e-04
9.902613237500190735e-04
9.901444427669048309e-04
9.900274453684687614e-04
9.899102151393890381e-04
9.897928684949874878e-04
9.896754054352641106e-04
9.895578259602189064e-04
9.894400136545300484e-04
9.893222013488411903e-04
9.892042726278305054e-04
9.890861110761761665e-04
9.889679495245218277e-04
9.888494387269020081e-04
9.887308115139603615e-04
9.886121843010187149e-04
9.884932078421115875e-04
9.883741149678826332e-04
9.882551385089755058e-04
9.881358128041028976e-04
9.880163706839084625e-04
9.878969285637140274e-04
9.877771371975541115e-04
9.876572294160723686e-04
9.875372052192687988e-04
9.874169481918215752e-04
9.872965747490525246e-04
9.871760848909616470e-04
9.870553622022271156e-04
9.869345230981707573e-04
9.868135675787925720e-04
9.866923792287707329e-04
9.865710744634270668e-04
9.864496532827615738e-04
9.863277664408087730e-04
9.862059960141777992e-04
9.860838763415813446e-04
9.859616402536630630e-04
9.858391713351011276e-04
9.857165860012173653e-04
9.855941170826554298e-04
9.854712989181280136e-04
9.853478986769914627e-04
9.852246148511767387e-04
9.851012146100401878e-04
9.849775815382599831e-04
9.848535992205142975e-04
9.847296169027686119e-04
9.846055181697010994e-04
9.844809537753462791e-04
9.843565057963132858e-04
9.842315921559929848e-04
9.841066785156726837e-04
9.839814156293869019e-04
9.838559199124574661e-04
9.837305406108498573e-04
9.836045792326331139e-04
9.834786178544163704e-04
9.833523072302341461e-04
9.832258801907300949e-04
9.830992203205823898e-04
9.829722112044692039e-04
9.828450856730341911e-04
9.827178437262773514e-04
9.825902525335550308e-04
9.824625449255108833e-04
9.823344880715012550e-04
9.822061983868479729e-04
9.820779087021946907e-04
9.819490369409322739e-04
9.818200487643480301e-04
9.816909441724419594e-04
9.815616067498922348e-04
9.814319200813770294e-04
9.813021169975399971e-04
9.811718482524156570e-04
9.810415795072913170e-04
9.809107286855578423e-04
9.807799942791461945e-04
9.806487942114472389e-04
9.805173613131046295e-04
9.803855791687965393e-04
9.802537970244884491e-04
9.801215492188930511e-04
9.799891849979758263e-04
9.798563551157712936e-04
9.797234088182449341e-04
9.795901132747530937e-04
9.794564684852957726e-04
9.793229401111602783e-04
9.791885968297719955e-04
9.790541371330618858e-04
9.789195610210299492e-04
9.787845192477107048e-04
9.786493610590696335e-04
9.785137372091412544e-04
9.783778805285692215e-04
9.782416746020317078e-04
9.781052358448505402e-04
9.779684478417038918e-04
9.778314270079135895e-04
9.776940569281578064e-04
9.775563376024365425e-04
9.774183854460716248e-04
9.772799676284193993e-04
9.771413169801235199e-04
9.770024335011839867e-04
9.768629679456353188e-04
9.767232695594429970e-04
9.765833383426070213e-04
9.764429996721446514e-04
9.763024281710386276e-04
9.761615074239671230e-04
9.760200628079473972e-04
9.758781525306403637e-04
9.757363586686551571e-04
9.755938663147389889e-04
9.754509665071964264e-04
9.753080084919929504e-04
9.751644101925194263e-04
9.750205790624022484e-04
9.748762822709977627e-04
9.747316362336277962e-04
9.745866991579532623e-04
9.744412382133305073e-04
9.742955444380640984e-04
9.741494432091712952e-04
9.740029345266520977e-04
9.738559019751846790e-04
9.737086365930736065e-04
9.735607891343533993e-04
9.734127088449895382e-04
9.732640464790165424e-04
9.731151512823998928e-04
9.729657904244959354e-04
9.728157892823219299e-04
9.726654971018433571e-04
9.725149138830602169e-04
9.723638650029897690e-04
9.722122922539710999e-04
9.720603120513260365e-04
9.719078079797327518e-04
9.717549546621739864e-04
9.716014610603451729e-04
9.714478510431945324e-04
9.712936589494347572e-04
9.711388847790658474e-04
9.709837031550705433e-04
9.708279394544661045e-04
9.706718265078961849e-04
9.705152479000389576e-04
9.703580872155725956e-04
9.702003444544970989e-04
9.700424270704388618e-04
9.698837529867887497e-04
9.697246714495122433e-04
9.695650078356266022e-04
9.694049949757754803e-04
9.692441672086715698e-04
9.690831066109240055e-04
9.689213475212454796e-04
9.687592391856014729e-04
9.685963741503655910e-04
9.684331016615033150e-04
9.682693635113537312e-04
9.681049268692731857e-04
9.679400245659053326e-04
9.677747730165719986e-04
9.676086483523249626e-04
9.674421162344515324e-04
9.672747692093253136e-04
9.671071311458945274e-04
9.669387945905327797e-04
9.667698759585618973e-04
9.666004334576427937e-04
9.664303506724536419e-04
9.662596858106553555e-04
9.660883806645870209e-04
9.659165516495704651e-04
9.657440241426229477e-04
9.655709145590662956e-04
9.653972811065614223e-04
9.652228327468037605e-04
9.650478605180978775e-04
9.648723644204437733e-04
9.646961116231977940e-04
9.645191021263599396e-04
9.643416269682347775e-04
9.641633951105177402e-04
9.639845811761915684e-04
9.638050105422735214e-04
9.636248578317463398e-04
9.634439484216272831e-04
9.632624569348990917e-04
9.630800923332571983e-04
9.628973784856498241e-04
9.627137915231287479e-04
9.625293896533548832e-04
9.623445221222937107e-04
9.621587814763188362e-04
9.619724005460739136e-04
9.617852047085762024e-04
9.615974267944693565e-04
9.614088339731097221e-04
9.612197172828018665e-04
9.610295528545975685e-04
9.608388063497841358e-04
9.606473031453788280e-04
9.604551596567034721e-04
9.602622012607753277e-04
9.600684279575943947e-04
9.598739561624825001e-04
9.596787276677787304e-04
9.594826842658221722e-04
9.592859423719346523e-04
9.590883273631334305e-04
9.588899556547403336e-04
9.586908272467553616e-04
9.584908257238566875e-04
9.582901839166879654e-04
9.580887854099273682e-04
9.578863391652703285e-04
9.576833690516650677e-04
9.574794676154851913e-04
9.572747512720525265e-04
9.570692200213670731e-04
9.568630484864115715e-04
9.566557127982378006e-04
9.564476786181330681e-04
9.562390041537582874e-04
9.560293401591479778e-04
9.558188612572848797e-04
9.556075092405080795e-04
9.553954005241394043e-04
9.551825351081788540e-04
9.549687383696436882e-04
9.547540685161948204e-04
9.545386419631540775e-04
9.543223422951996326e-04
9.541051695123314857e-04
9.538870654068887234e-04
9.536683210171759129e-04
9.534484706819057465e-04
9.532279800623655319e-04
9.530065581202507019e-04
9.527842630632221699e-04
9.525612113066017628e-04
9.523370536044239998e-04
9.521121974103152752e-04
9.518864681012928486e-04
9.516599820926785469e-04
9.514325065538287163e-04
9.512042743153870106e-04
9.509751107543706894e-04
9.507451322861015797e-04
9.505142224952578545e-04
9.502825560048222542e-04
9.500499581918120384e-04
9.498164872638881207e-04
9.495823178440332413e-04
9.493471006862819195e-04
9.491111850365996361e-04
9.488743962720036507e-04
9.486367926001548767e-04
9.483983158133924007e-04
9.481590241193771362e-04
9.479188011027872562e-04
9.476777049712836742e-04
9.474359685555100441e-04
9.471933590248227119e-04
9.469499345868825912e-04
9.467056952416896820e-04
9.464605245739221573e-04
9.462146554142236710e-04
9.459679713472723961e-04
9.457204141654074192e-04
9.454722166992723942e-04
9.452231461182236671e-04
9.449732024222612381e-04
9.447225602343678474e-04
9.444712777622044086e-04
9.442192967981100082e-04
9.439662680961191654e-04
9.437128319405019283e-04
9.434584644623100758e-04
9.432032820768654346e-04
9.429474594071507454e-04
9.426910546608269215e-04
9.424336603842675686e-04
9.421756840310990810e-04
9.419171256013214588e-04
9.416580433025956154e-04
9.413980296812951565e-04
9.411374921910464764e-04
9.408761980012059212e-04
9.406143217347562313e-04
9.403518633916974068e-04
9.400886483490467072e-04
9.398249676451086998e-04
9.395605884492397308e-04
9.392956853844225407e-04
9.390301420353353024e-04
9.387641912326216698e-04
9.384977165609598160e-04
9.382306016050279140e-04
9.379629045724868774e-04
9.376948582939803600e-04
9.374261717312037945e-04
9.371570777148008347e-04
9.368875762447714806e-04
9.366175509057939053e-04
9.363468852825462818e-04
9.360760450363159180e-04
9.358046809211373329e-04
9.355330257676541805e-04
9.352607885375618935e-04
9.349883766844868660e-04
9.347155573777854443e-04
9.344424470327794552e-04
9.341689874418079853e-04
9.338951203972101212e-04
9.336209041066467762e-04
9.333465714007616043e-04
9.330720058642327785e-04
9.327971492893993855e-04
9.325219434686005116e-04
9.322465048171579838e-04
9.319709497503936291e-04
9.316951618529856205e-04
9.314192575402557850e-04
9.311432950198650360e-04
9.308669832535088062e-04
9.305906132794916630e-04
9.303141850978136063e-04
9.300375822931528091e-04
9.297610376961529255e-04
9.294842602685093880e-04
9.292077156715095043e-04
9.289307636208832264e-04
9.286539861932396889e-04
9.283770341426134109e-04
9.281003149226307869e-04
9.278236539103090763e-04
9.275468764826655388e-04
9.272703318856656551e-04
9.269937290810048580e-04
9.267173008993268013e-04
9.264409891329705715e-04
9.261645027436316013e-04
9.258885402232408524e-04
9.256125194951891899e-04
9.253367315977811813e-04
9.250612347386777401e-04
9.247857960872352123e-04
9.245105902664363384e-04
9.242355590686202049e-04
9.239607607014477253e-04
9.236864279955625534e-04
9.234122117049992085e-04
9.231382282450795174e-04
9.228645358234643936e-04
9.225913090631365776e-04
9.223182569257915020e-04
9.220454958267509937e-04
9.217734332196414471e-04
9.215011377818882465e-04
9.212296572513878345e-04
9.209585259668529034e-04
9.206875693053007126e-04
9.204171947203576565e-04
9.201473440043628216e-04
9.198776097036898136e-04
9.196085738949477673e-04
9.193398291245102882e-04
9.190716664306819439e-04
9.188039111904799938e-04
9.185365634039044380e-04
9.182700305245816708e-04
9.180036722682416439e-04
9.177377796731889248e-04
9.174726437777280807e-04
9.172079153358936310e-04
9.169437689706683159e-04
9.166802628897130489e-04
9.164172224700450897e-04
9.161547641269862652e-04
9.158928878605365753e-04
9.156315936706960201e-04
9.153709397651255131e-04
9.151106933131814003e-04
9.148513781838119030e-04
9.145924705080688000e-04
9.143342031165957451e-04
9.140765178017318249e-04
9.138195891864597797e-04
9.135632426477968693e-04
9.133073617704212666e-04
9.130524704232811928e-04
9.127981029450893402e-04
9.125444339588284492e-04
9.122914052568376064e-04
9.120390168391168118e-04
9.117873269133269787e-04
9.115365101024508476e-04
9.112860425375401974e-04
9.110365645028650761e-04
9.107876103371381760e-04
9.105394128710031509e-04
9.102920303121209145e-04
9.100453462451696396e-04
9.097993606701493263e-04
9.095538989640772343e-04
9.093093103729188442e-04
9.090655366890132427e-04
9.088223450817167759e-04
9.085800265893340111e-04
9.083382319658994675e-04
9.080972522497177124e-04
9.078571456484496593e-04
9.076176793314516544e-04
9.073789697140455246e-04
9.071410167962312698e-04
9.069038205780088902e-04
9.066672064363956451e-04
9.064315818250179291e-04
9.061965974979102612e-04
9.059622534550726414e-04
9.057288989424705505e-04
9.054961265064775944e-04
9.052641689777374268e-04
9.050330263562500477e-04
9.048026986420154572e-04
9.045728947967290878e-04
9.043441968970000744e-04
9.041159646585583687e-04
9.038884891197085381e-04
9.036618284881114960e-04
9.034359827637672424e-04
9.032109519466757774e-04
9.029864449985325336e-04
9.027628693729639053e-04
9.025399340316653252e-04
9.023179882206022739e-04
9.020965662784874439e-04
9.018759010359644890e-04
9.016561671160161495e-04
9.014370152726769447e-04
9.012187947519123554e-04
9.010010981000959873e-04
9.007842163555324078e-04
9.005682659335434437e-04
9.003529557958245277e-04
9.001382859423756599e-04
8.999244892038404942e-04
8.997113909572362900e-04
8.994988165795803070e-04
8.992872317321598530e-04
8.990762871690094471e-04
8.988660993054509163e-04
