6.169606349430978298e-04
6.169577827677130699e-04
6.169550470076501369e-04
6.169522530399262905e-04
6.169494590722024441e-04
6.169466651044785976e-04
6.169438129290938377e-04
6.169410189613699913e-04
6.169381667859852314e-04
6.169354892335832119e-04
6.169326370581984520e-04
6.169299012981355190e-04
6.169269909150898457e-04
6.169242551550269127e-04
6.169215776026248932e-04
6.169187254272401333e-04
6.169158732518553734e-04
6.169129628688097000e-04
6.169103435240685940e-04
6.169075495563447475e-04
6.169046973809599876e-04
6.169018452055752277e-04
6.168990512378513813e-04
6.168963154777884483e-04
6.168936379253864288e-04
6.168907857500016689e-04
6.168879335746169090e-04
6.168850231915712357e-04
6.168823456391692162e-04
6.168795516714453697e-04
6.168767577037215233e-04
6.168740219436585903e-04
6.168711115606129169e-04
6.168683758005499840e-04
6.168656400404870510e-04
6.168628460727632046e-04
6.168600521050393581e-04
6.168572581373155117e-04
6.168544059619307518e-04
6.168517284095287323e-04
6.168488762341439724e-04
6.168460822664201260e-04
6.168433465063571930e-04
6.168404361233115196e-04
6.168377003632485867e-04
6.168349646031856537e-04
6.168321706354618073e-04
6.168293766677379608e-04
6.168266409076750278e-04
6.168237305246293545e-04
6.168209947645664215e-04
6.168181425891816616e-04
6.168153486214578152e-04
6.168127292767167091e-04
6.168098771013319492e-04
6.168070249259471893e-04
6.168042891658842564e-04
6.168014369904994965e-04
6.167987012304365635e-04
6.167957908473908901e-04
6.167931715026497841e-04
6.167903193272650242e-04
6.167874089442193508e-04
6.167846731841564178e-04
6.167818792164325714e-04
6.167791434563696384e-04
6.167763494886457920e-04
6.167734973132610321e-04
6.167707615531980991e-04
6.167679675854742527e-04
6.167652318254113197e-04
6.167624378576874733e-04
6.167597020976245403e-04
6.167567917145788670e-04
6.167539977468550205e-04
6.167512619867920876e-04
6.167484098114073277e-04
6.167457322590053082e-04
6.167429382912814617e-04
6.167400861158967018e-04
6.167372921481728554e-04
6.167345563881099224e-04
6.167317624203860760e-04
6.167289684526622295e-04
6.167262909002602100e-04
6.167234387248754501e-04
6.167205865494906902e-04
6.167179089970886707e-04
6.167151732370257378e-04
6.167123210616409779e-04
6.167094688862562180e-04
6.167066749185323715e-04
6.167039973661303520e-04
6.167011451907455921e-04
6.166982930153608322e-04
6.166955572552978992e-04
6.166928214952349663e-04
6.166900857351720333e-04
6.166871753521263599e-04
6.166844395920634270e-04
6.166816456243395805e-04
6.166789098642766476e-04
6.166761158965528011e-04
6.166733219288289547e-04
6.166705861687660217e-04
6.166677922010421753e-04
6.166650564409792423e-04
6.166622042655944824e-04
6.166594685055315495e-04
6.166567327454686165e-04
6.166538805700838566e-04
6.166510866023600101e-04
6.166482926346361637e-04
6.166454986669123173e-04
6.166427629068493843e-04
6.166400271467864513e-04
6.166371749714016914e-04
6.166343227960169315e-04
6.166315870359539986e-04
6.166287930682301521e-04
6.166261737234890461e-04
6.166232633404433727e-04
6.166204693727195263e-04
6.166176171973347664e-04
6.166149396449327469e-04
6.166121456772089005e-04
6.166093517094850540e-04
6.166064995341002941e-04
6.166038219816982746e-04
6.166010280139744282e-04
6.165981176309287548e-04
6.165954400785267353e-04
6.165925879031419754e-04
6.165899685584008694e-04
6.165870581753551960e-04
6.165843224152922630e-04
6.165815866552293301e-04
6.165788508951663971e-04
6.165759405121207237e-04
6.165732629597187042e-04
6.165704689919948578e-04
6.165676750242710114e-04
6.165648228488862514e-04
6.165622035041451454e-04
6.165592931210994720e-04
6.165565573610365391e-04
6.165537633933126926e-04
6.165509694255888462e-04
6.165481754578649998e-04
6.165454396978020668e-04
6.165426457300782204e-04
6.165399099700152874e-04
6.165371160022914410e-04
6.165343220345675945e-04
6.165315280668437481e-04
6.165287340991199017e-04
6.165260565467178822e-04
6.165232043713331223e-04
6.165205268189311028e-04
6.165176746435463428e-04
6.165149388834834099e-04
6.165120867080986500e-04
6.165094091556966305e-04
6.165066151879727840e-04
6.165038212202489376e-04
6.165010272525250912e-04
6.164982332848012447e-04
6.164954975247383118e-04
6.164928199723362923e-04
6.164899095892906189e-04
6.164871738292276859e-04
6.164844380691647530e-04
6.164815858937799931e-04
6.164788501337170601e-04
6.164759979583323002e-04
6.164733204059302807e-04
6.164706428535282612e-04
6.164676742628216743e-04
6.164649385027587414e-04
6.164622027426958084e-04
6.164594669826328754e-04
6.164566730149090290e-04
6.164539372548460960e-04
6.164511432871222496e-04
6.164483493193984032e-04
6.164455553516745567e-04
6.164427613839507103e-04
6.164400838315486908e-04
6.164373480714857578e-04
6.164345541037619114e-04
6.164316437207162380e-04
6.164289661683142185e-04
6.164261722005903721e-04
6.164234364405274391e-04
6.164205842651426792e-04
6.164179067127406597e-04
6.164151709526777267e-04
6.164123769849538803e-04
6.164095248095691204e-04
6.164068472571671009e-04
6.164041114971041679e-04
6.164013175293803215e-04
6.163984653539955616e-04
6.163956713862717152e-04
6.163930520415306091e-04
6.163901998661458492e-04
6.163874641060829163e-04
6.163846701383590698e-04
6.163819343782961369e-04
6.163791404105722904e-04
6.163763464428484440e-04
6.163736106827855110e-04
6.163708167150616646e-04
6.163680809549987316e-04
6.163652287796139717e-04
6.163624930195510387e-04
6.163598154671490192e-04
6.163569632917642593e-04
6.163542275317013264e-04
6.163514335639774799e-04
6.163486395962536335e-04
6.163458456285297871e-04
6.163431098684668541e-04
6.163403159007430077e-04
6.163375801406800747e-04
6.163348443806171417e-04
6.163319922052323818e-04
6.163293146528303623e-04
6.163265206851065159e-04
6.163237849250435829e-04
6.163209909573197365e-04
6.163182551972568035e-04
6.163155194371938705e-04
6.163126090541481972e-04
6.163098732940852642e-04
6.163071375340223312e-04
6.163045181892812252e-04
6.163016078062355518e-04
6.162989302538335323e-04
6.162960780784487724e-04
6.162934587337076664e-04
6.162905483506619930e-04
6.162878707982599735e-04
6.162850768305361271e-04
6.162823410704731941e-04
6.162794306874275208e-04
6.162766949273645878e-04
6.162740173749625683e-04
6.162712816148996353e-04
6.162684876471757889e-04
6.162657518871128559e-04
6.162630161270499229e-04
6.162602221593260765e-04
6.162574863992631435e-04
6.162546924315392971e-04
6.162520148791372776e-04
6.162492209114134312e-04
6.162463687360286713e-04
6.162435747683048248e-04
6.162409554235637188e-04
6.162382196635007858e-04
6.162353092804551125e-04
6.162326899357140064e-04
6.162299541756510735e-04
6.162271020002663136e-04
6.162243080325424671e-04
6.162215140648186207e-04
6.162188947200775146e-04
6.162159261293709278e-04
6.162132485769689083e-04
6.162105128169059753e-04
6.162077188491821289e-04
6.162049830891191959e-04
6.162021891213953495e-04
6.161995697766542435e-04
6.161967758089303970e-04
6.161938654258847237e-04
6.161911878734827042e-04
6.161884521134197712e-04
6.161856581456959248e-04
6.161828641779720783e-04
6.161801866255700588e-04
6.161773926578462124e-04
6.161746568977832794e-04
6.161718629300594330e-04
6.161691853776574135e-04
6.161663332022726536e-04
6.161636556498706341e-04
6.161608034744858742e-04
6.161580677144229412e-04
6.161552737466990948e-04
6.161524797789752483e-04
6.161498022265732288e-04
6.161470664665102959e-04
6.161441560834646225e-04
6.161415367387235165e-04
6.161386845633387566e-04
6.161360070109367371e-04
6.161333294585347176e-04
6.161305354908108711e-04
6.161276833154261112e-04
6.161248893477022648e-04
6.161222117953002453e-04
6.161194178275763988e-04
6.161167402751743793e-04
6.161139463074505329e-04
6.161112105473875999e-04
6.161083583720028400e-04
6.161056808196008205e-04
6.161030032671988010e-04
6.161000928841531277e-04
6.160974735394120216e-04
6.160947959870100021e-04
6.160919438116252422e-04
6.160892080515623093e-04
6.160864140838384628e-04
6.160836783237755299e-04
6.160808843560516834e-04
6.160782068036496639e-04
6.160753546282649040e-04
6.160726188682019711e-04
6.160698831081390381e-04
6.160671473480761051e-04
6.160643533803522587e-04
6.160616176202893257e-04
6.160588236525654793e-04
6.160560878925025463e-04
6.160533521324396133e-04
6.160505581647157669e-04
6.160478806123137474e-04
6.160450866445899010e-04
6.160424090921878815e-04
6.160396151244640350e-04
6.160368211567401886e-04
6.160340853966772556e-04
6.160312914289534092e-04
6.160286138765513897e-04
6.160258781164884567e-04
6.160230841487646103e-04
6.160202901810407639e-04
6.160176126286387444e-04
6.160149350762367249e-04
6.160120246931910515e-04
6.160092889331281185e-04
6.160065531730651855e-04
6.160038174130022526e-04
6.160010816529393196e-04
6.159982876852154732e-04
6.159956101328134537e-04
6.159928743727505207e-04
6.159900221973657608e-04
6.159872864373028278e-04
6.159846088849008083e-04
6.159818731248378754e-04
6.159790791571140289e-04
6.159762851893901825e-04
6.159735494293272495e-04
6.159708718769252300e-04
6.159680779092013836e-04
6.159653421491384506e-04
6.159625481814146042e-04
6.159598124213516712e-04
6.159571930766105652e-04
6.159542826935648918e-04
6.159516051411628723e-04
6.159488693810999393e-04
6.159460754133760929e-04
6.159433978609740734e-04
6.159406621009111404e-04
6.159378681331872940e-04
6.159350741654634476e-04
6.159323384054005146e-04
6.159297190606594086e-04
6.159268668852746487e-04
6.159241893328726292e-04
6.159213953651487827e-04
6.159186596050858498e-04
6.159158656373620033e-04
6.159131298772990704e-04
6.159103941172361374e-04
6.159076583571732044e-04
6.159048643894493580e-04
6.159021286293864250e-04
6.158995092846453190e-04
6.158967153169214725e-04
6.158939213491976261e-04
6.158911855891346931e-04
6.158883334137499332e-04
6.158857140690088272e-04
6.158829201012849808e-04
6.158801843412220478e-04
6.158774485811591148e-04
6.158747128210961819e-04
6.158719188533723354e-04
6.158692413009703159e-04
6.158664473332464695e-04
6.158637697808444500e-04
6.158609758131206036e-04
6.158582400530576706e-04
6.158554460853338242e-04
6.158527103252708912e-04
6.158498581498861313e-04
6.158471805974841118e-04
6.158445612527430058e-04
6.158417672850191593e-04
6.158390315249562263e-04
6.158361793495714664e-04
6.158335017971694469e-04
6.158308242447674274e-04
6.158280302770435810e-04
6.158252945169806480e-04
6.158225587569177151e-04
6.158198229968547821e-04
6.158170872367918491e-04
6.158142932690680027e-04
6.158116157166659832e-04
6.158088799566030502e-04
6.158061441965401173e-04
6.158034084364771843e-04
6.158006726764142513e-04
6.157978787086904049e-04
6.157952011562883854e-04
6.157924071885645390e-04
6.157897296361625195e-04
6.157868774607777596e-04
6.157841417007148266e-04
6.157814641483128071e-04
6.157787283882498741e-04
6.157759926281869411e-04
6.157731404528021812e-04
6.157704629004001617e-04
6.157677271403372288e-04
6.157650495879352093e-04
6.157621974125504494e-04
6.157595780678093433e-04
6.157568423077464104e-04
6.157541065476834774e-04
6.157513125799596310e-04
6.157485768198966980e-04
6.157457828521728516e-04
6.157431052997708321e-04
6.157403695397078991e-04
6.157376919873058796e-04
6.157348398119211197e-04
6.157322204671800137e-04
6.157293100841343403e-04
6.157266325317323208e-04
6.157240131869912148e-04
6.157212192192673683e-04
6.157183670438826084e-04
6.157156894914805889e-04
6.157129537314176559e-04
6.157101597636938095e-04
6.157075404189527035e-04
6.157047464512288570e-04
6.157020688988268375e-04
6.156992749311029911e-04
6.156965391710400581e-04
6.156937452033162117e-04
6.156911258585751057e-04
6.156883318908512592e-04
6.156855379231274128e-04
6.156828603707253933e-04
6.156800664030015469e-04
6.156773306429386139e-04
6.156747112981975079e-04
6.156719173304736614e-04
6.156691815704107285e-04
6.156663876026868820e-04
6.156637682579457760e-04
6.156609742902219296e-04
6.156582385301589966e-04
6.156555609777569771e-04
6.156528252176940441e-04
6.156499730423092842e-04
6.156472954899072647e-04
6.156445015221834183e-04
6.156418239697813988e-04
6.156390882097184658e-04
6.156362942419946194e-04
6.156336166895925999e-04
6.156309391371905804e-04
6.156280869618058205e-04
6.156254094094038010e-04
6.156227318570017815e-04
6.156199960969388485e-04
6.156172021292150021e-04
6.156144081614911556e-04
6.156117888167500496e-04
6.156090530566871166e-04
6.156063172966241837e-04
6.156035233289003372e-04
6.156008457764983177e-04
6.155981100164353848e-04
6.155953160487115383e-04
6.155926967039704323e-04
6.155899027362465858e-04
6.155872251838445663e-04
6.155844894237816334e-04
6.155816954560577869e-04
