3.851223737001419067e-03
3.849483095109462738e-03
3.847744083032011986e-03
3.846006700769066811e-03
3.844270249828696251e-03
3.842535428702831268e-03
3.840802470222115517e-03
3.839070908725261688e-03
3.837341209873557091e-03
3.835612908005714417e-03
3.833885304629802704e-03
3.832160262390971184e-03
3.830436384305357933e-03
3.828714368864893913e-03
3.826993284747004509e-03
3.825273830443620682e-03
3.823556238785386086e-03
3.821839811280369759e-03
3.820124780759215355e-03
3.818411612883210182e-03
3.816700074821710587e-03
3.814989468082785606e-03
3.813280491158366203e-03
3.811573144048452377e-03
3.809867193922400475e-03
3.808163339272141457e-03
3.806460183113813400e-03
3.804758889600634575e-03
3.803058993071317673e-03
3.801360260695219040e-03
3.799663158133625984e-03
3.797967452555894852e-03
3.796273842453956604e-03
3.794581629335880280e-03
3.792890114709734917e-03
3.791200695559382439e-03
3.789512673392891884e-03
3.787825815379619598e-03
3.786140354350209236e-03
3.784456988796591759e-03
3.782774321734905243e-03
3.781093284487724304e-03
3.779413877055048943e-03
3.777736332267522812e-03
3.776059253141283989e-03
3.774384269490838051e-03
3.772710915654897690e-03
3.771038027480244637e-03
3.769367234781384468e-03
3.767697606235742569e-03
3.766029840335249901e-03
3.764363005757331848e-03
3.762698033824563026e-03
3.761034458875656128e-03
3.759372048079967499e-03
3.757711499929428101e-03
3.756051650270819664e-03
3.754393663257360458e-03
3.752737073227763176e-03
3.751081414520740509e-03
3.749427851289510727e-03
3.747775685042142868e-03
3.746124217286705971e-03
3.744474845007061958e-03
3.742826404049992561e-03
3.741179592907428741e-03
3.739533945918083191e-03
3.737890161573886871e-03
3.736247308552265167e-03
3.734606085345149040e-03
3.732966259121894836e-03
3.731327829882502556e-03
3.729691030457615852e-03
3.728054696694016457e-03
3.726420691236853600e-03
3.724787617102265358e-03
3.723155707120895386e-03
3.721525659784674644e-03
3.719896776601672173e-03
3.718269057571887970e-03
3.716643201187252998e-03
3.715017810463905334e-03
3.713394515216350555e-03
3.711772616952657700e-03
3.710151650011539459e-03
3.708532312884926796e-03
3.706913674250245094e-03
3.705297363921999931e-03
3.703681519255042076e-03
3.702068002894520760e-03
3.700455417856574059e-03
3.698844229802489281e-03
3.697233507409691811e-03
3.695625346153974533e-03
3.694017883390188217e-03
3.692411817610263824e-03
3.690807381644845009e-03
3.689204109832644463e-03
3.687601769343018532e-03
3.686000825837254524e-03
3.684401744976639748e-03
3.682803828269243240e-03
3.681206842884421349e-03
3.679611952975392342e-03
3.678017528727650642e-03
3.676424501463770866e-03
3.674832871183753014e-03
3.673242870718240738e-03
3.671654034405946732e-03
3.670066362246870995e-03
3.668480785563588142e-03
3.666895208880305290e-03
3.665312193334102631e-03
3.663729177787899971e-03
3.662148257717490196e-03
3.660568734630942345e-03
3.658990375697612762e-03
3.657412715256214142e-03
3.655836917459964752e-03
3.654262516647577286e-03
3.652689047157764435e-03
3.651116974651813507e-03
3.649546066299080849e-03
3.647977020591497421e-03
3.646408440545201302e-03
3.644841490313410759e-03
3.643275937065482140e-03
3.641712246462702751e-03
3.640149021521210670e-03
3.638586727902293205e-03
3.637026296928524971e-03
3.635466797277331352e-03
3.633909160271286964e-03
3.632351988926529884e-03
3.630796447396278381e-03
3.629241837188601494e-03
3.627689322456717491e-03
3.626137971878051758e-03
3.624587319791316986e-03
3.623037831857800484e-03
3.621489740908145905e-03
3.619942581281065941e-03
3.618397982791066170e-03
3.616853617131710052e-03
3.615310182794928551e-03
3.613768843933939934e-03
3.612228436395525932e-03
3.610688727349042892e-03
3.609150648117065430e-03
3.607613733038306236e-03
3.606078447774052620e-03
3.604544093832373619e-03
3.603010904043912888e-03
3.601478878408670425e-03
3.599948482587933540e-03
3.598419250920414925e-03
3.596890717744827271e-03
3.595364047214388847e-03
3.593838075175881386e-03
3.592313732951879501e-03
3.590790554881095886e-03
3.589268075302243233e-03
3.587747458368539810e-03
3.586227307096123695e-03
3.584709251299500465e-03
3.583191661164164543e-03
3.581675700843334198e-03
3.580160904675722122e-03
3.578647505491971970e-03
3.577135037630796432e-03
3.575623733922839165e-03
3.574113361537456512e-03
3.572604851797223091e-03
3.571096807718276978e-03
3.569590393453836441e-03
3.568085143342614174e-03
3.566581057384610176e-03
3.565078368410468102e-03
3.563576610758900642e-03
3.562076482921838760e-03
3.560577053576707840e-03
3.559079021215438843e-03
3.557581687346100807e-03
3.556085983291268349e-03
3.554591443389654160e-03
3.553097834810614586e-03
3.551606088876724243e-03
3.550114342942833900e-03
3.548625158146023750e-03
3.547136206179857254e-03
3.545648651197552681e-03
3.544162260368466377e-03
3.542677033692598343e-03
3.541192971169948578e-03
3.539710305631160736e-03
3.538228338584303856e-03
3.536748234182596207e-03
3.535268828272819519e-03
3.533790586516261101e-03
3.532313508912920952e-03
3.530837595462799072e-03
3.529362380504608154e-03
3.527888795360922813e-03
3.526416840031743050e-03
3.524945816025137901e-03
3.523475257679820061e-03
3.522006561979651451e-03
3.520538797602057457e-03
3.519071964547038078e-03
3.517606295645236969e-03
3.516141558066010475e-03
3.514678217470645905e-03
3.513216506689786911e-03
3.511755727231502533e-03
3.510295413434505463e-03
3.508836729452013969e-03
3.507379442453384399e-03
3.505923086777329445e-03
3.504467429593205452e-03
3.503013635054230690e-03
3.501560539007186890e-03
3.500108374282717705e-03
3.498657606542110443e-03
3.497208468616008759e-03
3.495759097859263420e-03
3.494311822578310966e-03
3.492865711450576782e-03
3.491420298814773560e-03
3.489976515993475914e-03
3.488532966002821922e-03
3.487091045826673508e-03
3.485650522634387016e-03
3.484210930764675140e-03
3.482772735878825188e-03
3.481335006654262543e-03
3.479898907244205475e-03
3.478464204818010330e-03
3.477029735222458839e-03
3.475596662610769272e-03
3.474165452644228935e-03
3.472734009847044945e-03
3.471304662525653839e-03
3.469876013696193695e-03
3.468448529019951820e-03
3.467021975666284561e-03
3.465596819296479225e-03
3.464172361418604851e-03
3.462749533355236053e-03
3.461327403783798218e-03
3.459906671196222305e-03
3.458486869931221008e-03
3.457068232819437981e-03
3.455650294199585915e-03
3.454233985394239426e-03
3.452818375080823898e-03
3.451404161751270294e-03
3.449990879744291306e-03
3.448578529059886932e-03
3.447167575359344482e-03
3.445757320150732994e-03
3.444348461925983429e-03
3.442940535023808479e-03
3.441533306613564491e-03
3.440127940848469734e-03
3.438723040744662285e-03
3.437319071963429451e-03
3.435916965827345848e-03
3.434515791013836861e-03
3.433114616200327873e-03
3.431715769693255424e-03
3.430317621678113937e-03
3.428919939324259758e-03
3.427523886784911156e-03
3.426128765568137169e-03
3.424734808504581451e-03
3.423341782763600349e-03
3.421949688345193863e-03
3.420558990910649300e-03
3.419169224798679352e-03
3.417780390009284019e-03
3.416392486542463303e-03
3.415006212890148163e-03
3.413620870560407639e-03
3.412235993891954422e-03
3.410852048546075821e-03
3.409469965845346451e-03
3.408088581636548042e-03
3.406708128750324249e-03
3.405329072847962379e-03
3.403950482606887817e-03
3.402573056519031525e-03
3.401197027415037155e-03
3.399822162464261055e-03
3.398447530344128609e-03
3.397074528038501740e-03
3.395702457055449486e-03
3.394331783056259155e-03
3.392961574718356133e-03
3.391592297703027725e-03
3.390224417671561241e-03
3.388857701793313026e-03
3.387491684406995773e-03
3.386127064004540443e-03
3.384762909263372421e-03
3.383400384336709976e-03
3.382038557901978493e-03
3.380678128451108932e-03
3.379317931830883026e-03
3.377959365025162697e-03
3.376601496711373329e-03
3.375244792550802231e-03
3.373889252543449402e-03
3.372534643858671188e-03
3.371181199327111244e-03
3.369827987626194954e-03
3.368476871401071548e-03
3.367125988006591797e-03
3.365776734426617622e-03
3.364427946507930756e-03
3.363080322742462158e-03
3.361734095960855484e-03
3.360388567671179771e-03
3.359043970704078674e-03
3.357700072228908539e-03
3.356357570737600327e-03
3.355016233399510384e-03
3.353675827383995056e-03
3.352335654199123383e-03
3.350997809320688248e-03
3.349660197272896767e-03
3.348323749378323555e-03
3.346987999975681305e-03
3.345653181895613670e-03
3.344319993630051613e-03
3.342987503856420517e-03
3.341655712574720383e-03
3.340325085446238518e-03
3.338995855301618576e-03
3.337666625156998634e-03
3.336339257657527924e-03
3.335012355819344521e-03
3.333686850965023041e-03
3.332362044602632523e-03
3.331038169562816620e-03
3.329715691506862640e-03
3.328393911942839622e-03
3.327073296532034874e-03
3.325753379613161087e-03
3.324434626847505569e-03
3.323117038235068321e-03
3.321800148114562035e-03
3.320484189316630363e-03
3.319168929010629654e-03
3.317855764180421829e-03
3.316542366519570351e-03
3.315230133011937141e-03
3.313919063657522202e-03
3.312609391286969185e-03
3.311300184577703476e-03
3.309992142021656036e-03
3.308685263618826866e-03
3.307378850877285004e-03
3.306073369458317757e-03
3.304769052192568779e-03
3.303466131910681725e-03
3.302163677290081978e-03
3.300862153992056847e-03
3.299561329185962677e-03
3.298262134194374084e-03
3.296963404864072800e-03
3.295665839686989784e-03
3.294369438663125038e-03
3.293073736131191254e-03
3.291779430583119392e-03
3.290485357865691185e-03
3.289192216470837593e-03
3.287900472059845924e-03
3.286609193310141563e-03
3.285319544374942780e-03
3.284030593931674957e-03
3.282742574810981750e-03
3.281455254182219505e-03
3.280168864876031876e-03
3.278884105384349823e-03
3.277599811553955078e-03
3.276315983384847641e-03
3.275034017860889435e-03
3.273752285167574883e-03
3.272471716627478600e-03
3.271192079409956932e-03
3.269913373515009880e-03
3.268635598942637444e-03
3.267359221354126930e-03
3.266082843765616417e-03
3.264807863160967827e-03
3.263533813878893852e-03
3.262260928750038147e-03
3.260988509282469749e-03
3.259717253968119621e-03
3.258446929976344109e-03
3.257177770137786865e-03
3.255909308791160583e-03
3.254641778767108917e-03
3.253374947234988213e-03
3.252109512686729431e-03
3.250844543799757957e-03
3.249580739066004753e-03
3.248317632824182510e-03
3.247055923566222191e-03
3.245794214308261871e-03
3.244534367695450783e-03
3.243274986743927002e-03
3.242016537114977837e-03
3.240759717300534248e-03
3.239502664655447006e-03
3.238247008994221687e-03
3.236992750316858292e-03
3.235738258808851242e-03
3.234485164284706116e-03
3.233233699575066566e-03
3.231982467696070671e-03
3.230732399970293045e-03
3.229483030736446381e-03
3.228234825655817986e-03
3.226987086236476898e-03
3.225740510970354080e-03
3.224494867026805878e-03
3.223250154405832291e-03
3.222005907446146011e-03
3.220763057470321655e-03
3.219520905986428261e-03
3.218279918655753136e-03
3.217039862647652626e-03
3.215800505131483078e-03
3.214561846107244492e-03
3.213323885574936867e-03
3.212087554857134819e-03
3.210851224139332771e-03
3.209616523236036301e-03
3.208382520824670792e-03
3.207149449735879898e-03
3.205917077139019966e-03
3.204685635864734650e-03
3.203455358743667603e-03
3.202225780114531517e-03
3.200997132807970047e-03
3.199768718332052231e-03
3.198541933670639992e-03
3.197316080331802368e-03
3.196090925484895706e-03
3.194866469129920006e-03
3.193642711266875267e-03
3.192420350387692451e-03
3.191198688000440598e-03
3.189977724105119705e-03
3.188757924363017082e-03
3.187538823112845421e-03
3.186320420354604721e-03
3.185103414580225945e-03
3.183886874467134476e-03
3.182671265676617622e-03
3.181456355378031731e-03
3.180242842063307762e-03
3.179029561579227448e-03
3.177817678079009056e-03
3.176606260240077972e-03
3.175395773723721504e-03
3.174186451360583305e-03
3.172977827489376068e-03
3.171770134940743446e-03
3.170563373714685440e-03
3.169356612488627434e-03
3.168151713907718658e-03
3.166947280988097191e-03
3.165743779391050339e-03
3.164541209116578102e-03
3.163339337334036827e-03
3.162138629704713821e-03
3.160938154906034470e-03
3.159739309921860695e-03
3.158540697768330574e-03
3.157343482598662376e-03
3.156146733090281487e-03
3.154950914904475212e-03
3.153756028041243553e-03
3.152561606839299202e-03
3.151368815451860428e-03
3.150176024064421654e-03
3.148984629660844803e-03
3.147793468087911606e-03
3.146603936329483986e-03
3.145414870232343674e-03
3.144226735457777977e-03
3.143039299175143242e-03
3.141853027045726776e-03
3.140667453408241272e-03
3.139482112601399422e-03
3.138298401609063148e-03
3.137115156278014183e-03
3.135932609438896179e-03
