6.187716498970985413e-04
6.187687977217137814e-04
6.187659455463290215e-04
6.187630933709442616e-04
6.187602994032204151e-04
6.187574472278356552e-04
6.187545950524508953e-04
6.187518010847270489e-04
6.187488907016813755e-04
6.187460385262966156e-04
6.187433027662336826e-04
6.187403923831880093e-04
6.187375984154641628e-04
6.187347462400794029e-04
6.187319522723555565e-04
6.187291583046317101e-04
6.187261897139251232e-04
6.187234539538621902e-04
6.187206017784774303e-04
6.187177496030926704e-04
6.187148974277079105e-04
6.187121034599840641e-04
6.187092512845993042e-04
6.187063991092145443e-04
6.187036633491516113e-04
6.187007529661059380e-04
6.186979007907211781e-04
6.186950486153364182e-04
6.186922546476125717e-04
6.186894606798887253e-04
6.186866667121648788e-04
6.186837563291192055e-04
6.186809623613953590e-04
6.186781683936715126e-04
6.186752580106258392e-04
6.186723476275801659e-04
6.186696700751781464e-04
6.186668178997933865e-04
6.186640239320695400e-04
6.186611717566847801e-04
6.186582613736391068e-04
6.186554674059152603e-04
6.186526152305305004e-04
6.186498212628066540e-04
6.186470272950828075e-04
6.186441751196980476e-04
6.186412647366523743e-04
6.186385289765894413e-04
6.186356768012046814e-04
6.186327664181590080e-04
6.186300306580960751e-04
6.186272366903722286e-04
6.186243263073265553e-04
6.186215323396027088e-04
6.186186801642179489e-04
6.186158861964941025e-04
6.186130340211093426e-04
6.186101818457245827e-04
6.186074460856616497e-04
6.186045357026159763e-04
6.186016835272312164e-04
6.185988895595073700e-04
6.185960955917835236e-04
6.185932434163987637e-04
6.185904494486749172e-04
6.185876554809510708e-04
6.185847450979053974e-04
6.185820093378424644e-04
6.185790989547967911e-04
6.185763631947338581e-04
6.185734528116881847e-04
6.185706006363034248e-04
6.185678648762404919e-04
6.185648962855339050e-04
6.185621023178100586e-04
6.185593665577471256e-04
6.185564561747014523e-04
6.185537204146385193e-04
6.185508682392537594e-04
6.185480742715299129e-04
6.185452220961451530e-04
6.185423699207603931e-04
6.185395177453756332e-04
6.185367819853127003e-04
6.185338716022670269e-04
6.185310194268822670e-04
6.185282836668193340e-04
6.185254314914345741e-04
6.185225793160498142e-04
6.185197853483259678e-04
6.185169913806021214e-04
6.185140809975564480e-04
6.185113452374935150e-04
6.185085512697696686e-04
6.185056408867239952e-04
6.185027887113392353e-04
6.185000529512763023e-04
6.184972007758915424e-04
6.184943486005067825e-04
6.184915546327829361e-04
6.184887606650590897e-04
6.184859084896743298e-04
6.184829981066286564e-04
6.184802041389048100e-04
6.184774683788418770e-04
6.184746162034571171e-04
6.184718222357332706e-04
6.184689700603485107e-04
6.184661178849637508e-04
6.184633821249008179e-04
6.184605299495160580e-04
6.184576777741312981e-04
6.184548255987465382e-04
6.184520898386836052e-04
6.184492376632988453e-04
6.184464436955749989e-04
6.184435915201902390e-04
6.184407393448054790e-04
6.184378871694207191e-04
6.184350932016968727e-04
6.184322992339730263e-04
6.184294470585882664e-04
6.184266530908644199e-04
6.184238591231405735e-04
6.184210651554167271e-04
6.184181547723710537e-04
6.184154190123081207e-04
6.184125668369233608e-04
6.184097728691995144e-04
6.184069789014756680e-04
6.184041267260909081e-04
6.184013327583670616e-04
6.183984805829823017e-04
6.183956284075975418e-04
6.183928344398736954e-04
6.183900404721498489e-04
6.183871300891041756e-04
6.183843361213803291e-04
6.183815421536564827e-04
6.183788063935935497e-04
6.183759542182087898e-04
6.183731020428240299e-04
6.183703080751001835e-04
6.183674558997154236e-04
6.183646619319915771e-04
6.183618679642677307e-04
6.183590157888829708e-04
6.183562800288200378e-04
6.183534860610961914e-04
6.183505756780505180e-04
6.183477235026657581e-04
6.183449877426028252e-04
6.183421355672180653e-04
6.183393415994942188e-04
6.183364894241094589e-04
6.183336954563856125e-04
6.183307850733399391e-04
6.183280493132770061e-04
6.183251971378922462e-04
6.183224031701683998e-04
6.183196092024445534e-04
6.183167570270597935e-04
6.183139048516750336e-04
6.183111108839511871e-04
6.183083169162273407e-04
6.183055811561644077e-04
6.183027871884405613e-04
6.182999350130558014e-04
6.182970246300101280e-04
6.182943470776081085e-04
6.182914949022233486e-04
6.182886427268385887e-04
6.182858487591147423e-04
6.182830547913908958e-04
6.182802026160061359e-04
6.182774086482822895e-04
6.182745564728975296e-04
6.182718207128345966e-04
6.182689103297889233e-04
6.182661745697259903e-04
6.182633223943412304e-04
6.182604702189564705e-04
6.182577344588935375e-04
6.182549404911696911e-04
6.182521465234458447e-04
6.182492943480610847e-04
6.182464421726763248e-04
6.182437064126133919e-04
6.182408542372286320e-04
6.182380602695047855e-04
6.182352663017809391e-04
6.182324141263961792e-04
6.182295619510114193e-04
6.182268261909484863e-04
6.182239740155637264e-04
6.182211800478398800e-04
6.182183278724551201e-04
6.182155339047312737e-04
6.182127981446683407e-04
6.182099459692835808e-04
6.182070937938988209e-04
6.182043580338358879e-04
6.182015640661120415e-04
6.181986536830663681e-04
6.181958015076816082e-04
6.181930075399577618e-04
6.181902135722339153e-04
6.181874778121709824e-04
6.181846256367862225e-04
6.181818316690623760e-04
6.181789794936776161e-04
6.181762437336146832e-04
6.181733915582299232e-04
6.181706557981669903e-04
6.181678036227822304e-04
6.181649514473974705e-04
6.181622156873345375e-04
6.181594217196106911e-04
6.181565113365650177e-04
6.181536591611802578e-04
6.181509234011173248e-04
6.181480712257325649e-04
6.181452772580087185e-04
6.181424832902848721e-04
6.181396311149001122e-04
6.181368371471762657e-04
6.181341013871133327e-04
6.181313074193894863e-04
6.181285134516656399e-04
6.181256612762808800e-04
6.181228673085570335e-04
6.181200151331722736e-04
6.181172211654484272e-04
6.181144854053854942e-04
6.181116332300007343e-04
6.181088392622768879e-04
6.181060452945530415e-04
6.181031931191682816e-04
6.181004573591053486e-04
6.180976051837205887e-04
6.180948112159967422e-04
6.180919590406119823e-04
6.180891650728881359e-04
6.180864875204861164e-04
6.180836353451013565e-04
6.180807831697165966e-04
6.180779892019927502e-04
6.180751952342689037e-04
6.180724012665450573e-04
6.180696072988212109e-04
6.180668133310973644e-04
6.180640193633735180e-04
6.180611671879887581e-04
6.180583732202649117e-04
6.180555792525410652e-04
6.180527852848172188e-04
6.180499331094324589e-04
6.180470227263867855e-04
6.180443451739847660e-04
6.180415512062609196e-04
6.180386990308761597e-04
6.180359632708132267e-04
6.180331110954284668e-04
6.180303753353655338e-04
6.180275231599807739e-04
6.180247291922569275e-04
6.180219934321939945e-04
6.180191412568092346e-04
6.180164054967463017e-04
6.180135533213615417e-04
6.180107011459767818e-04
6.180079653859138489e-04
6.180051132105290890e-04
6.180023192428052425e-04
6.179995252750813961e-04
6.179967313073575497e-04
6.179939373396337032e-04
6.179912015795707703e-04
6.179884076118469238e-04
6.179855554364621639e-04
6.179827614687383175e-04
6.179800257086753845e-04
6.179771153256297112e-04
6.179743213579058647e-04
6.179715855978429317e-04
6.179687334224581718e-04
6.179659976623952389e-04
6.179631454870104790e-04
6.179604097269475460e-04
6.179574993439018726e-04
6.179548217914998531e-04
6.179519114084541798e-04
6.179491756483912468e-04
6.179463816806674004e-04
6.179434712976217270e-04
6.179407355375587940e-04
6.179379997774958611e-04
6.179352058097720146e-04
6.179324118420481682e-04
6.179295596666634083e-04
6.179267656989395618e-04
6.179239717312157154e-04
6.179212359711527824e-04
6.179183837957680225e-04
6.179156480357050896e-04
6.179128540679812431e-04
6.179100601002573967e-04
6.179072661325335503e-04
6.179044139571487904e-04
6.179016199894249439e-04
6.178988260217010975e-04
6.178960320539772511e-04
6.178932380862534046e-04
6.178903859108686447e-04
6.178876501508057117e-04
6.178848561830818653e-04
6.178820040076971054e-04
6.178792682476341724e-04
6.178764160722494125e-04
6.178736221045255661e-04
6.178708281368017197e-04
6.178680923767387867e-04
6.178652984090149403e-04
6.178623880259692669e-04
6.178596522659063339e-04
6.178568582981824875e-04
6.178540643304586411e-04
6.178513285703957081e-04
6.178485346026718616e-04
6.178457406349480152e-04
6.178428884595632553e-04
6.178400362841784954e-04
6.178373587317764759e-04
6.178346811793744564e-04
6.178317707963287830e-04
6.178289186209440231e-04
6.178261828608810902e-04
6.178233888931572437e-04
6.178205949254333973e-04
6.178178009577095509e-04
6.178150069899857044e-04
6.178122712299227715e-04
6.178094190545380116e-04
6.178066250868141651e-04
6.178038311190903187e-04
6.178010953590273857e-04
6.177982431836426258e-04
6.177954492159187794e-04
6.177926552481949329e-04
6.177898612804710865e-04
6.177870091050863266e-04
6.177842733450233936e-04
6.177814211696386337e-04
6.177786854095757008e-04
6.177758914418518543e-04
6.177731556817889214e-04
6.177703035064041615e-04
6.177675677463412285e-04
6.177647737786173820e-04
6.177619216032326221e-04
6.177591858431696892e-04
6.177563918754458427e-04
6.177536561153829098e-04
6.177508621476590633e-04
6.177480099722743034e-04
6.177452160045504570e-04
6.177424220368266106e-04
6.177396862767636776e-04
6.177368923090398312e-04
6.177340401336550713e-04
6.177313625812530518e-04
6.177284521982073784e-04
6.177257746458053589e-04
6.177229224704205990e-04
6.177201285026967525e-04
6.177173927426338196e-04
6.177145987749099731e-04
6.177118048071861267e-04
6.177089526318013668e-04
6.177062750793993473e-04
6.177034229040145874e-04
6.177006289362907410e-04
6.176978349685668945e-04
6.176949827931821346e-04
6.176923052407801151e-04
6.176895112730562687e-04
6.176867173053324223e-04
6.176838651299476624e-04
6.176811293698847294e-04
6.176783354021608829e-04
6.176755414344370365e-04
6.176728056743741035e-04
6.176699534989893436e-04
6.176672177389264107e-04
6.176644819788634777e-04
6.176616880111396313e-04
6.176588940434157848e-04
6.176561582833528519e-04
6.176532479003071785e-04
6.176504539325833321e-04
6.176477181725203991e-04
6.176448659971356392e-04
6.176421302370727062e-04
6.176393944770097733e-04
6.176366005092859268e-04
6.176338065415620804e-04
6.176310125738382339e-04
6.176282186061143875e-04
6.176254246383905411e-04
6.176226888783276081e-04
6.176199531182646751e-04
6.176171009428799152e-04
6.176143651828169823e-04
6.176115712150931358e-04
6.176087190397083759e-04
6.176059832796454430e-04
6.176031311042606831e-04
6.176003371365368366e-04
6.175976013764739037e-04
6.175947492010891438e-04
6.175920716486871243e-04
6.175892194733023643e-04
6.175864255055785179e-04
6.175836897455155849e-04
6.175809539854526520e-04
6.175781018100678921e-04
6.175753660500049591e-04
6.175725720822811127e-04
6.175698363222181797e-04
6.175669841468334198e-04
6.175642483867704868e-04
6.175614544190466404e-04
6.175586604513227940e-04
6.175559246912598610e-04
6.175531307235360146e-04
6.175503367558121681e-04
6.175474845804274082e-04
6.175447488203644753e-04
6.175419548526406288e-04
6.175392190925776958e-04
6.175364251248538494e-04
6.175335729494690895e-04
6.175308371894061565e-04
6.175281596370041370e-04
6.175253656692802906e-04
6.175224552862346172e-04
6.175197777338325977e-04
6.175169255584478378e-04
6.175142480060458183e-04
6.175114540383219719e-04
6.175086018629372120e-04
6.175058078952133656e-04
6.175031303428113461e-04
6.175003363750874996e-04
6.174975424073636532e-04
6.174947484396398067e-04
6.174918962642550468e-04
6.174891605041921139e-04
6.174863665364682674e-04
6.174836307764053345e-04
6.174808950163424015e-04
6.174781010486185551e-04
6.174753070808947086e-04
6.174725131131708622e-04
6.174697191454470158e-04
6.174669251777231693e-04
6.174642476253211498e-04
6.174614536575973034e-04
6.174586014822125435e-04
6.174558657221496105e-04
6.174530717544257641e-04
6.174503359943628311e-04
6.174475420266389847e-04
6.174448644742369652e-04
6.174420122988522053e-04
6.174392765387892723e-04
6.174364243634045124e-04
6.174336303956806660e-04
6.174308946356177330e-04
6.174281006678938866e-04
6.174253649078309536e-04
6.174226873554289341e-04
6.174197769723832607e-04
6.174170412123203278e-04
6.174143054522573948e-04
6.174114532768726349e-04
6.174087757244706154e-04
6.174059235490858555e-04
6.174031295813620090e-04
6.174003938212990761e-04
6.173976580612361431e-04
6.173948640935122967e-04
6.173920701257884502e-04
6.173892761580646038e-04
6.173865403980016708e-04
6.173837464302778244e-04
6.173808942548930645e-04
6.173781584948301315e-04
6.173754809424281120e-04
6.173726287670433521e-04
