4.189921019133180380e-04
4.189892206341028214e-04
4.189863102510571480e-04
4.189835453871637583e-04
4.189806932117789984e-04
4.189778410363942385e-04
4.189749597571790218e-04
4.189721657894551754e-04
4.189692845102399588e-04
4.189664323348551989e-04
4.189635801594704390e-04
4.189607570879161358e-04
4.189579049125313759e-04
4.189551400486379862e-04
4.189522296655923128e-04
4.189494065940380096e-04
4.189465544186532497e-04
4.189437022432684898e-04
4.189408209640532732e-04
4.189380269963294268e-04
4.189352621324360371e-04
4.189323517493903637e-04
4.189294413663446903e-04
4.189266182947903872e-04
4.189237952232360840e-04
4.189209430478513241e-04
4.189180908724665642e-04
4.189153260085731745e-04
4.189124156255275011e-04
4.189095925539731979e-04
4.189066821709275246e-04
4.189038882032036781e-04
4.189011233393102884e-04
4.188982420600950718e-04
4.188953316770493984e-04
4.188925377093255520e-04
4.188897146377712488e-04
4.188868624623864889e-04
4.188839811831712723e-04
4.188811290077865124e-04
4.188783059362322092e-04
4.188753955531865358e-04
4.188726306892931461e-04
4.188698367215692997e-04
4.188670136500149965e-04
4.188641032669693232e-04
4.188612801954150200e-04
4.188583989161998034e-04
4.188556049484759569e-04
4.188527236692607403e-04
4.188499588053673506e-04
4.188471357338130474e-04
4.188442253507673740e-04
4.188414022792130709e-04
4.188385501038283110e-04
4.188357270322740078e-04
4.188328748568892479e-04
4.188300226815044880e-04
4.188271996099501848e-04
4.188244347460567951e-04
4.188215243630111217e-04
4.188186721876263618e-04
4.188158491160720587e-04
4.188130260445177555e-04
4.188101738691329956e-04
4.188073216937482357e-04
4.188045568298548460e-04
4.188016755506396294e-04
4.187988233752548695e-04
4.187960585113614798e-04
4.187932063359767199e-04
4.187903541605919600e-04
4.187874728813767433e-04
4.187846789136528969e-04
4.187818558420985937e-04
4.187789454590529203e-04
4.187761223874986172e-04
4.187733284197747707e-04
4.187705053482204676e-04
4.187676822766661644e-04
4.187647718936204910e-04
4.187619779258966446e-04
4.187590966466814280e-04
4.187563317827880383e-04
4.187534796074032784e-04
4.187506565358489752e-04
4.187477170489728451e-04
4.187449521850794554e-04
4.187421291135251522e-04
4.187392187304794788e-04
4.187365120742470026e-04
4.187336016912013292e-04
4.187308368273079395e-04
4.187279264442622662e-04
4.187251033727079630e-04
4.187222511973232031e-04
4.187193990219384432e-04
4.187166341580450535e-04
4.187137528788298368e-04
4.187109589111059904e-04
4.187081940472126007e-04
4.187052836641669273e-04
4.187024605926126242e-04
4.186996375210583210e-04
4.186967853456735611e-04
4.186939331702888012e-04
4.186911683063954115e-04
4.186882870271801949e-04
4.186854930594563484e-04
4.186826117802411318e-04
4.186798178125172853e-04
4.186769365333020687e-04
4.186740843579173088e-04
4.186713777016848326e-04
4.186684673186391592e-04
4.186655860394239426e-04
4.186628793831914663e-04
4.186600272078067064e-04
4.186572041362524033e-04
4.186543519608676434e-04
4.186514997854828835e-04
4.186486185062676668e-04
4.186458245385438204e-04
4.186430014669895172e-04
4.186401492916047573e-04
4.186372680123895407e-04
4.186345031484961510e-04
4.186316509731113911e-04
4.186287987977266312e-04
4.186260339338332415e-04
4.186231526546180248e-04
4.186203877907246351e-04
4.186174774076789618e-04
4.186146834399551153e-04
4.186118021607398987e-04
4.186090372968465090e-04
4.186061851214617491e-04
4.186033620499074459e-04
4.186005680821835995e-04
4.185976868029683828e-04
4.185948928352445364e-04
4.185920697636902332e-04
4.185892466921359301e-04
4.185864527244120836e-04
4.185835714451968670e-04
4.185807192698121071e-04
4.185778961982578039e-04
4.185751895420253277e-04
4.185722791589796543e-04
4.185694269835948944e-04
4.185666039120405912e-04
4.185637517366558313e-04
4.185609286651015282e-04
4.185581346973776817e-04
4.185553116258233786e-04
4.185524594504386187e-04
4.185496363788843155e-04
4.185468715149909258e-04
4.185440193396061659e-04
4.185411962680518627e-04
4.185383731964975595e-04
4.185355792287737131e-04
4.185327561572194099e-04
4.185299039818346500e-04
4.185270809102803469e-04
4.185242287348955870e-04
4.185214056633412838e-04
4.185185825917869806e-04
4.185157886240631342e-04
4.185129655525088310e-04
4.185101133771240711e-04
4.185072903055697680e-04
4.185044672340154648e-04
4.185016150586307049e-04
4.184987628832459450e-04
4.184959980193525553e-04
4.184931167401373386e-04
4.184903227724134922e-04
4.184874414931982756e-04
4.184846475254744291e-04
4.184819117654114962e-04
4.184790013823658228e-04
4.184762947261333466e-04
4.184734425507485867e-04
4.184705612715333700e-04
4.184677090961486101e-04
4.184648860245943069e-04
4.184620920568704605e-04
4.184593271929770708e-04
4.184564459137618542e-04
4.184535937383770943e-04
4.184508288744837046e-04
4.184480058029294014e-04
4.184451245237141848e-04
4.184423305559903383e-04
4.184395365882664919e-04
4.184367135167121887e-04
4.184338613413274288e-04
4.184310964774340391e-04
4.184282734058797359e-04
4.184254503343254328e-04
4.184226854704320431e-04
4.184198332950472832e-04
4.184169811196625233e-04
4.184141289442777634e-04
4.184112476650625467e-04
4.184084828011691570e-04
4.184057179372757673e-04
4.184028657618910074e-04
4.184000135865062475e-04
4.183972487226128578e-04
4.183944256510585546e-04
4.183915734756737947e-04
4.183887504041194916e-04
4.183859855402261019e-04
4.183831624686717987e-04
4.183803685009479523e-04
4.183774872217327356e-04
4.183746350463479757e-04
4.183718701824545860e-04
4.183691053185611963e-04
4.183662531431764364e-04
4.183633718639612198e-04
4.183606070000678301e-04
4.183577548246830702e-04
4.183549899607896805e-04
4.183522250968962908e-04
4.183493147138506174e-04
4.183464916422963142e-04
4.183436976745724678e-04
4.183408746030181646e-04
4.183380515314638615e-04
4.183352575637400150e-04
4.183324926998466253e-04
4.183296114206314087e-04
4.183267592452466488e-04
4.183239943813532591e-04
4.183211713097989559e-04
4.183183773420751095e-04
4.183156124781817198e-04
4.183127020951360464e-04
4.183099372312426567e-04
4.183071141596883535e-04
4.183042910881340504e-04
4.183013807050883770e-04
4.182986158411949873e-04
4.182958509773015976e-04
4.182929988019168377e-04
4.182901757303625345e-04
4.182873817626386881e-04
4.182845586910843849e-04
4.182817938271909952e-04
4.182789707556366920e-04
4.182761767879128456e-04
4.182733537163585424e-04
4.182705015409737825e-04
4.182677366770803928e-04
4.182648553978651762e-04
4.182620032224804163e-04
4.182592965662479401e-04
4.182564152870327234e-04
4.182536213193088770e-04
4.182507400400936604e-04
4.182479751762002707e-04
4.182451812084764242e-04
4.182424163445830345e-04
4.182395350653678179e-04
4.182367410976439714e-04
4.182339762337505817e-04
4.182311531621962786e-04
4.182283300906419754e-04
4.182255652267485857e-04
4.182227130513638258e-04
4.182198899798095226e-04
4.182170960120856762e-04
4.182142729405313730e-04
4.182114498689770699e-04
4.182086559012532234e-04
4.182058328296989202e-04
4.182030679658055305e-04
4.182003031019121408e-04
4.181973927188664675e-04
4.181945696473121643e-04
4.181918047834187746e-04
4.181889526080340147e-04
4.181861295364797115e-04
4.181833646725863218e-04
4.181805124972015619e-04
4.181777476333081722e-04
4.181749245617538691e-04
4.181721596978604794e-04
4.181692493148148060e-04
4.181664844509214163e-04
4.181636322755366564e-04
4.181609256193041801e-04
4.181580443400889635e-04
4.181552503723651171e-04
4.181524273008108139e-04
4.181496624369174242e-04
4.181468975730240345e-04
4.181440453976392746e-04
4.181412223260849714e-04
4.181383992545306683e-04
4.181356343906372786e-04
4.181327822152525187e-04
4.181299591436982155e-04
4.181271651759743690e-04
4.181244003120809793e-04
4.181215772405266762e-04
4.181187541689723730e-04
4.181159019935876131e-04
4.181131371296942234e-04
4.181103140581399202e-04
4.181075491942465305e-04
4.181047552265226841e-04
4.181019321549683809e-04
4.180992254987359047e-04
4.180963442195206881e-04
4.180935502517968416e-04
4.180907853879034519e-04
4.180879041086882353e-04
4.180851101409643888e-04
4.180822870694100857e-04
4.180795222055166960e-04
4.180766991339623928e-04
4.180739051662385464e-04
4.180710820946842432e-04
4.180683172307908535e-04
4.180654650554060936e-04
4.180627292953431606e-04
4.180598189122974873e-04
4.180570540484040976e-04
4.180542018730193377e-04
4.180514952167868614e-04
4.180486721452325583e-04
4.180458490736782551e-04
4.180430551059544086e-04
4.180402320344001055e-04
4.180374962743371725e-04
4.180345567874610424e-04
4.180318792350590229e-04
4.180290561635047197e-04
4.180262621957808733e-04
4.180234973318874836e-04
4.180206160526722670e-04
4.180178511887788773e-04
4.180149990133941174e-04
4.180121759418398142e-04
4.180094110779464245e-04
4.180066171102225780e-04
4.180037940386682749e-04
4.180010873824357986e-04
4.179982643108814955e-04
4.179954412393271923e-04
4.179926472716033459e-04
4.179898242000490427e-04
4.179870593361556530e-04
4.179842362646013498e-04
4.179814714007079601e-04
4.179785610176622868e-04
4.179759125690907240e-04
4.179730894975364208e-04
4.179702373221516609e-04
4.179674724582582712e-04
4.179646493867039680e-04
4.179617972113192081e-04
4.179590614512562752e-04
4.179562674835324287e-04
4.179534444119781256e-04
4.179506213404238224e-04
4.179478564765304327e-04
4.179450916126370430e-04
4.179421812295913696e-04
4.179394163656979799e-04
4.179366515018045902e-04
4.179338575340807438e-04
4.179310344625264406e-04
4.179283278062939644e-04
4.179254465270787477e-04
4.179226525593549013e-04
4.179198876954615116e-04
4.179170646239072084e-04
4.179142415523529053e-04
4.179114766884595156e-04
4.179086827207356691e-04
4.179058887530118227e-04
4.179031238891184330e-04
4.179002717137336731e-04
4.178975068498402834e-04
4.178947419859468937e-04
4.178919189143925905e-04
4.178891249466687441e-04
4.178863018751144409e-04
4.178834788035601377e-04
4.178807139396667480e-04
4.178779490757733583e-04
4.178751551080495119e-04
4.178723320364952087e-04
4.178695671726018190e-04
4.178667441010475159e-04
4.178639501333236694e-04
4.178611852694302797e-04
4.178584204055368900e-04
4.178556555416435003e-04
4.178527451585978270e-04
4.178499802947044373e-04
4.178472445346415043e-04
4.178443341515958309e-04
4.178416274953633547e-04
4.178387753199785948e-04
4.178359522484242916e-04
4.178332455921918154e-04
4.178304807282984257e-04
4.178275994490832090e-04
4.178248345851898193e-04
4.178220697212964296e-04
4.178192175459116697e-04
4.178164526820182800e-04
4.178136878181248903e-04
4.178109229542315006e-04
4.178080998826771975e-04
4.178052768111228943e-04
4.178025119472295046e-04
4.177997179795056581e-04
4.177969531156122684e-04
4.177941300440579653e-04
4.177913651801645756e-04
4.177885421086102724e-04
4.177857481408864260e-04
4.177829832769930363e-04
4.177800728939473629e-04
4.177773371338844299e-04
4.177745431661605835e-04
4.177718074060976505e-04
4.177690134383738041e-04
4.177662485744804144e-04
4.177633672952651978e-04
4.177606606390327215e-04
4.177578084636479616e-04
4.177550727035850286e-04
4.177523078396916389e-04
4.177495138719677925e-04
4.177467490080744028e-04
4.177439550403505564e-04
4.177410737611353397e-04
4.177383380010724068e-04
4.177354858256876469e-04
4.177327209617942572e-04
4.177299560979008675e-04
4.177271912340074778e-04
4.177244263701140881e-04
4.177216032985597849e-04
4.177188384346663952e-04
4.177160153631120920e-04
4.177132504992187023e-04
4.177104856353253126e-04
4.177076916676014662e-04
4.177048103883862495e-04
4.177021037321537733e-04
4.176992515567690134e-04
4.176965157967060804e-04
4.176937218289822340e-04
4.176909569650888443e-04
4.176881921011954546e-04
4.176853108219802380e-04
4.176826041657477617e-04
4.176797810941934586e-04
4.176769871264696121e-04
4.176741931587457657e-04
4.176714865025132895e-04
4.176686634309589863e-04
4.176658694632351398e-04
4.176630463916808367e-04
4.176602233201265335e-04
4.176575166638940573e-04
4.176546935923397541e-04
4.176519869361072779e-04
4.176491638645529747e-04
4.176463990006595850e-04
4.176435468252748251e-04
4.176408692728728056e-04
4.176380170974880457e-04
4.176352522335946560e-04
4.176324873697012663e-04
4.176296642981469631e-04
4.176269576419144869e-04
4.176241054665297270e-04
4.176212823949754238e-04
4.176185175310820341e-04
4.176157817710191011e-04
4.176129878032952547e-04
4.176101647317409515e-04
4.176073998678475618e-04
4.176046350039541721e-04
4.176018701400607824e-04
4.175990470685064793e-04
4.175962822046130896e-04
4.175934882368892431e-04
4.175907524768263102e-04
4.175879876129329205e-04
