1.784417778253555298e-03
1.784033724106848240e-03
1.783649786375463009e-03
1.783266081474721432e-03
1.782882143743336201e-03
1.782497740350663662e-03
1.782113686203956604e-03
1.781729748472571373e-03
1.781345345079898834e-03
1.780961174517869949e-03
1.780576654709875584e-03
1.780192367732524872e-03
1.779807847924530506e-03
1.779423328116536140e-03
1.779038575477898121e-03
1.778653939254581928e-03
1.778269186615943909e-03
1.777884433977305889e-03
1.777499332092702389e-03
1.777114695869386196e-03
1.776729361154139042e-03
1.776344492100179195e-03
1.775959157384932041e-03
1.775574055500328541e-03
1.775188837200403214e-03
1.774803502485156059e-03
1.774417934939265251e-03
1.774032600224018097e-03
1.773646916262805462e-03
1.773261232301592827e-03
1.772875781171023846e-03
1.772489747963845730e-03
1.772103831171989441e-03
1.771717797964811325e-03
1.771331997588276863e-03
1.770945731550455093e-03
1.770559465512633324e-03
1.770173315890133381e-03
1.769787049852311611e-03
1.769400783814489841e-03
1.769013935700058937e-03
1.768627553246915340e-03
1.768240705132484436e-03
1.767853973433375359e-03
1.767467125318944454e-03
1.767080160789191723e-03
1.766693079844117165e-03
1.766306115314364433e-03
1.765918685123324394e-03
1.765531371347606182e-03
1.765144173987209797e-03
1.764756743796169758e-03
1.764369197189807892e-03
1.763981650583446026e-03
1.763594103977084160e-03
1.763206091709434986e-03
1.762818195857107639e-03
1.762430183589458466e-03
1.762042054906487465e-03
1.761654042638838291e-03
1.761265564709901810e-03
1.760877203196287155e-03
1.760488725267350674e-03
1.760100130923092365e-03
1.759711652994155884e-03
1.759322709403932095e-03
1.758934231474995613e-03
1.758545287884771824e-03
1.758155995048582554e-03
1.757766935043036938e-03
1.757377758622169495e-03
1.756988349370658398e-03
1.756599056534469128e-03
1.756209530867636204e-03
1.755819888785481453e-03
1.755430246703326702e-03
1.755040371790528297e-03
1.754650496877729893e-03
1.754260389134287834e-03
1.753870164975523949e-03
1.753479940816760063e-03
1.753089483827352524e-03
1.752699143253266811e-03
1.752308802679181099e-03
1.751918229274451733e-03
1.751527423039078712e-03
1.751136383973062038e-03
1.750745577737689018e-03
1.750354538671672344e-03
1.749963383190333843e-03
1.749571994878351688e-03
1.749180606566369534e-03
1.748789218254387379e-03
1.748397829942405224e-03
1.748006092384457588e-03
1.747614238411188126e-03
1.747222384437918663e-03
1.746830530464649200e-03
1.746438210830092430e-03
1.746046124026179314e-03
1.745653687976300716e-03
1.745261601172387600e-03
1.744869048707187176e-03
1.744476263411343098e-03
1.744083827361464500e-03
1.743690925650298595e-03
1.743297791108489037e-03
1.742904889397323132e-03
1.742511522024869919e-03
1.742118503898382187e-03
1.741725020110607147e-03
1.741331652738153934e-03
1.740938052535057068e-03
1.740544452331960201e-03
1.740150619298219681e-03
1.739756786264479160e-03
1.739362720400094986e-03
1.738968654535710812e-03
1.738574588671326637e-03
1.738180173560976982e-03
1.737785758450627327e-03
1.737391226924955845e-03
1.736996695399284363e-03
1.736601814627647400e-03
1.736207166686654091e-03
1.735812053084373474e-03
1.735416939482092857e-03
1.735021942295134068e-03
1.734626712277531624e-03
1.734231598675251007e-03
1.733836135827004910e-03
1.733440789394080639e-03
1.733045210130512714e-03
1.732649398036301136e-03
1.732253818772733212e-03
1.731857657432556152e-03
1.731461728923022747e-03
1.731065567582845688e-03
1.730669173412024975e-03
1.730273012071847916e-03
1.729876734316349030e-03
1.729480223730206490e-03
1.729083480313420296e-03
1.728686853311955929e-03
1.728290226310491562e-03
1.727893482893705368e-03
1.727496390230953693e-03
1.727099413983523846e-03
1.726702088490128517e-03
1.726305228658020496e-03
1.725907903164625168e-03
1.725510228425264359e-03
1.725113135762512684e-03
1.724714995361864567e-03
1.724317553453147411e-03
1.723919645883142948e-03
1.723521971143782139e-03
1.723124296404421329e-03
1.722726039588451385e-03
1.722328132018446922e-03
1.721929875202476978e-03
1.721532084047794342e-03
1.721133594401180744e-03
1.720735221169888973e-03
1.720336731523275375e-03
1.719938125461339951e-03
1.719539635814726353e-03
1.719140796922147274e-03
1.718742190860211849e-03
1.718343351967632771e-03
1.717944513075053692e-03
1.717545674182474613e-03
1.717146486043930054e-03
1.716747647151350975e-03
1.716348226182162762e-03
1.715949270874261856e-03
1.715550082735717297e-03
1.715150661766529083e-03
1.714751240797340870e-03
1.714351703412830830e-03
1.713952398858964443e-03
1.713552861474454403e-03
1.713153091259300709e-03
1.712753437459468842e-03
1.712353667244315147e-03
1.711954129859805107e-03
1.711554126814007759e-03
1.711154356598854065e-03
1.710754353553056717e-03
1.710354583337903023e-03
1.709954696707427502e-03
1.709554460830986500e-03
1.709154457785189152e-03
1.708754338324069977e-03
1.708354218862950802e-03
1.707953982986509800e-03
1.707553863525390625e-03
1.707153744064271450e-03
1.706753508187830448e-03
1.706353155896067619e-03
1.705952803604304790e-03
1.705552684143185616e-03
1.705152099020779133e-03
1.704751746729016304e-03
1.704351394437253475e-03
1.703951042145490646e-03
1.703550573438405991e-03
1.703150221146643162e-03
1.702749636024236679e-03
1.702349516563117504e-03
1.701948582194745541e-03
1.701548346318304539e-03
1.701147877611219883e-03
1.700747292488813400e-03
1.700346940197050571e-03
1.699946587905287743e-03
1.699545653536915779e-03
1.699145534075796604e-03
1.698744948953390121e-03
1.698344363830983639e-03
1.697944011539220810e-03
1.697543659247457981e-03
1.697143190540373325e-03
1.696742838248610497e-03
1.696342485956847668e-03
1.695942133665084839e-03
1.695541548542678356e-03
1.695141196250915527e-03
1.694741076789796352e-03
1.694340724498033524e-03
1.693940372206270695e-03
1.693540136329829693e-03
1.693140016868710518e-03
1.692740013822913170e-03
1.692339894361793995e-03
1.691939891315996647e-03
1.691540004685521126e-03
1.691140001639723778e-03
1.690739765763282776e-03
1.690339995548129082e-03
1.689940225332975388e-03
1.689540455117821693e-03
1.689140684902667999e-03
1.688740914687514305e-03
1.688341493718326092e-03
1.687941723503172398e-03
1.687542302533984184e-03
1.687142997980117798e-03
1.686743577010929585e-03
1.686344156041741371e-03
1.685945084318518639e-03
1.685545779764652252e-03
1.685146940872073174e-03
1.684747752733528614e-03
1.684348913840949535e-03
1.683950074948370457e-03
1.683551236055791378e-03
1.683152629993855953e-03
1.682753907516598701e-03
1.682355534285306931e-03
1.681957277469336987e-03
1.681558787822723389e-03
1.681160763837397099e-03
1.680762507021427155e-03
1.680364366620779037e-03
1.679966575466096401e-03
1.679568900726735592e-03
1.679170993156731129e-03
1.678773551248013973e-03
1.678375992923974991e-03
1.677978551015257835e-03
1.677581458352506161e-03
1.677184249274432659e-03
1.676787156611680984e-03
1.676390296779572964e-03
1.675993553362786770e-03
1.675596809946000576e-03
1.675200415775179863e-03
1.674804138019680977e-03
1.674407743848860264e-03
1.674011582508683205e-03
1.673615304753184319e-03
1.673219725489616394e-03
1.672823913395404816e-03
1.672428334131836891e-03
1.672032754868268967e-03
1.671637524850666523e-03
1.671242527663707733e-03
1.670847530476748943e-03
1.670452533289790154e-03
1.670057885348796844e-03
1.669663237407803535e-03
1.669268822297453880e-03
1.668874756433069706e-03
1.668480457738041878e-03
1.668086624704301357e-03
1.667692908085882664e-03
1.667299307882785797e-03
1.666906173340976238e-03
1.666512689553201199e-03
1.666119555011391640e-03
1.665726653300225735e-03
1.665333984419703484e-03
1.664941431954503059e-03
1.664549228735268116e-03
1.664156909100711346e-03
1.663764589466154575e-03
1.663372851908206940e-03
1.662981230765581131e-03
1.662589842453598976e-03
1.662198686972260475e-03
1.661807415075600147e-03
1.661416492424905300e-03
1.661026035435497761e-03
1.660635345615446568e-03
1.660244888626039028e-03
1.659854897297918797e-03
1.659464789554476738e-03
1.659075147472321987e-03
1.658685854636132717e-03
1.658296561799943447e-03
1.657907501794397831e-03
1.657518441788852215e-03
1.657129847444593906e-03
1.656741369515657425e-03
1.656353008002042770e-03
1.655964995734393597e-03
1.655577099882066250e-03
1.655189553275704384e-03
1.654801890254020691e-03
1.654415158554911613e-03
1.654028077609837055e-03
1.653641345910727978e-03
1.653254730626940727e-03
1.652868697419762611e-03
1.652482431381940842e-03
1.652096980251371861e-03
1.651711063459515572e-03
1.651325845159590244e-03
1.650940510444343090e-03
1.650555641390383244e-03
1.650171121582388878e-03
1.649786601774394512e-03
1.649402431212365627e-03
1.649018493480980396e-03
1.648634672164916992e-03
1.648251316510140896e-03
1.647867960855364799e-03
1.647484954446554184e-03
1.647102180868387222e-03
1.646719989366829395e-03
1.646337565034627914e-03
1.645955489948391914e-03
1.645573764108121395e-03
1.645192154683172703e-03
1.644810894504189491e-03
1.644429983571171761e-03
1.644049072638154030e-03
1.643668743781745434e-03
1.643288414925336838e-03
1.642908435314893723e-03
1.642528688535094261e-03
1.642149407416582108e-03
1.641770009882748127e-03
1.641391194425523281e-03
1.641012378968298435e-03
1.640633796341717243e-03
1.640255912207067013e-03
1.639878028072416782e-03
1.639500260353088379e-03
1.639122958295047283e-03
1.638745656237006187e-03
1.638368936255574226e-03
1.637992332689464092e-03
1.637615961953997612e-03
1.637240056879818439e-03
1.636864035390317440e-03
1.636488479562103748e-03
1.636113389395177364e-03
1.635738415643572807e-03
1.635363791137933731e-03
1.634989166632294655e-03
1.634614891372621059e-03
1.634241081774234772e-03
1.633867505006492138e-03
1.633494044654071331e-03
1.633121166378259659e-03
1.632748404517769814e-03
1.632375875487923622e-03
1.632003812119364738e-03
1.631631865166127682e-03
1.631260267458856106e-03
1.630888786166906357e-03
1.630517537705600262e-03
1.630146754905581474e-03
1.629776204936206341e-03
1.629406004212796688e-03
1.629035919904708862e-03
1.628666301257908344e-03
1.628297031857073307e-03
1.627927762456238270e-03
1.627558842301368713e-03
1.627190387807786465e-03
1.626822049729526043e-03
1.626453944481909275e-03
1.626086188480257988e-03
1.625718665309250355e-03
1.625351724214851856e-03
1.624984899535775185e-03
1.624618191272020340e-03
1.624252181500196457e-03
1.623886055313050747e-03
1.623520278371870518e-03
1.623154967091977596e-03
1.622789772227406502e-03
1.622424926608800888e-03
1.622060430236160755e-03
1.621695933863520622e-03
1.621332019567489624e-03
1.620968454517424107e-03
1.620604889467358589e-03
1.620241906493902206e-03
1.619878923520445824e-03
1.619516406208276749e-03
1.619154005311429501e-03
1.618792186491191387e-03
1.618430484086275101e-03
1.618069247342646122e-03
1.617708243429660797e-03
1.617347123101353645e-03
1.616986701264977455e-03
1.616626395843923092e-03
1.616266672499477863e-03
1.615907065570354462e-03
1.615547575056552887e-03
1.615188433788716793e-03
1.614829641766846180e-03
1.614471198990941048e-03
1.614112989045679569e-03
1.613755361177027225e-03
1.613397616893053055e-03
1.613040105439722538e-03
1.612683059647679329e-03
1.612326479516923428e-03
1.611969899386167526e-03
1.611613901332020760e-03
1.611257903277873993e-03
1.610902370885014534e-03
1.610546838492155075e-03
1.610192121006548405e-03
1.609837287105619907e-03
1.609482918865978718e-03
1.609128783456981182e-03
1.608774997293949127e-03
1.608421560376882553e-03
1.608068123459815979e-03
1.607715035788714886e-03
1.607362413778901100e-03
1.607009908184409142e-03
1.606658217497169971e-03
1.606306061148643494e-03
1.605954603292047977e-03
1.605603378266096115e-03
1.605252269655466080e-03
1.604901859536767006e-03
1.604551333002746105e-03
1.604201272130012512e-03
1.603851327672600746e-03
1.603501848876476288e-03
1.603152602910995483e-03
1.602803589776158333e-03
1.602454925887286663e-03
1.602106611244380474e-03
1.601758529432117939e-03
1.601410680450499058e-03
1.601063180714845657e-03
1.600716030225157738e-03
1.600369112566113472e-03
1.600022311322391033e-03
1.599676092155277729e-03
1.599329872988164425e-03
1.598984003067016602e-03
1.598638482391834259e-03
1.598293310962617397e-03
1.597948488779366016e-03
1.597603550180792809e-03
1.597259193658828735e-03
1.596915186382830143e-03
1.596571179106831551e-03
1.596227521076798439e-03
1.595884328708052635e-03
1.595541485585272312e-03
1.595198758877813816e-03
1.594856265000998974e-03
1.594514120370149612e-03
1.594172208569943905e-03
1.593830529600381851e-03
1.593489199876785278e-03
1.593148102983832359e-03
1.592807588167488575e-03
