4.039689956698566675e-04
4.039665218442678452e-04
4.039640480186790228e-04
4.039615741930902004e-04
4.039590712636709213e-04
4.039565974380820990e-04
4.039541236124932766e-04
4.039515915792435408e-04
4.039491177536547184e-04
4.039466730318963528e-04
4.039441992063075304e-04
4.039417835883796215e-04
4.039392515551298857e-04
4.039368068333715200e-04
4.039342748001217842e-04
4.039318009745329618e-04
4.039293853566050529e-04
4.039268533233553171e-04
4.039243794977664948e-04
4.039219347760081291e-04
4.039194609504193068e-04
4.039169871248304844e-04
4.039144550915807486e-04
4.039120685774832964e-04
4.039095365442335606e-04
4.039071209263056517e-04
4.039045888930559158e-04
4.039021441712975502e-04
4.038996703457087278e-04
4.038971092086285353e-04
4.038947226945310831e-04
4.038922197651118040e-04
4.038897168356925249e-04
4.038872721139341593e-04
4.038847982883453369e-04
4.038822662550956011e-04
4.038798215333372355e-04
4.038773477077484131e-04
4.038749320898205042e-04
4.038724000565707684e-04
4.038699262309819460e-04
4.038674815092235804e-04
4.038649494759738445e-04
4.038625629618763924e-04
4.038600309286266565e-04
4.038575279992073774e-04
4.038550832774490118e-04
4.038526676595211029e-04
4.038501647301018238e-04
4.038476909045130014e-04
4.038452170789241791e-04
4.038427432533353567e-04
4.038402985315769911e-04
4.038377664983272552e-04
4.038353508803993464e-04
4.038328188471496105e-04
4.038303450215607882e-04
4.038279002998024225e-04
4.038254264742136002e-04
4.038229526486247778e-04
4.038204788230359554e-04
4.038180341012775898e-04
4.038155602756887674e-04
4.038130864500999451e-04
4.038105835206806660e-04
4.038081096950918436e-04
4.038056940771639347e-04
4.038031620439141989e-04
4.038007173221558332e-04
4.037983017042279243e-04
4.037957696709781885e-04
4.037933249492198229e-04
4.037908220198005438e-04
4.037883772980421782e-04
4.037859034724533558e-04
4.037834296468645334e-04
4.037809849251061678e-04
4.037785110995173454e-04
4.037760372739285231e-04
4.037735343445092440e-04
4.037710605189204216e-04
4.037686449009925127e-04
4.037661419715732336e-04
4.037636681459844112e-04
4.037612525280565023e-04
4.037587787024676800e-04
4.037562757730484009e-04
4.037537437397986650e-04
4.037513281218707561e-04
4.037488834001123905e-04
4.037464095745235682e-04
4.037439357489347458e-04
4.037414037156850100e-04
4.037389880977571011e-04
4.037364851683378220e-04
4.037340695504099131e-04
4.037315957248210907e-04
4.037290636915713549e-04
4.037266771774739027e-04
4.037242033518850803e-04
4.037217004224658012e-04
4.037192265968769789e-04
4.037168109789490700e-04
4.037143371533602476e-04
4.037118051201105118e-04
4.037093021906912327e-04
4.037069447804242373e-04
4.037044127471745014e-04
4.037019680254161358e-04
4.036994941998273134e-04
4.036970203742384911e-04
4.036945465486496687e-04
4.036921018268913031e-04
4.036896571051329374e-04
4.036871832795441151e-04
4.036847094539552927e-04
4.036822938360273838e-04
4.036797618027776480e-04
4.036773170810192823e-04
4.036749014630913734e-04
4.036723985336720943e-04
4.036699247080832720e-04
4.036675090901553631e-04
4.036650061607360840e-04
4.036625323351472616e-04
4.036600003018975258e-04
4.036575846839696169e-04
4.036551108583807945e-04
4.036526079289615154e-04
4.036502505186945200e-04
4.036477475892752409e-04
4.036452737636864185e-04
4.036427999380975962e-04
4.036403552163392305e-04
4.036378522869199514e-04
4.036354075651615858e-04
4.036329337395727634e-04
4.036305472254753113e-04
4.036280733998864889e-04
4.036255704704672098e-04
4.036230966448783875e-04
4.036207101307809353e-04
4.036182072013616562e-04
4.036157624796032906e-04
4.036132304463535547e-04
4.036108148284256458e-04
4.036083118990063667e-04
4.036058962810784578e-04
4.036034515593200922e-04
4.036009777337312698e-04
4.035984457004815340e-04
4.035960591863840818e-04
4.035935853607952595e-04
4.035910533275455236e-04
4.035886377096176147e-04
4.035861929878592491e-04
4.035837191622704268e-04
4.035812744405120611e-04
4.035788588225841522e-04
4.035763267893344164e-04
4.035738820675760508e-04
4.035715246573090553e-04
4.035689926240593195e-04
4.035664896946400404e-04
4.035640158690512180e-04
4.035616293549537659e-04
4.035591264255344868e-04
4.035566817037761211e-04
4.035542369820177555e-04
4.035517631564289331e-04
4.035492893308401108e-04
4.035468155052512884e-04
4.035443707834929228e-04
4.035418969579041004e-04
4.035394813399761915e-04
4.035370366182178259e-04
4.035345045849680901e-04
4.035320889670401812e-04
4.035296442452818155e-04
4.035271995235234499e-04
4.035246965941041708e-04
4.035222518723458052e-04
4.035197780467569828e-04
4.035173042211681604e-04
4.035148594994097948e-04
4.035123856738209724e-04
4.035099991597235203e-04
4.035075253341346979e-04
4.035050806123763323e-04
4.035025485791265965e-04
4.035001329611986876e-04
4.034976591356098652e-04
4.034952144138514996e-04
4.034927405882626772e-04
4.034902667626738548e-04
4.034878220409154892e-04
4.034854064229875803e-04
4.034830199088901281e-04
4.034804878756403923e-04
4.034780140500515699e-04
4.034755693282932043e-04
4.034730955027043819e-04
4.034706216771155596e-04
4.034681769553571939e-04
4.034657613374292850e-04
4.034633166156709194e-04
4.034608427900820971e-04
4.034583980683237314e-04
4.034558660350739956e-04
4.034534504171460867e-04
4.034510056953877211e-04
4.034485900774598122e-04
4.034461162518709898e-04
4.034436133224517107e-04
4.034411394968628883e-04
4.034387529827654362e-04
4.034362791571766138e-04
4.034338053315877914e-04
4.034313315059989691e-04
4.034289449919015169e-04
4.034264420624822378e-04
4.034239682368934155e-04
4.034215817227959633e-04
4.034191078972071409e-04
4.034166340716183186e-04
4.034141602460294962e-04
4.034117737319320440e-04
4.034092999063432217e-04
4.034067969769239426e-04
4.034043813589960337e-04
4.034018493257462978e-04
4.033994628116488457e-04
4.033970471937209368e-04
4.033945442643016577e-04
4.033920704387128353e-04
4.033896548207849264e-04
4.033871518913656473e-04
4.033847362734377384e-04
4.033823497593402863e-04
4.033798177260905504e-04
4.033774312119930983e-04
4.033749573864042759e-04
4.033725126646459103e-04
4.033700097352266312e-04
4.033676232211291790e-04
4.033651493955403566e-04
4.033626464661210775e-04
4.033602599520236254e-04
4.033577861264348030e-04
4.033553123008459806e-04
4.033528384752571583e-04
4.033503937534987926e-04
4.033479781355708838e-04
4.033454752061516047e-04
4.033430595882236958e-04
4.033406148664653301e-04
4.033381992485374212e-04
4.033357545267790556e-04
4.033332807011902332e-04
4.033308068756014109e-04
4.033283621538430452e-04
4.033259465359151363e-04
4.033234727103263140e-04
4.033210279885679483e-04
4.033186414744704962e-04
4.033161094412207603e-04
4.033136938232928514e-04
4.033113073091953993e-04
4.033087752759456635e-04
4.033063305541872978e-04
4.033039149362593889e-04
4.033014411106705666e-04
4.032990545965731144e-04
4.032965516671538353e-04
4.032940778415650129e-04
4.032916040159761906e-04
4.032891883980482817e-04
4.032867436762899160e-04
4.032842989545315504e-04
4.032818833366036415e-04
4.032794095110148191e-04
4.032769647892564535e-04
4.032745782751590014e-04
4.032720462419092655e-04
4.032695724163204432e-04
4.032671859022229910e-04
4.032647120766341686e-04
4.032623255625367165e-04
4.032597935292869806e-04
4.032573779113590717e-04
4.032549331896007061e-04
4.032524593640118837e-04
4.032500728499144316e-04
4.032475408166646957e-04
4.032450669910758734e-04
4.032426222693175077e-04
4.032402939628809690e-04
4.032378201372921467e-04
4.032353463117033243e-04
4.032329597976058722e-04
4.032304859720170498e-04
4.032279830425977707e-04
4.032256256323307753e-04
4.032231227029114962e-04
4.032207361888140440e-04
4.032182623632252216e-04
4.032157885376363993e-04
4.032133147120475769e-04
4.032108699902892113e-04
4.032083961647003889e-04
4.032060096506029367e-04
4.032035940326750278e-04
4.032010911032557487e-04
4.031986754853278399e-04
4.031962307635694742e-04
4.031938151456415653e-04
4.031913413200527430e-04
4.031888965982943773e-04
4.031864227727055550e-04
4.031840362586081028e-04
4.031815624330192804e-04
4.031791759189218283e-04
4.031767020933330059e-04
4.031741991639137268e-04
4.031717835459858179e-04
4.031693388242274523e-04
4.031669232062995434e-04
4.031644202768802643e-04
4.031620628666132689e-04
4.031596181448549032e-04
4.031571443192660809e-04
4.031546995975077152e-04
4.031522839795798063e-04
4.031497810501605272e-04
4.031473654322326183e-04
4.031449207104742527e-04
4.031425050925463438e-04
4.031400603707879782e-04
4.031376447528600693e-04
4.031351709272712469e-04
4.031328135170042515e-04
4.031302523799240589e-04
4.031278658658266068e-04
4.031254793517291546e-04
4.031230055261403322e-04
4.031205317005515099e-04
4.031181451864540577e-04
4.031156422570347786e-04
4.031132557429373264e-04
4.031107528135180473e-04
4.031083080917596817e-04
4.031058924738317728e-04
4.031035059597343206e-04
4.031010030303150415e-04
4.030985874123871326e-04
4.030961426906287670e-04
4.030936688650399446e-04
4.030912823509424925e-04
4.030888667330145836e-04
4.030863638035953045e-04
4.030839481856673956e-04
4.030814743600785732e-04
4.030790878459811211e-04
4.030766140203922987e-04
4.030741692986339331e-04
4.030717827845364809e-04
4.030693671666085720e-04
4.030669224448502064e-04
4.030643904116004705e-04
4.030620621051639318e-04
4.030595882795751095e-04
4.030570853501558304e-04
4.030547279398888350e-04
4.030522250104695559e-04
4.030498093925416470e-04
4.030473646707832813e-04
4.030449490528553724e-04
4.030425043310970068e-04
4.030400305055081844e-04
4.030376439914107323e-04
4.030351992696523666e-04
4.030327836517244577e-04
4.030303389299660921e-04
4.030278651043772697e-04
4.030254494864493608e-04
4.030230047646909952e-04
4.030205600429326296e-04
4.030182026326656342e-04
4.030156997032463551e-04
4.030132840853184462e-04
4.030108393635600805e-04
4.030084237456321716e-04
4.030059208162128925e-04
4.030035634059458971e-04
4.030010604765266180e-04
4.029986448585987091e-04
4.029962001368403435e-04
4.029937845189124346e-04
4.029913980048149824e-04
4.029888659715652466e-04
4.029864212498068810e-04
4.029840929433703423e-04
4.029816482216119766e-04
4.029792326036840677e-04
4.029767878819257021e-04
4.029742849525064230e-04
4.029718984384089708e-04
4.029694537166506052e-04
4.029670380987226963e-04
4.029645933769643307e-04
4.029622068628668785e-04
4.029596748296171427e-04
4.029572883155196905e-04
4.029548726975917816e-04
4.029524279758334160e-04
4.029500414617359638e-04
4.029475094284862280e-04
4.029451229143887758e-04
4.029427655041217804e-04
4.029402625747025013e-04
4.029378469567745924e-04
4.029353731311857700e-04
4.029329284094274044e-04
4.029305418953299522e-04
4.029280680697411299e-04
4.029256815556436777e-04
4.029232077300548553e-04
4.029208212159574032e-04
4.029184347018599510e-04
4.029159608762711287e-04
4.029134870506823063e-04
4.029110423289239407e-04
4.029087140224874020e-04
4.029062401968985796e-04
4.029038536828011274e-04
4.029013507533818483e-04
4.028989933431148529e-04
4.028964904136955738e-04
4.028941038995981216e-04
4.028916882816702127e-04
4.028892435599118471e-04
4.028867697343230247e-04
4.028843832202255726e-04
4.028819093946367502e-04
4.028794646728783846e-04
4.028770490549504757e-04
4.028746625408530235e-04
4.028721887152642012e-04
4.028698022011667490e-04
4.028673283755779266e-04
4.028649418614804745e-04
4.028624971397221088e-04
4.028600815217941999e-04
4.028576950076967478e-04
4.028553084935992956e-04
4.028527764603495598e-04
4.028503899462521076e-04
4.028479452244937420e-04
4.028454713989049196e-04
4.028430848848074675e-04
4.028406983707100153e-04
4.028382245451211929e-04
4.028358380310237408e-04
4.028333642054349184e-04
4.028309776913374662e-04
4.028285038657486439e-04
4.028261173516511917e-04
4.028235853184014559e-04
4.028212570119649172e-04
4.028188122902065516e-04
4.028163966722786427e-04
4.028140101581811905e-04
4.028114781249314547e-04
4.028090916108340025e-04
4.028066759929060936e-04
4.028042894788086414e-04
4.028019029647111893e-04
4.027994582429528236e-04
4.027970426250249147e-04
4.027945396956056356e-04
4.027921240776777267e-04
4.027897375635802746e-04
4.027872637379914522e-04
4.027848190162330866e-04
4.027824325021356344e-04
4.027800459880381823e-04
4.027776303701102734e-04
4.027751856483519077e-04
4.027727991342544556e-04
4.027703253086656332e-04
4.027679096907377243e-04
4.027655231766402721e-04
4.027630202472209930e-04
4.027606046292930841e-04
4.027582181151956320e-04
4.027557733934372663e-04
4.027533577755093575e-04
4.027509130537509918e-04
4.027485265396535397e-04
4.027461400255560875e-04
