2.702971920371055603e-03
2.702124882489442825e-03
2.701278310269117355e-03
2.700431970879435539e-03
2.699586562812328339e-03
2.698741154745221138e-03
2.697895746678113937e-03
2.697051037102937698e-03
2.696206560358405113e-03
2.695362782105803490e-03
2.694519003853201866e-03
2.693675691261887550e-03
2.692832611501216888e-03
2.691989997401833534e-03
2.691147383302450180e-03
2.690305467694997787e-03
2.689463552087545395e-03
2.688622567802667618e-03
2.687781583517789841e-03
2.686941064894199371e-03
2.686100779101252556e-03
2.685260726138949394e-03
2.684420673176646233e-03
2.683581551536917686e-03
2.682742429897189140e-03
2.681903541088104248e-03
2.681065583601593971e-03
2.680227160453796387e-03
2.679389435797929764e-03
2.678551943972706795e-03
2.677714452147483826e-03
2.676877891644835472e-03
2.676041331142187119e-03
2.675205236300826073e-03
2.674369141459465027e-03
2.673533745110034943e-03
2.672698115929961205e-03
2.671863418072462082e-03
2.671028487384319305e-03
2.670194255188107491e-03
2.669360255822539330e-03
2.668526489287614822e-03
2.667692489922046661e-03
2.666859421879053116e-03
2.666026586666703224e-03
2.665193984284996986e-03
2.664361614733934402e-03
2.663529245182871819e-03
2.662697574123740196e-03
2.661866135895252228e-03
2.661034697666764259e-03
2.660203492268919945e-03
2.659372985363006592e-03
2.658542478457093239e-03
2.657712204381823540e-03
2.656882395967841148e-03
2.656052820384502411e-03
2.655223477631807327e-03
2.654394367709755898e-03
2.653565257787704468e-03
2.652736846357584000e-03
2.651908434927463531e-03
2.651080256327986717e-03
2.650252776220440865e-03
2.649425063282251358e-03
2.648597816005349159e-03
2.647770568728446960e-03
2.646943554282188416e-03
2.646116772666573524e-03
2.645290922373533249e-03
2.644464606419205666e-03
2.643638523295521736e-03
2.642813371494412422e-03
2.641987754032015800e-03
2.641162602230906487e-03
2.640337450429797173e-03
2.639512764289975166e-03
2.638688310980796814e-03
2.637864090502262115e-03
2.637040102854371071e-03
2.636216348037123680e-03
2.635392593219876289e-03
2.634569071233272552e-03
2.633746014907956123e-03
2.632923191413283348e-03
2.632100367918610573e-03
2.631277544423937798e-03
2.630455419421195984e-03
2.629633294418454170e-03
2.628811635076999664e-03
2.627989742904901505e-03
2.627168316394090652e-03
2.626346657052636147e-03
2.625525463372468948e-03
2.624704735353589058e-03
2.623883774504065514e-03
2.623063279315829277e-03
2.622242551296949387e-03
2.621422521770000458e-03
2.620602492243051529e-03
2.619782928377389908e-03
2.618962666019797325e-03
2.618143567815423012e-03
2.617323771119117737e-03
2.616504672914743423e-03
2.615685807541012764e-03
2.614866942167282104e-03
2.614048309624195099e-03
2.613229677081108093e-03
2.612411044538021088e-03
2.611592877656221390e-03
2.610774710774421692e-03
2.609956776723265648e-03
2.609139075502753258e-03
2.608321141451597214e-03
2.607503905892372131e-03
2.606686437502503395e-03
2.605869201943278313e-03
2.605052199214696884e-03
2.604235429316759109e-03
2.603418193757534027e-03
2.602601656690239906e-03
2.601785352453589439e-03
2.600969048216938972e-03
2.600152278319001198e-03
2.599336206912994385e-03
2.598519902676343918e-03
2.597703831270337105e-03
2.596888458356261253e-03
2.596072386950254440e-03
2.595256548374891281e-03
2.594440942630171776e-03
2.593625569716095924e-03
2.592810196802020073e-03
2.591995056718587875e-03
2.591179450973868370e-03
2.590364543721079826e-03
2.589549636468291283e-03
2.588734729215502739e-03
2.587920054793357849e-03
2.587105147540569305e-03
2.586290705949068069e-03
2.585476031526923180e-03
2.584661589935421944e-03
2.583847148343920708e-03
2.583032706752419472e-03
2.582218497991561890e-03
2.581404056400060654e-03
2.580589847639203072e-03
2.579776104539632797e-03
2.578961662948131561e-03
2.578147919848561287e-03
2.577333943918347359e-03
2.576519735157489777e-03
2.575705992057919502e-03
2.574892248958349228e-03
2.574078505858778954e-03
2.573264762759208679e-03
2.572450553998351097e-03
2.571637043729424477e-03
2.570823300629854202e-03
2.570009790360927582e-03
2.569196280092000961e-03
2.568382536992430687e-03
2.567569026723504066e-03
2.566755749285221100e-03
2.565942239016294479e-03
2.565128728747367859e-03
2.564314985647797585e-03
2.563501708209514618e-03
2.562687965109944344e-03
2.561874454841017723e-03
2.561061177402734756e-03
2.560247667133808136e-03
2.559434156864881516e-03
2.558621112257242203e-03
2.557806903496384621e-03
2.556993858888745308e-03
2.556180348619818687e-03
2.555366605520248413e-03
2.554553328081965446e-03
2.553739352151751518e-03
2.552925609052181244e-03
2.552112098783254623e-03
2.551298821344971657e-03
2.550484612584114075e-03
2.549671102315187454e-03
2.548857359215617180e-03
2.548043383285403252e-03
2.547229873016476631e-03
2.546415431424975395e-03
2.545601921156048775e-03
2.544787945225834846e-03
2.543974202126264572e-03
2.543159760534763336e-03
2.542345784604549408e-03
2.541531343013048172e-03
2.540717367082834244e-03
2.539902925491333008e-03
2.539088483899831772e-03
2.538273809477686882e-03
2.537459367886185646e-03
2.536644693464040756e-03
2.535830251872539520e-03
2.535015577450394630e-03
2.534200670197606087e-03
2.533385762944817543e-03
2.532571088522672653e-03
2.531755948439240456e-03
2.530940575525164604e-03
2.530125668272376060e-03
2.529310295358300209e-03
2.528494689613580704e-03
2.527679083868861198e-03
2.526863710954785347e-03
2.526048105210065842e-03
2.525232499465346336e-03
2.524416428059339523e-03
2.523600822314620018e-03
2.522784518077969551e-03
2.521968446671962738e-03
2.521152142435312271e-03
2.520335838198661804e-03
2.519519301131367683e-03
2.518702764064073563e-03
2.517886459827423096e-03
2.517069224268198013e-03
2.516252454370260239e-03
2.515435451641678810e-03
2.514618216082453728e-03
2.513801213353872299e-03
2.512983977794647217e-03
2.512166509404778481e-03
2.511348575353622437e-03
2.510531339794397354e-03
2.509713172912597656e-03
2.508895238861441612e-03
2.508077071979641914e-03
2.507258905097842216e-03
2.506440971046686172e-03
2.505622338503599167e-03
2.504803705960512161e-03
2.503985306248068810e-03
2.503166208043694496e-03
2.502347575500607491e-03
2.501528477296233177e-03
2.500709146261215210e-03
2.499890048056840897e-03
2.499070484191179276e-03
2.498250687494874001e-03
2.497431356459856033e-03
2.496611792594194412e-03
2.495791530236601830e-03
2.494971733540296555e-03
2.494151704013347626e-03
2.493331441655755043e-03
2.492510946467518806e-03
2.491690916940569878e-03
2.490870188921689987e-03
2.490049460902810097e-03
2.489228732883930206e-03
2.488407772034406662e-03
2.487586578354239464e-03
2.486765384674072266e-03
2.485944423824548721e-03
2.485122764483094215e-03
2.484301337972283363e-03
2.483479678630828857e-03
2.482657786458730698e-03
2.481836359947919846e-03
2.481014234945178032e-03
2.480192575603723526e-03
2.479370217770338058e-03
2.478548325598239899e-03
2.477725734934210777e-03
2.476903377100825310e-03
2.476080786436796188e-03
2.475258195772767067e-03
2.474435372278094292e-03
2.473612781614065170e-03
2.472790190950036049e-03
2.471967134624719620e-03
2.471144311130046844e-03
2.470321021974086761e-03
2.469498198479413986e-03
2.468674909323453903e-03
2.467851620167493820e-03
2.467028331011533737e-03
2.466205274686217308e-03
2.465381752699613571e-03
2.464557997882366180e-03
2.463734708726406097e-03
2.462911186739802361e-03
2.462087664753198624e-03
2.461264142766594887e-03
2.460440155118703842e-03
2.459616865962743759e-03
2.458793111145496368e-03
2.457969589158892632e-03
2.457145834341645241e-03
2.456321846693754196e-03
2.455498557537794113e-03
2.454674569889903069e-03
2.453851047903299332e-03
2.453027293086051941e-03
2.452203771099448204e-03
2.451380249112844467e-03
2.450556261464953423e-03
2.449732739478349686e-03
2.448909217491745949e-03
2.448085695505142212e-03
2.447262173518538475e-03
2.446439117193222046e-03
2.445615595206618309e-03
2.444792538881301880e-03
2.443969249725341797e-03
2.443146193400025368e-03
2.442323137074708939e-03
2.441500313580036163e-03
2.440677024424076080e-03
2.439854899421334267e-03
2.439032075926661491e-03
2.438209485262632370e-03
2.437386894598603249e-03
2.436565002426505089e-03
2.435742644593119621e-03
2.434920752421021461e-03
2.434099093079566956e-03
2.433277200907468796e-03
2.432455541566014290e-03
2.431634347885847092e-03
2.430812921375036240e-03
2.429991960525512695e-03
2.429171232506632805e-03
2.428350504487752914e-03
2.427530009299516678e-03
2.426709979772567749e-03
2.425889717414975166e-03
2.425069920718669891e-03
2.424250356853008270e-03
2.423431025817990303e-03
2.422612160444259644e-03
2.421793295070528984e-03
2.420974662527441978e-03
2.420156029984354973e-03
2.419338328763842583e-03
2.418520627543330193e-03
2.417703159153461456e-03
2.416886156424880028e-03
2.416068920865654945e-03
2.415252383798360825e-03
2.414436312392354012e-03
2.413620473816990852e-03
2.412804868072271347e-03
2.411989727988839149e-03
2.411174355074763298e-03
2.410360146313905716e-03
2.409545937553048134e-03
2.408731961622834206e-03
2.407918684184551239e-03
2.407105173915624619e-03
2.406293060630559921e-03
2.405480947345495224e-03
2.404668834060430527e-03
2.403857652097940445e-03
2.403046470135450363e-03
2.402235753834247589e-03
2.401425736024975777e-03
2.400616183876991272e-03
2.399806631729006767e-03
2.398997778072953224e-03
2.398189622908830643e-03
2.397381933405995369e-03
2.396574476733803749e-03
2.395767485722899437e-03
2.394960960373282433e-03
2.394155133515596390e-03
2.393349772319197655e-03
2.392544876784086227e-03
2.391740912571549416e-03
2.390936948359012604e-03
2.390133449807763100e-03
2.389330649748444557e-03
2.388528548181056976e-03
2.387726912274956703e-03
2.386925509199500084e-03
2.386125037446618080e-03
2.385325264185667038e-03
2.384525723755359650e-03
2.383726881816983223e-03
2.382928738370537758e-03
2.382131293416023254e-03
2.381334081292152405e-03
2.380537800490856171e-03
2.379741985350847244e-03
2.378947101533412933e-03
2.378152217715978622e-03
2.377358498051762581e-03
2.376565244048833847e-03
2.375772921368479729e-03
2.374980831518769264e-03
2.374189440160989761e-03
2.373398980125784874e-03
2.372608752921223640e-03
2.371819457039237022e-03
2.371030859649181366e-03
2.370242960751056671e-03
2.369455993175506592e-03
2.368669025599956512e-03
2.367883222177624702e-03
2.367098350077867508e-03
2.366314176470041275e-03
2.365530002862215042e-03
2.364746760576963425e-03
2.363964915275573730e-03
2.363183069974184036e-03
2.362402388826012611e-03
2.361621940508484840e-03
2.360842423513531685e-03
2.360064070671796799e-03
2.359286183491349220e-03
2.358508994802832603e-03
2.357732504606246948e-03
2.356956945732235909e-03
2.356182318180799484e-03
2.355407690629363060e-03
2.354634692892432213e-03
2.353861927986145020e-03
2.353090327233076096e-03
2.352318959310650826e-03
2.351548755541443825e-03
2.350779250264167786e-03
2.350010676309466362e-03
2.349242800846695900e-03
2.348475623875856400e-03
2.347709378227591515e-03
2.346943831071257591e-03
2.346178982406854630e-03
2.345415065065026283e-03
2.344651846215128899e-03
2.343889558687806129e-03
2.343127969652414322e-03
2.342367311939597130e-03
2.341607585549354553e-03
2.340848324820399284e-03
2.340090228244662285e-03
2.339332597330212593e-03
2.338575897738337517e-03
2.337820129469037056e-03
2.337065059691667557e-03
2.336310921236872673e-03
2.335557481274008751e-03
2.334804739803075790e-03
2.334053162485361099e-03
2.333302050828933716e-03
2.332552103325724602e-03
2.331802854314446449e-03
2.331054536625742912e-03
2.330306917428970337e-03
2.329559996724128723e-03
2.328814240172505379e-03
2.328069414943456650e-03
2.327324822545051575e-03
2.326581627130508423e-03
2.325838664546608925e-03
2.325097331777215004e-03
2.324356231838464737e-03
2.323616296052932739e-03
2.322876825928688049e-03
2.322138519957661629e-03
2.321400912478566170e-03
2.320664236322045326e-03
2.319928258657455444e-03
2.319192979484796524e-03
2.318459097295999527e-03
2.317725447937846184e-03
2.316992962732911110e-03
2.316261176019906998e-03
2.315530320629477501e-03
2.314800163730978966e-03
2.314070938155055046e-03
2.313342643901705742e-03
2.312615048140287399e-03
2.311888383701443672e-03
2.311162650585174561e-03
2.310437383130192757e-03
2.309713046997785568e-03
2.308989642187952995e-03
2.308267168700695038e-03
2.307545160874724388e-03
2.306824317201972008e-03
2.306104404851794243e-03
2.305384958162903786e-03
2.304666442796587944e-03
2.303948858752846718e-03
2.303231740370392799e-03
2.302516018971800804e-03
2.301800996065139771e-03
2.301086205989122391e-03
2.300372580066323280e-03
