6.220853538252413273e-04
6.220823270268738270e-04
6.220793584361672401e-04
6.220765644684433937e-04
6.220734794624149799e-04
6.220706854946911335e-04
6.220677169039845467e-04
6.220647483132779598e-04
6.220618961378931999e-04
6.220588693395256996e-04
6.220560753718018532e-04
6.220531649887561798e-04
6.220501963980495930e-04
6.220472278073430061e-04
6.220442592166364193e-04
6.220413488335907459e-04
6.220384966582059860e-04
6.220355280674993992e-04
6.220326758921146393e-04
6.220296490937471390e-04
6.220267387107014656e-04
6.220237701199948788e-04
6.220209761522710323e-04
6.220179493539035320e-04
6.220149807631969452e-04
6.220120703801512718e-04
6.220093346200883389e-04
6.220062496140599251e-04
6.220033392310142517e-04
6.220004288479685783e-04
6.219974602572619915e-04
6.219945498742163181e-04
6.219916394911706448e-04
6.219887291081249714e-04
6.219857605174183846e-04
6.219828501343727112e-04
6.219798815436661243e-04
6.219769711606204510e-04
6.219741189852356911e-04
6.219712086021900177e-04
6.219681818038225174e-04
6.219653878360986710e-04
6.219623610377311707e-04
6.219593924470245838e-04
6.219565984793007374e-04
6.219535716809332371e-04
6.219507195055484772e-04
6.219477509148418903e-04
6.219448987394571304e-04
6.219419883564114571e-04
6.219390197657048702e-04
6.219361093826591969e-04
6.219332572072744370e-04
6.219302886165678501e-04
6.219272618182003498e-04
6.219244096428155899e-04
6.219213828444480896e-04
6.219185888767242432e-04
6.219156202860176563e-04
6.219127099029719830e-04
6.219097413122653961e-04
6.219068891368806362e-04
6.219039205461740494e-04
6.219010101631283760e-04
6.218980997800827026e-04
6.218951893970370293e-04
6.218922790139913559e-04
6.218893104232847691e-04
6.218864582479000092e-04
6.218835478648543358e-04
6.218805792741477489e-04
6.218777270987629890e-04
6.218748167157173157e-04
6.218718481250107288e-04
6.218689959496259689e-04
6.218659691512584686e-04
6.218630587682127953e-04
6.218601483851671219e-04
6.218572380021214485e-04
6.218543276190757751e-04
6.218513590283691883e-04
6.218484486453235149e-04
6.218456546775996685e-04
6.218426860868930817e-04
6.218396592885255814e-04
6.218368071131408215e-04
6.218338385224342346e-04
6.218310445547103882e-04
6.218281341716647148e-04
6.218251073732972145e-04
6.218222551979124546e-04
6.218193448148667812e-04
6.218164344318211079e-04
6.218135240487754345e-04
6.218105554580688477e-04
6.218077614903450012e-04
6.218047346919775009e-04
6.218018825165927410e-04
6.217988557182252407e-04
6.217960035428404808e-04
6.217931513674557209e-04
6.217901827767491341e-04
6.217872141860425472e-04
6.217843038029968739e-04
6.217815680429339409e-04
6.217785412445664406e-04
6.217755726538598537e-04
6.217726040631532669e-04
6.217698683030903339e-04
6.217668997123837471e-04
6.217638729140162468e-04
6.217609625309705734e-04
6.217580521479249001e-04
6.217551417648792267e-04
6.217522895894944668e-04
6.217493792064487934e-04
6.217464688234031200e-04
6.217435002326965332e-04
6.217406480573117733e-04
6.217377958819270134e-04
6.217348854988813400e-04
6.217319169081747532e-04
6.217290065251290798e-04
6.217260961420834064e-04
6.217231857590377331e-04
6.217202171683311462e-04
6.217173649929463863e-04
6.217145128175616264e-04
6.217114860191941261e-04
6.217085756361484528e-04
6.217057816684246063e-04
6.217029294930398464e-04
6.216999609023332596e-04
6.216968758963048458e-04
6.216941401362419128e-04
6.216910551302134991e-04
6.216882611624896526e-04
6.216852925717830658e-04
6.216823821887373924e-04
6.216795300133526325e-04
6.216765614226460457e-04
6.216737674549221992e-04
6.216707988642156124e-04
6.216678884811699390e-04
6.216649780981242657e-04
6.216621841304004192e-04
6.216591573320329189e-04
6.216562469489872456e-04
6.216534529812633991e-04
6.216504843905568123e-04
6.216475740075111389e-04
6.216446636244654655e-04
6.216417532414197922e-04
6.216388428583741188e-04
6.216359324753284454e-04
6.216329638846218586e-04
6.216301117092370987e-04
6.216271431185305119e-04
6.216242909431457520e-04
6.216212641447782516e-04
6.216185283847153187e-04
6.216156180016696453e-04
6.216125912033021450e-04
6.216098554432392120e-04
6.216068286448717117e-04
6.216040346771478653e-04
6.216010078787803650e-04
6.215981557033956051e-04
6.215951871126890182e-04
6.215923349373042583e-04
6.215894827619194984e-04
6.215865141712129116e-04
6.215835455805063248e-04
6.215806351974606514e-04
6.215778412297368050e-04
6.215749308466911316e-04
6.215719622559845448e-04
6.215691100805997849e-04
6.215661414898931980e-04
6.215632311068475246e-04
6.215602625161409378e-04
6.215574103407561779e-04
6.215545581653714180e-04
6.215515895746648312e-04
6.215486791916191578e-04
6.215458270162343979e-04
6.215429166331887245e-04
6.215400062501430511e-04
6.215371540747582912e-04
6.215342436917126179e-04
6.215312751010060310e-04
6.215284229256212711e-04
6.215255707502365112e-04
6.215225439518690109e-04
6.215196917764842510e-04
6.215167813934385777e-04
6.215139874257147312e-04
6.215109606273472309e-04
6.215081084519624710e-04
6.215051980689167976e-04
6.215022294782102108e-04
6.214993190951645374e-04
6.214965251274406910e-04
6.214936147443950176e-04
6.214906461536884308e-04
6.214877357706427574e-04
6.214848835952579975e-04
6.214820314198732376e-04
6.214790046215057373e-04
6.214762106537818909e-04
6.214732420630753040e-04
6.214704480953514576e-04
6.214674212969839573e-04
6.214645109139382839e-04
6.214617169462144375e-04
6.214587483555078506e-04
6.214558961801230907e-04
6.214529275894165039e-04
6.214500754140317440e-04
6.214472232386469841e-04
6.214441964402794838e-04
6.214413442648947239e-04
6.214384920895099640e-04
6.214355234988033772e-04
6.214326131157577038e-04
6.214297027327120304e-04
6.214269087649881840e-04
6.214239983819425106e-04
6.214210879988968372e-04
6.214181194081902504e-04
6.214153254404664040e-04
6.214124150574207306e-04
6.214095046743750572e-04
6.214065942913293839e-04
6.214036839082837105e-04
6.214007153175771236e-04
6.213979213498532772e-04
6.213949527591466904e-04
6.213922752067446709e-04
6.213892484083771706e-04
6.213863380253314972e-04
6.213834276422858238e-04
6.213805754669010639e-04
6.213776068761944771e-04
6.213748129084706306e-04
6.213718443177640438e-04
6.213689339347183704e-04
6.213660817593336105e-04
6.213630549609661102e-04
6.213603192009031773e-04
6.213572924025356770e-04
6.213544402271509171e-04
6.213515880517661572e-04
6.213487358763813972e-04
6.213458254933357239e-04
6.213429151102900505e-04
6.213400629349052906e-04
6.213371525518596172e-04
6.213341839611530304e-04
6.213312153704464436e-04
6.213284214027225971e-04
6.213255692273378372e-04
6.213226588442921638e-04
6.213196902535855770e-04
6.213168380782008171e-04
6.213140441104769707e-04
6.213110173121094704e-04
6.213082233443856239e-04
6.213052547536790371e-04
6.213023443706333637e-04
6.212994339875876904e-04
6.212965818122029305e-04
6.212936714291572571e-04
6.212908192537724972e-04
6.212878506630659103e-04
6.212851149030029774e-04
6.212820881046354771e-04
6.212792359292507172e-04
6.212763837538659573e-04
6.212733569554984570e-04
6.212706211954355240e-04
6.212677690200507641e-04
6.212648004293441772e-04
6.212619482539594173e-04
6.212589796632528305e-04
6.212561856955289841e-04
6.212532753124833107e-04
6.212503649294376373e-04
6.212473963387310505e-04
6.212446023710072041e-04
6.212416919879615307e-04
6.212387816049158573e-04
6.212358712218701839e-04
6.212330190464854240e-04
6.212301668711006641e-04
6.212271400727331638e-04
6.212244043126702309e-04
6.212214357219636440e-04
6.212184671312570572e-04
6.212156149558722973e-04
6.212127627804875374e-04
6.212099106051027775e-04
6.212070584297180176e-04
6.212041480466723442e-04
6.212012958712875843e-04
6.211982690729200840e-04
6.211954168975353241e-04
6.211924483068287373e-04
6.211897125467658043e-04
6.211868021637201309e-04
6.211838917806744576e-04
6.211810396052896976e-04
6.211781292222440243e-04
6.211751606315374374e-04
6.211723666638135910e-04
6.211694562807679176e-04
6.211665458977222443e-04
6.211636937223374844e-04
6.211608415469527245e-04
6.211578147485852242e-04
6.211550207808613777e-04
6.211521686054766178e-04
6.211492582224309444e-04
6.211464060470461845e-04
6.211434956640005112e-04
6.211404688656330109e-04
6.211376166902482510e-04
6.211347063072025776e-04
6.211319123394787312e-04
6.211290601640939713e-04
6.211261497810482979e-04
6.211232976056635380e-04
6.211203290149569511e-04
6.211174768395721912e-04
6.211145664565265179e-04
6.211117724888026714e-04
6.211088038980960846e-04
6.211059517227113247e-04
6.211030995473265648e-04
6.211003055796027184e-04
6.210972787812352180e-04
6.210944266058504581e-04
6.210915744304656982e-04
6.210886640474200249e-04
6.210858118720352650e-04
6.210829014889895916e-04
6.210799911059439182e-04
6.210770807228982449e-04
6.210742285475134850e-04
6.210714345797896385e-04
6.210685241967439651e-04
6.210656138136982918e-04
6.210626452229917049e-04
6.210597930476069450e-04
6.210568826645612717e-04
6.210540886968374252e-04
6.210511783137917519e-04
6.210483261384069920e-04
6.210454157553613186e-04
6.210425053723156452e-04
6.210396531969308853e-04
6.210368010215461254e-04
6.210338324308395386e-04
6.210310966707766056e-04
6.210282444953918457e-04
6.210252759046852589e-04
6.210223655216395855e-04
6.210195715539157391e-04
6.210167193785309792e-04
6.210137507878243923e-04
6.210108986124396324e-04
6.210079882293939590e-04
6.210051360540091991e-04
6.210022256709635258e-04
6.209993152879178524e-04
6.209964631125330925e-04
6.209936109371483326e-04
6.209907587617635727e-04
6.209877901710569859e-04
6.209849379956722260e-04
6.209821440279483795e-04
6.209792336449027061e-04
6.209762650541961193e-04
6.209734128788113594e-04
6.209705607034265995e-04
6.209677085280418396e-04
6.209647399373352528e-04
6.209618295542895794e-04
6.209590355865657330e-04
6.209561252035200596e-04
6.209533312357962132e-04
6.209504208527505398e-04
6.209474522620439529e-04
6.209446582943201065e-04
6.209416897036135197e-04
6.209388375282287598e-04
6.209359853528439999e-04
6.209331331774592400e-04
6.209302227944135666e-04
6.209273706190288067e-04
6.209244602359831333e-04
6.209217244759202003e-04
6.209188140928745270e-04
6.209157872945070267e-04
6.209130515344440937e-04
6.209101411513984203e-04
6.209072307683527470e-04
6.209043203853070736e-04
6.209014682099223137e-04
6.208986160345375538e-04
6.208957638591527939e-04
6.208929116837680340e-04
6.208900013007223606e-04
6.208872073329985142e-04
6.208841805346310139e-04
6.208813865669071674e-04
6.208785343915224075e-04
6.208755658008158207e-04
6.208727136254310608e-04
6.208698032423853874e-04
6.208670674823224545e-04
6.208640406839549541e-04
6.208612467162311077e-04
6.208584527485072613e-04
6.208555423654615879e-04
6.208525737747550011e-04
6.208497798070311546e-04
6.208468694239854813e-04
6.208440172486007214e-04
6.208410486578941345e-04
6.208383128978312016e-04
6.208355189301073551e-04
6.208324921317398548e-04
6.208296981640160084e-04
6.208267877809703350e-04
6.208239356055855751e-04
6.208210252225399017e-04
6.208181148394942284e-04
6.208152626641094685e-04
6.208123522810637951e-04
6.208095583133399487e-04
6.208067061379551888e-04
6.208037957549095154e-04
6.208009435795247555e-04
6.207980914041399956e-04
6.207951810210943222e-04
6.207922706380486488e-04
6.207894766703248024e-04
6.207865662872791290e-04
6.207837723195552826e-04
6.207809201441705227e-04
6.207780097611248493e-04
6.207750993780791759e-04
6.207722472026944160e-04
6.207693368196487427e-04
6.207664846442639828e-04
6.207635742612183094e-04
6.207607220858335495e-04
6.207579281181097031e-04
6.207550759427249432e-04
6.207521655596792698e-04
6.207492551766335964e-04
6.207464030012488365e-04
6.207435508258640766e-04
6.207406986504793167e-04
6.207379046827554703e-04
6.207349942997097969e-04
6.207320839166641235e-04
6.207292317412793636e-04
6.207263213582336903e-04
6.207235855981707573e-04
6.207206170074641705e-04
6.207178230397403240e-04
6.207149708643555641e-04
6.207118858583271503e-04
6.207092083059251308e-04
6.207062979228794575e-04
6.207033875398337841e-04
6.207005935721099377e-04
6.206977413967251778e-04
6.206948892213404179e-04
6.206919788382947445e-04
6.206891266629099846e-04
6.206862744875252247e-04
6.206833641044795513e-04
6.206805701367557049e-04
6.206776597537100315e-04
6.206748075783252716e-04
6.206719554029405117e-04
6.206689286045730114e-04
6.206661928445100784e-04
6.206632824614644051e-04
6.206603720784187317e-04
6.206575199030339718e-04
6.206547841429710388e-04
6.206518737599253654e-04
6.206489633768796921e-04
6.206461694091558456e-04
6.206433172337710857e-04
6.206403486430644989e-04
