4.003809881396591663e-04
4.003786598332226276e-04
4.003762151114642620e-04
4.003738868050277233e-04
4.003715002909302711e-04
4.003690846730023623e-04
4.003666399512439966e-04
4.003642534371465445e-04
4.003618669230490923e-04
4.003593348897993565e-04
4.003570065833628178e-04
4.003545618616044521e-04
4.003522044513374567e-04
4.003498470410704613e-04
4.003474605269730091e-04
4.003449867013841867e-04
4.003425710834562778e-04
4.003402136731892824e-04
4.003377980552613735e-04
4.003354115411639214e-04
4.003329377155750990e-04
4.003305803053081036e-04
4.003281937912106514e-04
4.003257199656218290e-04
4.003233334515243769e-04
4.003210051450878382e-04
4.003186186309903860e-04
4.003162030130624771e-04
4.003138164989650249e-04
4.003113135695457458e-04
4.003089561592787504e-04
4.003065696451812983e-04
4.003041249234229326e-04
4.003017966169863939e-04
4.002994101028889418e-04
4.002970235887914896e-04
4.002945788670331240e-04
4.002921923529356718e-04
4.002898349426686764e-04
4.002873320132493973e-04
4.002849454991519451e-04
4.002825298812240362e-04
4.002801433671265841e-04
4.002778150606900454e-04
4.002754285465925932e-04
4.002729838248342276e-04
4.002705682069063187e-04
4.002681816928088665e-04
4.002657951787114143e-04
4.002634086646139622e-04
4.002609639428555965e-04
4.002585774287581444e-04
4.002562491223216057e-04
4.002537170890718699e-04
4.002513887826353312e-04
4.002490022685378790e-04
4.002465866506099701e-04
4.002442001365125179e-04
4.002418136224150658e-04
4.002394271083176136e-04
4.002369823865592480e-04
4.002345958724617958e-04
4.002322093583643436e-04
4.002297937404364347e-04
4.002274654339998960e-04
4.002250789199024439e-04
4.002225759904831648e-04
4.002201894763857126e-04
4.002178320661187172e-04
4.002154455520212650e-04
4.002130008302628994e-04
4.002106725238263607e-04
4.002082278020679951e-04
4.002058121841400862e-04
4.002034256700426340e-04
4.002010391559451818e-04
4.001986526418477297e-04
4.001962661277502775e-04
4.001938796136528254e-04
4.001914930995553732e-04
4.001890192739665508e-04
4.001866909675300121e-04
4.001843044534325600e-04
4.001819179393351078e-04
4.001795314252376556e-04
4.001770867034792900e-04
4.001747583970427513e-04
4.001723427791148424e-04
4.001699562650173903e-04
4.001675697509199381e-04
4.001651250291615725e-04
4.001627385150641203e-04
4.001603228971362114e-04
4.001579363830387592e-04
4.001555789727717638e-04
4.001531633548438549e-04
4.001507768407464027e-04
4.001483903266489506e-04
4.001460038125514984e-04
4.001436172984540462e-04
4.001412016805261374e-04
4.001388151664286852e-04
4.001364286523312330e-04
4.001340421382337809e-04
4.001315974164754152e-04
4.001292691100388765e-04
4.001268243882805109e-04
4.001244087703526020e-04
4.001220222562551498e-04
4.001196357421576977e-04
4.001172492280602455e-04
4.001148627139627934e-04
4.001124761998653412e-04
4.001100896857678890e-04
4.001076740678399801e-04
4.001052875537425280e-04
4.001029010396450758e-04
4.001005727332085371e-04
4.000980989076197147e-04
4.000957997050136328e-04
4.000933549832552671e-04
4.000909684691578150e-04
4.000885819550603628e-04
4.000862245447933674e-04
4.000837798230350018e-04
4.000813933089375496e-04
4.000789776910096407e-04
4.000766784884035587e-04
4.000742046628147364e-04
4.000718181487172842e-04
4.000694316346198320e-04
4.000671324320137501e-04
4.000646586064249277e-04
4.000622720923274755e-04
4.000599728897213936e-04
4.000574990641325712e-04
4.000551125500351191e-04
4.000527260359376669e-04
4.000503104180097580e-04
4.000479821115732193e-04
4.000455955974757671e-04
4.000432090833783150e-04
4.000408516731113195e-04
4.000383778475224972e-04
4.000359913334250450e-04
4.000336630269885063e-04
4.000312183052301407e-04
4.000288608949631453e-04
4.000264161732047796e-04
4.000240296591073275e-04
4.000217304565012455e-04
4.000193148385733366e-04
4.000169283244758844e-04
4.000146000180393457e-04
4.000121552962809801e-04
4.000097396783530712e-04
4.000073531642556190e-04
4.000049957539886236e-04
4.000026092398911715e-04
4.000001936219632626e-04
3.999978362116962671e-04
3.999954788014292717e-04
3.999931213911622763e-04
3.999907057732343674e-04
3.999882610514760017e-04
3.999859327450394630e-04
3.999834880232810974e-04
3.999811306130141020e-04
3.999787440989166498e-04
3.999763866886496544e-04
3.999739710707217455e-04
3.999715845566242933e-04
3.999692562501877546e-04
3.999668697360903025e-04
3.999644832219928503e-04
3.999620093964040279e-04
3.999597101937979460e-04
3.999572654720395803e-04
3.999548789579421282e-04
3.999525215476751328e-04
3.999501059297472239e-04
3.999477485194802284e-04
3.999453329015523195e-04
3.999430336989462376e-04
3.999405889771878719e-04
3.999382315669208765e-04
3.999357868451625109e-04
3.999334003310650587e-04
3.999310720246285200e-04
3.999286855105310678e-04
3.999262698926031590e-04
3.999239124823361635e-04
3.999215550720691681e-04
3.999191976618021727e-04
3.999168111477047205e-04
3.999143082182854414e-04
3.999119799118489027e-04
3.999096225015819073e-04
3.999072068836539984e-04
3.999048203695565462e-04
3.999024629592895508e-04
3.999000473413616419e-04
3.998977772425860167e-04
3.998953034169971943e-04
3.998929169028997421e-04
3.998905594926327467e-04
3.998882020823657513e-04
3.998858155682682991e-04
3.998834290541708469e-04
3.998810134362429380e-04
3.998786560259759426e-04
3.998762986157089472e-04
3.998739412054419518e-04
3.998715546913444996e-04
3.998691681772470474e-04
3.998668398708105087e-04
3.998643951490521431e-04
3.998620086349546909e-04
3.998596803285181522e-04
3.998572647105902433e-04
3.998548781964927912e-04
3.998524625785648823e-04
3.998501051682978868e-04
3.998477477580308914e-04
3.998453321401029825e-04
3.998429165221750736e-04
3.998406464233994484e-04
3.998381725978106260e-04
3.998358442913740873e-04
3.998334286734461784e-04
3.998310421593487263e-04
3.998286847490817308e-04
3.998262982349842787e-04
3.998239990323781967e-04
3.998215543106198311e-04
3.998191677965223789e-04
3.998167812824249268e-04
3.998144820798188448e-04
3.998120955657213926e-04
3.998096799477934837e-04
3.998073225375264883e-04
3.998049360234290361e-04
3.998025786131620407e-04
3.998001338914036751e-04
3.997977473773062229e-04
3.997954190708696842e-04
3.997930907644331455e-04
3.997906169388443232e-04
3.997883177362382412e-04
3.997859603259712458e-04
3.997835447080433369e-04
3.997811290901154280e-04
3.997787716798484325e-04
3.997763851657509804e-04
3.997739986516535282e-04
3.997716412413865328e-04
3.997692547272890806e-04
3.997669264208525419e-04
3.997645690105855465e-04
3.997621533926576376e-04
3.997597959823906422e-04
3.997574676759541035e-04
3.997549938503652811e-04
3.997526655439287424e-04
3.997502208221703768e-04
3.997479216195642948e-04
3.997455060016363859e-04
3.997431194875389338e-04
3.997407911811023951e-04
3.997384046670049429e-04
3.997359890490770340e-04
3.997336607426404953e-04
3.997312742285430431e-04
3.997289168182760477e-04
3.997265885118395090e-04
3.997241437900811434e-04
3.997218445874750614e-04
3.997194580733776093e-04
3.997170133516192436e-04
3.997146850451827049e-04
3.997122985310852528e-04
3.997098829131573439e-04
3.997075546067208052e-04
3.997051971964538097e-04
3.997027524746954441e-04
3.997004241682589054e-04
3.996981249656528234e-04
3.996956802438944578e-04
3.996933810412883759e-04
3.996909654233604670e-04
3.996885498054325581e-04
3.996862214989960194e-04
3.996838640887290239e-04
3.996815066784620285e-04
3.996790910605341196e-04
3.996766463387757540e-04
3.996743471361696720e-04
3.996719606220722198e-04
3.996696323156356812e-04
3.996672458015382290e-04
3.996648883912712336e-04
3.996625309810042381e-04
3.996601444669067860e-04
3.996577870566397905e-04
3.996553714387118816e-04
3.996530722361057997e-04
3.996506857220083475e-04
3.996482992079108953e-04
3.996459417976438999e-04
3.996436134912073612e-04
3.996412269771099091e-04
3.996388404630124569e-04
3.996364539489150047e-04
3.996340674348175526e-04
3.996317682322114706e-04
3.996293235104531050e-04
3.996269952040165663e-04
3.996245795860886574e-04
3.996222512796521187e-04
3.996198356617242098e-04
3.996175073552876711e-04
3.996150917373597622e-04
3.996127925347536802e-04
3.996105224359780550e-04
3.996080777142196894e-04
3.996056912001222372e-04
3.996033046860247850e-04
3.996008890680968761e-04
3.995985607616603374e-04
3.995961742475628853e-04
3.995938750449568033e-04
3.995914594270288944e-04
3.995891020167618990e-04
3.995867446064949036e-04
3.995844163000583649e-04
3.995819715782999992e-04
3.995796432718634605e-04
3.995773440692573786e-04
3.995748993474990129e-04
3.995726001448929310e-04
3.995701845269650221e-04
3.995677980128675699e-04
3.995654406026005745e-04
3.995630831923335791e-04
3.995606966782361269e-04
3.995583392679691315e-04
3.995559818577021360e-04
3.995535953436046839e-04
3.995512670371681452e-04
3.995488805230706930e-04
3.995465231128036976e-04
3.995441657025367022e-04
3.995418664999306202e-04
3.995394799858331680e-04
3.995370934717357159e-04
3.995346778538078070e-04
3.995323204435408115e-04
3.995299339294433594e-04
3.995276929344981909e-04
3.995252773165702820e-04
3.995228908024728298e-04
3.995205042883753777e-04
3.995181468781083822e-04
3.995158185716718435e-04
3.995134320575743914e-04
3.995111037511378527e-04
3.995086590293794870e-04
3.995063889306038618e-04
3.995040024165064096e-04
3.995016450062394142e-04
3.994992875959724188e-04
3.994969010818749666e-04
3.994945145677775145e-04
3.994921571575105190e-04
3.994898579549044371e-04
3.994874132331460714e-04
3.994850267190486193e-04
3.994827275164425373e-04
3.994803701061755419e-04
3.994779835920780897e-04
3.994755970779806376e-04
3.994732687715440989e-04
3.994709113612771034e-04
3.994685539510101080e-04
3.994662547484040260e-04
3.994638100266456604e-04
3.994614235125482082e-04
3.994590661022812128e-04
3.994567668996751308e-04
3.994544385932385921e-04
3.994520520791411400e-04
3.994496655650436878e-04
3.994473081547766924e-04
3.994449216406792402e-04
3.994425642304122448e-04
3.994402650278061628e-04
3.994379076175391674e-04
3.994355793111026287e-04
3.994331636931747198e-04
3.994308353867381811e-04
3.994283906649798155e-04
3.994260623585432768e-04
3.994237340521067381e-04
3.994213184341788292e-04
3.994190483354032040e-04
3.994166036136448383e-04
3.994142753072082996e-04
3.994118887931108475e-04
3.994095313828438520e-04
3.994071739725768566e-04
3.994048165623098612e-04
3.994024882558733225e-04
3.994001308456063271e-04
3.993977734353393316e-04
3.993954160250723362e-04
3.993930877186357975e-04
3.993907012045383453e-04
3.993882855866104364e-04
3.993859863840043545e-04
3.993836289737373590e-04
3.993812715634703636e-04
3.993789141532033682e-04
3.993765276391059160e-04
3.993741411250084639e-04
3.993718128185719252e-04
3.993694554083049297e-04
3.993671562056988478e-04
3.993647696916013956e-04
3.993624413851648569e-04
3.993600257672369480e-04
3.993577265646308661e-04
3.993553691543638706e-04
3.993530408479273319e-04
3.993506543338298798e-04
3.993483260273933411e-04
3.993459686171263456e-04
3.993436112068593502e-04
3.993412537965923548e-04
3.993388672824949026e-04
3.993365389760583639e-04
3.993341233581304550e-04
3.993317950516939163e-04
3.993294085375964642e-04
3.993271384388208389e-04
3.993246937170624733e-04
3.993224236182868481e-04
3.993200371041893959e-04
3.993176796939224005e-04
3.993153513874858618e-04
3.993129648733884096e-04
3.993106656707823277e-04
3.993082791566848755e-04
3.993059217464178801e-04
3.993035934399813414e-04
3.993011778220534325e-04
3.992988786194473505e-04
3.992964921053498983e-04
3.992941637989133596e-04
3.992918354924768209e-04
3.992894198745489120e-04
3.992870915681123734e-04
3.992847341578453779e-04
3.992824349552392960e-04
3.992799902334809303e-04
3.992776037193834782e-04
3.992753045167773962e-04
3.992729762103408575e-04
3.992706188000738621e-04
3.992682904936373234e-04
3.992659330833703279e-04
3.992636047769337893e-04
3.992612473666667938e-04
3.992588317487388849e-04
3.992565034423023462e-04
3.992541751358658075e-04
3.992517886217683554e-04
3.992495185229927301e-04
3.992470738012343645e-04
3.992447454947978258e-04
3.992424753960222006e-04
3.992401179857552052e-04
3.992377314716577530e-04
3.992354031652212143e-04
3.992330457549542189e-04
3.992306883446872234e-04
3.992283600382506847e-04
3.992260026279836893e-04
3.992236452177166939e-04
3.992212878074496984e-04
3.992189595010131598e-04
3.992165438830852509e-04
3.992142446804791689e-04
3.992118872702121735e-04
3.992094134446233511e-04
3.992072015535086393e-04
3.992048441432416439e-04
3.992024576291441917e-04
3.992001002188771963e-04
3.991977719124406576e-04
3.991954727098345757e-04
