2.278117695823311806e-03
2.277479972690343857e-03
2.276842249557375908e-03
2.276204759255051613e-03
2.275567268952727318e-03
2.274930477142333984e-03
2.274293452501296997e-03
2.273656195029616356e-03
2.273019403219223022e-03
2.272382844239473343e-03
2.271746518090367317e-03
2.271109959110617638e-03
2.270473865792155266e-03
2.269838005304336548e-03
2.269201679155230522e-03
2.268566051498055458e-03
2.267930191010236740e-03
2.267294796183705330e-03
2.266659168526530266e-03
2.266024006530642509e-03
2.265388378873467445e-03
2.264753682538866997e-03
2.264118520542979240e-03
2.263484057039022446e-03
2.262849127873778343e-03
2.262214664369821548e-03
2.261580200865864754e-03
2.260945970192551613e-03
2.260311739519238472e-03
2.259677276015281677e-03
2.259043511003255844e-03
2.258409745991230011e-03
2.257775980979204178e-03
2.257142215967178345e-03
2.256508683785796165e-03
2.255875151604413986e-03
2.255241852253675461e-03
2.254608552902936935e-03
2.253975253552198410e-03
2.253342419862747192e-03
2.252709120512008667e-03
2.252076286822557449e-03
2.251443685963749886e-03
2.250811085104942322e-03
2.250178484246134758e-03
2.249546116217970848e-03
2.248913748189806938e-03
2.248281380161643028e-03
2.247649244964122772e-03
2.247016876935958862e-03
2.246384741738438606e-03
2.245752839371562004e-03
2.245121402665972710e-03
2.244489267468452454e-03
2.243857597932219505e-03
2.243226161226630211e-03
2.242594258859753609e-03
2.241963054984807968e-03
2.241331385448575020e-03
2.240700414404273033e-03
2.240068744868040085e-03
2.239437773823738098e-03
2.238806569948792458e-03
2.238175831735134125e-03
2.237544627860188484e-03
2.236913889646530151e-03
2.236282918602228165e-03
2.235652413219213486e-03
2.235021675005555153e-03
2.234390936791896820e-03
2.233760664239525795e-03
2.233129926025867462e-03
2.232499420642852783e-03
2.231868915259838104e-03
2.231238642707467079e-03
2.230608370155096054e-03
2.229978330433368683e-03
2.229347825050354004e-03
2.228718250989913940e-03
2.228087745606899261e-03
2.227457705885171890e-03
2.226827898994088173e-03
2.226197859272360802e-03
2.225567819550633430e-03
2.224938245490193367e-03
2.224308205768465996e-03
2.223678631708025932e-03
2.223048591986298561e-03
2.222419017925858498e-03
2.221789443865418434e-03
2.221159636974334717e-03
2.220530295744538307e-03
2.219900721684098244e-03
2.219271380454301834e-03
2.218641573563218117e-03
2.218012232333421707e-03
2.217382891103625298e-03
2.216753084212541580e-03
2.216123975813388824e-03
2.215494634583592415e-03
2.214865293353796005e-03
2.214235952123999596e-03
2.213606843724846840e-03
2.212977502495050430e-03
2.212347928434610367e-03
2.211719052866101265e-03
2.211089711636304855e-03
2.210460370406508446e-03
2.209831494837999344e-03
2.209202386438846588e-03
2.208573045209050179e-03
2.207944169640541077e-03
2.207314595580101013e-03
2.206685720011591911e-03
2.206056378781795502e-03
2.205427270382642746e-03
2.204798394814133644e-03
2.204169286414980888e-03
2.203540178015828133e-03
2.202911302447319031e-03
2.202281961217522621e-03
2.201653085649013519e-03
2.201023977249860764e-03
2.200395101681351662e-03
2.199765760451555252e-03
2.199136652052402496e-03
2.198507543653249741e-03
2.197878435254096985e-03
2.197249326854944229e-03
2.196620451286435127e-03
2.195991110056638718e-03
2.195362234488129616e-03
2.194733126088976860e-03
2.194104017689824104e-03
2.193474676460027695e-03
2.192845568060874939e-03
2.192216459661722183e-03
2.191587351262569427e-03
2.190958010032773018e-03
2.190328901633620262e-03
2.189700026065111160e-03
2.189070219174027443e-03
2.188441343605518341e-03
2.187812235206365585e-03
2.187182661145925522e-03
2.186553319916129112e-03
2.185923978686332703e-03
2.185294637456536293e-03
2.184665529057383537e-03
2.184036187827587128e-03
2.183407079428434372e-03
2.182777505367994308e-03
2.182147931307554245e-03
2.181518590077757835e-03
2.180889016017317772e-03
2.180259674787521362e-03
2.179630333557724953e-03
2.179000759497284889e-03
2.178370952606201172e-03
2.177741378545761108e-03
2.177112270146608353e-03
2.176482230424880981e-03
2.175852889195084572e-03
2.175223082304000854e-03
2.174593275412917137e-03
2.173963701352477074e-03
2.173333894461393356e-03
2.172704320400953293e-03
2.172074280679225922e-03
2.171444473788142204e-03
2.170814434066414833e-03
2.170184860005974770e-03
2.169555053114891052e-03
2.168925246223807335e-03
2.168295206502079964e-03
2.167665399610996246e-03
2.167035127058625221e-03
2.166405320167541504e-03
2.165775280445814133e-03
2.165145240724086761e-03
2.164515201002359390e-03
2.163885161280632019e-03
2.163254888728260994e-03
2.162624849006533623e-03
2.161994576454162598e-03
2.161364536732435226e-03
2.160734264180064201e-03
2.160103991627693176e-03
2.159473719075322151e-03
2.158843679353594780e-03
2.158213173970580101e-03
2.157583134248852730e-03
2.156952628865838051e-03
2.156322589144110680e-03
2.155692083761096001e-03
2.155061811208724976e-03
2.154431538656353951e-03
2.153801033273339272e-03
2.153170527890324593e-03
2.152540255337953568e-03
2.151909749954938889e-03
2.151279943063855171e-03
2.150648972019553185e-03
2.150018466636538506e-03
2.149388194084167480e-03
2.148757455870509148e-03
2.148127183318138123e-03
2.147496910765767097e-03
2.146866172552108765e-03
2.146235899999737740e-03
2.145605394616723061e-03
2.144974889233708382e-03
2.144344383850693703e-03
2.143713645637035370e-03
2.143083140254020691e-03
2.142453100532293320e-03
2.141822827979922295e-03
2.141192322596907616e-03
2.140561817213892937e-03
2.139931079000234604e-03
2.139301272109150887e-03
2.138670766726136208e-03
2.138040261343121529e-03
2.137409755960106850e-03
2.136779483407735825e-03
2.136149443686008453e-03
2.135518938302993774e-03
2.134888898581266403e-03
2.134258858859539032e-03
2.133628586307168007e-03
2.132998313754796982e-03
2.132368041202425957e-03
2.131738234311342239e-03
2.131108194589614868e-03
2.130478154867887497e-03
2.129848115146160126e-03
2.129218541085720062e-03
2.128588268533349037e-03
2.127958694472908974e-03
2.127328887581825256e-03
2.126699313521385193e-03
2.126069273799657822e-03
2.125439932569861412e-03
2.124810358509421349e-03
2.124180784448981285e-03
2.123551443219184875e-03
2.122922334820032120e-03
2.122292993590235710e-03
2.121663652360439301e-03
2.121034543961286545e-03
2.120405668392777443e-03
2.119776792824268341e-03
2.119147684425115585e-03
2.118518808856606483e-03
2.117890398949384689e-03
2.117261756211519241e-03
2.116633113473653793e-03
2.116004936397075653e-03
2.115376759320497513e-03
2.114748349413275719e-03
2.114120172336697578e-03
2.113492693752050400e-03
2.112864516675472260e-03
2.112236805260181427e-03
2.111609093844890594e-03
2.110981848090887070e-03
2.110354136675596237e-03
2.109727123752236366e-03
2.109099877998232841e-03
2.108472865074872971e-03
2.107846084982156754e-03
2.107219304889440536e-03
2.106592524796724319e-03
2.105966210365295410e-03
2.105339895933866501e-03
2.104713814333081245e-03
2.104087965562939644e-03
2.103462116792798042e-03
2.102836500853300095e-03
2.102210884913802147e-03
2.101585501804947853e-03
2.100960584357380867e-03
2.100335434079170227e-03
2.099710749462246895e-03
2.099086297675967216e-03
2.098461613059043884e-03
2.097837626934051514e-03
2.097213640809059143e-03
2.096589887514710426e-03
2.095966134220361710e-03
2.095342380926012993e-03
2.094719326123595238e-03
2.094096271321177483e-03
2.093473682180047035e-03
2.092851093038916588e-03
2.092228503897786140e-03
2.091606613248586655e-03
2.090984489768743515e-03
2.090362831950187683e-03
2.089741406962275505e-03
2.089120214805006981e-03
2.088499022647738457e-03
2.087878296151757240e-03
2.087258035317063332e-03
2.086637774482369423e-03
2.086017746478319168e-03
2.085397951304912567e-03
2.084778388962149620e-03
2.084159059450030327e-03
2.083540428429841995e-03
2.082921331748366356e-03
2.082303166389465332e-03
2.081685001030564308e-03
2.081067068502306938e-03
2.080449601635336876e-03
2.079832367599010468e-03
2.079215599223971367e-03
2.078599063679575920e-03
2.077982295304536819e-03
2.077366458252072334e-03
2.076750388368964195e-03
2.076135016977787018e-03
2.075519878417253494e-03
2.074904972687363625e-03
2.074290532618761063e-03
2.073676325380802155e-03
2.073062350973486900e-03
2.072449075058102608e-03
2.071835799142718315e-03
2.071222988888621330e-03
2.070610178634524345e-03
2.069998066872358322e-03
2.069386187940835953e-03
2.068774774670600891e-03
2.068163594231009483e-03
2.067552879452705383e-03
2.066942164674401283e-03
2.066332148388028145e-03
2.065722364932298660e-03
2.065113047137856483e-03
2.064503962174057961e-03
2.063895110040903091e-03
2.063286956399679184e-03
2.062679035589098930e-03
2.062071813270449638e-03
2.061464590951800346e-03
2.060857834294438362e-03
2.060251310467720032e-03
2.059645485132932663e-03
2.059039892628788948e-03
2.058434532955288887e-03
2.057829871773719788e-03
2.057225443422794342e-03
2.056621480733156204e-03
2.056017983704805374e-03
2.055414719507098198e-03
2.054812153801321983e-03
2.054209820926189423e-03
2.053607488051056862e-03
2.053006319329142570e-03
2.052405150607228279e-03
2.051804447546601295e-03
2.051204210147261620e-03
2.050604438409209251e-03
2.050004899501800537e-03
2.049406059086322784e-03
2.048807451501488686e-03
2.048209309577941895e-03
2.047611866146326065e-03
2.047014655545353889e-03
2.046417910605669022e-03
2.045821398496627808e-03
2.045225817710161209e-03
2.044630469754338264e-03
2.044035354629158974e-03
2.043440705165266991e-03
2.042846754193305969e-03
2.042253036051988602e-03
2.041660016402602196e-03
2.041067229583859444e-03
2.040475141257047653e-03
2.039883518591523170e-03
2.039291895925998688e-03
2.038701204583048820e-03
2.038110978901386261e-03
2.037520986050367355e-03
2.036931691691279411e-03
2.036342630162835121e-03
2.035754267126321793e-03
2.035166369751095772e-03
2.034578472375869751e-03
2.033991739153862000e-03
2.033405005931854248e-03
2.032818971201777458e-03
2.032233402132987976e-03
2.031648298725485802e-03
2.031063660979270935e-03
2.030479721724987030e-03
2.029895782470703125e-03
2.029313007369637489e-03
2.028730232268571854e-03
2.028148155659437180e-03
2.027566079050302505e-03
2.026984933763742447e-03
2.026404254138469696e-03
2.025824273005127907e-03
2.025244291871786118e-03
2.024665242061018944e-03
2.024086657911539078e-03
2.023508539423346519e-03
2.022930420935153961e-03
2.022353466600179672e-03
2.021776512265205383e-03
2.021200489252805710e-03
2.020624931901693344e-03
2.020049607381224632e-03
2.019474981352686882e-03
2.018900588154792786e-03
2.018326893448829651e-03
2.017753897234797478e-03
2.017181133851408958e-03
2.016609068959951401e-03
2.016037469729781151e-03
2.015466103330254555e-03
2.014895668253302574e-03
2.014325233176350594e-03
2.013755496591329575e-03
2.013186691328883171e-03
2.012617886066436768e-03
2.012050012126564980e-03
2.011482138186693192e-03
2.010915195569396019e-03
2.010348718613386154e-03
2.009782707318663597e-03
2.009217161685228348e-03
2.008652081713080406e-03
2.008087467402219772e-03
2.007523318752646446e-03
2.006959868595004082e-03
2.006397116929292679e-03
2.005834598094224930e-03
2.005272544920444489e-03
2.004710957407951355e-03
2.004150068387389183e-03
2.003589645028114319e-03
2.003029687330126762e-03
2.002470195293426514e-03
2.001911168918013573e-03
2.001352841034531593e-03
2.000794978812336922e-03
2.000237349420785904e-03
1.999680884182453156e-03
1.999124418944120407e-03
1.998568419367074966e-03
1.998013118281960487e-03
1.997458050027489662e-03
1.996903913095593452e-03
1.996350008994340897e-03
1.995796803385019302e-03
1.995244063436985016e-03
1.994691556319594383e-03
1.994139747694134712e-03
1.993588404729962349e-03
1.993037527427077293e-03
1.992487581446766853e-03
1.991937868297100067e-03
1.991388387978076935e-03
1.990839373320341110e-03
1.990291289985179901e-03
1.989743672311306000e-03
1.989195821806788445e-03
1.988649368286132812e-03
1.988102681934833527e-03
1.987557392567396164e-03
1.987011637538671494e-03
1.986467046663165092e-03
1.985922921448945999e-03
1.985378796234726906e-03
1.984835602343082428e-03
1.984292874112725258e-03
1.983750611543655396e-03
1.983208814635872841e-03
1.982667483389377594e-03
1.982126850634813309e-03
1.981586217880249023e-03
1.981046516448259354e-03
1.980507047846913338e-03
1.979968277737498283e-03
1.979429740458726883e-03
1.978891668841242790e-03
1.978354528546333313e-03
1.977817621082067490e-03
1.977281179279088974e-03
1.976745203137397766e-03
1.976209925487637520e-03
1.975674415007233620e-03
1.975140301510691643e-03
1.974606420844793320e-03
1.974072540178894997e-03
1.973539590835571289e-03
