8.074059151113033295e-03
8.067838847637176514e-03
8.061624132096767426e-03
8.055416867136955261e-03
8.049215190112590790e-03
8.043019101023674011e-03
8.036830462515354156e-03
8.030647411942481995e-03
8.024470880627632141e-03
8.018300868570804596e-03
8.012135513126850128e-03
8.005978539586067200e-03
7.999826222658157349e-03
7.993681356310844421e-03
7.987543009221553802e-03
7.981408387422561646e-03
7.975282147526741028e-03
7.969162426888942719e-03
7.963047362864017487e-03
7.956939749419689178e-03
7.950838655233383179e-03
7.944742217659950256e-03
7.938653230667114258e-03
7.932570762932300568e-03
7.926493883132934570e-03
7.920423522591590881e-03
7.914358749985694885e-03
7.908299565315246582e-03
7.902248762547969818e-03
7.896203547716140747e-03
7.890162989497184753e-03
7.884128950536251068e-03
7.878103293478488922e-03
7.872081361711025238e-03
7.866067811846733093e-03
7.860058918595314026e-03
7.854056544601917267e-03
7.848059758543968201e-03
7.842070423066616058e-03
7.836086675524711609e-03
7.830109447240829468e-03
7.824137806892395020e-03
7.818172685801982880e-03
7.812213152647018433e-03
7.806260138750076294e-03
7.800315041095018387e-03
7.794374134391546249e-03
7.788439746946096420e-03
7.782511878758668900e-03
7.776590064167976379e-03
7.770674303174018860e-03
7.764764595776796341e-03
7.758861407637596130e-03
7.752964738756418228e-03
7.747074123471975327e-03
7.741189561784267426e-03
7.735310588032007217e-03
7.729438133537769318e-03
7.723571732640266418e-03
7.717711851000785828e-03
7.711857557296752930e-03
7.706010248512029648e-03
7.700168062001466751e-03
7.694332860410213470e-03
7.688503246754407883e-03
7.682680618017911911e-03
7.676863111555576324e-03
7.671052590012550354e-03
7.665248122066259384e-03
7.659450639039278030e-03
7.653657346963882446e-03
7.647871505469083786e-03
7.642090786248445511e-03
7.636317517608404160e-03
7.630549836903810501e-03
7.624788675457239151e-03
7.619033101946115494e-03
7.613283582031726837e-03
7.607540115714073181e-03
7.601803634315729141e-03
7.596072275191545486e-03
7.590347900986671448e-03
7.584630046039819717e-03
7.578916847705841064e-03
7.573211099952459335e-03
7.567510008811950684e-03
7.561816368252038956e-03
7.556128781288862228e-03
7.550446316599845886e-03
7.544770836830139160e-03
7.539102341979742050e-03
7.533438038080930710e-03
7.527780719101428986e-03
7.522128988057374954e-03
7.516484241932630539e-03
7.510846015065908432e-03
7.505212444812059402e-03
7.499585859477519989e-03
7.493965327739715576e-03
7.488350849598646164e-03
7.482742425054311752e-03
7.477140985429286957e-03
7.471543736755847931e-03
7.465953938663005829e-03
7.460369262844324112e-03
7.454792037606239319e-03
7.449220865964889526e-03
7.443653885275125504e-03
7.438095286488533020e-03
7.432541809976100922e-03
7.426994387060403824e-03
7.421452552080154419e-03
7.415917236357927322e-03
7.410387974232435226e-03
7.404865231364965439e-03
7.399348542094230652e-03
7.393836975097656250e-03
7.388331461697816849e-03
7.382832933217287064e-03
7.377339992672204971e-03
7.371853571385145187e-03
7.366372738033533096e-03
7.360899355262517929e-03
7.355429697781801224e-03
7.349967025220394135e-03
7.344511337578296661e-03
7.339060772210359573e-03
7.333616726100444794e-03
7.328177802264690399e-03
7.322746329009532928e-03
7.317319512367248535e-03
7.311899680644273758e-03
7.306484971195459366e-03
7.301077246665954590e-03
7.295674178749322891e-03
7.290278561413288116e-03
7.284888532012701035e-03
7.279503624886274338e-03
7.274126634001731873e-03
7.268754765391349792e-03
7.263388019055128098e-03
7.258028257638216019e-03
7.252673152834177017e-03
7.247326429933309555e-03
7.241983897984027863e-03
7.236646953970193863e-03
7.231317926198244095e-03
7.225993555039167404e-03
7.220675703138113022e-03
7.215363439172506332e-03
7.210057228803634644e-03
7.204756140708923340e-03
7.199462968856096268e-03
7.194173987954854965e-03
7.188891526311635971e-03
7.183614186942577362e-03
7.178344763815402985e-03
7.173080462962388992e-03
7.167822215706110001e-03
7.162568625062704086e-03
7.157322484999895096e-03
7.152081467211246490e-03
7.146846968680620193e-03
7.141618523746728897e-03
7.136395201086997986e-03
7.131178397685289383e-03
7.125965785235166550e-03
7.120762020349502563e-03
7.115561515092849731e-03
7.110368460416793823e-03
7.105180528014898300e-03
7.099999114871025085e-03
7.094823289662599564e-03
7.089653052389621735e-03
7.084489334374666214e-03
7.079331204295158386e-03
7.074179127812385559e-03
7.069032173603773117e-03
7.063891738653182983e-03
7.058756425976753235e-03
7.053627632558345795e-03
7.048504427075386047e-03
7.043387740850448608e-03
7.038275711238384247e-03
7.033170200884342194e-03
7.028070744127035141e-03
7.022976875305175781e-03
7.017887663096189499e-03
7.012805901467800140e-03
7.007730193436145782e-03
7.002658676356077194e-03
6.997593678534030914e-03
6.992535199970006943e-03
6.987480912357568741e-03
6.982434075325727463e-03
6.977391894906759262e-03
6.972355768084526062e-03
6.967326160520315170e-03
6.962301675230264664e-03
6.957282312214374542e-03
6.952269934117794037e-03
6.947262678295373917e-03
6.942260544747114182e-03
6.937264930456876755e-03
6.932273972779512405e-03
6.927290465682744980e-03
6.922311615198850632e-03
6.917338352650403976e-03
6.912371609359979630e-03
6.907410454005002975e-03
6.902453489601612091e-03
6.897503510117530823e-03
6.892559584230184555e-03
6.887620314955711365e-03
6.882687564939260483e-03
6.877759471535682678e-03
6.872838363051414490e-03
6.867922376841306686e-03
6.863011978566646576e-03
6.858107168227434158e-03
6.853207480162382126e-03
6.848314777016639709e-03
6.843426730483770370e-03
6.838544271886348724e-03
6.833667866885662079e-03
6.828796584159135818e-03
6.823930889368057251e-03
6.819070316851139069e-03
6.814216729253530502e-03
6.809368263930082321e-03
6.804524920880794525e-03
6.799688562750816345e-03
6.794854532927274704e-03
6.790029350668191910e-03
6.785208825021982193e-03
6.780392490327358246e-03
6.775582674890756607e-03
6.770779378712177277e-03
6.765980739146471024e-03
6.761187687516212463e-03
6.756399758160114288e-03
6.751618348062038422e-03
6.746840663254261017e-03
6.742069963365793228e-03
6.737304851412773132e-03
6.732544861733913422e-03
6.727789528667926788e-03
6.723041646182537079e-03
6.718297023326158524e-03
6.713558919727802277e-03
6.708825472742319107e-03
6.704099941998720169e-03
6.699377670884132385e-03
6.694661919027566910e-03
6.689949892461299896e-03
6.685244850814342499e-03
6.680544931441545486e-03
6.675850134342908859e-03
6.671161856502294540e-03
6.666476372629404068e-03
6.661797873675823212e-03
6.657124962657690048e-03
6.652459036558866501e-03
6.647796835750341415e-03
6.643139757215976715e-03
6.638487800955772400e-03
6.633842363953590393e-03
6.629200652241706848e-03
6.624565925449132919e-03
6.619935389608144760e-03
6.615310441702604294e-03
6.610692013055086136e-03
6.606077775359153748e-03
6.601469591259956360e-03
6.596866063773632050e-03
6.592267658561468124e-03
6.587674841284751892e-03
6.583087146282196045e-03
6.578504107892513275e-03
6.573928054422140121e-03
6.569356657564640045e-03
6.564790382981300354e-03
6.560228765010833740e-03
6.555673200637102127e-03
6.551123224198818207e-03
6.546577438712120056e-03
6.542037241160869598e-03
6.537503097206354141e-03
6.532973609864711761e-03
6.528448313474655151e-03
6.523929536342620850e-03
6.519415415823459625e-03
6.514906883239746094e-03
6.510403472930192947e-03
6.505904253572225571e-03
6.501412019133567810e-03
6.496923975646495819e-03
6.492441520094871521e-03
6.487963255494832993e-03
6.483490578830242157e-03
6.479023955762386322e-03
6.474561523646116257e-03
6.470104213804006577e-03
6.465653423219919205e-03
6.461205426603555679e-03
6.456764414906501770e-03
6.452327594161033630e-03
6.447896361351013184e-03
6.443469785153865814e-03
6.439047865569591522e-03
6.434631999582052231e-03
6.430221721529960632e-03
6.425814237445592880e-03
6.421414203941822052e-03
6.417017895728349686e-03
6.412627641111612320e-03
6.408241111785173416e-03
6.403860636055469513e-03
6.399484816938638687e-03
6.395115051418542862e-03
6.390748545527458191e-03
6.386388558894395828e-03
6.382032763212919235e-03
6.377681624144315720e-03
6.373336073011159897e-03
6.368996109813451767e-03
6.364659871906042099e-03
6.360329221934080124e-03
6.356003694236278534e-03
6.351682823151350021e-03
6.347367540001869202e-03
6.343055982142686844e-03
6.338750477880239487e-03
6.334449630230665207e-03
6.330153439193964005e-03
6.325862370431423187e-03
6.321575958281755447e-03
6.317295134067535400e-03
6.313018966466188431e-03
6.308747921139001846e-03
6.304480601102113724e-03
6.300218869000673294e-03
6.295962259173393250e-03
6.291710771620273590e-03
6.287463475018739700e-03
6.283220835030078888e-03
6.278984248638153076e-03
6.274751387536525726e-03
6.270523648709058762e-03
6.266301497817039490e-03
6.262083072215318680e-03
6.257870234549045563e-03
6.253661122173070908e-03
6.249458063393831253e-03
6.245259661227464676e-03
6.241065450012683868e-03
6.236876826733350754e-03
6.232692394405603409e-03
6.228512618690729141e-03
6.224337965250015259e-03
6.220167968422174454e-03
6.216002628207206726e-03
6.211842410266399384e-03
6.207686383277177811e-03
6.203535478562116623e-03
6.199388764798641205e-03
6.195247638970613480e-03
6.191111169755458832e-03
6.186978425830602646e-03
6.182850804179906845e-03
6.178728304803371429e-03
6.174609996378421783e-03
6.170497275888919830e-03
6.166387815028429031e-03
6.162284407764673233e-03
6.158185191452503204e-03
6.154090166091918945e-03
6.150000728666782379e-03
6.145915016531944275e-03
6.141834426671266556e-03
6.137758493423461914e-03
6.133686751127243042e-03
6.129620131105184555e-03
6.125557702034711838e-03
6.121500395238399506e-03
6.117447745054960251e-03
6.113399285823106766e-03
6.109354551881551743e-03
6.105315871536731720e-03
6.101281847804784775e-03
6.097251083701848984e-03
6.093225907534360886e-03
6.089205387979745865e-03
6.085188128054141998e-03
6.081176921725273132e-03
6.077168975025415421e-03
6.073166616261005402e-03
6.069168448448181152e-03
6.065174937248229980e-03
6.061185616999864578e-03
6.057200953364372253e-03
6.053220946341753006e-03
6.049244664609432220e-03
6.045273505151271820e-03
6.041307002305984497e-03
6.037345156073570251e-03
6.033386569470167160e-03
6.029433570802211761e-03
6.025484763085842133e-03
6.021540611982345581e-03
6.017600186169147491e-03
6.013664416968822479e-03
6.009733304381370544e-03
6.005806848406791687e-03
6.001884117722511292e-03
5.997966509312391281e-03
5.994053091853857040e-03
5.990144331008195877e-03
5.986238829791545868e-03
5.982339382171630859e-03
5.978443659842014313e-03
5.974552128463983536e-03
5.970664788037538528e-03
5.966782569885253906e-03
5.962903611361980438e-03
5.959028843790292740e-03
5.955159664154052734e-03
5.951293744146823883e-03
5.947432480752468109e-03
5.943576339632272720e-03
5.939722992479801178e-03
5.935875233262777328e-03
5.932031199336051941e-03
5.928192287683486938e-03
5.924356635659933090e-03
5.920526105910539627e-03
5.916699767112731934e-03
5.912876687943935394e-03
5.909059196710586548e-03
5.905244965106248856e-03
5.901434924453496933e-03
5.897630471736192703e-03
5.893828812986612320e-03
5.890032276511192322e-03
5.886239465326070786e-03
5.882450845092535019e-03
5.878666415810585022e-03
5.874885711818933487e-03
5.871111061424016953e-03
5.867339204996824265e-03
5.863571073859930038e-03
5.859808530658483505e-03
5.856049247086048126e-03
5.852294154465198517e-03
5.848543718457221985e-03
5.844797007739543915e-03
5.841054487973451614e-03
5.837317090481519699e-03
5.833582486957311630e-03
5.829852074384689331e-03
5.826126318424940109e-03
5.822404753416776657e-03
5.818687379360198975e-03
5.814973730593919754e-03
5.811264272779226303e-03
5.807559005916118622e-03
5.803857930004596710e-03
5.800161045044660568e-03
5.796467885375022888e-03
5.792778916656970978e-03
5.789093673229217529e-03
5.785413552075624466e-03
5.781736690551042557e-03
5.778063088655471802e-03
5.774395540356636047e-03
5.770730786025524139e-03
5.767070222645998001e-03
5.763413384556770325e-03
5.759761203080415726e-03
5.756112281233072281e-03
5.752468015998601913e-03
5.748827476054430008e-03
5.745190661400556564e-03
5.741557572036981583e-03
5.737929604947566986e-03
5.734305363148450851e-03
5.730685312300920486e-03
5.727068521082401276e-03
5.723454989492893219e-03
5.719847045838832855e-03
5.716241896152496338e-03
5.712640937417745590e-03
5.709044169634580612e-03
5.705452058464288712e-03
5.701862275600433350e-03
5.698277149349451065e-03
5.694696679711341858e-03
5.691119004040956497e-03
5.687545984983444214e-03
5.683976691216230392e-03
