6.257020286284387112e-04
6.256990018300712109e-04
6.256960332393646240e-04
6.256930064409971237e-04
6.256899796426296234e-04
6.256870110519230366e-04
6.256839260458946228e-04
6.256809574551880360e-04
6.256779888644814491e-04
6.256750202737748623e-04
6.256719352677464485e-04
6.256689084693789482e-04
6.256658816710114479e-04
6.256629712879657745e-04
6.256599444895982742e-04
6.256568594835698605e-04
6.256539491005241871e-04
6.256509223021566868e-04
6.256479537114500999e-04
6.256448687054216862e-04
6.256418419070541859e-04
6.256388151086866856e-04
6.256357883103191853e-04
6.256328779272735119e-04
6.256299093365669250e-04
6.256268243305385113e-04
6.256237393245100975e-04
6.256208289414644241e-04
6.256178603507578373e-04
6.256148335523903370e-04
6.256118067540228367e-04
6.256087799556553364e-04
6.256058113649487495e-04
6.256028427742421627e-04
6.255998159758746624e-04
6.255967891775071621e-04
6.255938787944614887e-04
6.255906773731112480e-04
6.255877669900655746e-04
6.255847983993589878e-04
6.255817716009914875e-04
6.255788030102849007e-04
6.255757762119174004e-04
6.255728076212108135e-04
6.255697808228433132e-04
6.255667540244758129e-04
6.255638436414301395e-04
6.255607586354017258e-04
6.255577318370342255e-04
6.255548214539885521e-04
6.255517946556210518e-04
6.255487678572535515e-04
6.255457410588860512e-04
6.255427724681794643e-04
6.255398038774728775e-04
6.255367770791053772e-04
6.255337502807378769e-04
6.255307234823703766e-04
6.255277548916637897e-04
6.255247863009572029e-04
6.255218759179115295e-04
6.255187909118831158e-04
6.255158223211765289e-04
6.255127955228090286e-04
6.255098269321024418e-04
6.255068001337349415e-04
6.255037733353674412e-04
6.255007465369999409e-04
6.254978361539542675e-04
6.254947511479258537e-04
6.254917825572192669e-04
6.254888721741735935e-04
6.254857871681451797e-04
6.254828185774385929e-04
6.254797917790710926e-04
6.254767649807035923e-04
6.254737963899970055e-04
6.254708277992904186e-04
6.254678592085838318e-04
6.254647742025554180e-04
6.254618056118488312e-04
6.254588370211422443e-04
6.254558102227747440e-04
6.254528416320681572e-04
6.254498148337006569e-04
6.254468462429940701e-04
6.254438776522874832e-04
6.254408508539199829e-04
6.254378240555524826e-04
6.254347972571849823e-04
6.254318868741393089e-04
6.254288018681108952e-04
6.254258332774043083e-04
6.254227482713758945e-04
6.254198960959911346e-04
6.254168692976236343e-04
6.254139007069170475e-04
6.254108157008886337e-04
6.254079053178429604e-04
6.254048203118145466e-04
6.254018517211079597e-04
6.253988831304013729e-04
6.253959727473556995e-04
6.253928877413272858e-04
6.253899773582816124e-04
6.253869505599141121e-04
6.253839237615466118e-04
6.253808969631791115e-04
6.253779283724725246e-04
6.253749597817659378e-04
6.253719911910593510e-04
6.253689643926918507e-04
6.253659958019852638e-04
6.253630272112786770e-04
6.253600004129111767e-04
6.253570318222045898e-04
6.253541214391589165e-04
6.253510364331305027e-04
6.253480678424239159e-04
6.253450410440564156e-04
6.253420724533498287e-04
6.253391038626432419e-04
6.253361352719366550e-04
6.253330502659082413e-04
6.253301398828625679e-04
6.253271130844950676e-04
6.253241444937884808e-04
6.253211759030818939e-04
6.253180908970534801e-04
6.253151223063468933e-04
6.253120955079793930e-04
6.253091851249337196e-04
6.253062165342271328e-04
6.253031897358596325e-04
6.253002211451530457e-04
6.252971361391246319e-04
6.252942839637398720e-04
6.252911989577114582e-04
6.252881721593439579e-04
6.252853199839591980e-04
6.252822931855916977e-04
6.252792081795632839e-04
6.252762977965176105e-04
6.252733292058110237e-04
6.252702441997826099e-04
6.252673338167369366e-04
6.252643070183694363e-04
6.252613384276628494e-04
6.252583698369562626e-04
6.252552848309278488e-04
6.252523162402212620e-04
6.252494058571755886e-04
6.252463790588080883e-04
6.252434686757624149e-04
6.252404418773949146e-04
6.252374150790274143e-04
6.252343882806599140e-04
6.252314778976142406e-04
6.252285093069076538e-04
6.252255407162010670e-04
6.252225139178335667e-04
6.252195453271269798e-04
6.252165767364203930e-04
6.252135499380528927e-04
6.252105813473463058e-04
6.252076127566397190e-04
6.252046441659331322e-04
6.252016755752265453e-04
6.251986487768590450e-04
6.251956801861524582e-04
6.251926533877849579e-04
6.251896847970783710e-04
6.251866579987108707e-04
6.251837476156651974e-04
6.251807790249586105e-04
6.251778686419129372e-04
6.251747836358845234e-04
6.251718150451779366e-04
6.251687882468104362e-04
6.251658196561038494e-04
6.251628510653972626e-04
6.251598242670297623e-04
6.251568556763231754e-04
6.251539452932775021e-04
6.251509184949100018e-04
6.251479499042034149e-04
6.251449813134968281e-04
6.251418963074684143e-04
6.251389277167618275e-04
6.251360755413770676e-04
6.251329905353486538e-04
6.251300219446420670e-04
6.251270533539354801e-04
6.251240847632288933e-04
6.251210579648613930e-04
6.251181475818157196e-04
6.251151789911091328e-04
6.251122104004025459e-04
6.251091253943741322e-04
6.251062150113284588e-04
6.251031882129609585e-04
6.251003360375761986e-04
6.250972510315477848e-04
6.250943406485021114e-04
6.250913720577955246e-04
6.250884034670889378e-04
6.250853766687214375e-04
6.250824080780148506e-04
6.250794394873082638e-04
6.250764708966016769e-04
6.250734440982341766e-04
6.250704755075275898e-04
6.250675069168210030e-04
6.250645383261144161e-04
6.250615697354078293e-04
6.250585429370403290e-04
6.250555743463337421e-04
6.250526639632880688e-04
6.250496371649205685e-04
6.250466103665530682e-04
6.250435835681855679e-04
6.250406731851398945e-04
6.250377045944333076e-04
6.250347360037267208e-04
6.250318256206810474e-04
6.250288570299744606e-04
6.250258302316069603e-04
6.250228616409003735e-04
6.250198348425328732e-04
6.250168080441653728e-04
6.250139558687806129e-04
6.250109872780740261e-04
6.250080186873674393e-04
6.250050500966608524e-04
6.250020815059542656e-04
6.249991129152476788e-04
6.249962025322020054e-04
6.249931175261735916e-04
6.249901489354670048e-04
6.249871803447604179e-04
6.249842699617147446e-04
6.249812431633472443e-04
6.249782745726406574e-04
6.249753641895949841e-04
6.249722209759056568e-04
6.249693688005208969e-04
6.249664584174752235e-04
6.249634316191077232e-04
6.249604630284011364e-04
6.249574944376945496e-04
6.249545258469879627e-04
6.249515572562813759e-04
6.249485886655747890e-04
6.249456200748682022e-04
6.249425350688397884e-04
6.249396828934550285e-04
6.249366560950875282e-04
6.249337457120418549e-04
6.249307771213352680e-04
6.249278085306286812e-04
6.249247817322611809e-04
6.249218713492155075e-04
6.249189609661698341e-04
6.249158177524805069e-04
6.249129655770957470e-04
6.249099387787282467e-04
6.249070283956825733e-04
6.249040015973150730e-04
6.249010330066084862e-04
6.248981226235628128e-04
6.248950958251953125e-04
6.248922436498105526e-04
6.248891586437821388e-04
6.248861900530755520e-04
6.248832796700298786e-04
6.248801946640014648e-04
6.248772842809557915e-04
6.248743156902492046e-04
6.248714053072035313e-04
6.248683203011751175e-04
6.248654099181294441e-04
6.248624413274228573e-04
6.248595309443771839e-04
6.248565623536705971e-04
6.248535355553030968e-04
6.248506251722574234e-04
6.248475983738899231e-04
6.248447461985051632e-04
6.248417776077985764e-04
6.248387508094310760e-04
6.248357822187244892e-04
6.248326972126960754e-04
6.248298450373113155e-04
6.248268764466047287e-04
6.248239078558981419e-04
6.248209392651915550e-04
6.248179706744849682e-04
6.248150602914392948e-04
6.248119752854108810e-04
6.248090649023652077e-04
6.248060963116586208e-04
6.248031859286129475e-04
6.248001591302454472e-04
6.247971905395388603e-04
6.247942801564931870e-04
6.247913115657866001e-04
6.247883429750800133e-04
6.247853743843734264e-04
6.247824057936668396e-04
6.247794372029602528e-04
6.247764686122536659e-04
6.247735582292079926e-04
6.247705314308404922e-04
6.247675628401339054e-04
6.247646524570882320e-04
6.247616838663816452e-04
6.247586570680141449e-04
6.247556884773075581e-04
6.247528363019227982e-04
6.247498095035552979e-04
6.247468409128487110e-04
6.247438141144812107e-04
6.247409037314355373e-04
6.247380515560507774e-04
6.247349083423614502e-04
6.247319979593157768e-04
6.247290875762701035e-04
6.247261189855635166e-04
6.247232086025178432e-04
6.247201235964894295e-04
6.247172714211046696e-04
6.247143028303980827e-04
6.247113342396914959e-04
6.247082492336630821e-04
6.247053388506174088e-04
6.247024284675717354e-04
6.246994598768651485e-04
6.246965494938194752e-04
6.246935226954519749e-04
6.246906123124063015e-04
6.246875855140388012e-04
6.246847333386540413e-04
6.246816483326256275e-04
6.246786797419190407e-04
6.246757693588733673e-04
6.246728007681667805e-04
6.246698321774601936e-04
6.246669800020754337e-04
6.246640114113688469e-04
6.246610428206622601e-04
6.246580742299556732e-04
6.246551056392490864e-04
6.246521952562034130e-04
6.246491684578359127e-04
6.246462580747902393e-04
6.246432312764227390e-04
6.246402626857161522e-04
6.246372940950095654e-04
6.246343837119638920e-04
6.246314151212573051e-04
6.246285047382116318e-04
6.246254779398441315e-04
6.246225093491375446e-04
6.246195989660918713e-04
6.246167467907071114e-04
6.246136617846786976e-04
6.246106931939721107e-04
6.246077828109264374e-04
6.246048142202198505e-04
6.246019038371741772e-04
6.245989352464675903e-04
6.245960248634219170e-04
6.245929398573935032e-04
6.245900876820087433e-04
6.245871772989630699e-04
6.245840922929346561e-04
6.245811237022280693e-04
6.245782133191823959e-04
6.245753029361367226e-04
6.245723925530910492e-04
6.245694239623844624e-04
6.245664553716778755e-04
6.245634867809712887e-04
6.245605763979256153e-04
6.245575495995581150e-04
6.245547556318342686e-04
6.245516706258058548e-04
6.245487020350992680e-04
6.245457916520535946e-04
6.245427648536860943e-04
6.245398544706404209e-04
6.245368858799338341e-04
6.245339754968881607e-04
6.245310069061815739e-04
6.245280965231359005e-04
6.245250697247684002e-04
6.245221011340618134e-04
6.245191325433552265e-04
6.245162803679704666e-04
6.245133117772638798e-04
6.245102849788963795e-04
6.245073745958507061e-04
6.245044060051441193e-04
6.245014956220984459e-04
6.244985852390527725e-04
6.244956748560070992e-04
6.244927062653005123e-04
6.244897958822548389e-04
6.244867108762264252e-04
6.244837422855198383e-04
6.244808901101350784e-04
6.244779797270894051e-04
6.244748947210609913e-04
6.244719261303544044e-04
6.244690157473087311e-04
6.244661053642630577e-04
6.244631949812173843e-04
6.244601681828498840e-04
6.244573160074651241e-04
6.244542892090976238e-04
6.244513788260519505e-04
6.244484684430062771e-04
6.244453834369778633e-04
6.244424730539321899e-04
6.244396790862083435e-04
6.244366522878408432e-04
6.244336836971342564e-04
6.244307151064276695e-04
6.244276883080601692e-04
6.244248361326754093e-04
6.244218675419688225e-04
6.244188989512622356e-04
6.244159885682165623e-04
6.244130199775099754e-04
6.244101678021252155e-04
6.244071410037577152e-04
6.244041724130511284e-04
6.244012620300054550e-04
6.243982352316379547e-04
6.243952666409313679e-04
6.243924144655466080e-04
6.243894458748400211e-04
6.243864772841334343e-04
6.243835669010877609e-04
6.243805983103811741e-04
6.243776879273355007e-04
6.243747193366289139e-04
6.243718089535832405e-04
6.243688403628766537e-04
6.243659299798309803e-04
6.243628449738025665e-04
6.243598763830959797e-04
6.243569660000503063e-04
6.243541720323264599e-04
6.243511452339589596e-04
6.243482348509132862e-04
6.243452662602066994e-04
6.243422976695001125e-04
6.243393290787935257e-04
6.243364186957478523e-04
6.243334501050412655e-04
6.243305397219955921e-04
6.243276875466108322e-04
6.243247189559042454e-04
6.243216921575367451e-04
6.243187817744910717e-04
6.243158713914453983e-04
6.243129028007388115e-04
6.243099924176931381e-04
6.243070820346474648e-04
6.243040552362799644e-04
6.243010866455733776e-04
6.242981180548667908e-04
6.242952076718211174e-04
6.242922972887754440e-04
6.242894451133906841e-04
6.242863601073622704e-04
6.242835079319775105e-04
6.242805393412709236e-04
6.242775707505643368e-04
6.242746603675186634e-04
6.242716335691511631e-04
6.242688396014273167e-04
6.242658128030598164e-04
6.242629606276750565e-04
6.242599338293075562e-04
6.242569652386009693e-04
6.242540548555552959e-04
6.242512026801705360e-04
6.242481758818030357e-04
6.242452072910964489e-04
6.242422969080507755e-04
6.242393283173441887e-04
6.242364179342985153e-04
6.242335075512528419e-04
6.242305971682071686e-04
6.242275703698396683e-04
6.242246599867939949e-04
6.242218078114092350e-04
6.242188392207026482e-04
