3.968687960878014565e-04
3.968663804698735476e-04
3.968641103710979223e-04
3.968618693761527538e-04
3.968594828620553017e-04
3.968571545556187630e-04
3.968548262491822243e-04
3.968525270465761423e-04
3.968502278439700603e-04
3.968478995375335217e-04
3.968456003349274397e-04
3.968433011323213577e-04
3.968408855143934488e-04
3.968385572079569101e-04
3.968363162130117416e-04
3.968339588027447462e-04
3.968316596001386642e-04
3.968292730860412121e-04
3.968269738834351301e-04
3.968246746808290482e-04
3.968223463743925095e-04
3.968200762756168842e-04
3.968176897615194321e-04
3.968154487665742636e-04
3.968130913563072681e-04
3.968107921537011862e-04
3.968083765357732773e-04
3.968061355408281088e-04
3.968038072343915701e-04
3.968013916164636612e-04
3.967991506215184927e-04
3.967967932112514973e-04
3.967944940086454153e-04
3.967921657022088766e-04
3.967898664996027946e-04
3.967875090893357992e-04
3.967852680943906307e-04
3.967828815802931786e-04
3.967805823776870966e-04
3.967782249674201012e-04
3.967759257648140192e-04
3.967736847698688507e-04
3.967713564634323120e-04
3.967689408455044031e-04
3.967666416428983212e-04
3.967643424402922392e-04
3.967620723415166140e-04
3.967597440350800753e-04
3.967573866248130798e-04
3.967550874222069979e-04
3.967527300119400024e-04
3.967505472246557474e-04
3.967481316067278385e-04
3.967458324041217566e-04
3.967435623053461313e-04
3.967411757912486792e-04
3.967388183809816837e-04
3.967365191783756018e-04
3.967342199757695198e-04
3.967319207731634378e-04
3.967295924667268991e-04
3.967273223679512739e-04
3.967249940615147352e-04
3.967226657550781965e-04
3.967203374486416578e-04
3.967180091422051191e-04
3.967156517319381237e-04
3.967134107369929552e-04
3.967110242228955030e-04
3.967088123317807913e-04
3.967065131291747093e-04
3.967041557189077139e-04
3.967018274124711752e-04
3.966994991060346365e-04
3.966971999034285545e-04
3.966948424931615591e-04
3.966925723943859339e-04
3.966902440879493952e-04
3.966878866776823997e-04
3.966855583712458611e-04
3.966833464801311493e-04
3.966810472775250673e-04
3.966786898672580719e-04
3.966763615608215332e-04
3.966740041505545378e-04
3.966717340517789125e-04
3.966694348491728306e-04
3.966671356465667486e-04
3.966647782362997532e-04
3.966624208260327578e-04
3.966602089349180460e-04
3.966578806284815073e-04
3.966555232182145119e-04
3.966532240156084299e-04
3.966508957091718912e-04
3.966485965065658092e-04
3.966462682001292706e-04
3.966439981013536453e-04
3.966416406910866499e-04
3.966393414884805679e-04
3.966370131820440292e-04
3.966348012909293175e-04
3.966323274653404951e-04
3.966301446780562401e-04
3.966277581639587879e-04
3.966254007536917925e-04
3.966230724472552538e-04
3.966208605561405420e-04
3.966185031458735466e-04
3.966162039432674646e-04
3.966139629483222961e-04
3.966116055380553007e-04
3.966093354392796755e-04
3.966069489251822233e-04
3.966046206187456846e-04
3.966023214161396027e-04
3.965999640058726072e-04
3.965977812185883522e-04
3.965954529121518135e-04
3.965930955018848181e-04
3.965907962992787361e-04
3.965885262005031109e-04
3.965861687902361155e-04
3.965838695876300335e-04
3.965815412811934948e-04
3.965792711824178696e-04
3.965770010836422443e-04
3.965746145695447922e-04
3.965723153669387102e-04
3.965699870605021715e-04
3.965676878578960896e-04
3.965653304476290941e-04
3.965630603488534689e-04
3.965608193539083004e-04
3.965584328398108482e-04
3.965561045333743095e-04
3.965538635384291410e-04
3.965514770243316889e-04
3.965491778217256069e-04
3.965469368267804384e-04
3.965445794165134430e-04
3.965422511100769043e-04
3.965399519074708223e-04
3.965376236010342836e-04
3.965353243984282017e-04
3.965330542996525764e-04
3.965307550970464945e-04
3.965284558944404125e-04
3.965260693803429604e-04
3.965237992815673351e-04
3.965215291827917099e-04
3.965191717725247145e-04
3.965168434660881758e-04
3.965146024711430073e-04
3.965121868532150984e-04
3.965099749621003866e-04
3.965076757594943047e-04
3.965053183492273092e-04
3.965030773542821407e-04
3.965007199440151453e-04
3.964983916375786066e-04
3.964960924349725246e-04
3.964938514400273561e-04
3.964914649259299040e-04
3.964892530348151922e-04
3.964869247283786535e-04
3.964845673181116581e-04
3.964822681155055761e-04
3.964800271205604076e-04
3.964776406064629555e-04
3.964753414038568735e-04
3.964730130974203348e-04
3.964707721024751663e-04
3.964684437960386276e-04
3.964661154896020889e-04
3.964638453908264637e-04
3.964615461882203817e-04
3.964592469856142998e-04
3.964569477830082178e-04
3.964546194765716791e-04
3.964522620663046837e-04
3.964499337598681450e-04
3.964476927649229765e-04
3.964453644584864378e-04
3.964431234635412693e-04
3.964407951571047306e-04
3.964384959544986486e-04
3.964361676480621099e-04
3.964338684454560280e-04
3.964315983466804028e-04
3.964292409364134073e-04
3.964269126299768686e-04
3.964246425312012434e-04
3.964224306400865316e-04
3.964201023336499929e-04
3.964177740272134542e-04
3.964153875131160021e-04
3.964131174143403769e-04
3.964108473155647516e-04
3.964085772167891264e-04
3.964061615988612175e-04
3.964038915000855923e-04
3.964016214013099670e-04
3.963992639910429716e-04
3.963970520999282598e-04
3.963947528973221779e-04
3.963924245908856392e-04
3.963900671806186438e-04
3.963878552895039320e-04
3.963854978792369366e-04
3.963831986766308546e-04
3.963808994740247726e-04
3.963785420637577772e-04
3.963763010688126087e-04
3.963740018662065268e-04
3.963717026636004448e-04
3.963694034609943628e-04
3.963671333622187376e-04
3.963647759519517422e-04
3.963624476455152035e-04
3.963601484429091215e-04
3.963579074479639530e-04
3.963555791415274143e-04
3.963532508350908756e-04
3.963510098401457071e-04
3.963486524298787117e-04
3.963462950196117163e-04
3.963441122323274612e-04
3.963418130297213793e-04
3.963394847232848406e-04
3.963371855206787586e-04
3.963348863180726767e-04
3.963325871154665947e-04
3.963303461205214262e-04
3.963279305025935173e-04
3.963257186114788055e-04
3.963233903050422668e-04
3.963211202062666416e-04
3.963187918998301029e-04
3.963165218010544777e-04
3.963141934946179390e-04
3.963119233958423138e-04
3.963096241932362318e-04
3.963073249906301498e-04
3.963049966841936111e-04
3.963027265854179859e-04
3.963003691751509905e-04
3.962980699725449085e-04
3.962958289775997400e-04
3.962935297749936581e-04
3.962912596762180328e-04
3.962889022659510374e-04
3.962866321671754122e-04
3.962843911722302437e-04
3.962820628657937050e-04
3.962797345593571663e-04
3.962775517720729113e-04
3.962751070503145456e-04
3.962728369515389204e-04
3.962705377489328384e-04
3.962682967539876699e-04
3.962659975513815880e-04
3.962636692449450493e-04
3.962614573538303375e-04
3.962590999435633421e-04
3.962568589486181736e-04
3.962545015383511782e-04
3.962522605434060097e-04
3.962499031331390142e-04
3.962476330343633890e-04
3.962453047279268503e-04
3.962430346291512251e-04
3.962406772188842297e-04
3.962384362239390612e-04
3.962361079175025225e-04
3.962338087148964405e-04
3.962315677199512720e-04
3.962292685173451900e-04
3.962269111070781946e-04
3.962246701121330261e-04
3.962223418056964874e-04
3.962201008107513189e-04
3.962178016081452370e-04
3.962155315093696117e-04
3.962132032029330730e-04
3.962109331041574478e-04
3.962086339015513659e-04
3.962063346989452839e-04
3.962040646001696587e-04
3.962017362937331200e-04
3.961994370911270380e-04
3.961971378885209560e-04
3.961948095820844173e-04
3.961926267948001623e-04
3.961902402807027102e-04
3.961880283895879984e-04
3.961857000831514597e-04
3.961834008805453777e-04
3.961810725741088390e-04
3.961787733715027571e-04
3.961765905842185020e-04
3.961742622777819633e-04
3.961719339713454247e-04
3.961696929764002562e-04
3.961673064623028040e-04
3.961650654673576355e-04
3.961627371609210968e-04
3.961604379583150148e-04
3.961582551710307598e-04
3.961558977607637644e-04
3.961536276619881392e-04
3.961512993555516005e-04
3.961490292567759752e-04
3.961467591580003500e-04
3.961444017477333546e-04
3.961421025451272726e-04
3.961398906540125608e-04
3.961375332437455654e-04
3.961352631449699402e-04
3.961329639423638582e-04
3.961306938435882330e-04
3.961284528486430645e-04
3.961260663345456123e-04
3.961238253396004438e-04
3.961214970331639051e-04
3.961192560382187366e-04
3.961169859394431114e-04
3.961146867368370295e-04
3.961123875342309475e-04
3.961100301239639521e-04
3.961077891290187836e-04
3.961055481340736151e-04
3.961032489314675331e-04
3.961009788326919079e-04
3.960986214224249125e-04
3.960963222198188305e-04
3.960940812248736620e-04
3.960917529184371233e-04
3.960895410273224115e-04
3.960872709285467863e-04
3.960848844144493341e-04
3.960826725233346224e-04
3.960803733207285404e-04
3.960780450142920017e-04
3.960758040193468332e-04
3.960734757129102945e-04
3.960712347179651260e-04
3.960689355153590441e-04
3.960666363127529621e-04
3.960643080063164234e-04
3.960620379075407982e-04
3.960597969125956297e-04
3.960574977099895477e-04
3.960551985073834658e-04
3.960528410971164703e-04
3.960506292060017586e-04
3.960483591072261333e-04
3.960460890084505081e-04
3.960437898058444262e-04
3.960415197070688009e-04
3.960392496082931757e-04
3.960368921980261803e-04
3.960346220992505550e-04
3.960323228966444731e-04
3.960300819016993046e-04
3.960276953876018524e-04
3.960255126003175974e-04
3.960232133977115154e-04
3.960209724027663469e-04
3.960186440963298082e-04
3.960163448937237263e-04
3.960141038987785578e-04
3.960118046961724758e-04
3.960095054935663939e-04
3.960072644986212254e-04
3.960049652960151434e-04
3.960026660934090614e-04
3.960003668908029795e-04
3.959981258958578110e-04
3.959957975894212723e-04
3.959935274906456470e-04
3.959911991842091084e-04
3.959889290854334831e-04
3.959866298828274012e-04
3.959844470955431461e-04
3.959820605814456940e-04
3.959798195865005255e-04
3.959775785915553570e-04
3.959752211812883615e-04
3.959729801863431931e-04
3.959706809837371111e-04
3.959683817811310291e-04
3.959661116823554039e-04
3.959638997912406921e-04
3.959616296924650669e-04
3.959593304898589849e-04
3.959570312872529030e-04
3.959547320846468210e-04
3.959524328820407391e-04
3.959501918870955706e-04
3.959478926844894886e-04
3.959456225857138634e-04
3.959432942792773247e-04
3.959410532843321562e-04
3.959387249778956175e-04
3.959364548791199923e-04
3.959342138841748238e-04
3.959319437853991985e-04
3.959295863751322031e-04
3.959274035878479481e-04
3.959250752814114094e-04
3.959228051826357841e-04
3.959205059800297022e-04
3.959181194659322500e-04
3.959159075748175383e-04
3.959136665798723698e-04
3.959113964810967445e-04
3.959090681746602058e-04
3.959067980758845806e-04
3.959045279771089554e-04
3.959022287745028734e-04
3.958999877795577049e-04
3.958977758884429932e-04
3.958954475820064545e-04
3.958931774832308292e-04
3.958909073844552040e-04
3.958885499741882086e-04
3.958863089792430401e-04
3.958840679842978716e-04
3.958817687816917896e-04
3.958794695790857077e-04
3.958772285841405392e-04
3.958749293815344572e-04
3.958726301789283752e-04
3.958703891839832067e-04
3.958681190852075815e-04
3.958657907787710428e-04
3.958635206799954176e-04
3.958612796850502491e-04
3.958589804824441671e-04
3.958566521760076284e-04
3.958544111810624599e-04
3.958521992899477482e-04
3.958499000873416662e-04
3.958476008847355843e-04
3.958453307859599590e-04
3.958430315833538771e-04
3.958407905884087086e-04
3.958384913858026266e-04
3.958363085985183716e-04
3.958339511882513762e-04
3.958316519856452942e-04
3.958293818868696690e-04
3.958270535804331303e-04
3.958248707931488752e-04
3.958225424867123365e-04
3.958203305955976248e-04
3.958180022891610861e-04
3.958157321903854609e-04
3.958134911954402924e-04
3.958111628890037537e-04
3.958089218940585852e-04
3.958066226914525032e-04
3.958043234888464212e-04
3.958020824939012527e-04
3.957997541874647141e-04
3.957975131925195456e-04
3.957952139899134636e-04
3.957929729949682951e-04
3.957907028961926699e-04
3.957884036935865879e-04
3.957861918024718761e-04
3.957838634960353374e-04
3.957815933972597122e-04
3.957792650908231735e-04
3.957770240958780050e-04
3.957748122047632933e-04
3.957725421059876680e-04
3.957701846957206726e-04
3.957679728046059608e-04
3.957656736019998789e-04
3.957634035032242537e-04
3.957611625082790852e-04
3.957589215133339167e-04
3.957565641030669212e-04
3.957542940042912960e-04
3.957520239055156708e-04
3.957497538067400455e-04
3.957475419156253338e-04
3.957452427130192518e-04
3.957430017180740833e-04
3.957407316192984581e-04
3.957384033128619194e-04
3.957361332140862942e-04
3.957338922191411257e-04
3.957315930165350437e-04
3.957292065024375916e-04
3.957270237151533365e-04
3.957247536163777113e-04
3.957225708290934563e-04
