8.099199039861559868e-04
8.099173428490757942e-04
8.099148981273174286e-04
8.099122205749154091e-04
8.099096012301743031e-04
8.099070400930941105e-04
8.099043043330311775e-04
8.099018014036118984e-04
8.098990656435489655e-04
8.098964462988078594e-04
8.098940015770494938e-04
8.098912076093256474e-04
8.098885300569236279e-04
8.098859689198434353e-04
8.098832913674414158e-04
8.098807302303612232e-04
8.098782273009419441e-04
8.098754915408790112e-04
8.098729886114597321e-04
8.098703110590577126e-04
8.098676917143166065e-04
8.098651887848973274e-04
8.098625112324953079e-04
8.098597754724323750e-04
8.098572725430130959e-04
8.098545949906110764e-04
8.098520338535308838e-04
8.098493563011288643e-04
8.098467951640486717e-04
8.098442340269684792e-04
8.098416146822273731e-04
8.098389371298253536e-04
8.098363177850842476e-04
8.098336984403431416e-04
8.098311373032629490e-04
8.098284597508609295e-04
8.098258986137807369e-04
8.098233374767005444e-04
8.098206599242985249e-04
8.098179823718965054e-04
8.098154212348163128e-04
8.098127436824142933e-04
8.098100661300122738e-04
8.098075632005929947e-04
8.098049438558518887e-04
8.098023245111107826e-04
8.097997633740305901e-04
8.097972022369503975e-04
8.097944082692265511e-04
8.097918471321463585e-04
8.097892859950661659e-04
8.097867248579859734e-04
8.097839308902621269e-04
8.097814279608428478e-04
8.097789832390844822e-04
8.097761892713606358e-04
8.097736281342804432e-04
8.097710669972002506e-04
8.097685058601200581e-04
8.097658283077180386e-04
8.097631507553160191e-04
8.097605896182358265e-04
8.097579702734947205e-04
8.097553509287536144e-04
8.097527315840125084e-04
8.097501704469323158e-04
8.097476093098521233e-04
8.097448153421282768e-04
8.097422542050480843e-04
8.097395766526460648e-04
8.097371319308876991e-04
8.097343379631638527e-04
8.097317768260836601e-04
8.097292738966643810e-04
8.097265963442623615e-04
8.097241516225039959e-04
8.097214740701019764e-04
8.097187965176999569e-04
8.097162353806197643e-04
8.097136742435395718e-04
8.097109966911375523e-04
8.097084937617182732e-04
8.097057580016553402e-04
8.097031386569142342e-04
8.097005775198340416e-04
8.096980163827538490e-04
8.096953388303518295e-04
8.096926612779498100e-04
8.096901001408696175e-04
8.096875972114503384e-04
8.096849196590483189e-04
8.096823585219681263e-04
8.096797973848879337e-04
8.096771198324859142e-04
8.096745586954057217e-04
8.096718811430037022e-04
8.096693782135844231e-04
8.096665260381996632e-04
8.096640813164412975e-04
8.096614619717001915e-04
8.096587844192981720e-04
8.096562232822179794e-04
8.096535457298159599e-04
8.096511010080575943e-04
8.096484234556555748e-04
8.096458623185753822e-04
8.096432429738342762e-04
8.096406236290931702e-04
8.096381206996738911e-04
8.096355595625936985e-04
8.096328820101916790e-04
8.096302044577896595e-04
8.096276433207094669e-04
8.096250821836292744e-04
8.096224046312272549e-04
8.096197852864861488e-04
8.096172241494059563e-04
8.096146630123257637e-04
8.096121018752455711e-04
8.096094243228435516e-04
8.096068631857633591e-04
8.096042438410222530e-04
8.096015662886202335e-04
8.095990051515400410e-04
8.095963275991380215e-04
8.095937664620578289e-04
8.095912053249776363e-04
8.095885277725756168e-04
8.095859666354954243e-04
8.095834054984152317e-04
8.095807861536741257e-04
8.095781086012721062e-04
8.095756638795137405e-04
8.095729863271117210e-04
8.095704251900315285e-04
8.095678058452904224e-04
8.095651865005493164e-04
8.095625089481472969e-04
8.095600060187280178e-04
8.095574448816478252e-04
8.095546509139239788e-04
8.095522061921656132e-04
8.095496450550854206e-04
8.095470257103443146e-04
8.095443481579422951e-04
8.095417288132011890e-04
8.095392258837819099e-04
8.095365483313798904e-04
8.095338707789778709e-04
8.095313096418976784e-04
8.095287485048174858e-04
8.095262455753982067e-04
8.095235098153352737e-04
8.095208904705941677e-04
8.095183293335139751e-04
8.095157681964337826e-04
8.095130906440317631e-04
8.095105295069515705e-04
8.095080265775322914e-04
8.095053490251302719e-04
8.095026714727282524e-04
8.095002267509698868e-04
8.094976656138896942e-04
8.094948716461658478e-04
8.094923687167465687e-04
8.094897493720054626e-04
8.094871300272643566e-04
8.094845688901841640e-04
8.094820077531039715e-04
8.094793302007019520e-04
8.094767690636217594e-04
8.094742079265415668e-04
8.094715303741395473e-04
8.094690274447202682e-04
8.094663498923182487e-04
8.094637887552380562e-04
8.094611112028360367e-04
8.094586082734167576e-04
8.094560471363365650e-04
8.094533695839345455e-04
8.094509248621761799e-04
8.094482473097741604e-04
8.094455697573721409e-04
8.094430086202919483e-04
8.094404474832117558e-04
8.094378281384706497e-04
8.094352670013904572e-04
8.094325894489884377e-04
8.094300283119082451e-04
8.094274671748280525e-04
8.094249060377478600e-04
8.094222284853458405e-04
8.094196091406047344e-04
8.094170480035245419e-04
8.094144868664443493e-04
8.094119257293641567e-04
8.094093063846230507e-04
8.094066870398819447e-04
8.094040676951408386e-04
8.094015065580606461e-04
8.093989454209804535e-04
8.093963842839002609e-04
8.093937649391591549e-04
8.093911455944180489e-04
8.093885262496769428e-04
8.093860815279185772e-04
8.093834039755165577e-04
8.093808428384363651e-04
8.093781652860343456e-04
8.093756623566150665e-04
8.093729848042130470e-04
8.093704236671328545e-04
8.093678625300526619e-04
8.093653013929724693e-04
8.093626820482313633e-04
8.093601209111511707e-04
8.093574433587491512e-04
8.093549986369907856e-04
8.093523210845887661e-04
8.093496435321867466e-04
8.093471406027674675e-04
8.093445794656872749e-04
8.093419019132852554e-04
8.093393989838659763e-04
8.093368378467857838e-04
8.093341020867228508e-04
8.093315991573035717e-04
8.093289216049015522e-04
8.093264768831431866e-04
8.093237993307411671e-04
8.093212381936609745e-04
8.093187352642416954e-04
8.093160577118396759e-04
8.093134965747594833e-04
8.093109354376792908e-04
8.093083160929381847e-04
8.093057549558579922e-04
8.093030774034559727e-04
8.093003998510539532e-04
8.092979551292955875e-04
8.092952775768935680e-04
8.092927746474742889e-04
8.092900970950722694e-04
8.092875359579920769e-04
8.092849748209118843e-04
8.092824136838316917e-04
8.092797361314296722e-04
8.092772332020103931e-04
8.092746720649302006e-04
8.092721109278500080e-04
8.092694333754479885e-04
8.092668722383677959e-04
8.092642528936266899e-04
8.092616335488855839e-04
8.092590142041444778e-04
8.092563366517424583e-04
8.092538919299840927e-04
8.092513890005648136e-04
8.092486532405018806e-04
8.092461503110826015e-04
8.092435891740024090e-04
8.092410280369222164e-04
8.092383504845201969e-04
8.092357893474400043e-04
8.092332864180207253e-04
8.092307252809405327e-04
8.092280477285385132e-04
8.092255447991192341e-04
8.092228672467172146e-04
8.092204225249588490e-04
8.092177449725568295e-04
8.092151838354766369e-04
8.092125644907355309e-04
8.092099451459944248e-04
8.092074422165751457e-04
8.092047646641731262e-04
8.092022035270929337e-04
8.091995259746909142e-04
8.091969648376107216e-04
8.091945783235132694e-04
8.091919007711112499e-04
8.091893396340310574e-04
8.091866620816290379e-04
8.091841591522097588e-04
8.091814815998077393e-04
8.091789204627275467e-04
8.091763593256473541e-04
8.091737981885671616e-04
8.091711788438260555e-04
8.091686177067458630e-04
8.091660565696656704e-04
8.091634954325854778e-04
8.091608760878443718e-04
8.091582567431032658e-04
8.091557538136839867e-04
8.091530762612819672e-04
8.091505733318626881e-04
8.091479539871215820e-04
8.091453346423804760e-04
8.091427735053002834e-04
8.091402123682200909e-04
8.091376512311398983e-04
8.091349736787378788e-04
8.091324125416576862e-04
8.091297931969165802e-04
8.091272320598363876e-04
8.091247291304171085e-04
8.091219933703541756e-04
8.091194904409348965e-04
8.091168128885328770e-04
8.091143681667745113e-04
8.091118070296943188e-04
8.091091876849532127e-04
8.091067429631948471e-04
8.091040654107928276e-04
8.091015042737126350e-04
8.090988267213106155e-04
8.090963237918913364e-04
8.090937626548111439e-04
8.090910851024091244e-04
8.090886403806507587e-04
8.090860210359096527e-04
8.090833434835076332e-04
8.090809569694101810e-04
8.090782212093472481e-04
8.090757182799279690e-04
8.090731571428477764e-04
8.090704795904457569e-04
8.090679184533655643e-04
8.090653573162853718e-04
8.090628543868660927e-04
8.090601768344640732e-04
8.090576156973838806e-04
8.090551127679646015e-04
8.090523770079016685e-04
8.090498740784823895e-04
8.090471965260803699e-04
8.090447518043220043e-04
8.090421906672418118e-04
8.090395713225007057e-04
8.090371266007423401e-04
8.090343326330184937e-04
8.090318879112601280e-04
8.090292685665190220e-04
8.090267074294388294e-04
8.090241462923586369e-04
8.090215851552784443e-04
8.090189658105373383e-04
8.090164046734571457e-04
8.090138435363769531e-04
8.090112823992967606e-04
8.090087212622165680e-04
8.090060437098145485e-04
8.090035407803952694e-04
8.090009796433150768e-04
8.089984185062348843e-04
8.089957991614937782e-04
8.089933544397354126e-04
8.089906768873333931e-04
8.089881739579141140e-04
8.089854964055120945e-04
8.089829352684319019e-04
8.089802577160298824e-04
8.089776965789496899e-04
8.089751936495304108e-04
8.089726325124502182e-04
8.089701877906918526e-04
8.089675102382898331e-04
8.089648326858878136e-04
8.089623297564685345e-04
8.089597686193883419e-04
8.089572074823081493e-04
8.089546463452279568e-04
8.089519687928259373e-04
8.089494658634066582e-04
8.089469047263264656e-04
8.089443435892462730e-04
8.089418406598269939e-04
8.089391631074249744e-04
8.089367183856666088e-04
8.089340408332645893e-04
8.089315379038453102e-04
8.089288603514432907e-04
8.089262992143630981e-04
8.089237380772829056e-04
8.089212351478636265e-04
8.089187904261052608e-04
8.089159964583814144e-04
8.089134353213012218e-04
8.089108741842210293e-04
8.089083712548017502e-04
8.089056937023997307e-04
8.089031907729804516e-04
8.089005714282393456e-04
8.088980684988200665e-04
8.088955073617398739e-04
8.088929462246596813e-04
8.088902686722576618e-04
8.088877657428383827e-04
8.088852046057581902e-04
8.088825270533561707e-04
8.088800241239368916e-04
8.088774629868566990e-04
8.088749018497765064e-04
8.088723407126963139e-04
8.088698377832770348e-04
8.088671602308750153e-04
8.088647155091166496e-04
8.088620961643755436e-04
8.088595350272953510e-04
8.088568574748933315e-04
8.088544127531349659e-04
8.088517934083938599e-04
8.088493486866354942e-04
8.088467875495553017e-04
8.088441682048141956e-04
8.088414906524121761e-04
8.088390459306538105e-04
8.088363683782517910e-04
8.088338072411715984e-04
8.088313043117523193e-04
8.088287431746721268e-04
8.088261820375919342e-04
8.088235044851899147e-04
8.088209433481097221e-04
8.088184404186904430e-04
8.088157628662884235e-04
8.088132599368691444e-04
8.088106987997889519e-04
8.088081376627087593e-04
8.088055765256285667e-04
8.088029571808874607e-04
8.088003960438072681e-04
8.087978349067270756e-04
8.087953319773077965e-04
8.087927708402276039e-04
8.087903261184692383e-04
8.087875321507453918e-04
8.087851456366479397e-04
8.087825844995677471e-04
8.087799069471657276e-04
8.087774040177464485e-04
8.087747846730053425e-04
8.087722817435860634e-04
8.087697206065058708e-04
8.087671012617647648e-04
8.087645401246845722e-04
8.087620954029262066e-04
8.087594760581851006e-04
8.087568567134439945e-04
8.087543537840247154e-04
8.087517926469445229e-04
8.087491733022034168e-04
8.087466121651232243e-04
8.087439346127212048e-04
8.087414898909628391e-04
8.087389869615435600e-04
8.087363094091415405e-04
8.087338646873831749e-04
8.087312453426420689e-04
8.087286259979009628e-04
8.087262976914644241e-04
8.087235619314014912e-04
8.087210590019822121e-04
8.087184978649020195e-04
8.087158203125000000e-04
8.087132591754198074e-04
8.087107562460005283e-04
8.087081951089203358e-04
8.087056339718401432e-04
8.087031310424208641e-04
8.087005699053406715e-04
8.086980087682604790e-04
8.086953894235193729e-04
8.086928282864391804e-04
8.086902671493589878e-04
8.086877060122787952e-04
8.086852030828595161e-04
8.086825255304574966e-04
8.086799643933773041e-04
8.086774614639580250e-04
8.086749003268778324e-04
8.086724556051194668e-04
8.086697780527174473e-04
8.086671005003154278e-04
8.086647139862179756e-04
8.086621528491377831e-04
8.086595335043966770e-04
8.086569723673164845e-04
8.086545276455581188e-04
8.086519083008170128e-04
8.086494635790586472e-04
8.086467860266566277e-04
8.086442248895764351e-04
8.086415473371744156e-04
8.086391608230769634e-04
8.086365414783358574e-04
8.086339803412556648e-04
8.086314192041754723e-04
8.086287416517734528e-04
