4.073324089404195547e-04
4.073298478033393621e-04
4.073272575624287128e-04
4.073246964253485203e-04
4.073221061844378710e-04
4.073195450473576784e-04
4.073169839102774858e-04
4.073143354617059231e-04
4.073117743246257305e-04
4.073092422913759947e-04
4.073066811542958021e-04
4.073040036018937826e-04
4.073015588801354170e-04
4.072989395353943110e-04
4.072963201906532049e-04
4.072937590535730124e-04
4.072911688126623631e-04
4.072886076755821705e-04
4.072860756423324347e-04
4.072834854014217854e-04
4.072809242643415928e-04
4.072783049196004868e-04
4.072757728863507509e-04
4.072731826454401016e-04
4.072706797160208225e-04
4.072680894751101732e-04
4.072654701303690672e-04
4.072629380971193314e-04
4.072602605447173119e-04
4.072576994076371193e-04
4.072551673743873835e-04
4.072526062373071909e-04
4.072499868925660849e-04
4.072475421708077192e-04
4.072448646184056997e-04
4.072423034813255072e-04
4.072397132404148579e-04
4.072372103109955788e-04
4.072345618624240160e-04
4.072320007253438234e-04
4.072294686920940876e-04
4.072269075550138950e-04
4.072242882102727890e-04
4.072217561770230532e-04
4.072191368322819471e-04
4.072166339028626680e-04
4.072139854542911053e-04
4.072114534210413694e-04
4.072088631801307201e-04
4.072063020430505276e-04
4.072037118021398783e-04
4.072012088727205992e-04
4.071986186318099499e-04
4.071959992870688438e-04
4.071934672538191080e-04
4.071908479090780020e-04
4.071883740834891796e-04
4.071857547387480736e-04
4.071832227054983377e-04
4.071806033607572317e-04
4.071780713275074959e-04
4.071754519827663898e-04
4.071728617418557405e-04
4.071703297086060047e-04
4.071677685715258121e-04
4.071651492267847061e-04
4.071626754011958838e-04
4.071600851602852345e-04
4.071574658155441284e-04
4.071549919899553061e-04
4.071523726452142000e-04
4.071497824043035507e-04
4.071472212672233582e-04
4.071446310263127089e-04
4.071421280968934298e-04
4.071395378559827805e-04
4.071369185112416744e-04
4.071343864779919386e-04
4.071318544447422028e-04
4.071292933076620102e-04
4.071266739629209042e-04
4.071241419296711683e-04
4.071215516887605190e-04
4.071189323440194130e-04
4.071164003107696772e-04
4.071139264851808548e-04
4.071112489327788353e-04
4.071087460033595562e-04
4.071061266586184502e-04
4.071035364177078009e-04
4.071010625921189785e-04
4.070984723512083292e-04
4.070959112141281366e-04
4.070932918693870306e-04
4.070908180437982082e-04
4.070881986990571022e-04
4.070855502504855394e-04
4.070830473210662603e-04
4.070805152878165245e-04
4.070779250469058752e-04
4.070753639098256826e-04
4.070728318765759468e-04
4.070702416356652975e-04
4.070677678100764751e-04
4.070651484653353691e-04
4.070625291205942631e-04
4.070599970873445272e-04
4.070574359502643347e-04
4.070548457093536854e-04
4.070522845722734928e-04
4.070496943313628435e-04
4.070471622981131077e-04
4.070446593686938286e-04
4.070420400239527225e-04
4.070395079907029867e-04
4.070369759574532509e-04
4.070343566127121449e-04
4.070318245794624090e-04
4.070292343385517597e-04
4.070266732014715672e-04
4.070240829605609179e-04
4.070215800311416388e-04
4.070190479978919029e-04
4.070164286531507969e-04
4.070138093084096909e-04
4.070113063789904118e-04
4.070087452419102192e-04
4.070062132086604834e-04
4.070036520715802908e-04
4.070011200383305550e-04
4.069985297974199057e-04
4.069959686603397131e-04
4.069933784194290638e-04
4.069908754900097847e-04
4.069882852490991354e-04
4.069857532158493996e-04
4.069831338711082935e-04
4.069805727340281010e-04
4.069780407007783651e-04
4.069754504598677158e-04
4.069729184266179800e-04
4.069703572895377874e-04
4.069677961524575949e-04
4.069652641192078590e-04
4.069626738782972097e-04
4.069601127412170172e-04
4.069575807079672813e-04
4.069549904670566320e-04
4.069524875376373529e-04
4.069498972967267036e-04
4.069474234711378813e-04
4.069448041263967752e-04
4.069422720931470394e-04
4.069395945407450199e-04
4.069370625074952841e-04
4.069345595780760050e-04
4.069320275448262691e-04
4.069294373039156199e-04
4.069269052706658840e-04
4.069243441335856915e-04
4.069218121003359556e-04
4.069191927555948496e-04
4.069166316185146570e-04
4.069140995852649212e-04
4.069115093443542719e-04
4.069089482072740793e-04
4.069064161740243435e-04
4.069038841407746077e-04
4.069013230036944151e-04
4.068987327627837658e-04
4.068962007295340300e-04
4.068936395924538374e-04
4.068910493515431881e-04
4.068885755259543657e-04
4.068860143888741732e-04
4.068834241479635239e-04
4.068808630108833313e-04
4.068783309776335955e-04
4.068757407367229462e-04
4.068731795996427536e-04
4.068705893587321043e-04
4.068680864293128252e-04
4.068655543960630894e-04
4.068630223628133535e-04
4.068604612257331610e-04
4.068578709848225117e-04
4.068553389515727758e-04
4.068527778144925833e-04
4.068503039889037609e-04
4.068476264365017414e-04
4.068450070917606354e-04
4.068425041623413563e-04
4.068400303367525339e-04
4.068374109920114279e-04
4.068348498549312353e-04
4.068323469255119562e-04
4.068297275807708502e-04
4.068272246513515711e-04
4.068246926181018353e-04
4.068221605848520994e-04
4.068195703439414501e-04
4.068169509992003441e-04
4.068144189659506083e-04
4.068119160365313292e-04
4.068093257956206799e-04
4.068068519700318575e-04
4.068042326252907515e-04
4.068016423843801022e-04
4.067991685587912798e-04
4.067966074217110872e-04
4.067940753884613514e-04
4.067914851475507021e-04
4.067889240104705095e-04
4.067863919772207737e-04
4.067838308401405811e-04
4.067812988068908453e-04
4.067787667736411095e-04
4.067762347403913736e-04
4.067736153956502676e-04
4.067710833624005318e-04
4.067685513291507959e-04
4.067660192959010601e-04
4.067633999511599541e-04
4.067608970217406750e-04
4.067583649884909391e-04
4.067557456437498331e-04
4.067532136105000973e-04
4.067506815772503614e-04
4.067481495440006256e-04
4.067455884069204330e-04
4.067429981660097837e-04
4.067404661327600479e-04
4.067379340995103121e-04
4.067354311700910330e-04
4.067328409291803837e-04
4.067302797921001911e-04
4.067276895511895418e-04
4.067251575179398060e-04
4.067226836923509836e-04
4.067201225552707911e-04
4.067175905220210552e-04
4.067150584887713194e-04
4.067124973516911268e-04
4.067099653184413910e-04
4.067073750775307417e-04
4.067048430442810059e-04
4.067022819072008133e-04
4.066998080816119909e-04
4.066972178407013416e-04
4.066946858074516058e-04
4.066921246703714132e-04
4.066895926371216774e-04
4.066869732923805714e-04
4.066844994667917490e-04
4.066819092258810997e-04
4.066794062964618206e-04
4.066768160555511713e-04
4.066742840223014355e-04
4.066717228852212429e-04
4.066691908519715071e-04
4.066666006110608578e-04
4.066640976816415787e-04
4.066614492330700159e-04
4.066589754074811935e-04
4.066564433742314577e-04
4.066539404448121786e-04
4.066513502039015293e-04
4.066488181706517935e-04
4.066462861374020576e-04
4.066437250003218651e-04
4.066411056555807590e-04
4.066385736223310232e-04
4.066360997967422009e-04
4.066335095558315516e-04
4.066310357302427292e-04
4.066284163855016232e-04
4.066259425599128008e-04
4.066233232151716948e-04
4.066207911819219589e-04
4.066183173563331366e-04
4.066157271154224873e-04
4.066131077706813812e-04
4.066106921527534723e-04
4.066081019118428230e-04
4.066054825671017170e-04
4.066030378453433514e-04
4.066005349159240723e-04
4.065979446750134230e-04
4.065954708494246006e-04
4.065928806085139513e-04
4.065903194714337587e-04
4.065877292305231094e-04
4.065852263011038303e-04
4.065826360601931810e-04
4.065801040269434452e-04
4.065776302013546228e-04
4.065750690642744303e-04
4.065725370310246944e-04
4.065699467901140451e-04
4.065674438606947660e-04
4.065649118274450302e-04
4.065623797941952944e-04
4.065597895532846451e-04
4.065573157276958227e-04
4.065546963829547167e-04
4.065521643497049809e-04
4.065496323164552450e-04
4.065471584908664227e-04
4.065445391461253166e-04
4.065420653205364943e-04
4.065395332872867584e-04
4.065370012540370226e-04
4.065344401169568300e-04
4.065319662913680077e-04
4.065294342581182718e-04
4.065268440172076225e-04
4.065242246724665165e-04
4.065217508468776941e-04
4.065191606059670448e-04
4.065166867803782225e-04
4.065141256432980299e-04
4.065115936100482941e-04
4.065090615767985582e-04
4.065065295435488224e-04
4.065039684064686298e-04
4.065014363732188940e-04
4.064989043399691582e-04
4.064963432028889656e-04
4.064938111696392298e-04
4.064912209287285805e-04
4.064887471031397581e-04
4.064861859660595655e-04
4.064837412443011999e-04
4.064811218995600939e-04
4.064785607624799013e-04
4.064760578330606222e-04
4.064734966959804296e-04
4.064709646627306938e-04
4.064684908371418715e-04
4.064659005962312222e-04
4.064633976668119431e-04
4.064608656335622072e-04
4.064583336003124714e-04
4.064558015670627356e-04
4.064532404299825430e-04
4.064505919814109802e-04
4.064481763634830713e-04
4.064455861225724220e-04
4.064431122969835997e-04
4.064405511599034071e-04
4.064380191266536713e-04
4.064355453010648489e-04
4.064330132678151131e-04
4.064304230269044638e-04
4.064278618898242712e-04
4.064253298565745354e-04
4.064227978233247995e-04
4.064202657900750637e-04
4.064177628606557846e-04
4.064152308274060488e-04
4.064126987941563129e-04
4.064102249685674906e-04
4.064076347276568413e-04
4.064050735905766487e-04
4.064025997649878263e-04
4.064000095240771770e-04
4.063974774908274412e-04
4.063949163537472486e-04
4.063924425281584263e-04
4.063899395987391472e-04
4.063874366693198681e-04
4.063848464284092188e-04
4.063823143951594830e-04
4.063797823619097471e-04
4.063772212248295546e-04
4.063746891915798187e-04
4.063721280544996262e-04
4.063696251250803471e-04
4.063671221956610680e-04
4.063645319547504187e-04
4.063620581291615963e-04
4.063595843035727739e-04
4.063569940626621246e-04
4.063544620294123888e-04
4.063519008923321962e-04
4.063494270667433739e-04
4.063468950334936380e-04
4.063443630002439022e-04
4.063418018631637096e-04
4.063392698299139738e-04
4.063367960043251514e-04
4.063342057634145021e-04
4.063316737301647663e-04
4.063291416969150305e-04
4.063266678713262081e-04
4.063241067342460155e-04
4.063215747009962797e-04
4.063190426677465439e-04
4.063165106344968081e-04
4.063139786012470722e-04
4.063114174641668797e-04
4.063088854309171438e-04
4.063063242938369513e-04
4.063038795720785856e-04
4.063013475388288498e-04
4.062988155055791140e-04
4.062963416799902916e-04
4.062937805429100990e-04
4.062912485096603632e-04
4.062887164764106274e-04
4.062861844431608915e-04
4.062836233060806990e-04
4.062810912728309631e-04
4.062786174472421408e-04
4.062760272063314915e-04
4.062734951730817556e-04
4.062709922436624765e-04
4.062684602104127407e-04
4.062659281771630049e-04
4.062634543515741825e-04
4.062608641106635332e-04
4.062583902850747108e-04
4.062558291479945183e-04
4.062533262185752392e-04
4.062508232891559601e-04
4.062482912559062243e-04
4.062457592226564884e-04
4.062433145008981228e-04
4.062406660523265600e-04
4.062381340190768242e-04
4.062356019858270884e-04
4.062331281602382660e-04
4.062305961269885302e-04
4.062280058860778809e-04
4.062255320604890585e-04
4.062230000272393227e-04
4.062204970978200436e-04
4.062179650645703077e-04
4.062154330313205719e-04
4.062129009980708361e-04
4.062103689648211002e-04
4.062079533468931913e-04
4.062053631059825420e-04
4.062028310727328062e-04
4.062003572471439838e-04
4.061978252138942480e-04
4.061952931806445122e-04
4.061926738359034061e-04
4.061901709064841270e-04
4.061876388732343912e-04
4.061851359438151121e-04
4.061826330143958330e-04
4.061801300849765539e-04
4.061776562593877316e-04
4.061750951223075390e-04
4.061725048813968897e-04
4.061700310558080673e-04
4.061675572302192450e-04
4.061649669893085957e-04
4.061624640598893166e-04
4.061599611304700375e-04
4.061574582010507584e-04
4.061549261678010225e-04
4.061523359268903732e-04
4.061498621013015509e-04
4.061473300680518150e-04
4.061448562424629927e-04
4.061423242092132568e-04
4.061397921759635210e-04
4.061373183503746986e-04
4.061347572132945061e-04
4.061322833877056837e-04
4.061296931467950344e-04
4.061272193212062120e-04
4.061246290802955627e-04
4.061221261508762836e-04
4.061196232214570045e-04
4.061171493958681822e-04
4.061145882587879896e-04
4.061120853293687105e-04
4.061095241922885180e-04
4.061070503666996956e-04
4.061045183334499598e-04
4.061020445078611374e-04
4.060994542669504881e-04
4.060969222337007523e-04
4.060944193042814732e-04
4.060919163748621941e-04
4.060894134454429150e-04
4.060869105160236359e-04
4.060843493789434433e-04
4.060818755533546209e-04
4.060792853124439716e-04
4.060768114868551493e-04
4.060742794536054134e-04
4.060717474203556776e-04
4.060692735947668552e-04
4.060667415615171194e-04
4.060641804244369268e-04
4.060617357026785612e-04
