7.593554910272359848e-03
7.588270585983991623e-03
7.582992780953645706e-03
7.577720563858747482e-03
7.572452537715435028e-03
7.567190565168857574e-03
7.561933714896440506e-03
7.556683383882045746e-03
7.551437243819236755e-03
7.546195760369300842e-03
7.540962193161249161e-03
7.535732816904783249e-03
7.530507631599903107e-03
7.525289896875619888e-03
7.520077284425497055e-03
7.514868862926959991e-03
7.509666495025157928e-03
7.504468318074941635e-03
7.499276660382747650e-03
7.494091056287288666e-03
7.488909177482128143e-03
7.483734283596277237e-03
7.478563115000724792e-03
7.473398000001907349e-03
7.468238007277250290e-03
7.463082205504179001e-03
7.457932922989130020e-03
7.452789228409528732e-03
7.447650190442800522e-03
7.442515343427658081e-03
7.437386550009250641e-03
7.432263344526290894e-03
7.427144795656204224e-03
7.422032300382852554e-03
7.416923530399799347e-03
7.411820814013481140e-03
7.406723685562610626e-03
7.401631213724613190e-03
7.396543864160776138e-03
7.391462102532386780e-03
7.386384531855583191e-03
7.381312549114227295e-03
7.376245222985744476e-03
7.371183950453996658e-03
7.366126868873834610e-03
7.361074909567832947e-03
7.356028538197278976e-03
7.350987289100885391e-03
7.345950230956077576e-03
7.340918760746717453e-03
7.335892412811517715e-03
7.330870721489191055e-03
7.325854618102312088e-03
7.320843636989593506e-03
7.315836381167173386e-03
7.310835178941488266e-03
7.305838633328676224e-03
7.300846744328737259e-03
7.295860908925533295e-03
7.290878333151340485e-03
7.285901810973882675e-03
7.280930411070585251e-03
7.275962736457586288e-03
7.271000649780035019e-03
7.266043685376644135e-03
7.261092308908700943e-03
7.256143726408481598e-03
7.251201663166284561e-03
7.246264722198247910e-03
7.241330575197935104e-03
7.236402947455644608e-03
7.231480441987514496e-03
7.226561661809682846e-03
7.221648469567298889e-03
7.216739002615213394e-03
7.211835589259862900e-03
7.206936832517385483e-03
7.202041801065206528e-03
7.197151891887187958e-03
7.192266639322042465e-03
7.187386974692344666e-03
7.182511966675519943e-03
7.177641149610280991e-03
7.172775454819202423e-03
7.167913950979709625e-03
7.163057569414377213e-03
7.158206310123205185e-03
7.153359241783618927e-03
7.148516830056905746e-03
7.143679074943065643e-03
7.138845976442098618e-03
7.134017068892717361e-03
7.129193283617496490e-03
7.124374620616436005e-03
7.119560148566961288e-03
7.114750798791646957e-03
7.109944242984056473e-03
7.105144672095775604e-03
7.100347895175218582e-03
7.095556706190109253e-03
7.090770173817873001e-03
7.085987832397222519e-03
7.081209681928157806e-03
7.076436653733253479e-03
7.071667350828647614e-03
7.066904567182064056e-03
7.062144577503204346e-03
7.057389710098505020e-03
7.052639033645391464e-03
7.047892548143863678e-03
7.043151650577783585e-03
7.038414943963289261e-03
7.033682428300380707e-03
7.028954103589057922e-03
7.024230901151895523e-03
7.019512355327606201e-03
7.014798000454902649e-03
7.010086905211210251e-03
7.005380932241678238e-03
7.000680547207593918e-03
6.995982956141233444e-03
6.991290487349033356e-03
6.986602675169706345e-03
6.981919053941965103e-03
6.977240089327096939e-03
6.972565315663814545e-03
6.967894732952117920e-03
6.963229272514581680e-03
6.958567071706056595e-03
6.953909527510404587e-03
6.949257105588912964e-03
6.944608874619007111e-03
6.939964368939399719e-03
6.935324054211378098e-03
6.930688396096229553e-03
6.926057394593954086e-03
6.921431049704551697e-03
6.916807498782873154e-03
6.912189535796642303e-03
6.907575298100709915e-03
6.902966182678937912e-03
6.898360326886177063e-03
6.893759127706289291e-03
6.889162585139274597e-03
6.884570233523845673e-03
6.879981141537427902e-03
6.875397637486457825e-03
6.870817393064498901e-03
6.866242270916700363e-03
6.861671339720487595e-03
6.857102736830711365e-03
6.852540653198957443e-03
6.847981829196214676e-03
6.843427196145057678e-03
6.838877219706773758e-03
6.834330968558788300e-03
6.829789839684963226e-03
6.825251039117574692e-03
6.820718292146921158e-03
6.816187873482704163e-03
6.811663042753934860e-03
6.807142868638038635e-03
6.802625488489866257e-03
6.798112299293279648e-03
6.793604232370853424e-03
6.789099890738725662e-03
6.784599274396896362e-03
6.780103314667940140e-03
6.775611080229282379e-03
6.771123502403497696e-03
6.766639649868011475e-03
6.762160453945398331e-03
6.757684517651796341e-03
6.753213703632354736e-03
6.748745683580636978e-03
6.744282320141792297e-03
6.739823147654533386e-03
6.735368166118860245e-03
6.730917375534772873e-03
6.726470310240983963e-03
6.722027435898780823e-03
6.717589683830738068e-03
6.713153794407844543e-03
6.708723492920398712e-03
6.704295985400676727e-03
6.699874065816402435e-03
6.695455871522426605e-03
6.691041402518749237e-03
6.686631590127944946e-03
6.682224106043577194e-03
6.677822209894657135e-03
6.673423573374748230e-03
6.669029127806425095e-03
6.664639338850975037e-03
6.660252343863248825e-03
6.655870005488395691e-03
6.651491392403841019e-03
6.647117435932159424e-03
6.642746739089488983e-03
6.638381164520978928e-03
6.634018849581480026e-03
6.629660259932279587e-03
6.625305861234664917e-03
6.620954722166061401e-03
6.616608239710330963e-03
6.612265948206186295e-03
6.607927847653627396e-03
6.603593472391366959e-03
6.599262822419404984e-03
6.594936363399028778e-03
6.590612698346376419e-03
6.586294621229171753e-03
6.581979338079690933e-03
6.577667780220508575e-03
6.573361344635486603e-03
6.569059100002050400e-03
6.564759183675050735e-03
6.560464389622211456e-03
6.556172855198383331e-03
6.551885977387428284e-03
6.547601893544197083e-03
6.543322931975126266e-03
6.539047230035066605e-03
6.534775719046592712e-03
6.530508399009704590e-03
6.526244338601827621e-03
6.521984003484249115e-03
6.517728324979543686e-03
6.513476371765136719e-03
6.509228609502315521e-03
6.504983641207218170e-03
6.500743329524993896e-03
6.496507208794355392e-03
6.492273882031440735e-03
6.488044746220111847e-03
6.483820267021656036e-03
6.479599047452211380e-03
6.475381553173065186e-03
6.471168715506792068e-03
6.466959603130817413e-03
6.462754216045141220e-03
6.458551622927188873e-03
6.454355083405971527e-03
6.450160406529903412e-03
6.445970386266708374e-03
6.441784556955099106e-03
6.437602452933788300e-03
6.433423608541488647e-03
6.429249420762062073e-03
6.425078026950359344e-03
6.420911289751529694e-03
6.416748277842998505e-03
6.412588525563478470e-03
6.408433429896831512e-03
6.404281593859195709e-03
6.400134414434432983e-03
6.395990028977394104e-03
6.391850300133228302e-03
6.387714296579360962e-03
6.383581552654504776e-03
6.379452534019947052e-03
6.375328637659549713e-03
6.371207535266876221e-03
6.367090158164501190e-03
6.362976972013711929e-03
6.358867045491933823e-03
6.354762241244316101e-03
6.350659765303134918e-03
6.346562411636114120e-03
6.342468317598104477e-03
6.338377948850393295e-03
6.334290839731693268e-03
6.330208387225866318e-03
6.326129194349050522e-03
6.322053726762533188e-03
6.317982915788888931e-03
6.313915364444255829e-03
6.309852004051208496e-03
6.305792368948459625e-03
6.301735527813434601e-03
6.297683808952569962e-03
6.293634884059429169e-03
6.289590615779161453e-03
6.285550072789192200e-03
6.281511858105659485e-03
6.277479697018861771e-03
6.273449864238500595e-03
6.269424222409725189e-03
6.265402771532535553e-03
6.261383648961782455e-03
6.257370579987764359e-03
6.253359373658895493e-03
6.249352358281612396e-03
6.245349533855915070e-03
6.241350434720516205e-03
6.237355060875415802e-03
6.233362946659326553e-03
6.229375023394823074e-03
6.225390825420618057e-03
6.221411284059286118e-03
6.217434536665678024e-03
6.213461980223655701e-03
6.209492683410644531e-03
6.205527111887931824e-03
6.201565731316804886e-03
6.197608076035976410e-03
6.193654146045446396e-03
6.189704407006502151e-03
6.185757461935281754e-03
6.181815173476934433e-03
6.177876144647598267e-03
6.173940841108560562e-03
6.170009728521108627e-03
6.166081875562667847e-03
6.162158213555812836e-03
6.158237811177968979e-03
6.154321599751710892e-03
6.150408182293176651e-03
6.146499887108802795e-03
6.142593920230865479e-03
6.138693075627088547e-03
6.134795956313610077e-03
6.130901165306568146e-03
6.127011496573686600e-03
6.123124621808528900e-03
6.119241937994956970e-03
6.115362979471683502e-03
6.111487746238708496e-03
6.107616238296031952e-03
6.103748455643653870e-03
6.099884398281574249e-03
6.096024531871080399e-03
6.092166528105735779e-03
6.088313646614551544e-03
6.084464490413665771e-03
6.080619059503078461e-03
6.076777353882789612e-03
6.072938907891511917e-03
6.069105118513107300e-03
6.065273657441139221e-03
6.061446852982044220e-03
6.057624239474534988e-03
6.053803954273462296e-03
6.049987860023975372e-03
6.046175956726074219e-03
6.042367313057184219e-03
6.038562394678592682e-03
6.034761667251586914e-03
6.030963733792304993e-03
6.027169991284608841e-03
6.023379508405923843e-03
6.019593216478824615e-03
6.015810184180736542e-03
6.012032274156808853e-03
6.008256226778030396e-03
6.004484370350837708e-03
6.000716704875230789e-03
5.996951367706060410e-03
5.993190687149763107e-03
5.989434663206338882e-03
5.985680501908063889e-03
5.981931462883949280e-03
5.978184286504983902e-03
5.974442232400178909e-03
5.970703437924385071e-03
5.966968368738889694e-03
5.963236093521118164e-03
5.959508009254932404e-03
5.955784115940332413e-03
5.952063947916030884e-03
5.948346108198165894e-03
5.944632925093173981e-03
5.940923467278480530e-03
5.937216337770223618e-03
5.933514330536127090e-03
5.929815582931041718e-03
5.926120560616254807e-03
5.922428332269191742e-03
5.918740294873714447e-03
5.915055051445960999e-03
5.911374464631080627e-03
5.907697137445211411e-03
5.904023535549640656e-03
5.900353193283081055e-03
5.896686110645532608e-03
5.893023218959569931e-03
5.889363586902618408e-03
5.885708145797252655e-03
5.882055498659610748e-03
5.878406576812267303e-03
5.874761845916509628e-03
5.871120374649763107e-03
5.867482163012027740e-03
5.863847676664590836e-03
5.860216915607452393e-03
5.856588948518037796e-03
5.852964706718921661e-03
5.849345121532678604e-03
5.845727864652872086e-03
5.842114798724651337e-03
5.838504992425441742e-03
5.834898911416530609e-03
5.831295624375343323e-03
5.827696993947029114e-03
5.824101157486438751e-03
5.820508580654859543e-03
5.816920660436153412e-03
5.813335068523883820e-03
5.809753201901912689e-03
5.806175060570240021e-03
5.802599713206291199e-03
5.799028556793928146e-03
5.795461125671863556e-03
5.791896954178810120e-03
5.788335576653480530e-03
5.784778390079736710e-03
5.781223997473716736e-03
5.777674261480569839e-03
5.774127319455146790e-03
5.770583637058734894e-03
5.767043214291334152e-03
5.763507448136806488e-03
5.759974010288715363e-03
5.756443832069635391e-03
5.752917379140853882e-03
5.749394185841083527e-03
5.745875649154186249e-03
5.742358975112438202e-03
5.738846026360988617e-03
5.735336802899837494e-03
5.731830839067697525e-03
5.728328134864568710e-03
5.724829621613025665e-03
5.721333902329206467e-03
5.717841908335685730e-03
5.714352242648601532e-03
5.710866302251815796e-03
5.707385018467903137e-03
5.703906062990427017e-03
5.700430367141962051e-03
5.696958396583795547e-03
5.693489685654640198e-03
5.690024234354496002e-03
5.686562042683362961e-03
5.683103576302528381e-03
5.679648369550704956e-03
5.676195956766605377e-03
5.672747734934091568e-03
5.669301375746726990e-03
5.665859673172235489e-03
5.662421230226755142e-03
5.658985115587711334e-03
5.655553191900253296e-03
5.652124527841806412e-03
5.648698192089796066e-03
5.645276512950658798e-03
5.641857627779245377e-03
5.638442002236843109e-03
5.635029170662164688e-03
5.631620064377784729e-03
5.628214683383703232e-03
5.624811630696058273e-03
5.621411837637424469e-03
5.618016235530376434e-03
5.614623427391052246e-03
5.611233413219451904e-03
5.607846658676862717e-03
5.604464095085859299e-03
5.601083394140005112e-03
5.597706884145736694e-03
5.594333168119192123e-03
5.590963177382946014e-03
5.587595980614423752e-03
5.584231577813625336e-03
5.580871365964412689e-03
5.577513948082923889e-03
5.574159789830446243e-03
5.570808425545692444e-03
5.567460786551237106e-03
5.564115941524505615e-03
5.560774356126785278e-03
5.557435564696788788e-03
5.554100032895803452e-03
5.550768226385116577e-03
5.547439213842153549e-03
5.544112995266914368e-03
5.540790036320686340e-03
5.537470802664756775e-03
5.534154362976551056e-03
5.530841182917356491e-03
5.527530796825885773e-03
5.524224136024713516e-03
5.520919803529977798e-03
5.517619196325540543e-03
5.514320917427539825e-03
5.511025898158550262e-03
5.507735535502433777e-03
5.504446569830179214e-03
5.501160398125648499e-03
5.497878417372703552e-03
