3.442832268774509430e-03
3.441458102315664291e-03
3.440084867179393768e-03
3.438713029026985168e-03
3.437342122197151184e-03
3.435972146689891815e-03
3.434603102505207062e-03
3.433235222473740578e-03
3.431868040934205055e-03
3.430502023547887802e-03
3.429136704653501511e-03
3.427773015573620796e-03
3.426409559324383736e-03
3.425047732889652252e-03
3.423686604946851730e-03
3.422326175495982170e-03
3.420966677367687225e-03
3.419607877731323242e-03
3.418250707909464836e-03
3.416893770918250084e-03
3.415538463741540909e-03
3.414183855056762695e-03
3.412830410525202751e-03
3.411477664485573769e-03
3.410125616937875748e-03
3.408774500712752342e-03
3.407425014302134514e-03
3.406075760722160339e-03
3.404727438464760780e-03
3.403380280360579491e-03
3.402034053578972816e-03
3.400688059628009796e-03
3.399343928322196007e-03
3.398000029847025871e-03
3.396657528355717659e-03
3.395315492525696754e-03
3.393974388018250465e-03
3.392634680494666100e-03
3.391295205801725388e-03
3.389957128092646599e-03
3.388619283214211464e-03
3.387283300980925560e-03
3.385947318747639656e-03
3.384612966328859329e-03
3.383279079571366310e-03
3.381945891305804253e-03
3.380613634362816811e-03
3.379281610250473022e-03
3.377951448783278465e-03
3.376621985808014870e-03
3.375293454155325890e-03
3.373965155333280563e-03
3.372638253495097160e-03
3.371312050148844719e-03
3.369986312463879585e-03
3.368661971762776375e-03
3.367338562384247780e-03
3.366015618667006493e-03
3.364693373441696167e-03
3.363372059538960457e-03
3.362051676958799362e-03
3.360732225701212883e-03
3.359413240104913712e-03
3.358095651492476463e-03
3.356778295710682869e-03
3.355462336912751198e-03
3.354146145284175873e-03
3.352831583470106125e-03
3.351517487317323685e-03
3.350204555317759514e-03
3.348892554640769958e-03
3.347580321133136749e-03
3.346269950270652771e-03
3.344959579408168793e-03
3.343650372698903084e-03
3.342342097312211990e-03
3.341034287586808205e-03
3.339727409183979034e-03
3.338421229273080826e-03
3.337115747854113579e-03
3.335811663419008255e-03
3.334507811814546585e-03
3.333204193040728569e-03
3.331902204081416130e-03
3.330600447952747345e-03
3.329299855977296829e-03
3.327999496832489967e-03
3.326700301840901375e-03
3.325401339679956436e-03
3.324103541672229767e-03
3.322806442156434059e-03
3.321510273963212967e-03
3.320214804261922836e-03
3.318919334560632706e-03
3.317625029012560844e-03
3.316331887617707253e-03
3.315038979053497314e-03
3.313746536150574684e-03
3.312455257400870323e-03
3.311164909973740578e-03
3.309874795377254486e-03
3.308585844933986664e-03
3.307296661660075188e-03
3.306008875370025635e-03
3.304721787571907043e-03
3.303435165435075760e-03
3.302149474620819092e-03
3.300864482298493385e-03
3.299579722806811333e-03
3.298295661807060242e-03
3.297012764960527420e-03
3.295730566605925560e-03
3.294448135420680046e-03
3.293167101219296455e-03
3.291886998340487480e-03
3.290607128292322159e-03
3.289327723905444145e-03
3.288049250841140747e-03
3.286771476268768311e-03
3.285494167357683182e-03
3.284217556938529015e-03
3.282941412180662155e-03
3.281666198745369911e-03
3.280391683802008629e-03
3.279117634519934654e-03
3.277843818068504333e-03
3.276571165770292282e-03
3.275298979133367538e-03
3.274027258157730103e-03
3.272756235674023628e-03
3.271485911682248116e-03
3.270216053351759911e-03
3.268947126343846321e-03
3.267678432166576385e-03
3.266410902142524719e-03
3.265143139287829399e-03
3.263876307755708694e-03
3.262610640376806259e-03
3.261344507336616516e-03
3.260079538449645042e-03
3.258815035223960876e-03
3.257551463320851326e-03
3.256287658587098122e-03
3.255025483667850494e-03
3.253763541579246521e-03
3.252501366659998894e-03
3.251240588724613190e-03
3.249979810789227486e-03
3.248720197007060051e-03
3.247460583224892616e-03
3.246201667934656143e-03
3.244943683966994286e-03
3.243685467168688774e-03
3.242428647354245186e-03
3.241172060370445251e-03
3.239915939047932625e-03
3.238660516217350960e-03
3.237405326217412949e-03
3.236150834709405899e-03
3.234896808862686157e-03
3.233643248677253723e-03
3.232389921322464943e-03
3.231137758120894432e-03
3.229885827749967575e-03
3.228634595870971680e-03
3.227383131161332130e-03
3.226132597774267197e-03
3.224882995709776878e-03
3.223633626475930214e-03
3.222384257242083549e-03
3.221136052161455154e-03
3.219887847080826759e-03
3.218640573322772980e-03
3.217393765226006508e-03
3.216147189959883690e-03
3.214901080355048180e-03
3.213655203580856323e-03
3.212410258129239082e-03
3.211165545508265495e-03
3.209921531379222870e-03
3.208677982911467552e-03
3.207434434443712234e-03
3.206191584467887878e-03
3.204949200153350830e-03
3.203707514330744743e-03
3.202465828508138657e-03
3.201224608346819878e-03
3.199984319508075714e-03
3.198744496330618858e-03
3.197504673153162003e-03
3.196265315636992455e-03
3.195026423782110214e-03
3.193788230419158936e-03
3.192549804225564003e-03
3.191312775015830994e-03
3.190075745806097984e-03
3.188838716596364975e-03
3.187602851539850235e-03
3.186366986483335495e-03
3.185131354257464409e-03
3.183896420523524284e-03
3.182662185281515121e-03
3.181427717208862305e-03
3.180194180458784103e-03
3.178960643708705902e-03
3.177727805450558662e-03
3.176495432853698730e-03
3.175263060256838799e-03
3.174031386151909828e-03
3.172800177708268166e-03
3.171568969264626503e-03
3.170338459312915802e-03
3.169108182191848755e-03
3.167878836393356323e-03
3.166649257764220238e-03
3.165420144796371460e-03
3.164191497489809990e-03
3.162963083013892174e-03
3.161735367029905319e-03
3.160507883876562119e-03
3.159280866384506226e-03
3.158054314553737640e-03
3.156827762722969055e-03
3.155601909384131432e-03
3.154376288875937462e-03
3.153151366859674454e-03
3.151926444843411446e-03
3.150701522827148438e-03
3.149477764964103699e-03
3.148254007101058960e-03
3.147030482068657875e-03
3.145807422697544098e-03
3.144584828987717628e-03
3.143362700939178467e-03
3.142140572890639305e-03
3.140919143334031105e-03
3.139697713777422905e-03
3.138477215543389320e-03
3.137256717309355736e-03
3.136036451905965805e-03
3.134816652163863182e-03
3.133597085252404213e-03
3.132378216832876205e-03
3.131159814074635506e-03
3.129941411316394806e-03
3.128723241388797760e-03
3.127506002783775330e-03
3.126288531348109245e-03
3.125071991235017776e-03
3.123855218291282654e-03
3.122638911008834839e-03
3.121423069387674332e-03
3.120207926258444786e-03
3.118993015959858894e-03
3.117778105661273003e-03
3.116563893854618073e-03
3.115349682047963142e-03
3.114136401563882828e-03
3.112923121079802513e-03
3.111710073426365852e-03
3.110497724264860153e-03
3.109285375103354454e-03
3.108073724433779716e-03
3.106862306594848633e-03
3.105651587247848511e-03
3.104440635070204735e-03
3.103230381384491920e-03
3.102020360529422760e-03
3.100810805335640907e-03
3.099601715803146362e-03
3.098392859101295471e-03
3.097184468060731888e-03
3.095976542681455612e-03
3.094769082963466644e-03
3.093561856076121330e-03
3.092354862019419670e-03
3.091148566454648972e-03
3.089942503720521927e-03
3.088736906647682190e-03
3.087531309574842453e-03
3.086326876655220985e-03
3.085122210904955864e-03
3.083918010815978050e-03
3.082714276388287544e-03
3.081511240452528000e-03
3.080308437347412109e-03
3.079105867072939873e-03
3.077904228121042252e-03
3.076702356338500977e-03
3.075501415878534317e-03
3.074300708249211311e-03
3.073100466281175613e-03
3.071900457143783569e-03
3.070700913667678833e-03
3.069502301514148712e-03
3.068303456529974937e-03
3.067105775699019432e-03
3.065908094868063927e-03
3.064710879698395729e-03
3.063514363020658493e-03
3.062318312004208565e-03
3.061122260987758636e-03
3.059926908463239670e-03
3.058732254430651665e-03
3.057538066059350967e-03
3.056344110518693924e-03
3.055150620639324188e-03
3.053957829251885414e-03
3.052765503525733948e-03
3.051573876291513443e-03
3.050382249057292938e-03
3.049191785976290703e-03
3.048001555725932121e-03
3.046811558306217194e-03
3.045622492209076881e-03
3.044433658942580223e-03
3.043245756998658180e-03
3.042057855054736137e-03
3.040870884433388710e-03
3.039684146642684937e-03
3.038498340174555779e-03
3.037312999367713928e-03
3.036127891391515732e-03
3.034943714737892151e-03
3.033760236576199532e-03
3.032577224075794220e-03
3.031394677236676216e-03
3.030212363228201866e-03
3.029031213372945786e-03
3.027850296348333359e-03
3.026670543476939201e-03
3.025491023436188698e-03
3.024311736226081848e-03
3.023133845999836922e-03
3.021955722942948341e-03
3.020779229700565338e-03
3.019602969288825989e-03
3.018427174538373947e-03
3.017252078279852867e-03
3.016077447682619095e-03
3.014903748407959938e-03
3.013730747625231743e-03
3.012558445334434509e-03
3.011386841535568237e-03
3.010215703397989273e-03
3.009045496582984924e-03
3.007875988259911537e-03
3.006706712767481804e-03
3.005538834258913994e-03
3.004371188580989838e-03
3.003204707056283951e-03
3.002038458362221718e-03
3.000873606652021408e-03
2.999708522111177444e-03
2.998544834554195404e-03
2.997381845489144325e-03
2.996219554916024208e-03
2.995057962834835052e-03
2.993897069245576859e-03
2.992737106978893280e-03
2.991577843204140663e-03
2.990419510751962662e-03
2.989261643961071968e-03
2.988104941323399544e-03
2.986948937177658081e-03
2.985794097185134888e-03
2.984639257192611694e-03
2.983485581353306770e-03
2.982333069667220116e-03
2.981181023642420769e-03
2.980029908940196037e-03
2.978879259899258614e-03
2.977730240672826767e-03
2.976581687107682228e-03
2.975433832034468651e-03
2.974287141114473343e-03
2.973141148686408997e-03
2.971995854750275612e-03
2.970851724967360497e-03
2.969708060845732689e-03
2.968565793707966805e-03
2.967423992231488228e-03
2.966283820569515228e-03
2.965143881738185883e-03
2.964004874229431152e-03
2.962866798043251038e-03
2.961729886010289192e-03
2.960593672469258308e-03
2.959458623081445694e-03
2.958324039354920387e-03
2.957190619781613350e-03
2.956058364361524582e-03
2.954927040264010429e-03
2.953795948997139931e-03
2.952666953206062317e-03
2.951537957414984703e-03
2.950410125777125359e-03
2.949283691123127937e-03
2.948157954961061478e-03
2.947032917290925980e-03
2.945909043774008751e-03
2.944786101579666138e-03
2.943664556369185448e-03
2.942543476819992065e-03
2.941423561424016953e-03
2.940304810181260109e-03
2.939186524599790573e-03
2.938069868832826614e-03
2.936953678727149963e-03
2.935838885605335236e-03
2.934724790975451469e-03
2.933612093329429626e-03
2.932499861344695091e-03
2.931389259174466133e-03
2.930279122665524483e-03
2.929170383140444756e-03
2.928062807768583298e-03
2.926955698058009148e-03
2.925850218161940575e-03
2.924745203927159309e-03
2.923641586676239967e-03
2.922538667917251587e-03
2.921437146142125130e-03
2.920336322858929634e-03
2.919236663728952408e-03
2.918138401582837105e-03
2.917040605098009109e-03
2.915944438427686691e-03
2.914848970249295235e-03
2.913754899054765701e-03
2.912661293521523476e-03
2.911569317802786827e-03
2.910478040575981140e-03
2.909387694671750069e-03
2.908298512920737267e-03
2.907210495322942734e-03
2.906123409047722816e-03
2.905037486925721169e-03
2.903952728956937790e-03
2.902868902310729027e-03
2.901786472648382187e-03
2.900704508647322655e-03
2.899624174460768700e-03
2.898544771596789360e-03
2.897466300055384636e-03
2.896388759836554527e-03
2.895312383770942688e-03
2.894236939027905464e-03
2.893162425607442856e-03
2.892089542001485825e-03
2.891017822548747063e-03
2.889946801587939262e-03
2.888876711949706078e-03
2.887807553634047508e-03
2.886740025132894516e-03
2.885673195123672485e-03
2.884607762098312378e-03
2.883543260395526886e-03
2.882479457184672356e-03
2.881417050957679749e-03
2.880355808883905411e-03
2.879295265302062035e-03
2.878236351534724236e-03
2.877178136259317398e-03
2.876120619475841522e-03
2.875064965337514877e-03
2.874010009691119194e-03
2.872955985367298126e-03
2.871903125196695328e-03
2.870851196348667145e-03
2.869800664484500885e-03
2.868750831112265587e-03
2.867702394723892212e-03
2.866654889658093452e-03
2.865608315914869308e-03
2.864562906324863434e-03
2.863518660888075829e-03
2.862475113943219185e-03
2.861433429643511772e-03
2.860391745343804359e-03
2.859351458027958870e-03
2.858312800526618958e-03
2.857274608686566353e-03
2.856237348169088364e-03
2.855201251804828644e-03
2.854166785255074501e-03
2.853132784366607666e-03
2.852099947631359100e-03
2.851068507879972458e-03
2.850037533789873123e-03
2.849007956683635712e-03
2.847979310899972916e-03
2.846951829269528389e-03
2.845925046131014824e-03
2.844899427145719528e-03
2.843875205144286156e-03
2.842851681634783745e-03
2.841829322278499603e-03
2.840807661414146423e-03
2.839787397533655167e-03
