7.110422011464834213e-04
7.110394653864204884e-04
7.110368460416793823e-04
7.110339356586337090e-04
7.110313163138926029e-04
7.110284641385078430e-04
7.110256119631230831e-04
7.110228762030601501e-04
7.110201986506581306e-04
7.110173464752733707e-04
7.110146107152104378e-04
7.110118167474865913e-04
7.110091974027454853e-04
7.110063452273607254e-04
7.110036094672977924e-04
7.110008154995739460e-04
7.109980797395110130e-04
7.109952275641262531e-04
7.109924335964024067e-04
7.109897560440003872e-04
7.109869620762765408e-04
7.109841099008917809e-04
7.109814323484897614e-04
7.109786965884268284e-04
7.109758444130420685e-04
7.109730504453182220e-04
7.109703728929162025e-04
7.109675789251923561e-04
7.109648431651294231e-04
7.109620491974055767e-04
7.109592552296817303e-04
7.109565776772797108e-04
7.109537837095558643e-04
7.109510479494929314e-04
7.109482539817690849e-04
7.109455182217061520e-04
7.109427824616432190e-04
7.109399302862584591e-04
7.109371945261955261e-04
7.109344005584716797e-04
7.109316065907478333e-04
7.109288708306849003e-04
7.109260768629610538e-04
7.109233411028981209e-04
7.109206053428351879e-04
7.109179277904331684e-04
7.109150174073874950e-04
7.109123980626463890e-04
7.109096623025834560e-04
7.109068683348596096e-04
7.109040743671357632e-04
7.109013386070728302e-04
7.108985446393489838e-04
7.108957506716251373e-04
7.108930731192231178e-04
7.108902791514992714e-04
7.108874269761145115e-04
7.108846912160515785e-04
7.108820136636495590e-04
7.108792779035866261e-04
7.108764257282018661e-04
7.108738063834607601e-04
7.108709542080760002e-04
7.108682184480130672e-04
7.108654244802892208e-04
7.108626305125653744e-04
7.108598947525024414e-04
7.108571589924395084e-04
7.108543650247156620e-04
7.108516292646527290e-04
7.108488935045897961e-04
7.108461577445268631e-04
7.108433637768030167e-04
7.108405698090791702e-04
7.108378922566771507e-04
7.108350982889533043e-04
7.108322461135685444e-04
7.108295685611665249e-04
7.108268328011035919e-04
7.108241552487015724e-04
7.108213612809777260e-04
7.108185673132538795e-04
7.108157733455300331e-04
7.108130957931280136e-04
7.108102436177432537e-04
7.108075078576803207e-04
7.108047138899564743e-04
7.108020945452153683e-04
7.107993005774915218e-04
7.107965066097676754e-04
7.107937708497047424e-04
7.107909768819808960e-04
7.107881829142570496e-04
7.107854471541941166e-04
7.107827113941311836e-04
7.107799174264073372e-04
7.107771816663444042e-04
7.107744459062814713e-04
7.107717101462185383e-04
7.107689743861556053e-04
7.107662386260926723e-04
7.107633864507079124e-04
7.107607088983058929e-04
7.107578567229211330e-04
7.107551791705191135e-04
7.107525598257780075e-04
7.107496494427323341e-04
7.107470300979912281e-04
7.107441779226064682e-04
7.107415003702044487e-04
7.107387064024806023e-04
7.107359124347567558e-04
7.107331184670329094e-04
7.107303827069699764e-04
7.107276469469070435e-04
7.107249111868441105e-04
7.107221754267811775e-04
7.107194978743791580e-04
7.107167039066553116e-04
7.107139681465923786e-04
7.107112323865294456e-04
7.107082637958228588e-04
7.107055862434208393e-04
7.107029086910188198e-04
7.107002311386168003e-04
7.106973789632320404e-04
7.106947014108300209e-04
7.106918492354452610e-04
7.106891716830432415e-04
7.106863777153193951e-04
7.106835837475955486e-04
7.106809644028544426e-04
7.106781122274696827e-04
7.106753182597458363e-04
7.106726407073438168e-04
7.106699631549417973e-04
7.106671691872179508e-04
7.106644916348159313e-04
7.106616394594311714e-04
7.106588454917073250e-04
7.106561679393053055e-04
7.106533739715814590e-04
7.106506964191794395e-04
7.106479024514555931e-04
7.106452248990535736e-04
7.106423727236688137e-04
7.106396951712667942e-04
7.106369594112038612e-04
7.106341654434800148e-04
7.106314878910779953e-04
7.106286939233541489e-04
7.106259581632912159e-04
7.106232806108891964e-04
7.106204284355044365e-04
7.106177508831024170e-04
7.106149569153785706e-04
7.106122211553156376e-04
7.106094853952527046e-04
7.106068078428506851e-04
7.106039556674659252e-04
7.106012199074029922e-04
7.105985423550009727e-04
7.105957483872771263e-04
7.105930708348751068e-04
7.105903350748121738e-04
7.105874246917665005e-04
7.105848053470253944e-04
7.105819531716406345e-04
7.105792174115777016e-04
7.105766562744975090e-04
7.105737458914518356e-04
7.105710101313889027e-04
7.105683325789868832e-04
7.105655386112630367e-04
7.105628610588610172e-04
7.105601252987980843e-04
7.105573895387351513e-04
7.105545955710113049e-04
7.105518598109483719e-04
7.105490658432245255e-04
7.105463882908225060e-04
7.105435943230986595e-04
7.105409749783575535e-04
7.105381228029727936e-04
7.105353870429098606e-04
7.105326512828469276e-04
7.105299737304449081e-04
7.105271215550601482e-04
7.105244440026581287e-04
7.105216500349342823e-04
7.105189142748713493e-04
7.105162367224693298e-04
7.105134427547454834e-04
7.105107069946825504e-04
7.105079712346196175e-04
7.105052354745566845e-04
7.105025579221546650e-04
7.104998221620917320e-04
7.104969699867069721e-04
7.104943506419658661e-04
7.104916148819029331e-04
7.104888209141790867e-04
7.104862015694379807e-04
7.104833493940532207e-04
7.104806136339902878e-04
7.104778196662664413e-04
7.104751421138644218e-04
7.104722899384796619e-04
7.104695541784167290e-04
7.104669348336756229e-04
7.104641990736126900e-04
7.104614633135497570e-04
7.104586693458259106e-04
7.104559917934238911e-04
7.104532560333609581e-04
7.104503456503152847e-04
7.104477845132350922e-04
7.104450487531721592e-04
7.104422547854483128e-04
7.104395190253853798e-04
7.104368414729833603e-04
7.104340475052595139e-04
7.104313117451965809e-04
7.104286341927945614e-04
7.104257820174098015e-04
7.104231626726686954e-04
7.104204269126057625e-04
7.104176911525428295e-04
7.104149553924798965e-04
7.104121614247560501e-04
7.104094838723540306e-04
7.104067481122910976e-04
7.104039541445672512e-04
7.104012765921652317e-04
7.103985990397632122e-04
7.103956886567175388e-04
7.103930111043155193e-04
7.103903335519134998e-04
7.103875395841896534e-04
7.103848620317876339e-04
7.103821844793856144e-04
7.103793905116617680e-04
7.103765965439379215e-04
7.103738607838749886e-04
7.103711250238120556e-04
7.103684474714100361e-04
7.103656535036861897e-04
7.103629177436232567e-04
7.103601237758994102e-04
7.103574462234973907e-04
7.103547104634344578e-04
7.103520329110324383e-04
7.103492971509695053e-04
7.103464449755847454e-04
7.103438256308436394e-04
7.103410316631197929e-04
7.103383541107177734e-04
7.103356183506548405e-04
7.103328825905919075e-04
7.103301468305289745e-04
7.103274110704660416e-04
7.103247917257249355e-04
7.103218813426792622e-04
7.103192619979381561e-04
7.103164680302143097e-04
7.103138486854732037e-04
7.103110547177493572e-04
7.103083771653473377e-04
7.103056414052844048e-04
7.103027892298996449e-04
7.102999952621757984e-04
7.102973759174346924e-04
7.102946983650326729e-04
7.102919043973088264e-04
7.102892268449068069e-04
7.102865492925047874e-04
7.102837553247809410e-04
7.102810195647180080e-04
7.102782838046550751e-04
7.102754898369312286e-04
7.102728122845292091e-04
7.102701347321271896e-04
7.102673989720642567e-04
7.102647214196622372e-04
7.102619856595993042e-04
7.102591916918754578e-04
7.102563977241516113e-04
7.102538365870714188e-04
7.102509844116866589e-04
7.102482486516237259e-04
7.102456293068826199e-04
7.102429517544806004e-04
7.102401577867567539e-04
7.102373056113719940e-04
7.102346862666308880e-04
7.102319505065679550e-04
7.102291565388441086e-04
7.102264789864420891e-04
7.102237432263791561e-04
7.102210074663162231e-04
7.102183299139142036e-04
7.102155941538512707e-04
7.102128583937883377e-04
7.102100644260644913e-04
7.102073868736624718e-04
7.102046511135995388e-04
7.102019153535366058e-04
7.101991795934736729e-04
7.101965020410716534e-04
7.101937080733478069e-04
7.101910305209457874e-04
7.101883529685437679e-04
7.101855590008199215e-04
7.101828232407569885e-04
7.101800874806940556e-04
7.101773517206311226e-04
7.101747323758900166e-04
7.101719384081661701e-04
7.101691444404423237e-04
7.101665833033621311e-04
7.101638475432991982e-04
7.101612281985580921e-04
7.101583760231733322e-04
7.101556402631103992e-04
7.101529045030474663e-04
7.101502269506454468e-04
7.101475493982434273e-04
7.101446972228586674e-04
7.101420196704566479e-04
7.101392257027328014e-04
7.101366063579916954e-04
7.101338123902678490e-04
7.101311348378658295e-04
7.101283408701419830e-04
7.101256633177399635e-04
7.101229857653379440e-04
7.101203082129359245e-04
7.101175142452120781e-04
7.101148949004709721e-04
7.101119845174252987e-04
7.101093069650232792e-04
7.101066876202821732e-04
7.101038936525583267e-04
7.101012161001563072e-04
7.100984803400933743e-04
7.100958609953522682e-04
7.100931252352893353e-04
7.100903894752264023e-04
7.100876537151634693e-04
7.100850343704223633e-04
7.100821239873766899e-04
7.100794464349746704e-04
7.100768270902335644e-04
7.100739749148488045e-04
7.100713555701076984e-04
7.100685033947229385e-04
7.100658840499818325e-04
7.100631482899188995e-04
7.100604125298559666e-04
7.100577931851148605e-04
7.100549992173910141e-04
7.100523216649889946e-04
7.100497023202478886e-04
7.100467919372022152e-04
7.100441143848001957e-04
7.100413786247372627e-04
7.100386428646743298e-04
7.100360235199332237e-04
7.100333459675312042e-04
7.100305519998073578e-04
7.100279326550662518e-04
7.100250804796814919e-04
7.100224029272794724e-04
7.100197253748774529e-04
7.100169896148145199e-04
7.100142538547515869e-04
7.100116345100104809e-04
7.100088405422866344e-04
7.100061629898846149e-04
7.100034854374825954e-04
7.100006914697587490e-04
7.099980139173567295e-04
7.099952781572937965e-04
7.099925423972308636e-04
7.099898648448288441e-04
7.099871872924268246e-04
7.099844515323638916e-04
7.099816575646400452e-04
7.099790382198989391e-04
7.099762442521750927e-04
7.099735666997730732e-04
7.099708891473710537e-04
7.099681533873081207e-04
7.099654758349061012e-04
7.099626236595213413e-04
7.099600043147802353e-04
7.099573267623782158e-04
7.099545327946543694e-04
7.099518552422523499e-04
7.099491776898503304e-04
7.099464419297873974e-04
7.099437061697244644e-04
7.099410286173224449e-04
7.099382928572595119e-04
7.099356735125184059e-04
7.099328795447945595e-04
7.099301437847316265e-04
7.099273498170077801e-04
7.099247304722666740e-04
7.099220529198646545e-04
7.099194335751235485e-04
7.099166396073997021e-04
7.099138456396758556e-04
7.099112262949347496e-04
7.099084323272109032e-04
7.099058129824697971e-04
7.099031354300677776e-04
7.099002832546830177e-04
7.098976639099419117e-04
7.098949281498789787e-04
7.098921923898160458e-04
7.098895148374140263e-04
7.098868372850120068e-04
7.098841015249490738e-04
7.098814239725470543e-04
7.098787464201450348e-04
7.098760106600821018e-04
7.098733331076800823e-04
7.098705391399562359e-04
7.098677451722323895e-04
7.098652422428131104e-04
7.098624482750892639e-04
7.098597707226872444e-04
7.098570349626243114e-04
7.098542992025613785e-04
7.098516798578202724e-04
7.098490023054182529e-04
7.098463247530162334e-04
7.098435307852923870e-04
7.098408532328903675e-04
7.098381174728274345e-04
7.098353235051035881e-04
7.098326459527015686e-04
7.098300266079604626e-04
7.098272908478975296e-04
7.098245550878345966e-04
7.098218193277716637e-04
7.098191999830305576e-04
7.098164642229676247e-04
7.098137866705656052e-04
7.098109927028417587e-04
7.098083733581006527e-04
7.098057540133595467e-04
7.098029600456357002e-04
7.098002242855727673e-04
7.097975467331707478e-04
7.097948109731078148e-04
7.097921916283667088e-04
7.097893976606428623e-04
7.097867201082408428e-04
7.097841007634997368e-04
7.097813650034368038e-04
7.097786292433738708e-04
7.097759516909718513e-04
7.097732159309089184e-04
7.097704219631850719e-04
7.097678026184439659e-04
7.097651250660419464e-04
7.097624475136399269e-04
7.097597699612379074e-04
7.097570342011749744e-04
7.097542402334511280e-04
7.097515044733881950e-04
7.097489433363080025e-04
7.097462075762450695e-04
7.097434136085212231e-04
7.097407942637801170e-04
7.097381167113780975e-04
7.097354391589760780e-04
7.097327033989131451e-04
7.097300258465111256e-04
7.097274065017700195e-04
7.097246707417070866e-04
7.097218767739832401e-04
7.097191410139203072e-04
7.097165216691792011e-04
7.097138441167771816e-04
7.097111665643751621e-04
7.097083143889904022e-04
7.097056368365883827e-04
7.097029010765254498e-04
7.097002235241234303e-04
7.096976041793823242e-04
7.096949266269803047e-04
7.096921908669173717e-04
7.096894551068544388e-04
7.096868357621133327e-04
7.096841582097113132e-04
7.096814224496483803e-04
7.096787448972463608e-04
