2.782413503155112267e-03
2.781428862363100052e-03
2.780445385724306107e-03
2.779462141916155815e-03
2.778479363769292831e-03
2.777497051283717155e-03
2.776515670120716095e-03
2.775533823296427727e-03
2.774553373456001282e-03
2.773572923615574837e-03
2.772592939436435699e-03
2.771613420918583870e-03
2.770634368062019348e-03
2.769656013697385788e-03
2.768677892163395882e-03
2.767700003460049629e-03
2.766723046079277992e-03
2.765746088698506355e-03
2.764770062640309334e-03
2.763794269412755966e-03
2.762819174677133560e-03
2.761844545602798462e-03
2.760869683697819710e-03
2.759895985946059227e-03
2.758922288194298744e-03
2.757949056103825569e-03
2.756976755335927010e-03
2.756004221737384796e-03
2.755032619461417198e-03
2.754061482846736908e-03
2.753090579062700272e-03
2.752119908109307289e-03
2.751150168478488922e-03
2.750180894508957863e-03
2.749211853370070457e-03
2.748243045061826706e-03
2.747274935245513916e-03
2.746307058259844780e-03
2.745339879766106606e-03
2.744373166933655739e-03
2.743406454101204872e-03
2.742440672591328621e-03
2.741475356742739677e-03
2.740510040894150734e-03
2.739545423537492752e-03
2.738581039011478424e-03
2.737617352977395058e-03
2.736653666943311691e-03
2.735690679401159286e-03
2.734728157520294189e-03
2.733766101300716400e-03
2.732804743573069572e-03
2.731842920184135437e-03
2.730882028117775917e-03
2.729921601712703705e-03
2.728961640968918800e-03
2.728002145886421204e-03
2.727042883634567261e-03
2.726084087044000626e-03
2.725125988945364952e-03
2.724168123677372932e-03
2.723210491240024567e-03
2.722253324463963509e-03
2.721296623349189758e-03
2.720340387895703316e-03
2.719384618103504181e-03
2.718429081141948700e-03
2.717474242672324181e-03
2.716519404202699661e-03
2.715565031394362450e-03
2.714611357077956200e-03
2.713657682761549950e-03
2.712704939767718315e-03
2.711752429604530334e-03
2.710800617933273315e-03
2.709848340600728989e-03
2.708896994590759277e-03
2.707945881411433220e-03
2.706995466724038124e-03
2.706045284867286682e-03
2.705095801502466202e-03
2.704146085307002068e-03
2.703197300434112549e-03
2.702248282730579376e-03
2.701300429180264473e-03
2.700352575629949570e-03
2.699405187740921974e-03
2.698458265513181686e-03
2.697511808946728706e-03
2.696565585210919380e-03
2.695619827136397362e-03
2.694673836231231689e-03
2.693729009479284286e-03
2.692784415557980537e-03
2.691840054467320442e-03
2.690896391868591309e-03
2.689952962100505829e-03
2.689009765163064003e-03
2.688067266717553139e-03
2.687125001102685928e-03
2.686182968318462372e-03
2.685241401195526123e-03
2.684300299733877182e-03
2.683359431102871895e-03
2.682419493794441223e-03
2.681479323655366898e-03
2.680539619177579880e-03
2.679600380361080170e-03
2.678661840036511421e-03
2.677723066881299019e-03
2.676784759387373924e-03
2.675846917554736137e-03
2.674910007044672966e-03
2.673973096534609795e-03
2.673036418855190277e-03
2.672099974006414413e-03
2.671164227649569511e-03
2.670228946954011917e-03
2.669293899089097977e-03
2.668359316885471344e-03
2.667424734681844711e-03
2.666490850970149040e-03
2.665557665750384331e-03
2.664624480530619621e-03
2.663691528141498566e-03
2.662759041413664818e-03
2.661827020347118378e-03
2.660895232111215591e-03
2.659964142367243767e-03
2.659033052623271942e-03
2.658102661371231079e-03
2.657172735780477524e-03
2.656243043020367622e-03
2.655313350260257721e-03
2.654384355992078781e-03
2.653455594554543495e-03
2.652527531608939171e-03
2.651599235832691193e-03
2.650671871379017830e-03
2.649744739755988121e-03
2.648817840963602066e-03
2.647891407832503319e-03
2.646965207532048225e-03
2.646039472892880440e-03
2.645114436745643616e-03
2.644189167767763138e-03
2.643264830112457275e-03
2.642340492457151413e-03
2.641416853293776512e-03
2.640492981299757957e-03
2.639570273458957672e-03
2.638647565618157387e-03
2.637724857777357101e-03
2.636802848428487778e-03
2.635881537571549416e-03
2.634960459545254707e-03
2.634039148688316345e-03
2.633118536323308945e-03
2.632198622450232506e-03
2.631278708577156067e-03
2.630359260365366936e-03
2.629440044984221458e-03
2.628521295264363289e-03
2.627603011205792427e-03
2.626685425639152527e-03
2.625767607241868973e-03
2.624850254505872726e-03
2.623933600261807442e-03
2.623017178848385811e-03
2.622100990265607834e-03
2.621185034513473511e-03
2.620269544422626495e-03
2.619354519993066788e-03
2.618440194055438042e-03
2.617525868117809296e-03
2.616612007841467857e-03
2.615698613226413727e-03
2.614785451442003250e-03
2.613872522488236427e-03
2.612960524857044220e-03
2.612048061564564705e-03
2.611136296764016151e-03
2.610224997624754906e-03
2.609314164146780968e-03
2.608403796330094337e-03
2.607493428513407707e-03
2.606583526358008385e-03
2.605674089863896370e-03
2.604765119031071663e-03
2.603856381028890610e-03
2.602948108687996864e-03
2.602040534839034081e-03
2.601132262498140335e-03
2.600225154310464859e-03
2.599318511784076691e-03
2.598411869257688522e-03
2.597505925223231316e-03
2.596600214019417763e-03
2.595694968476891518e-03
2.594789722934365273e-03
2.593884943053126335e-03
2.592981094494462013e-03
2.592077013105154037e-03
2.591173630207777023e-03
2.590270712971687317e-03
2.589368028566241264e-03
2.588465576991438866e-03
2.587564056739211082e-03
2.586661837995052338e-03
2.585761016234755516e-03
2.584860194474458694e-03
2.583959605544805527e-03
2.583059947937726974e-03
2.582160057500004768e-03
2.581260632723569870e-03
2.580362139269709587e-03
2.579463180154561996e-03
2.578565385192632675e-03
2.577667590230703354e-03
2.576770028099417686e-03
2.575873397290706635e-03
2.574976533651351929e-03
2.574080368503928185e-03
2.573184669017791748e-03
2.572289202362298965e-03
2.571393968537449837e-03
2.570499200373888016e-03
2.569605363532900810e-03
2.568711061030626297e-03
2.567817922681570053e-03
2.566924551501870155e-03
2.566031878814101219e-03
2.565139671787619591e-03
2.564247697591781616e-03
2.563356189057230949e-03
2.562465379014611244e-03
2.561574103310704231e-03
2.560684224590659142e-03
2.559793880209326744e-03
2.558904467150568962e-03
2.558015519753098488e-03
2.557126572355628014e-03
2.556238323450088501e-03
2.555350307375192642e-03
2.554462524130940437e-03
2.553575672209262848e-03
2.552688587456941605e-03
2.551802434027194977e-03
2.550916280597448349e-03
2.550030825659632683e-03
2.549145836383104324e-03
2.548260847106575966e-03
2.547376556321978569e-03
2.546492731198668480e-03
2.545609371736645699e-03
2.544726245105266571e-03
2.543843584135174751e-03
2.542961155995726585e-03
2.542079426348209381e-03
2.541197696700692177e-03
2.540316665545105934e-03
2.539435867220163345e-03
2.538555534556508064e-03
2.537676133215427399e-03
2.536796266213059425e-03
2.535917330533266068e-03
2.535038860514760017e-03
2.534160623326897621e-03
2.533282851800322533e-03
2.532405080273747444e-03
2.531528705731034279e-03
2.530652098357677460e-03
2.529775956645607948e-03
2.528900280594825745e-03
2.528024837374687195e-03
2.527150092646479607e-03
2.526275813579559326e-03
2.525401767343282700e-03
2.524528186768293381e-03
2.523654839023947716e-03
2.522782189771533012e-03
2.521910239011049271e-03
2.521038288250565529e-03
2.520166803151369095e-03
2.519295783713459969e-03
2.518425229936838150e-03
2.517555141821503639e-03
2.516685286536812782e-03
2.515815896913409233e-03
2.514947205781936646e-03
2.514078747481107712e-03
2.513210754841566086e-03
2.512343460693955421e-03
2.511476166546344757e-03
2.510609338060021400e-03
2.509743208065629005e-03
2.508877543732523918e-03
2.508011879399418831e-03
2.507146913558244705e-03
2.506282646209001541e-03
2.505418611690402031e-03
2.504555042833089828e-03
2.503691473975777626e-03
2.502828836441040039e-03
2.501966431736946106e-03
2.501105191186070442e-03
2.500243484973907471e-03
2.499382244423031807e-03
2.498521702364087105e-03
2.497661858797073364e-03
2.496802248060703278e-03
2.495943102985620499e-03
2.495084190741181374e-03
2.494225976988673210e-03
2.493368228897452354e-03
2.492510713636875153e-03
2.491654129698872566e-03
2.490797312930226326e-03
2.489941427484154701e-03
2.489086007699370384e-03
2.488230820745229721e-03
2.487376099452376366e-03
2.486521610990166664e-03
2.485668053850531578e-03
2.484814729541540146e-03
2.483961405232548714e-03
2.483109477907419205e-03
2.482257084921002388e-03
2.481405856087803841e-03
2.480554860085248947e-03
2.479704096913337708e-03
2.478854032233357430e-03
2.478004433214664459e-03
2.477155067026615143e-03
2.476306632161140442e-03
2.475458430126309395e-03
2.474610460922122002e-03
2.473763190209865570e-03
2.472916152328252792e-03
2.472069812938570976e-03
2.471223939210176468e-03
2.470378298312425613e-03
2.469533123075962067e-03
2.468688646331429482e-03
2.467844635248184204e-03
2.467000856995582581e-03
2.466157777234911919e-03
2.465315163135528564e-03
2.464472781866788864e-03
2.463630866259336472e-03
2.462789649143815041e-03
2.461948664858937263e-03
2.461108379065990448e-03
2.460268326103687286e-03
2.459428738802671432e-03
2.458590082824230194e-03
2.457751426845788956e-03
2.456913469359278679e-03
2.456075744703412056e-03
2.455238951370120049e-03
2.454402158036828041e-03
2.453566063195466995e-03
2.452730201184749603e-03
2.451895037665963173e-03
2.451060106977820396e-03
2.450226107612252235e-03
2.449392108246684074e-03
2.448558807373046875e-03
2.447725972160696983e-03
2.446893602609634399e-03
2.446061698719859123e-03
2.445230027660727501e-03
2.444399287924170494e-03
2.443568548187613487e-03
2.442738506942987442e-03
2.441909164190292358e-03
2.441079821437597275e-03
2.440251410007476807e-03
2.439423464238643646e-03
2.438595518469810486e-03
2.437768271192908287e-03
2.436941489577293396e-03
2.436115173622965813e-03
2.435289556160569191e-03
2.434464404359459877e-03
2.433639485388994217e-03
2.432815264910459518e-03
2.431991277262568474e-03
2.431167755275964737e-03
2.430344931781291962e-03
2.429522341117262840e-03
2.428700216114521027e-03
2.427878789603710175e-03
2.427057595923542976e-03
2.426237100735306740e-03
2.425417071208357811e-03
2.424597274512052536e-03
2.423778409138321877e-03
2.422959543764591217e-03
2.422141376882791519e-03
2.421323442831635475e-03
2.420506207272410393e-03
2.419689670205116272e-03
2.418873133137822151e-03
2.418057294562458992e-03
2.417241688817739487e-03
2.416427014395594597e-03
2.415612572804093361e-03
2.414798829704523087e-03
2.413985086604952812e-03
2.413171809166669846e-03
2.412359230220317841e-03
2.411547116935253143e-03
2.410735236480832100e-03
2.409924287348985672e-03
2.409113571047782898e-03
2.408303553238511086e-03
2.407493535429239273e-03
2.406684448942542076e-03
2.405875362455844879e-03
2.405066974461078644e-03
2.404259052127599716e-03
2.403451828286051750e-03
2.402644604444503784e-03
2.401838079094886780e-03
2.401032252237200737e-03
2.400226658210158348e-03
2.399421529844403267e-03
2.398616867139935493e-03
2.397812437266111374e-03
2.397008705884218216e-03
2.396205440163612366e-03
2.395402640104293823e-03
2.394600305706262589e-03
2.393798204138875008e-03
2.392997033894062042e-03
2.392195863649249077e-03
2.391395624727010727e-03
2.390595152974128723e-03
2.389795612543821335e-03
2.388996770605444908e-03
2.388197695836424828e-03
2.387399785220623016e-03
2.386601641774177551e-03
2.385804429650306702e-03
2.385007450357079506e-03
2.384210703894495964e-03
2.383414888754487038e-03
2.382619306445121765e-03
2.381824422627687454e-03
2.381030004471540451e-03
2.380235353484749794e-03
2.379441866651177406e-03
2.378648379817605019e-03
2.377855358645319939e-03
2.377063268795609474e-03
2.376270946115255356e-03
2.375479554757475853e-03
2.374688396230340004e-03
2.373897703364491463e-03
2.373107243329286575e-03
2.372317481786012650e-03
2.371528185904026031e-03
2.370739355683326721e-03
2.369950758293271065e-03
2.369162626564502716e-03
2.368374960497021675e-03
2.367587992921471596e-03
2.366801025345921516e-03
2.366014989092946053e-03
2.365228952839970589e-03
2.364443615078926086e-03
2.363658510148525238e-03
2.362874103710055351e-03
2.362089930102229118e-03
2.361305989325046539e-03
2.360522747039794922e-03
2.359739970415830612e-03
2.358957426622509956e-03
2.358175348490476608e-03
2.357393736019730568e-03
2.356612356379628181e-03
2.355831675231456757e-03
2.355051459744572639e-03
2.354271244257688522e-03
2.353491727262735367e-03
2.352712443098425865e-03
2.351933857426047325e-03
2.351155271753668785e-03
2.350377617403864861e-03
2.349599963054060936e-03
2.348823007196187973e-03
2.348046284168958664e-03
2.347270259633660316e-03
2.346494235098361969e-03
2.345718676224350929e-03
2.344943583011627197e-03
2.344168955460190773e-03
2.343394560739398003e-03
2.342620631679892540e-03
