1.780772348865866661e-03
1.780391321517527103e-03
1.780010177753865719e-03
1.779629383236169815e-03
1.779248239472508430e-03
1.778867561370134354e-03
1.778486650437116623e-03
1.778105972334742546e-03
1.777725177817046642e-03
1.777344499714672565e-03
1.776964054442942142e-03
1.776583492755889893e-03
1.776202814653515816e-03
1.775822485797107220e-03
1.775441924110054970e-03
1.775061595253646374e-03
1.774681033566594124e-03
1.774300588294863701e-03
1.773920492269098759e-03
1.773540163412690163e-03
1.773159950971603394e-03
1.772779854945838451e-03
1.772399758920073509e-03
1.772019546478986740e-03
1.771639683283865452e-03
1.771259470842778683e-03
1.770879607647657394e-03
1.770499395206570625e-03
1.770119532011449337e-03
1.769739668816328049e-03
1.769359805621206760e-03
1.768980058841407299e-03
1.768600079230964184e-03
1.768220332451164722e-03
1.767840585671365261e-03
1.767460838891565800e-03
1.767081208527088165e-03
1.766701461747288704e-03
1.766321598552167416e-03
1.765941968187689781e-03
1.765562104992568493e-03
1.765182707458734512e-03
1.764802960678935051e-03
1.764423330314457417e-03
1.764043816365301609e-03
1.763664302416145802e-03
1.763284672051668167e-03
1.762905158102512360e-03
1.762525527738034725e-03
1.762146013788878918e-03
1.761766383424401283e-03
1.761386869475245476e-03
1.761007355526089668e-03
1.760627725161612034e-03
1.760248211212456226e-03
1.759868813678622246e-03
1.759489299729466438e-03
1.759109669364988804e-03
1.758729922585189342e-03
1.758350525051355362e-03
1.757971011102199554e-03
1.757591380737721920e-03
1.757211866788566113e-03
1.756832120008766651e-03
1.756452722474932671e-03
1.756072975695133209e-03
1.755693578161299229e-03
1.755313714966177940e-03
1.754934084601700306e-03
1.754554337821900845e-03
1.754174823872745037e-03
1.753794844262301922e-03
1.753415330313146114e-03
1.753035583533346653e-03
1.752655836753547192e-03
1.752275857143104076e-03
1.751895877532660961e-03
1.751516363583505154e-03
1.751136151142418385e-03
1.750756287947297096e-03
1.750376308336853981e-03
1.749996328726410866e-03
1.749615999870002270e-03
1.749236136674880981e-03
1.748855924233794212e-03
1.748475595377385616e-03
1.748095732182264328e-03
1.747715403325855732e-03
1.747334841638803482e-03
1.746954512782394886e-03
1.746574067510664463e-03
1.746193738654255867e-03
1.745812944136559963e-03
1.745432266034185886e-03
1.745051820762455463e-03
1.744671026244759560e-03
1.744290348142385483e-03
1.743909437209367752e-03
1.743528526276350021e-03
1.743147498928010464e-03
1.742766355164349079e-03
1.742385327816009521e-03
1.742004184052348137e-03
1.741622923873364925e-03
1.741241430863738060e-03
1.740860170684754848e-03
1.740478561259806156e-03
1.740096835419535637e-03
1.739715225994586945e-03
1.739333383738994598e-03
1.738951657898724079e-03
1.738569699227809906e-03
1.738187624141573906e-03
1.737805316224694252e-03
1.737423357553780079e-03
1.737041049636900425e-03
1.736658508889377117e-03
1.736275851726531982e-03
1.735893194563686848e-03
1.735510420985519886e-03
1.735127414576709270e-03
1.734744640998542309e-03
1.734361634589731693e-03
1.733978278934955597e-03
1.733594690449535847e-03
1.733211567625403404e-03
1.732827746309340000e-03
1.732444157823920250e-03
1.732060220092535019e-03
1.731676282361149788e-03
1.731292111799120903e-03
1.730907824821770191e-03
1.730523654259741306e-03
1.730139018036425114e-03
1.729754032567143440e-03
1.729369396343827248e-03
1.728984410874545574e-03
1.728599192574620247e-03
1.728214090690016747e-03
1.727828406728804111e-03
1.727442955598235130e-03
1.727057038806378841e-03
1.726671238429844379e-03
1.726284972392022610e-03
1.725898706354200840e-03
1.725512323901057243e-03
1.725125708617269993e-03
1.724738744087517262e-03
1.724351895973086357e-03
1.723964465782046318e-03
1.723577501252293587e-03
1.723189488984644413e-03
1.722801942378282547e-03
1.722414046525955200e-03
1.722025685012340546e-03
1.721637323498725891e-03
1.721248845569789410e-03
1.720859901979565620e-03
1.720470958389341831e-03
1.720081549137830734e-03
1.719692023470997810e-03
1.719302614219486713e-03
1.718912739306688309e-03
1.718522398732602596e-03
1.718132058158516884e-03
1.717741601169109344e-03
1.717350562103092670e-03
1.716959523037075996e-03
1.716568134725093842e-03
1.716176397167146206e-03
1.715784659609198570e-03
1.715392689220607281e-03
1.715000369586050510e-03
1.714607584290206432e-03
1.714214566163718700e-03
1.713821431621909142e-03
1.713427947834134102e-03
1.713034114800393581e-03
1.712640165351331234e-03
1.712245750240981579e-03
1.711851102299988270e-03
1.711456105113029480e-03
1.711060875095427036e-03
1.710665295831859112e-03
1.710269600152969360e-03
1.709873438812792301e-03
1.709477044641971588e-03
1.709080068394541740e-03
1.708682975731790066e-03
1.708285533823072910e-03
1.707887859083712101e-03
1.707489602267742157e-03
1.707091112621128559e-03
1.706692506559193134e-03
1.706293085590004921e-03
1.705893548205494881e-03
1.705493894405663013e-03
1.705093542113900185e-03
1.704692840576171875e-03
1.704291673377156258e-03
1.703890389762818813e-03
1.703488756902515888e-03
1.703086425550282001e-03
1.702683977782726288e-03
1.702281180769205093e-03
1.701877801679074764e-03
1.701474189758300781e-03
1.701069995760917664e-03
1.700665336102247238e-03
1.700260327197611332e-03
1.699854852631688118e-03
1.699448912404477596e-03
1.699042739346623421e-03
1.698635867796838284e-03
1.698228996247053146e-03
1.697821193374693394e-03
1.697413041256368160e-03
1.697004539892077446e-03
1.696595572866499424e-03
1.696185907348990440e-03
1.695775776170194149e-03
1.695365528576076031e-03
1.694954466074705124e-03
1.694543054327368736e-03
1.694131293334066868e-03
1.693718717433512211e-03
1.693305792286992073e-03
1.692892401479184628e-03
1.692478428594768047e-03
1.692063873633742332e-03
1.691648620180785656e-03
1.691233483143150806e-03
1.690817065536975861e-03
1.690400531515479088e-03
1.689983415417373180e-03
1.689565600827336311e-03
1.689147204160690308e-03
1.688728574663400650e-03
1.688308664597570896e-03
1.687888870947062969e-03
1.687467913143336773e-03
1.687046955339610577e-03
1.686625066213309765e-03
1.686202595010399818e-03
1.685779425315558910e-03
1.685355789959430695e-03
1.684931572526693344e-03
1.684506773017346859e-03
1.684081275016069412e-03
1.683654962107539177e-03
1.683228067122399807e-03
1.682800706475973129e-03
1.682372530922293663e-03
1.681943656876683235e-03
1.681514550000429153e-03
1.681084278970956802e-03
1.680653425864875317e-03
1.680221990682184696e-03
1.679789973422884941e-03
1.679356908425688744e-03
1.678923377767205238e-03
1.678489148616790771e-03
1.678054220974445343e-03
1.677618362009525299e-03
1.677182153798639774e-03
1.676745014265179634e-03
1.676307059824466705e-03
1.675868639722466469e-03
1.675429171882569790e-03
1.674989121966063976e-03
1.674548373557627201e-03
1.674106577411293983e-03
1.673664432018995285e-03
1.673221355304121971e-03
1.672777580097317696e-03
1.672332757152616978e-03
1.671887584961950779e-03
1.671441248618066311e-03
1.670994330197572708e-03
1.670546480454504490e-03
1.670097932219505310e-03
1.669648569077253342e-03
1.669198391027748585e-03
1.668747514486312866e-03
1.668295706622302532e-03
1.667843200266361237e-03
1.667389646172523499e-03
1.666935510002076626e-03
1.666480442509055138e-03
1.666024560108780861e-03
1.665567746385931969e-03
1.665110234171152115e-03
1.664651907049119473e-03
1.664192532189190388e-03
1.663732575252652168e-03
1.663271686993539333e-03
1.662809983827173710e-03
1.662347465753555298e-03
1.661884132772684097e-03
1.661419635638594627e-03
1.660954672843217850e-03
1.660488662309944630e-03
1.660021836869418621e-03
1.659554080106317997e-03
1.659085624851286411e-03
1.658616238273680210e-03
1.658145920373499393e-03
1.657674554735422134e-03
1.657202956266701221e-03
1.656730077229440212e-03
1.656256266869604588e-03
1.655781758017838001e-03
1.655306434258818626e-03
1.654830412007868290e-03
1.654353342019021511e-03
1.653875340707600117e-03
1.653396757319569588e-03
1.652917126193642616e-03
1.652436680160462856e-03
1.651955419220030308e-03
1.651473459787666798e-03
1.650990336202085018e-03
1.650506746955215931e-03
1.650022109970450401e-03
1.649536890909075737e-03
1.649050740525126457e-03
1.648563775233924389e-03
1.648075878620147705e-03
1.647587399929761887e-03
1.647097989916801453e-03
1.646607997827231884e-03
1.646117190830409527e-03
1.645625452511012554e-03
1.645133248530328274e-03
1.644639996811747551e-03
1.644146163016557693e-03
1.643651630729436874e-03
1.643156283535063267e-03
1.642660121433436871e-03
1.642163493670523167e-03
1.641665818169713020e-03
1.641167793422937393e-03
1.640668837353587151e-03
1.640169532038271427e-03
1.639669411815702915e-03
1.639168709516525269e-03
1.638667308725416660e-03
1.638165325857698917e-03
1.637662528082728386e-03
1.637159497477114201e-03
1.636655651964247227e-03
1.636151107959449291e-03
1.635646447539329529e-03
1.635140855796635151e-03
1.634634798392653465e-03
1.634128158912062645e-03
1.633621403016149998e-03
1.633113832212984562e-03
1.632605795748531818e-03
1.632097293622791767e-03
1.631588558666408062e-03
1.631079125218093395e-03
1.630569458939135075e-03
1.630059443414211273e-03
1.629549078643321991e-03
1.629038248211145401e-03
1.628527068533003330e-03
1.628015539608895779e-03
1.627503777854144573e-03
1.626991666853427887e-03
1.626479323022067547e-03
1.625966397114098072e-03
1.625453704036772251e-03
1.624940661713480949e-03
1.624427386559545994e-03
1.623913994990289211e-03
1.623400137759745121e-03
1.622886513359844685e-03
1.622372423298656940e-03
1.621858216822147369e-03
1.621344126760959625e-03
1.620829920284450054e-03
1.620315713807940483e-03
1.619801274500787258e-03
1.619286951608955860e-03
1.618772512301802635e-03
1.618258422240614891e-03
1.617744099348783493e-03
1.617229892872273922e-03
1.616715569980442524e-03
1.616201363503932953e-03
1.615687506273388863e-03
1.615173765458166599e-03
1.614659908227622509e-03
1.614146400243043900e-03
1.613633008673787117e-03
1.613119849935173988e-03
1.612607040442526340e-03
1.612094114534556866e-03
1.611581654287874699e-03
1.611069543287158012e-03
1.610557315871119499e-03
1.610045786947011948e-03
1.609534490853548050e-03
1.609023660421371460e-03
1.608512829989194870e-03
1.608002698048949242e-03
1.607492798939347267e-03
1.606983598321676254e-03
1.606474514119327068e-03
1.605965779162943363e-03
1.605457509867846966e-03
1.604949939064681530e-03
1.604442601092159748e-03
1.603935961611568928e-03
1.603429787792265415e-03
1.602923963218927383e-03
1.602418953552842140e-03
1.601914176717400551e-03
1.601410331204533577e-03
1.600906718522310257e-03
1.600403804332017899e-03
1.599901705048978329e-03
1.599399955011904240e-03
1.598898903466761112e-03
1.598398550413548946e-03
1.597898895852267742e-03
1.597399939782917500e-03
1.596901449374854565e-03
1.596403541043400764e-03
1.595906680449843407e-03
1.595410401932895184e-03
1.594914705492556095e-03
1.594419823959469795e-03
1.593925873748958111e-03
1.593432505615055561e-03
1.592939952388405800e-03
1.592448097653687000e-03
1.591956941410899162e-03
1.591466716490685940e-03
1.590977073647081852e-03
1.590488594956696033e-03
1.590000581927597523e-03
1.589513733051717281e-03
1.589027349837124348e-03
1.588541897945106030e-03
1.588057377375662327e-03
1.587573788128793240e-03
1.587090780958533287e-03
1.586608705110847950e-03
1.586127677001059055e-03
1.585647347383201122e-03
1.585167832672595978e-03
1.584689365699887276e-03
1.584211713634431362e-03
1.583734760060906410e-03
1.583258970640599728e-03
1.582784112542867661e-03
1.582309720106422901e-03
1.581836724653840065e-03
1.581364194862544537e-03
1.580893062055110931e-03
1.580422627739608288e-03
1.579953008331358433e-03
1.579484320245683193e-03
1.579016447067260742e-03
1.578549738042056561e-03
1.578083843924105167e-03
1.577618997544050217e-03
1.577154966071248055e-03
1.576691865921020508e-03
1.576229813508689404e-03
1.575768692418932915e-03
1.575308153405785561e-03
1.574848894961178303e-03
1.574390451423823833e-03
1.573933055624365807e-03
1.573476358316838741e-03
1.573020825162529945e-03
1.572566223330795765e-03
1.572112319990992546e-03
1.571659697219729424e-03
1.571207772940397263e-03
1.570756896398961544e-03
1.570306834764778614e-03
1.569857937283813953e-03
1.569409738294780254e-03
1.568962703458964825e-03
1.568516483530402184e-03
1.568070962093770504e-03
1.567626604810357094e-03
1.567183062434196472e-03
1.566740800626575947e-03
1.566299120895564556e-03
1.565858488902449608e-03
1.565418671816587448e-03
1.564979786053299904e-03
1.564542064443230629e-03
1.564105041325092316e-03
1.563668949529528618e-03
