1.136859133839607239e-01
-2.058479636907577515e-01
1.913330890238285065e-02
5.142302438616752625e-02
-9.837351739406585693e-03
5.406126845628023148e-03
2.082185298204421997e-01
-1.008147820830345154e-01
1.252022385597229004e-01
-1.013913601636886597e-01
-1.761700212955474854e-01
3.219086229801177979e-01
1.496371924877166748e-01
2.769065201282501221e-01
-5.897654592990875244e-02
-2.267009578645229340e-02
-1.410487922839820385e-03
2.272438257932662964e-01
-7.013192027807235718e-02
-2.040824741125106812e-01
2.051017731428146362e-01
5.214508250355720520e-02
-1.720519736409187317e-02
2.192918397486209869e-02
6.123480852693319321e-03
-1.558675989508628845e-02
-2.272538393735885620e-01
-7.896514981985092163e-02
-1.451545357704162598e-01
-1.142526268959045410e-01
2.254718989133834839e-01
-2.326663397252559662e-02
1.898920536041259766e-01
9.656793624162673950e-02
-4.242610931396484375e-02
-2.432827949523925781e-01
1.540444940328598022e-01
-4.691439867019653320e-02
-2.112815231084823608e-01
