-4.600300788879394531e-01
-6.513990759849548340e-01
-4.844673573970794678e-01
-4.514611363410949707e-01
-5.769196152687072754e-01
-6.220049858093261719e-01
-5.574722290039062500e-01
-5.258289575576782227e-01
-7.085839509963989258e-01
-1.986229717731475830e-01
-8.472211956977844238e-01
-6.730418205261230469e-01
-5.261492133140563965e-01
-7.456523776054382324e-01
-8.175478577613830566e-01
-4.076924920082092285e-01
-4.690555334091186523e-01
-6.515263915061950684e-01
-4.398880004882812500e-01
-4.714720249176025391e-01
-3.468182682991027832e-01
-4.570483565330505371e-01
-2.202149182558059692e-01
-1.262243539094924927e-01
-4.381487071514129639e-01
-7.904042005538940430e-01
-4.497269093990325928e-01
-3.558131456375122070e-01
-9.248021841049194336e-01
-5.676982402801513672e-01
-2.975119650363922119e-01
-6.694841980934143066e-01
-6.952718496322631836e-01
-6.998707652091979980e-01
-5.365066528320312500e-01
-4.279376268386840820e-01
-3.019801378250122070e-01
-5.600710511207580566e-01
-5.587373375892639160e-01
-8.360134363174438477e-01
-7.182536721229553223e-01
-6.065514087677001953e-01
-4.585755169391632080e-01
-7.349736094474792480e-01
-7.053422927856445312e-01
-8.355118632316589355e-01
-2.281013131141662598e-01
-2.688788473606109619e-01
-3.172217905521392822e-01
-2.919197082519531250e-01
-4.693534076213836670e-01
-7.139744162559509277e-01
-3.044312000274658203e-01
-2.581128180027008057e-01
-7.899787425994873047e-01
-2.781205773353576660e-01
-2.501637041568756104e-01
-6.365153789520263672e-01
-4.451018273830413818e-01
-7.654886245727539062e-01
-7.460746765136718750e-01
-5.076576471328735352e-01
-8.383517861366271973e-01
-2.836534678936004639e-01
-4.496345221996307373e-01
-5.855059623718261719e-01
-6.092699170112609863e-01
-1.193466782569885254e-01
-4.870519936084747314e-01
-3.875634074211120605e-01
-2.857392132282257080e-01
-4.200856387615203857e-01
-4.883834719657897949e-01
-3.118824064731597900e-01
-3.310378491878509521e-01
-9.271193146705627441e-01
-3.213970363140106201e-01
-5.034413933753967285e-01
-4.196091592311859131e-01
-4.293966591358184814e-01
-3.203966617584228516e-01
-5.239478349685668945e-01
-4.049327969551086426e-01
-4.034911394119262695e-01
-3.148344755172729492e-01
-1.934223473072052002e-01
-3.449207246303558350e-01
-8.170317411422729492e-01
-2.321469485759735107e-01
-5.152140855789184570e-01
-5.408457517623901367e-01
-2.885522544384002686e-01
-3.375777602195739746e-01
-7.038995623588562012e-01
-4.811912477016448975e-01
-4.966032803058624268e-01
-6.390938162803649902e-01
-2.323558479547500610e-01
-9.761539101600646973e-01
-5.035282969474792480e-01
