-2.353072315454483032e-01
3.542581200599670410e-01
-1.051759943366050720e-01
2.103096339851617813e-03
-2.134867571294307709e-02
-5.849490314722061157e-02
-1.009748056530952454e-01
-1.943957060575485229e-02
9.424579888582229614e-02
1.126075237989425659e-01
1.595301181077957153e-01
2.413739413022994995e-01
-5.470041930675506592e-02
1.841876655817031860e-01
6.641895743086934090e-04
6.256105005741119385e-02
9.958732128143310547e-02
-9.600363671779632568e-02
-3.639029338955879211e-02
3.295510411262512207e-01
1.565082669258117676e-01
-8.655812591314315796e-03
4.519696906208992004e-02
-2.997598424553871155e-02
9.017319977283477783e-02
1.231970638036727905e-01
-3.229775130748748779e-01
7.389623671770095825e-02
7.331226766109466553e-02
-1.496232394129037857e-02
5.878253653645515442e-02
-1.301530748605728149e-01
9.996430575847625732e-02
1.365807801485061646e-01
2.495140731334686279e-01
1.901251673698425293e-01
3.021986968815326691e-02
-2.948033995926380157e-02
-9.849006682634353638e-02
-3.055870346724987030e-02
8.901954442262649536e-02
4.950422421097755432e-02
