3.022702336311340332e-01
1.397807002067565918e-01
-1.781192608177661896e-02
1.195874512195587158e-01
-1.393266022205352783e-01
2.755816280841827393e-02
-1.398907750844955444e-01
1.248507946729660034e-02
2.376037836074829102e-02
1.108567714691162109e-01
1.217855811119079590e-01
2.791586704552173615e-02
-1.453469246625900269e-01
1.843935847282409668e-01
1.038357540965080261e-01
8.750728517770767212e-02
3.476721942424774170e-01
8.506850153207778931e-02
5.353927612304687500e-02
2.081803083419799805e-01
-1.745645143091678619e-02
9.967265650629997253e-03
-1.189045235514640808e-01
-1.428383737802505493e-01
1.602792888879776001e-01
-4.171410575509071350e-02
1.203587204217910767e-01
6.544160842895507812e-02
1.341689284890890121e-02
-2.864905633032321930e-02
1.505809277296066284e-01
-7.810267060995101929e-02
5.651616677641868591e-02
-3.873637691140174866e-02
1.087421625852584839e-01
1.521693319082260132e-01
7.095638662576675415e-02
1.520502716302871704e-01
1.223596706986427307e-01
2.378222346305847168e-01
7.013667491264641285e-04
4.968017712235450745e-02
