-2.687984108924865723e-01
-2.164124101400375366e-01
-3.151043057441711426e-01
-3.966747969388961792e-02
-2.981404662132263184e-01
-1.987354606389999390e-01
-3.127987384796142578e-01
-4.214640557765960693e-01
-1.447634249925613403e-01
-3.371285796165466309e-01
-5.373967289924621582e-01
-3.961033523082733154e-01
-4.806236326694488525e-01
-6.959533691406250000e-01
-2.319238483905792236e-01
-4.425716698169708252e-01
-1.533531397581100464e-01
-4.397039115428924561e-01
-2.060962319374084473e-01
-6.390401124954223633e-01
-9.678587317466735840e-02
-6.420669704675674438e-02
-3.387891650199890137e-01
-3.471333682537078857e-01
-1.803985536098480225e-01
-2.423910647630691528e-01
-1.079514026641845703e-01
-3.910055756568908691e-01
-6.601654887199401855e-01
-4.437340199947357178e-01
-3.681982457637786865e-01
-5.823090672492980957e-01
-4.296941757202148438e-01
-4.091842770576477051e-01
-5.651110410690307617e-01
-2.815445959568023682e-01
-3.603526651859283447e-01
-2.587526142597198486e-01
-2.868362367153167725e-01
-4.498946070671081543e-01
-1.689678877592086792e-01
-4.539187252521514893e-01
-4.146010056138038635e-02
-3.172754049301147461e-01
-7.654822617769241333e-02
-3.395094573497772217e-01
-4.453555643558502197e-01
-1.772607266902923584e-01
-3.797676861286163330e-01
-5.439966320991516113e-01
-5.660356283187866211e-01
-5.536607503890991211e-01
-2.916306555271148682e-01
-6.565042734146118164e-01
-3.539523780345916748e-01
-3.923244476318359375e-01
-2.503812015056610107e-01
-4.833103120326995850e-01
-5.140411257743835449e-01
-1.762750446796417236e-01
-7.121846079826354980e-01
-5.176023840904235840e-01
-1.561673432588577271e-01
-6.177265644073486328e-01
-1.210930496454238892e-01
-3.766999840736389160e-01
-3.585825264453887939e-01
-5.970820188522338867e-01
-6.422569155693054199e-01
-2.687674462795257568e-01
-3.139831423759460449e-01
-4.837323725223541260e-01
-6.562711596488952637e-01
-3.288607895374298096e-01
-5.707796812057495117e-01
-3.147289454936981201e-01
-4.679059982299804688e-01
-3.822429180145263672e-01
-4.756599962711334229e-01
-2.778938412666320801e-01
-4.695720672607421875e-01
-3.354376852512359619e-01
-4.102219045162200928e-01
-4.441831707954406738e-01
-5.465089082717895508e-01
-2.921916246414184570e-01
-7.265400141477584839e-02
-3.692556321620941162e-01
-5.112227797508239746e-01
-2.935239858925342560e-02
-6.341452598571777344e-01
-2.082352042198181152e-01
-5.720928683876991272e-02
-3.111300170421600342e-01
-4.493080973625183105e-01
-3.650608360767364502e-01
-8.687629699707031250e-01
-4.550575613975524902e-01
-5.939040184020996094e-01
-7.127685546875000000e-01
