-5.305327773094177246e-01
-5.629324913024902344e-01
-5.594323873519897461e-01
-5.947840809822082520e-01
-3.217039108276367188e-01
-4.309659004211425781e-01
-5.566457509994506836e-01
-2.386125475168228149e-01
-3.186865448951721191e-01
-5.412124395370483398e-01
-6.286856532096862793e-01
-6.070855855941772461e-01
-2.595812380313873291e-01
-4.407407045364379883e-01
-5.899034738540649414e-01
-7.990776300430297852e-01
-4.230088889598846436e-01
-7.629484534263610840e-01
-5.533710122108459473e-01
-6.095837950706481934e-01
-4.332613348960876465e-01
-3.577584922313690186e-01
-3.062005937099456787e-01
-3.802078962326049805e-01
-4.663986563682556152e-01
-5.278270244598388672e-01
-3.736557662487030029e-01
-4.974477887153625488e-01
-5.654007196426391602e-01
-7.344426512718200684e-01
-8.165837526321411133e-01
-8.028651475906372070e-01
-2.599107921123504639e-01
-9.817742556333541870e-02
-3.114109039306640625e-01
-5.335979461669921875e-01
-2.533225715160369873e-01
-4.098156094551086426e-01
-5.118582844734191895e-01
-6.053970456123352051e-01
-5.610044002532958984e-01
-5.747195482254028320e-01
-4.035573303699493408e-01
-3.817538321018218994e-01
-3.489074110984802246e-01
-6.048314571380615234e-01
-3.959297537803649902e-01
-4.136470258235931396e-01
-2.453244030475616455e-01
-4.342600405216217041e-01
-6.767737269401550293e-01
-3.999081850051879883e-01
-8.997477293014526367e-01
-6.713747382164001465e-01
-6.048644781112670898e-01
-4.378076493740081787e-01
-3.566352725028991699e-01
-7.294831275939941406e-01
-3.277681767940521240e-01
-3.798551857471466064e-01
-6.066593527793884277e-01
-5.496239662170410156e-01
-5.590163469314575195e-01
-5.768129825592041016e-01
-5.234875082969665527e-01
-6.420829296112060547e-01
-4.196258485317230225e-01
-4.869932234287261963e-01
-7.475407123565673828e-01
-1.109101623296737671e-01
-5.058125853538513184e-01
-8.497639298439025879e-01
-7.277731299400329590e-01
-3.522325158119201660e-01
-4.687700867652893066e-01
-5.178862810134887695e-01
-5.604789853096008301e-01
-4.303518235683441162e-01
-4.287960231304168701e-01
-5.886856913566589355e-01
-1.709786802530288696e-01
-1.854196935892105103e-01
-2.222808003425598145e-01
-6.273224949836730957e-01
-8.909710645675659180e-01
-5.629391074180603027e-01
-2.109500169754028320e-01
-3.333804607391357422e-01
-5.786268711090087891e-01
-7.431604862213134766e-01
-3.012744188308715820e-01
-3.226241767406463623e-01
-3.440874218940734863e-01
-7.126890420913696289e-01
-4.264607429504394531e-01
-4.457634687423706055e-01
-4.934475719928741455e-01
-5.175386667251586914e-01
-5.167316794395446777e-01
-7.887654304504394531e-01
