9.129051864147186279e-02
2.516231499612331390e-03
4.448253661394119263e-02
-2.827103994786739349e-02
2.354862727224826813e-02
1.536046266555786133e-01
6.441885977983474731e-02
9.420775622129440308e-02
-2.917894721031188965e-02
-1.261552330106496811e-02
3.287130966782569885e-02
-1.788872666656970978e-02
8.886121958494186401e-02
2.940935455262660980e-02
1.790176182985305786e-01
-6.022544950246810913e-02
6.608469039201736450e-02
1.528756469488143921e-01
-6.537224166095256805e-03
-1.492134630680084229e-01
-7.504994422197341919e-02
-3.728005290031433105e-02
2.555951476097106934e-01
-1.442012786865234375e-01
1.024700552225112915e-01
9.433954209089279175e-02
6.037797406315803528e-02
-1.915976032614707947e-02
4.731724038720130920e-02
4.128706641495227814e-03
-1.676550880074501038e-02
1.478297412395477295e-01
-9.028293192386627197e-03
-2.986420691013336182e-02
1.149272248148918152e-01
-6.085429713129997253e-02
8.264723420143127441e-02
9.334117174148559570e-02
-1.247134581208229065e-01
9.224639274179935455e-03
8.778391405940055847e-03
3.216678649187088013e-02
6.041693687438964844e-02
