-3.497101366519927979e-02
-1.998762786388397217e-01
3.765283524990081787e-02
1.307553797960281372e-01
6.629588454961776733e-02
4.251030460000038147e-02
-1.075956411659717560e-02
1.628438532352447510e-01
1.466649323701858521e-01
1.608336865901947021e-01
-5.503306165337562561e-02
-1.877923868596553802e-02
1.619661152362823486e-01
-2.824069373309612274e-02
1.156862303614616394e-01
7.079576700925827026e-02
-6.792753934860229492e-02
2.204883098602294922e-02
2.310102283954620361e-01
7.164824008941650391e-02
2.803225815296173096e-02
1.842762529850006104e-01
-2.960427850484848022e-02
1.571270972490310669e-01
7.862128317356109619e-02
2.178276330232620239e-02
7.820816338062286377e-02
1.182146817445755005e-01
-1.090522781014442444e-01
-1.033699065446853638e-01
-1.907448619604110718e-01
1.260507106781005859e-01
2.448686063289642334e-01
5.493852496147155762e-02
8.115650713443756104e-02
-1.814464107155799866e-02
-6.938668340444564819e-02
9.161682426929473877e-02
1.074885576963424683e-01
2.317988425493240356e-01
1.917584985494613647e-01
