-5.155013799667358398e-01
-3.341265618801116943e-01
-7.639663219451904297e-01
-5.750411748886108398e-01
-2.843647003173828125e-01
-5.690522193908691406e-01
-5.642061829566955566e-01
-6.573229432106018066e-01
-6.058914065361022949e-01
-5.566990375518798828e-01
-9.333840012550354004e-01
-3.911580145359039307e-01
-3.987032771110534668e-01
-5.817326307296752930e-01
-5.133898258209228516e-01
-7.185839414596557617e-01
-6.062287092208862305e-01
-5.212619304656982422e-01
-2.002549171447753906e-01
-7.773463726043701172e-01
-2.453609406948089600e-01
-6.538897752761840820e-01
-4.990621507167816162e-01
-7.833044528961181641e-01
-7.293235659599304199e-01
-7.002013325691223145e-01
-5.725212097167968750e-01
-3.014636933803558350e-01
-4.834045171737670898e-01
-4.760123193264007568e-01
-9.267138242721557617e-01
-3.181146681308746338e-01
-5.600060820579528809e-01
-3.401271402835845947e-01
-5.225490927696228027e-01
-8.764129281044006348e-01
-3.103955090045928955e-01
-8.780300617218017578e-02
-4.605566263198852539e-01
-2.860108911991119385e-01
-2.338577657938003540e-01
-5.611251592636108398e-01
-7.136991620063781738e-01
-7.529137730598449707e-01
-5.793865919113159180e-01
-8.207812309265136719e-01
-5.368544459342956543e-01
-5.934385061264038086e-01
-8.662919402122497559e-01
-5.597580075263977051e-01
-8.047310709953308105e-01
-4.971001148223876953e-01
-5.359387993812561035e-01
-7.064176797866821289e-01
-4.381529688835144043e-01
1.233158074319362640e-02
-4.746887683868408203e-01
-9.117827415466308594e-01
-4.752836227416992188e-01
-7.567730545997619629e-01
-1.027641057968139648e+00
-4.395306110382080078e-01
-6.284571886062622070e-01
-6.853979825973510742e-02
-8.973302841186523438e-01
-4.072190821170806885e-01
-7.957191467285156250e-01
-2.647242844104766846e-01
-6.514580845832824707e-01
-5.600067377090454102e-01
-7.324148416519165039e-01
-8.332674503326416016e-01
-7.131595611572265625e-01
-7.153695225715637207e-01
-1.714772731065750122e-01
-4.786192178726196289e-01
-6.616270542144775391e-01
-2.590720057487487793e-01
-4.187867939472198486e-01
-4.755636155605316162e-01
-6.244156360626220703e-01
-5.329264402389526367e-01
-2.958756089210510254e-01
-6.624228358268737793e-01
-7.082922458648681641e-01
-7.807985544204711914e-01
-4.707521498203277588e-01
-2.944829463958740234e-01
-8.121393918991088867e-01
-4.460329413414001465e-01
-7.138784527778625488e-01
-3.906125724315643311e-01
-5.593852400779724121e-01
-3.915794789791107178e-01
-8.060282468795776367e-01
-2.920315563678741455e-01
-9.771552085876464844e-01
-4.557509422302246094e-01
-6.648841500282287598e-01
-7.565893530845642090e-01
