-6.615265607833862305e-01
-6.269554495811462402e-01
-5.582181215286254883e-01
-5.459195375442504883e-01
-6.293531656265258789e-01
-7.481415271759033203e-01
-5.223450660705566406e-01
-5.645710229873657227e-01
-3.617464005947113037e-01
-4.321358203887939453e-01
-6.153562068939208984e-01
-5.391551852226257324e-01
-4.918046295642852783e-01
-3.893520832061767578e-01
-2.520115673542022705e-01
-2.545726895332336426e-01
-8.572009801864624023e-01
-7.519469857215881348e-01
-9.917482137680053711e-01
-6.313170194625854492e-01
-4.914962649345397949e-01
-3.753979206085205078e-01
-6.196067929267883301e-01
-4.888375103473663330e-01
-7.300026416778564453e-01
-2.285138368606567383e-01
-5.004099607467651367e-01
-3.790114521980285645e-01
-5.599128603935241699e-01
-5.247025489807128906e-01
-3.523000776767730713e-01
-3.056672811508178711e-01
-2.388455420732498169e-01
-7.956092357635498047e-01
-4.981687068939208984e-01
-3.975555300712585449e-01
-3.887478113174438477e-01
-6.822813153266906738e-01
-6.724296212196350098e-01
-8.063733577728271484e-01
-2.872338294982910156e-01
-3.367997705936431885e-01
-6.350674033164978027e-01
-8.841484785079956055e-01
-8.186331987380981445e-01
-1.779770702123641968e-01
-5.311741828918457031e-01
-6.846147775650024414e-01
-5.999878644943237305e-01
-3.755458891391754150e-01
-2.719095051288604736e-01
-5.889618992805480957e-01
-6.684302091598510742e-01
-4.880402684211730957e-01
-5.730039477348327637e-01
-4.479680657386779785e-01
-3.684458136558532715e-01
-7.408297061920166016e-01
-5.858001112937927246e-01
-3.917727172374725342e-01
-6.506001949310302734e-01
-4.504384696483612061e-01
-5.743330121040344238e-01
-4.864116013050079346e-01
-4.588216245174407959e-01
-6.856589913368225098e-01
-6.206145882606506348e-01
-6.059121489524841309e-01
-6.271849870681762695e-01
-4.925998151302337646e-01
-5.852816700935363770e-01
-5.370841622352600098e-01
-7.045935392379760742e-01
-5.966156721115112305e-01
-3.366982042789459229e-01
-4.303914606571197510e-01
-8.983958959579467773e-01
-1.667947471141815186e-01
-4.254763722419738770e-01
-6.230077147483825684e-01
-3.329253196716308594e-01
-6.000468134880065918e-01
-1.143623068928718567e-01
-8.042066544294357300e-02
-4.505713880062103271e-01
-5.102473497390747070e-01
-3.590769171714782715e-01
-5.166694521903991699e-01
-7.777724862098693848e-01
-4.289691746234893799e-01
-4.284766316413879395e-01
-2.741633951663970947e-01
-7.318822741508483887e-01
-2.158332020044326782e-01
-4.352589547634124756e-01
-7.375289201736450195e-01
-7.006332278251647949e-01
-4.358610212802886963e-01
-6.501498222351074219e-01
-5.483955144882202148e-01
