-7.514026015996932983e-02
-4.610502719879150391e-01
-4.046151041984558105e-01
-1.256366819143295288e-01
-3.987824022769927979e-01
-8.210769295692443848e-02
-5.180181860923767090e-01
-2.802689075469970703e-01
-4.249273538589477539e-01
-1.968736946582794189e-01
-3.322816193103790283e-01
-4.005185365676879883e-01
-2.232706993818283081e-01
-4.082557857036590576e-01
-4.087645113468170166e-01
-3.758256435394287109e-01
-4.923045337200164795e-01
-2.438437789678573608e-01
-4.451312124729156494e-01
-3.138240277767181396e-01
-2.896932959556579590e-01
-2.827864885330200195e-01
-4.415339529514312744e-01
-2.426814883947372437e-01
-5.465128421783447266e-01
-3.990141302347183228e-02
-3.797314167022705078e-01
-3.723898828029632568e-01
-1.812411397695541382e-01
-3.500322401523590088e-01
-5.509685873985290527e-01
-1.418153196573257446e-01
-3.507655858993530273e-01
-4.135850667953491211e-01
-3.340464830398559570e-01
-4.468657970428466797e-01
-8.210265636444091797e-02
-3.819856941699981689e-01
-1.342272013425827026e-01
-8.335594087839126587e-03
-1.259801983833312988e-01
-5.005656480789184570e-01
-3.418315351009368896e-01
-4.537268280982971191e-01
-2.205068618059158325e-02
-2.564885616302490234e-01
-4.974076747894287109e-01
-1.184279397130012512e-01
-2.350475639104843140e-01
-3.011321462690830231e-02
1.612207479774951935e-02
-3.643127679824829102e-01
-4.302313625812530518e-01
-2.487100809812545776e-01
-2.793883681297302246e-01
-2.644409239292144775e-01
-2.721217572689056396e-01
-2.533632218837738037e-01
-2.545654475688934326e-01
-2.345484644174575806e-01
-4.501244127750396729e-01
-1.501660197973251343e-01
-3.815765678882598877e-01
-2.628595829010009766e-01
-3.946135640144348145e-01
-2.665322646498680115e-02
-4.975835978984832764e-01
-1.958447396755218506e-01
-4.126984477043151855e-01
-2.003370821475982666e-01
-5.010638236999511719e-01
-9.916310012340545654e-02
-3.270649909973144531e-01
-2.288258820772171021e-01
-1.732660233974456787e-01
-4.974500834941864014e-01
-1.957834810018539429e-01
3.202727064490318298e-02
-3.489993512630462646e-01
-4.142797589302062988e-01
-5.370574593544006348e-01
-3.627783954143524170e-01
-2.886568903923034668e-01
-1.713230162858963013e-01
-1.808376312255859375e-01
-3.002829551696777344e-01
-3.796839714050292969e-01
-2.857868969440460205e-01
-4.663154482841491699e-01
-2.508972585201263428e-01
-3.328862786293029785e-01
-1.814473420381546021e-01
-3.820151090621948242e-01
-4.030346572399139404e-01
-3.167246878147125244e-01
-3.323805332183837891e-01
-5.716827511787414551e-01
-3.112965524196624756e-01
-4.444353282451629639e-01
-2.962998747825622559e-01
