-6.986407637596130371e-01
-5.632876753807067871e-01
-6.802229881286621094e-01
-7.419005036354064941e-01
-5.031371116638183594e-01
-8.599404692649841309e-01
-5.016235709190368652e-01
-2.896307706832885742e-01
-1.783924102783203125e-01
-5.368445515632629395e-01
-6.405100822448730469e-01
-7.161608338356018066e-01
-6.292939782142639160e-01
-2.514710128307342529e-01
-5.178726315498352051e-01
-2.721571624279022217e-01
-3.788784742355346680e-01
-6.777859330177307129e-01
-5.467609167098999023e-01
-6.604087352752685547e-01
-5.313446521759033203e-01
-7.963231801986694336e-01
-4.078285992145538330e-01
-8.023616671562194824e-01
-6.956560611724853516e-01
-3.433422148227691650e-01
-7.578023076057434082e-01
-4.411051273345947266e-01
-7.932521700859069824e-01
-1.935817152261734009e-01
-5.279482007026672363e-01
-6.377335190773010254e-01
-5.552731156349182129e-01
-5.267369151115417480e-01
-7.693392634391784668e-01
-4.970687627792358398e-01
-5.937032103538513184e-01
-5.515869855880737305e-01
-5.423987507820129395e-01
-5.518638491630554199e-01
-8.096880316734313965e-01
-3.900068700313568115e-01
-5.071393847465515137e-01
-7.381961345672607422e-01
-5.768131017684936523e-01
-7.024028897285461426e-01
-6.292638778686523438e-01
-4.890713989734649658e-01
-4.501482844352722168e-01
-4.440950155258178711e-01
-4.302887022495269775e-01
-5.642443895339965820e-01
-7.258901596069335938e-01
-1.730652451515197754e-01
-5.114724040031433105e-01
-7.770490646362304688e-01
-6.448240876197814941e-01
-5.667008161544799805e-01
-8.112449645996093750e-01
-7.477450370788574219e-01
-3.091070353984832764e-01
-2.259089946746826172e-01
-5.106416344642639160e-01
-7.367306351661682129e-01
-6.937353610992431641e-01
-5.196062326431274414e-01
-7.231708765029907227e-01
-4.994579553604125977e-01
-4.225289821624755859e-01
-6.060511469841003418e-01
-3.425249159336090088e-01
-4.315753877162933350e-01
-9.149655103683471680e-01
-5.212953090667724609e-01
-3.517237901687622070e-01
-8.060962557792663574e-01
-4.718092083930969238e-01
-8.009296059608459473e-01
-1.708568930625915527e-01
-8.346230983734130859e-01
-8.897383809089660645e-01
-7.118288874626159668e-01
-5.682182312011718750e-01
-2.341920286417007446e-01
-7.364702224731445312e-01
-6.200653910636901855e-01
-2.654124200344085693e-01
-3.162806332111358643e-01
-5.673458576202392578e-01
-8.603434562683105469e-01
-6.817747354507446289e-01
-3.453909158706665039e-01
-5.918565988540649414e-01
-4.046468436717987061e-01
-5.615379810333251953e-01
-9.636971354484558105e-01
-2.860542237758636475e-01
-2.096655219793319702e-01
-7.528843879699707031e-01
-7.253308296203613281e-01
