4.432793706655502319e-03
1.439968198537826538e-01
2.782975323498249054e-02
1.373519282788038254e-02
1.450760066509246826e-01
1.111195012927055359e-01
6.747232377529144287e-02
-2.206385433673858643e-01
-3.466076031327247620e-02
-3.725856915116310120e-02
6.662388145923614502e-02
-6.870495527982711792e-02
3.858425840735435486e-02
1.658284962177276611e-01
-7.011682540178298950e-02
7.849168032407760620e-02
2.080318182706832886e-01
9.865816682577133179e-02
1.649889647960662842e-01
7.156398147344589233e-02
1.018660813570022583e-01
3.841864690184593201e-02
-6.047414243221282959e-02
-1.066907644271850586e-01
9.821043908596038818e-02
3.378890454769134521e-01
1.036284491419792175e-01
-2.988377213478088379e-02
4.887533932924270630e-02
8.313074707984924316e-02
9.923844598233699799e-03
-7.196409255266189575e-02
4.317592456936836243e-02
1.411354392766952515e-01
6.614545732736587524e-02
-4.772559180855751038e-02
4.608014598488807678e-03
-9.709757566452026367e-02
-1.635397411882877350e-02
1.466320711188018322e-03
1.397349387407302856e-01
