-5.659855008125305176e-01
-8.554493188858032227e-01
-4.773252010345458984e-01
-8.473965525627136230e-01
-4.838586747646331787e-01
-5.329569578170776367e-01
-3.040434420108795166e-01
-4.488354623317718506e-01
-4.182296693325042725e-01
-5.338116288185119629e-01
-4.670322835445404053e-01
-6.520611047744750977e-01
-6.738710403442382812e-01
-4.037278592586517334e-01
-3.381031453609466553e-01
-7.026947736740112305e-01
-7.535468935966491699e-01
-4.806822240352630615e-01
-3.717421591281890869e-01
-3.877998888492584229e-01
-4.626488089561462402e-01
-3.816931247711181641e-01
-6.713544726371765137e-01
-8.172987103462219238e-01
-6.170248389244079590e-01
-3.067150413990020752e-01
-2.105942666530609131e-01
-4.615983366966247559e-01
-7.955254912376403809e-01
-5.455994606018066406e-01
-6.837585568428039551e-01
-3.090770244598388672e-01
-6.463321447372436523e-01
-1.453230828046798706e-01
-3.945825099945068359e-01
-7.221839427947998047e-01
-8.594341874122619629e-01
-7.015450596809387207e-01
-5.157519578933715820e-01
-4.096824526786804199e-01
-8.811628818511962891e-01
-2.998630404472351074e-01
-4.672660231590270996e-01
-4.684260487556457520e-01
-7.185207605361938477e-01
-5.470899343490600586e-01
-6.956231594085693359e-01
-6.691843867301940918e-01
-6.132822632789611816e-01
-5.326218008995056152e-01
-2.707793116569519043e-01
-6.583726406097412109e-01
-5.563442111015319824e-01
-7.608552575111389160e-01
-4.045333266258239746e-01
-6.915487647056579590e-01
-7.297797203063964844e-01
-8.190502226352691650e-02
-2.557678520679473877e-01
-6.278051137924194336e-01
-6.275402307510375977e-01
-7.383455634117126465e-01
-6.548876166343688965e-01
-3.800173103809356689e-01
-4.096023738384246826e-01
-3.357068300247192383e-01
-4.490093290805816650e-01
-7.818950414657592773e-01
-1.502971649169921875e-01
-7.243971228599548340e-01
-6.793652772903442383e-01
-2.864970862865447998e-01
-6.592100262641906738e-01
-4.184634983539581299e-01
-4.567585587501525879e-01
-3.582596182823181152e-01
-3.622107207775115967e-01
-6.294600963592529297e-01
-3.546389639377593994e-01
-6.419247984886169434e-01
-5.214096903800964355e-01
-7.317038178443908691e-01
-5.513520836830139160e-01
-8.578464984893798828e-01
-1.976983398199081421e-01
-6.914648413658142090e-01
-3.728952109813690186e-01
-9.590907692909240723e-01
-4.798428118228912354e-01
-7.801278829574584961e-01
-3.092297315597534180e-01
-6.665621995925903320e-01
-1.622676700353622437e-01
-2.642712593078613281e-01
-4.586032032966613770e-01
-6.777252554893493652e-01
-3.872179388999938965e-01
-6.063464283943176270e-01
-1.878691464662551880e-01
-6.945982575416564941e-01
