-3.055649809539318085e-03
1.712857037782669067e-01
6.224698200821876526e-02
1.444432735443115234e-01
1.093990355730056763e-01
2.905364707112312317e-02
-1.173885911703109741e-01
2.388264797627925873e-02
-1.387443989515304565e-01
1.478542089462280273e-01
-1.370387524366378784e-01
-3.915681689977645874e-02
9.410369396209716797e-02
-1.814949363470077515e-01
-6.161379441618919373e-02
2.548276185989379883e-01
6.416512280702590942e-02
8.637630939483642578e-02
-1.052655875682830811e-01
1.187735870480537415e-01
3.221601713448762894e-03
-1.278918087482452393e-01
2.031486481428146362e-02
1.269703507423400879e-01
8.833935111761093140e-02
1.009503155946731567e-01
3.796547278761863708e-02
-2.088220715522766113e-01
1.911166310310363770e-01
-1.155866160988807678e-01
3.473452478647232056e-02
8.951703086495399475e-03
-1.185526698827743530e-01
-7.206464558839797974e-02
9.047146141529083252e-02
7.283039391040802002e-02
-1.414631754159927368e-01
1.871675997972488403e-01
6.598776578903198242e-02
