-2.446564137935638428e-01
-4.329372346401214600e-01
-1.623712033033370972e-01
-4.129458963871002197e-01
-1.062490344047546387e-01
-4.988839626312255859e-01
-3.820214867591857910e-01
-5.922369360923767090e-01
-3.635081350803375244e-01
-6.224539875984191895e-01
-6.470035910606384277e-01
-6.424673199653625488e-01
-2.004048526287078857e-01
-3.223296105861663818e-01
-4.419791400432586670e-01
-4.920306503772735596e-01
-2.107498981058597565e-02
-3.813743293285369873e-01
-2.632458508014678955e-01
-2.803317010402679443e-01
-5.930957794189453125e-01
-5.583760738372802734e-01
-4.624241888523101807e-01
-1.924352198839187622e-01
-5.053995251655578613e-01
-2.275175750255584717e-01
-6.940218210220336914e-01
-1.772693991661071777e-01
-5.320206880569458008e-01
-2.263836860656738281e-01
-2.838513553142547607e-01
-4.920413792133331299e-01
-2.415797412395477295e-01
-2.924770414829254150e-01
-5.299125909805297852e-01
-5.349676012992858887e-01
-6.569204926490783691e-01
-6.041244864463806152e-01
-5.353212952613830566e-01
-1.855860054492950439e-01
-3.514734208583831787e-01
-4.596066176891326904e-01
-4.175041019916534424e-01
-3.313288688659667969e-01
-3.582839965820312500e-01
-4.735820591449737549e-01
-3.112340271472930908e-01
-2.534012496471405029e-01
-5.266193747520446777e-01
-1.591752171516418457e-01
-3.390160799026489258e-01
-5.902348756790161133e-01
-5.068318843841552734e-01
-3.730047643184661865e-01
-5.159941315650939941e-01
-6.444279551506042480e-01
-2.335383743047714233e-01
-2.420595437288284302e-01
-2.890092432498931885e-01
-5.088800787925720215e-01
-2.999411821365356445e-01
-4.563763141632080078e-01
-1.018750891089439392e-01
-4.470591843128204346e-01
-1.986600309610366821e-01
-6.846246868371963501e-02
-6.029154658317565918e-01
-3.800019025802612305e-01
-5.109013915061950684e-01
-3.207142055034637451e-01
-9.847647696733474731e-02
-2.454179525375366211e-01
-2.493301331996917725e-01
-5.259084701538085938e-01
-3.470763862133026123e-01
-6.931973099708557129e-01
-2.441993057727813721e-01
-1.534669250249862671e-01
-5.181931704282760620e-02
-5.176830291748046875e-01
-5.315013527870178223e-01
-3.258680403232574463e-01
-4.980022311210632324e-01
-2.812649011611938477e-01
-3.086236715316772461e-01
-3.148559927940368652e-01
-1.742071956396102905e-01
-3.200816810131072998e-01
-3.603184223175048828e-01
-2.109219431877136230e-01
-4.704229235649108887e-01
-3.004193902015686035e-01
-3.377093672752380371e-01
-5.045968890190124512e-01
-6.003850102424621582e-01
-4.768047332763671875e-01
-4.138558208942413330e-01
-3.721465766429901123e-01
-3.938364088535308838e-01
-6.528707742691040039e-01
