2.011732310056686401e-01
5.629140511155128479e-02
-7.502251118421554565e-02
-4.242025688290596008e-02
7.345811277627944946e-02
2.061143517494201660e-01
1.036105602979660034e-01
-2.761770784854888916e-01
-8.858600258827209473e-02
-1.240702643990516663e-01
7.401268929243087769e-02
-3.080331161618232727e-02
1.166066806763410568e-02
-2.033622860908508301e-01
-8.682743459939956665e-02
-6.833919137716293335e-02
1.117716506123542786e-01
1.037055253982543945e-01
-2.383741289377212524e-01
-1.296062301844358444e-02
1.620602905750274658e-01
8.322449773550033569e-02
-4.370795562863349915e-02
4.272389039397239685e-02
1.614076793193817139e-01
7.981052994728088379e-02
-1.196270659565925598e-01
-7.027498632669448853e-02
6.090132892131805420e-02
-1.923609524965286255e-01
-4.686107859015464783e-02
-4.085369035601615906e-02
-8.301031589508056641e-02
-5.300392210483551025e-02
-5.641545634716749191e-03
-7.750985026359558105e-02
5.048057436943054199e-02
3.678754717111587524e-02
-8.288291096687316895e-02
