1.968886405229568481e-01
1.433325409889221191e-01
-4.868682473897933960e-02
1.308368593454360962e-01
1.615847647190093994e-02
1.362332850694656372e-01
1.395499557256698608e-01
-6.780830025672912598e-02
2.320687323808670044e-01
1.497705727815628052e-01
-1.442440003156661987e-01
1.827069371938705444e-01
-1.832042448222637177e-02
1.773626208305358887e-01
-7.884614914655685425e-02
2.344728820025920868e-02
4.852429777383804321e-02
1.236370503902435303e-01
1.740362942218780518e-01
-2.118849381804466248e-02
6.651331484317779541e-02
1.219733878970146179e-01
2.160492390394210815e-01
1.047826185822486877e-01
-7.598729431629180908e-02
-5.813861265778541565e-02
-1.274029761552810669e-01
6.479093432426452637e-02
1.860958039760589600e-01
-3.140705451369285583e-02
-5.243558436632156372e-02
-8.075389266014099121e-02
1.979648619890213013e-01
8.590460568666458130e-02
-3.870885446667671204e-02
1.002744361758232117e-01
5.322111770510673523e-03
9.134645760059356689e-02
6.948730349540710449e-02
6.618870049715042114e-02
