-3.476119041442871094e-02
-2.053913027048110962e-01
-5.624266713857650757e-02
-6.211652979254722595e-02
-5.201753228902816772e-02
-6.794995814561843872e-02
-1.044448763132095337e-01
8.826828002929687500e-02
3.244071081280708313e-02
1.365816891193389893e-01
-6.682924926280975342e-02
-9.959656745195388794e-02
6.895983219146728516e-02
-4.241406172513961792e-02
1.174296513199806213e-01
1.351241171360015869e-01
-2.094443328678607941e-02
-1.057987213134765625e-01
8.775969967246055603e-03
2.830574810504913330e-01
5.756042525172233582e-02
-1.612601876258850098e-01
-1.760549396276473999e-01
-6.713793147355318069e-03
-2.030174136161804199e-01
5.048190802335739136e-02
-4.999642074108123779e-02
8.497739583253860474e-02
-1.224369704723358154e-01
-1.609195321798324585e-01
-5.341106653213500977e-02
-1.626262813806533813e-01
9.230424650013446808e-03
2.668447792530059814e-01
-8.646441996097564697e-02
6.510693579912185669e-02
-5.328417290002107620e-03
-1.149642467498779297e-02
1.350915641523897648e-03
-7.803706824779510498e-02
-4.999069124460220337e-02
