-6.390939950942993164e-01
-1.072787865996360779e-01
-5.145689845085144043e-01
-4.149369299411773682e-01
-4.759909808635711670e-01
-4.380519390106201172e-01
-6.048206090927124023e-01
-5.544925332069396973e-01
-5.825018882751464844e-01
-6.246861219406127930e-01
-4.168297052383422852e-01
-3.261869251728057861e-01
-6.524181962013244629e-01
-3.496957123279571533e-01
-4.777286052703857422e-01
-1.684965193271636963e-01
-3.806394636631011963e-01
-6.161951422691345215e-01
-4.044563472270965576e-01
-6.238818168640136719e-01
-4.945864975452423096e-01
-7.976160049438476562e-01
-3.427619636058807373e-01
-2.334100306034088135e-01
-1.044342666864395142e-01
-2.058071941137313843e-01
-2.210790663957595825e-01
-5.465479493141174316e-01
-2.979219853878021240e-01
-3.164414167404174805e-01
-3.565268218517303467e-01
-5.172182917594909668e-01
-2.595334947109222412e-01
-6.153600215911865234e-01
-2.895050942897796631e-01
-5.812388062477111816e-01
-6.818180680274963379e-01
-6.234717965126037598e-01
-2.981201708316802979e-01
-4.982778429985046387e-01
-4.709054529666900635e-01
-4.361366033554077148e-01
-4.349998533725738525e-01
-3.883039951324462891e-01
-3.235429525375366211e-01
-1.368727833032608032e-01
-1.887656301259994507e-01
-4.300400614738464355e-01
-6.916732788085937500e-01
-4.630060493946075439e-01
-3.877127468585968018e-01
-4.021799266338348389e-01
-2.405828535556793213e-01
-4.931504279375076294e-02
-3.058514893054962158e-01
-2.809196412563323975e-01
-1.981259137392044067e-01
-4.957190752029418945e-01
-2.231075316667556763e-01
-2.964537143707275391e-01
-4.585391581058502197e-01
-3.626219630241394043e-01
-2.284939289093017578e-01
-6.172061562538146973e-01
-5.864805579185485840e-01
-3.209731280803680420e-01
-3.783761262893676758e-01
-2.186607271432876587e-01
-3.664439916610717773e-01
-2.387667745351791382e-01
-3.839125037193298340e-01
-2.919161319732666016e-01
-3.829398453235626221e-01
-5.140380263328552246e-01
-2.958196997642517090e-01
-5.617350339889526367e-01
-2.610137462615966797e-01
-3.880929350852966309e-01
-3.174390196800231934e-01
-4.621295630931854248e-01
-4.060286581516265869e-01
-3.152751624584197998e-01
-3.642446994781494141e-01
-2.687504589557647705e-01
-4.671706557273864746e-01
-5.033838152885437012e-01
-3.969626128673553467e-01
-2.758964300155639648e-01
-3.941492140293121338e-01
-4.337457120418548584e-01
-2.249535322189331055e-01
-7.774273753166198730e-01
-1.559766083955764771e-01
-4.878186583518981934e-01
-4.896723926067352295e-01
-4.676176607608795166e-01
-2.083866447210311890e-01
-4.689630866050720215e-01
-4.173030853271484375e-01
-2.659737467765808105e-01
