1.027312725782394409e-01
-2.134782820940017700e-02
3.048837184906005859e-02
9.202101081609725952e-02
1.120715364813804626e-01
1.336789131164550781e-01
1.352299302816390991e-01
-3.346832841634750366e-02
1.070769876241683960e-01
3.592266235500574112e-03
1.521695107221603394e-01
1.214349344372749329e-01
1.045241355895996094e-01
-3.854507580399513245e-02
3.442087024450302124e-02
4.215613752603530884e-02
1.674056500196456909e-01
1.345042586326599121e-01
6.749358773231506348e-02
2.096288092434406281e-02
1.723046153783798218e-01
-2.288895100355148315e-02
-1.277529746294021606e-01
-1.031589508056640625e-01
3.061666898429393768e-02
-2.911289967596530914e-02
2.236067801713943481e-01
-7.986071705818176270e-02
1.111849695444107056e-01
1.695222221314907074e-02
-8.188822865486145020e-02
-4.192251339554786682e-02
5.288498476147651672e-02
8.449194580316543579e-02
6.998344510793685913e-02
-3.557744622230529785e-02
1.239605247974395752e-01
1.475562006235122681e-01
-5.424799770116806030e-02
3.052253127098083496e-01
1.689762026071548462e-01
3.845075890421867371e-02
-1.749050170183181763e-01
