5.590543150901794434e-02
-6.845222413539886475e-02
-9.001851826906204224e-02
1.374817192554473877e-01
8.339243382215499878e-02
-1.319407671689987183e-01
1.058885008096694946e-01
3.114094771444797516e-02
2.094409242272377014e-02
-2.007609307765960693e-01
-7.414100319147109985e-02
-1.079169511795043945e-01
1.082992255687713623e-01
-1.913195550441741943e-01
-8.123414963483810425e-02
-4.058367758989334106e-02
1.366976648569107056e-01
4.070996493101119995e-02
-1.533236652612686157e-01
-1.736750453710556030e-02
8.266987651586532593e-02
8.014648407697677612e-02
-1.238136067986488342e-01
1.533265113830566406e-01
-6.553770601749420166e-02
5.338915809988975525e-02
1.448544114828109741e-02
5.072640255093574524e-02
6.128062307834625244e-02
5.773290758952498436e-04
9.914442896842956543e-03
-7.385224848985671997e-02
-4.892486706376075745e-02
-1.546053290367126465e-01
-2.684089541435241699e-01
5.319380015134811401e-02
2.198506742715835571e-01
-3.416334837675094604e-02
-2.626742236316204071e-02
-2.215960323810577393e-01
6.412477046251296997e-02
-1.937887445092201233e-02
