3.909649699926376343e-02
1.705600768327713013e-01
-3.736383840441703796e-02
8.540755510330200195e-02
-1.136704757809638977e-01
1.285355817526578903e-02
7.617218792438507080e-02
9.098441898822784424e-02
3.423222899436950684e-02
9.121862798929214478e-02
4.470174014568328857e-02
-2.284489758312702179e-02
-1.019163876771926880e-01
9.590397030115127563e-02
8.782059699296951294e-02
2.571719288825988770e-01
-1.365980356931686401e-01
5.819889530539512634e-02
9.466271847486495972e-03
1.588221937417984009e-01
-4.684149101376533508e-02
1.757861077785491943e-01
3.041948564350605011e-02
1.452202647924423218e-01
7.033640146255493164e-02
1.226781308650970459e-01
1.154584996402263641e-02
-1.270102411508560181e-01
2.015622556209564209e-01
8.485267311334609985e-02
-1.319719851016998291e-01
3.407226502895355225e-02
-1.061636116355657578e-02
-1.647461950778961182e-01
-8.800742775201797485e-02
-7.360889017581939697e-02
-4.997604340314865112e-02
9.967976063489913940e-02
-1.159588061273097992e-02
5.181344598531723022e-02
8.041638135910034180e-02
3.326362930238246918e-03
