-5.354456305503845215e-01
-6.669078469276428223e-01
-7.429599761962890625e-01
-3.959605097770690918e-01
-5.452387928962707520e-01
-4.715206027030944824e-01
-4.929160177707672119e-01
-9.366923570632934570e-01
-8.004722595214843750e-01
-4.750927388668060303e-01
-6.433274745941162109e-01
-5.974752902984619141e-01
-9.839642047882080078e-01
-6.291513442993164062e-01
-4.809121489524841309e-01
-7.808809280395507812e-01
-4.975631833076477051e-01
-9.282230734825134277e-01
-9.187100529670715332e-01
-5.222094058990478516e-01
-5.718652606010437012e-01
-3.920204043388366699e-01
-6.609742641448974609e-01
-2.192105352878570557e-01
-8.099114298820495605e-01
-8.222619295120239258e-01
-3.290584683418273926e-01
-4.963946342468261719e-01
-7.391868233680725098e-01
-5.399789810180664062e-01
-7.844933867454528809e-01
-3.283276557922363281e-01
-5.495885014533996582e-01
-9.126148819923400879e-01
-5.821941047906875610e-02
-3.008093237876892090e-01
-5.638591051101684570e-01
-4.383938014507293701e-01
-8.809529542922973633e-01
-4.063290953636169434e-01
-4.088194966316223145e-01
-2.680895030498504639e-01
-4.375092387199401855e-01
-3.966989219188690186e-01
-5.511433482170104980e-01
-6.418352127075195312e-01
-5.322142839431762695e-01
-4.091742336750030518e-01
-3.938404023647308350e-01
-6.161659359931945801e-01
-4.006608426570892334e-01
-6.671744585037231445e-01
-7.903049588203430176e-01
-7.976682782173156738e-01
-6.007323265075683594e-01
-6.663755178451538086e-01
-3.842801153659820557e-01
-8.804399967193603516e-01
-8.316245675086975098e-01
-4.581909477710723877e-01
-4.249710440635681152e-01
-7.143774628639221191e-01
-3.933959305286407471e-01
-3.100597560405731201e-01
-6.151804327964782715e-01
-5.222019553184509277e-01
-5.578784942626953125e-01
-3.780840933322906494e-01
-5.581477880477905273e-01
-5.885439515113830566e-01
-6.562735438346862793e-01
-6.287951469421386719e-01
-2.120493799448013306e-01
-7.601082921028137207e-01
-6.407745480537414551e-01
-5.353325009346008301e-01
-3.349275887012481689e-01
-4.938925504684448242e-01
-4.563074111938476562e-01
-7.995685935020446777e-01
-1.494792252779006958e-01
-4.575309455394744873e-01
-8.601361513137817383e-01
-8.178060054779052734e-01
-6.534547805786132812e-01
-7.703201174736022949e-01
-4.171011447906494141e-01
-6.488534212112426758e-01
-1.025681972503662109e+00
-4.619707763195037842e-01
-8.622748255729675293e-01
-4.207981824874877930e-01
-9.892465174198150635e-02
-6.452289819717407227e-01
-3.261411190032958984e-01
-5.278683900833129883e-01
-4.044176340103149414e-01
-6.328254938125610352e-01
-6.578320264816284180e-01
-3.606279492378234863e-01
