7.785207033157348633e-02
1.334098279476165771e-01
2.837075889110565186e-01
5.154098197817802429e-02
-3.175429701805114746e-01
-1.508868187665939331e-01
-1.156306713819503784e-01
6.113229691982269287e-02
2.075439840555191040e-01
3.240105882287025452e-02
1.077693179249763489e-01
7.985837757587432861e-02
-6.155583262443542480e-02
1.104060187935829163e-02
-1.566078215837478638e-01
-1.886457391083240509e-02
-2.222716510295867920e-01
1.019712015986442566e-01
3.551179170608520508e-02
8.744329959154129028e-02
-4.945933818817138672e-02
2.267151512205600739e-02
-1.192103177309036255e-01
1.462507098913192749e-01
2.519673407077789307e-01
-8.558312058448791504e-02
-9.418211132287979126e-02
6.972505152225494385e-02
-1.284189242869615555e-02
7.975535094738006592e-02
-1.027800366282463074e-01
6.653285771608352661e-02
-7.022286206483840942e-02
2.750558555126190186e-01
7.755498588085174561e-02
7.833873480558395386e-02
-8.337118476629257202e-02
-7.074045017361640930e-03
-9.598612785339355469e-02
1.144753098487854004e-01
9.272521734237670898e-02
4.729895445052534342e-04
