-2.009119391441345215e-01
-4.634862542152404785e-01
-1.574925929307937622e-01
1.223322004079818726e-02
-1.807969659566879272e-01
-5.035772323608398438e-01
-6.200500726699829102e-01
-2.137333154678344727e-01
-3.868504464626312256e-01
-3.795312345027923584e-01
-1.711148768663406372e-01
-2.565763592720031738e-01
-2.456409335136413574e-01
-6.095170974731445312e-01
-2.458693385124206543e-01
-1.310041695833206177e-01
-1.828436553478240967e-01
-6.895185708999633789e-01
-5.340821146965026855e-01
-4.267938733100891113e-01
-4.376567602157592773e-01
-3.879362046718597412e-01
-5.418366789817810059e-01
-3.759263753890991211e-01
-8.320117741823196411e-02
-5.695581436157226562e-01
-2.238513082265853882e-01
-1.978110373020172119e-01
-3.778048157691955566e-01
-1.742276996374130249e-01
-4.644421339035034180e-01
-2.568179070949554443e-01
-4.475482106208801270e-01
-3.826704621315002441e-01
-1.646400541067123413e-01
-3.359231352806091309e-01
-5.595049262046813965e-01
-9.756428003311157227e-02
-5.881516337394714355e-01
-2.221213877201080322e-01
-5.130637884140014648e-01
-4.547397494316101074e-01
-4.269069433212280273e-01
-2.695091068744659424e-01
-6.030089259147644043e-01
-3.903278708457946777e-01
-2.509032487869262695e-01
-3.449185490608215332e-01
-3.839885294437408447e-01
-5.525655150413513184e-01
-3.487595915794372559e-01
-6.386983394622802734e-01
-4.980918467044830322e-01
-3.643954694271087646e-01
-4.822092652320861816e-01
-3.989737927913665771e-01
-3.978300392627716064e-01
-1.832692921161651611e-01
-5.239822268486022949e-01
-4.673602879047393799e-01
-4.186798632144927979e-01
-6.058572530746459961e-01
-2.306140810251235962e-01
-1.614682823419570923e-01
-4.426380097866058350e-01
-2.960746288299560547e-01
-5.615634918212890625e-01
-4.312014281749725342e-01
-5.035261511802673340e-01
-2.795833349227905273e-01
-2.930482625961303711e-01
-5.051431655883789062e-01
-5.096989870071411133e-01
-5.754004120826721191e-01
-3.229538500308990479e-01
-2.467398792505264282e-01
-1.185621395707130432e-01
-1.496649384498596191e-01
-2.716094255447387695e-01
-5.086287856101989746e-01
-5.049544572830200195e-01
-1.322164982557296753e-01
-1.853233277797698975e-01
-3.307080566883087158e-01
-2.456661462783813477e-01
-3.410074114799499512e-01
-5.291500091552734375e-01
-3.747260868549346924e-01
-5.902202725410461426e-01
-2.277801483869552612e-01
-2.791235744953155518e-01
-2.209524065256118774e-01
-1.882438659667968750e-01
-4.552107155323028564e-01
-4.116836786270141602e-01
-2.090986967086791992e-01
-4.468467533588409424e-01
-6.433007717132568359e-01
-1.393678039312362671e-01
-5.405494570732116699e-01
