-7.181810140609741211e-01
-6.694108247756958008e-01
-3.734004497528076172e-01
-5.606927871704101562e-01
-8.600099682807922363e-01
-5.215784907341003418e-01
-4.313897192478179932e-01
-3.592943847179412842e-01
-3.627107441425323486e-01
-3.255261778831481934e-01
8.230363577604293823e-02
-5.502368807792663574e-01
-6.657665967941284180e-01
-1.034633070230484009e-01
-6.721023321151733398e-01
-3.456750214099884033e-01
-6.069250702857971191e-01
-7.616994976997375488e-01
-6.949759125709533691e-01
-8.344267010688781738e-01
-4.197175800800323486e-01
-6.759499907493591309e-01
-5.290219783782958984e-01
-8.539177775382995605e-01
-1.874732226133346558e-01
-6.483495235443115234e-01
-5.795325040817260742e-01
-4.332516491413116455e-01
-3.959014117717742920e-01
-3.632119596004486084e-01
-3.214224874973297119e-01
-8.206535577774047852e-01
-1.073730736970901489e-01
-5.842537879943847656e-01
-2.552201151847839355e-01
-5.890128016471862793e-01
-1.025478363037109375e+00
-4.994780942797660828e-02
-3.611925244331359863e-01
-4.872908294200897217e-01
-5.235150456428527832e-01
-5.557878613471984863e-01
-1.630604863166809082e-01
-7.044276595115661621e-01
-3.801686763763427734e-01
-5.569381117820739746e-01
-4.418575167655944824e-01
-9.869331121444702148e-01
-2.981949448585510254e-01
-4.216385185718536377e-01
-4.244498014450073242e-01
-2.137768119573593140e-01
-7.231059670448303223e-01
-4.395908117294311523e-01
-6.045937538146972656e-01
-5.057743191719055176e-01
-1.020955324172973633e+00
-6.487380266189575195e-01
-5.393343567848205566e-01
-6.168792247772216797e-01
-5.147242546081542969e-01
-9.196218848228454590e-01
-3.951791822910308838e-01
-5.445307493209838867e-01
-4.483584463596343994e-01
-6.341125965118408203e-01
-3.374611735343933105e-01
-3.571575582027435303e-01
-1.286354959011077881e-01
-5.231451988220214844e-01
-8.274894952774047852e-01
-7.469705939292907715e-01
-8.144842982292175293e-01
-5.058403611183166504e-01
-3.887644708156585693e-01
-7.263078093528747559e-01
-6.188145875930786133e-01
-3.456005454063415527e-01
-5.972848534584045410e-01
-2.570374608039855957e-01
-4.766085147857666016e-01
-6.753982305526733398e-01
-4.645875692367553711e-01
-5.060357451438903809e-01
-6.367793679237365723e-01
-5.580286383628845215e-01
-6.667851209640502930e-01
-5.306197404861450195e-01
-5.628926753997802734e-01
-7.256237268447875977e-01
-7.224631309509277344e-01
-3.671964406967163086e-01
-3.980548977851867676e-01
-8.562048524618148804e-02
-1.496978551149368286e-01
-5.962078571319580078e-01
-4.938718676567077637e-01
-7.377774119377136230e-01
-6.487705111503601074e-01
-4.172682464122772217e-01
