-5.945869684219360352e-01
-4.013020396232604980e-01
-6.508787870407104492e-01
-9.305765032768249512e-01
-6.180268526077270508e-01
-2.012136131525039673e-01
-3.786457180976867676e-01
-3.951655030250549316e-01
-5.261633396148681641e-01
-5.201432108879089355e-01
-5.380797386169433594e-01
-5.147063136100769043e-01
-8.553059101104736328e-01
-4.763207733631134033e-01
-5.092146396636962891e-01
-6.265055537223815918e-01
-6.563670635223388672e-01
-1.455084979534149170e-01
-6.379856467247009277e-01
-7.405376434326171875e-01
-5.051969289779663086e-01
-3.109619021415710449e-01
-6.852065920829772949e-01
-6.909298896789550781e-01
-5.371255278587341309e-01
-6.414949893951416016e-01
-2.714808881282806396e-01
-6.172198057174682617e-01
-6.534344553947448730e-01
-5.574426054954528809e-01
-2.437209039926528931e-01
-9.274250268936157227e-01
-5.216309428215026855e-01
-1.332549750804901123e-01
-5.418417453765869141e-01
-1.848433464765548706e-01
-4.941788911819458008e-01
-7.445486783981323242e-01
-7.880352139472961426e-01
-7.727052569389343262e-01
-7.162834405899047852e-01
-5.530356764793395996e-01
-7.881889492273330688e-02
-4.688923358917236328e-01
-4.041530191898345947e-01
-7.255661487579345703e-01
-3.124583959579467773e-01
-8.531676530838012695e-01
-9.210809469223022461e-01
-1.084521412849426270e-01
-3.422702550888061523e-01
-2.760868966579437256e-01
-1.585093289613723755e-01
-8.057457208633422852e-01
-6.737592220306396484e-01
-6.844114065170288086e-01
-4.592163264751434326e-01
-4.648035019636154175e-02
-1.433971375226974487e-01
-8.336830139160156250e-01
-6.268159747123718262e-01
-4.914643168449401855e-01
-3.706633448600769043e-01
-1.523927599191665649e-01
-3.366829454898834229e-01
-5.192950963973999023e-01
-2.897043824195861816e-01
-7.549796700477600098e-01
-7.020635604858398438e-01
-7.441223263740539551e-01
-3.392679095268249512e-01
-8.182531595230102539e-01
-2.028095275163650513e-01
-4.470158517360687256e-01
-6.181457042694091797e-01
-1.131262555718421936e-01
-6.725431084632873535e-01
-3.933877944946289062e-01
-3.316929042339324951e-01
-3.411212861537933350e-01
-3.611918389797210693e-01
-5.448948144912719727e-01
-5.687399506568908691e-01
-2.332889884710311890e-01
-4.117811620235443115e-01
-5.042982697486877441e-01
-6.370213031768798828e-01
3.919705748558044434e-02
-5.975960493087768555e-01
-4.657537937164306641e-01
-4.662505686283111572e-01
-3.682803809642791748e-01
-4.059554040431976318e-01
-6.755951046943664551e-01
-3.409530818462371826e-01
-7.295848727226257324e-01
-8.291364312171936035e-01
-4.915908575057983398e-01
-7.465088963508605957e-01
-3.532012701034545898e-01
