-6.428933739662170410e-01
-6.089149117469787598e-01
-3.379864990711212158e-01
-5.490456819534301758e-01
-6.154202818870544434e-01
-8.010789155960083008e-01
-4.034858644008636475e-01
-5.485730767250061035e-01
-5.205726027488708496e-01
-5.104943513870239258e-01
-5.831695199012756348e-01
-3.730009794235229492e-01
-6.214627623558044434e-01
-5.118468403816223145e-01
-8.664793968200683594e-01
-8.079876899719238281e-01
-4.573127925395965576e-01
-2.367123067378997803e-01
-4.786161482334136963e-01
-3.160848319530487061e-01
-5.167051553726196289e-01
-1.966160684823989868e-01
-6.565539240837097168e-01
-4.844870269298553467e-01
-6.023228764533996582e-01
-7.417358160018920898e-01
-5.549590587615966797e-01
-2.674463987350463867e-01
-3.419588208198547363e-01
-8.305149674415588379e-01
-4.388072788715362549e-01
-7.970271110534667969e-01
-5.198367238044738770e-01
-2.189476341009140015e-01
-4.305891990661621094e-01
-5.989500284194946289e-01
-7.125300168991088867e-01
-6.575892567634582520e-01
-2.176260054111480713e-01
-6.465877890586853027e-01
-7.357980012893676758e-01
-3.099090158939361572e-01
-5.268131494522094727e-01
-5.607101917266845703e-01
-3.786034882068634033e-01
-1.036693692207336426e+00
-3.780065476894378662e-01
-5.269104242324829102e-01
-5.417525768280029297e-01
-5.962109565734863281e-01
-6.174953579902648926e-01
-5.100581645965576172e-01
-7.686687707901000977e-01
-5.171623826026916504e-01
6.032811477780342102e-02
-5.657399296760559082e-01
-5.855366587638854980e-01
-6.647432446479797363e-01
-6.425259709358215332e-01
-5.850750803947448730e-01
-3.337593376636505127e-01
-9.748652577400207520e-01
-4.743755459785461426e-01
-8.800275921821594238e-01
-7.113534808158874512e-01
-6.249033212661743164e-01
-9.534770250320434570e-01
-3.728832006454467773e-01
-2.057826071977615356e-01
-1.602124571800231934e-01
-1.006253480911254883e+00
-4.084250703454017639e-02
-6.315732598304748535e-01
-4.925298392772674561e-01
-4.731695652008056641e-01
-5.426914095878601074e-01
-2.274522334337234497e-01
-3.863618969917297363e-01
-8.267884254455566406e-01
-7.250809073448181152e-01
-5.739766955375671387e-01
-4.299995899200439453e-01
-2.777485549449920654e-01
-6.195811033248901367e-01
-2.280701249837875366e-01
-5.069033503532409668e-01
-2.008340060710906982e-01
-7.453879117965698242e-01
-3.969586193561553955e-01
-8.870527148246765137e-01
-5.041668415069580078e-01
-5.086796879768371582e-01
-6.837447285652160645e-01
-1.938066035509109497e-01
-1.656348258256912231e-01
-4.898418486118316650e-01
-8.832494020462036133e-01
-4.525338411331176758e-01
-6.133464574813842773e-01
-3.924303054809570312e-01
