-3.524381518363952637e-01
-3.211367428302764893e-01
-4.210810661315917969e-01
-4.360034465789794922e-01
-2.786250114440917969e-01
-3.258905112743377686e-01
-4.517727494239807129e-01
-4.877280890941619873e-01
-4.341053664684295654e-01
-3.105137646198272705e-01
-5.392391085624694824e-01
-3.547720015048980713e-01
-3.195737004280090332e-01
-5.776877403259277344e-01
-7.350862622261047363e-01
-2.273434251546859741e-01
-3.780218660831451416e-01
-1.014868766069412231e-01
-3.575315475463867188e-01
-4.526240825653076172e-01
-3.773351013660430908e-01
-4.241131842136383057e-01
-4.361310601234436035e-01
-2.263276576995849609e-01
-4.768851697444915771e-01
-4.624026417732238770e-01
-5.148959904909133911e-02
-2.534078955650329590e-01
-1.916891932487487793e-01
-5.899145007133483887e-01
-5.041605830192565918e-01
-4.760738313198089600e-01
-2.547191679477691650e-01
-3.728049695491790771e-01
-4.314956963062286377e-01
-3.656806945800781250e-01
-4.296129345893859863e-01
-5.000728964805603027e-01
-4.176305532455444336e-01
-2.183925509452819824e-01
-4.398894309997558594e-01
-2.308664768934249878e-01
-2.221851646900177002e-01
-4.864119589328765869e-01
-3.463155031204223633e-01
-3.432806134223937988e-01
-3.214150071144104004e-01
-1.971842199563980103e-01
-3.825841844081878662e-02
-4.268132150173187256e-01
-2.945255935192108154e-01
-3.733969330787658691e-01
-4.825434982776641846e-01
-1.443642973899841309e-01
-5.553892850875854492e-01
-1.830854117870330811e-01
-1.148963645100593567e-01
7.002275437116622925e-02
-1.297431737184524536e-01
-4.695264697074890137e-01
-4.978483021259307861e-01
-3.196148574352264404e-01
-5.696569681167602539e-01
-1.784823238849639893e-01
-4.719154536724090576e-01
-2.597206234931945801e-01
-4.338971972465515137e-01
-1.829863339662551880e-01
-2.757636010646820068e-01
-2.481429278850555420e-01
-1.800863593816757202e-01
-3.889147043228149414e-01
-2.963141202926635742e-01
-7.917840778827667236e-02
-4.361220896244049072e-01
-3.683267235755920410e-01
-5.600970387458801270e-01
-4.083777964115142822e-01
-4.955138564109802246e-01
-3.318378627300262451e-01
-4.145822525024414062e-01
-3.680782318115234375e-01
-3.390392363071441650e-01
-3.547677695751190186e-01
-2.065697163343429565e-01
-2.853023111820220947e-01
-1.714653521776199341e-01
-2.625776827335357666e-01
-7.747687101364135742e-01
-8.838800340890884399e-02
-5.742983818054199219e-01
-5.504785776138305664e-01
-4.830991327762603760e-01
-5.290312767028808594e-01
-7.807011008262634277e-01
-4.359715878963470459e-01
-5.196920037269592285e-02
-4.800542294979095459e-01
-6.833814382553100586e-01
-4.360234737396240234e-01
