8.905593305826187134e-02
2.583851814270019531e-01
-1.667913049459457397e-01
-1.000143736600875854e-01
-4.296322166919708252e-02
-1.530881673097610474e-01
3.215913847088813782e-02
-3.719747811555862427e-02
-8.392628282308578491e-02
-7.618234306573867798e-02
-7.677238434553146362e-02
-1.474626734852790833e-02
1.932967081665992737e-02
7.539265602827072144e-02
7.819052785634994507e-02
7.751114666461944580e-02
2.356106974184513092e-02
-5.712160468101501465e-02
-1.819783262908458710e-02
1.661158539354801178e-02
1.544048339128494263e-01
2.551636425778269768e-03
1.725167036056518555e-01
2.578995889052748680e-03
-1.447411030530929565e-01
6.236363202333450317e-02
-8.218600414693355560e-03
-5.782075226306915283e-02
2.227629274129867554e-01
-8.739471435546875000e-02
9.979349374771118164e-02
1.708579659461975098e-01
2.060713768005371094e-01
4.088809341192245483e-02
1.099592372775077820e-01
1.915877684950828552e-02
5.987221747636795044e-02
8.289797231554985046e-03
-4.487966373562812805e-02
-9.873265773057937622e-02
