-1.964543908834457397e-01
-5.346454381942749023e-01
-3.008839488029479980e-01
-4.727920889854431152e-01
-2.520392835140228271e-01
-3.000560998916625977e-01
-3.860429227352142334e-01
-4.949637949466705322e-01
-6.918257474899291992e-01
-4.457394778728485107e-01
-8.637003302574157715e-01
-3.775001466274261475e-01
-3.828840851783752441e-01
-6.653468012809753418e-01
-6.495425701141357422e-01
-4.596302509307861328e-01
-5.744944810867309570e-01
-4.660554528236389160e-01
-6.123679876327514648e-01
-3.378724157810211182e-01
-5.508243441581726074e-01
-8.145317435264587402e-01
-6.735275387763977051e-01
-5.323899984359741211e-01
-3.896985352039337158e-01
-4.633288085460662842e-01
-2.078526765108108521e-01
-4.077903330326080322e-01
-5.390177965164184570e-01
-5.136042237281799316e-01
-2.958430647850036621e-01
-7.728165984153747559e-01
-7.856541872024536133e-01
-4.566434323787689209e-01
-2.207807153463363647e-01
-5.939807891845703125e-01
-5.651133656501770020e-01
-5.550689101219177246e-01
-5.933197140693664551e-01
-8.828531503677368164e-01
-4.454044103622436523e-01
-8.286299705505371094e-01
-7.119086384773254395e-01
-3.197326362133026123e-01
-4.330755472183227539e-01
-5.330355167388916016e-01
-3.248199224472045898e-01
-7.106183171272277832e-01
-5.673634409904479980e-01
-5.967701077461242676e-01
-4.642816185951232910e-01
-5.595189332962036133e-01
-2.516337037086486816e-01
-3.878453373908996582e-01
-3.561810553073883057e-01
-6.831247806549072266e-01
-6.386781334877014160e-01
-4.785206615924835205e-01
-5.217131376266479492e-01
-6.100074648857116699e-01
-6.394690871238708496e-01
-5.796390771865844727e-01
-7.895804047584533691e-01
-3.961748778820037842e-01
-5.301059484481811523e-01
-2.435017079114913940e-01
-4.229267537593841553e-01
-5.296192765235900879e-01
-8.177648186683654785e-01
-4.924030005931854248e-01
-3.079506158828735352e-01
-5.634084939956665039e-01
-1.236692517995834351e-01
-2.591074109077453613e-01
-4.883820116519927979e-01
-4.262315332889556885e-01
-5.192260146141052246e-01
-3.920167684555053711e-01
-2.431750893592834473e-01
-8.908619880676269531e-01
-6.876738071441650391e-01
-6.318896412849426270e-01
-5.444462895393371582e-01
-1.821129620075225830e-01
-1.229598075151443481e-01
-3.833803534507751465e-01
-6.110094785690307617e-01
-6.245245337486267090e-01
-4.615434110164642334e-01
-5.493337512016296387e-01
-2.684972882270812988e-01
-2.276236265897750854e-01
-2.942428290843963623e-01
-3.373688161373138428e-01
-4.583917856216430664e-01
-6.078346371650695801e-01
-4.224212467670440674e-01
-5.229463577270507812e-01
-4.621667563915252686e-01
-6.027185320854187012e-01
