-6.200478672981262207e-01
-8.430382609367370605e-01
-5.290042757987976074e-01
-5.475487709045410156e-01
-4.622722864151000977e-01
-5.887547135353088379e-01
-8.056480884552001953e-01
-4.468160569667816162e-01
-5.993055105209350586e-01
-4.650531709194183350e-01
-8.271923661231994629e-02
-5.386416316032409668e-01
-7.363156080245971680e-01
-7.905924320220947266e-01
-5.585507750511169434e-01
-6.004658341407775879e-01
-4.272426962852478027e-01
-5.221381783485412598e-01
-2.309191375970840454e-01
-7.038676142692565918e-01
-2.406405508518218994e-01
-2.977127134799957275e-01
-6.128948330879211426e-01
-5.153605937957763672e-01
-4.018139541149139404e-01
-4.814314246177673340e-01
-3.990595340728759766e-01
-7.822233438491821289e-01
-6.732431054115295410e-01
-7.647573947906494141e-01
-8.367415666580200195e-01
-4.728938341140747070e-01
-4.031756818294525146e-01
-5.209910869598388672e-01
2.493167482316493988e-02
-3.319780528545379639e-01
-1.692738384008407593e-01
-1.542889624834060669e-01
-6.619092226028442383e-01
-7.010007500648498535e-01
-5.430251359939575195e-01
-5.072017908096313477e-01
-5.307640433311462402e-01
-3.333002030849456787e-01
-3.585981130599975586e-01
-7.358002066612243652e-01
-7.869986295700073242e-01
-5.321696996688842773e-01
-5.277883410453796387e-01
-8.503659367561340332e-01
-5.774890184402465820e-01
-8.111135363578796387e-01
-4.312462806701660156e-01
-5.378997325897216797e-01
-5.423108339309692383e-01
-5.702727437019348145e-01
-6.947286725044250488e-01
-4.246690571308135986e-01
-4.483574330806732178e-01
-2.173635810613632202e-01
-5.492353439331054688e-01
-6.824510097503662109e-01
-5.113797783851623535e-01
-6.886053085327148438e-01
-4.286380708217620850e-01
-5.094444751739501953e-01
-4.932165145874023438e-01
-1.087255120277404785e+00
-8.254721164703369141e-01
-4.165987372398376465e-01
-6.187147498130798340e-01
-4.695841073989868164e-01
-7.570063471794128418e-01
-3.258354067802429199e-01
-2.869610190391540527e-01
-6.397345066070556641e-01
-5.010972619056701660e-01
-3.933758437633514404e-01
-3.041751086711883545e-01
-5.563773512840270996e-01
-5.362285971641540527e-01
-1.159437000751495361e-01
-2.873502373695373535e-01
-4.373271465301513672e-01
-4.636603593826293945e-01
-6.540811061859130859e-01
-3.581994473934173584e-01
-3.036741614341735840e-01
-2.466205954551696777e-01
-4.123596847057342529e-01
-4.113200008869171143e-01
-8.467436432838439941e-01
-4.555215835571289062e-01
-6.156078577041625977e-01
-4.627284705638885498e-01
-8.206788301467895508e-01
-6.973127126693725586e-01
-3.457219600677490234e-01
4.747205879539251328e-03
-8.989826440811157227e-01
