1.481409668922424316e-01
-1.244552806019783020e-01
9.475446306169033051e-03
7.954476028680801392e-02
4.159076139330863953e-02
-1.765830069780349731e-02
-1.118018757551908493e-02
7.188565284013748169e-02
-5.650164559483528137e-02
1.407011449337005615e-01
-3.111754730343818665e-02
8.497558534145355225e-02
-1.135416328907012939e-01
6.736435741186141968e-02
7.720259577035903931e-02
1.437817662954330444e-01
2.497290261089801788e-03
-9.788417816162109375e-02
1.642336398363113403e-01
1.317125707864761353e-01
-1.928354799747467041e-01
1.177340149879455566e-01
2.922743372619152069e-02
1.039209123700857162e-02
4.548708349466323853e-02
-1.405252069234848022e-01
-3.640436381101608276e-02
1.498265713453292847e-01
3.111027479171752930e-01
1.637278310954570770e-02
-4.916609264910221100e-03
2.405558079481124878e-01
6.898276507854461670e-02
1.514632850885391235e-01
9.194518625736236572e-02
-1.524023562669754028e-01
1.875723898410797119e-01
1.456049233675003052e-01
8.284265547990798950e-02
2.024730890989303589e-01
