1.245456859469413757e-01
-2.033386379480361938e-01
-1.244607642292976379e-01
9.450458735227584839e-02
-9.207734838128089905e-03
2.649790234863758087e-02
-2.157116532325744629e-01
-1.681980192661285400e-01
1.747850477695465088e-01
2.770025134086608887e-01
1.817870736122131348e-01
-2.972994698211550713e-03
-2.412093579769134521e-01
-9.685783833265304565e-02
-3.427698463201522827e-02
-9.674084372818470001e-03
5.164455622434616089e-03
-4.843847826123237610e-03
-1.509968936443328857e-01
9.368076920509338379e-02
-6.878243386745452881e-02
2.070253640413284302e-01
9.308039397001266479e-02
-5.341800302267074585e-02
9.882365167140960693e-02
1.827096045017242432e-01
4.115930199623107910e-02
-8.338756114244461060e-02
2.990234643220901489e-02
-5.635871365666389465e-02
1.720190420746803284e-02
-1.999075757339596748e-03
-1.891862154006958008e-01
-5.985575914382934570e-02
1.208230704069137573e-01
7.217776030302047729e-02
-3.739491477608680725e-02
-2.344752289354801178e-02
4.228905588388442993e-02
1.507012695074081421e-01
