-1.843057274818420410e-01
2.975310571491718292e-02
-1.890370696783065796e-01
-3.518662974238395691e-02
-4.415716975927352905e-02
2.316031605005264282e-01
1.277092397212982178e-01
1.600295901298522949e-01
-2.047381550073623657e-01
-4.910729080438613892e-02
-9.020205587148666382e-02
1.748446375131607056e-01
7.436862587928771973e-02
-6.572695076465606689e-02
1.763149350881576538e-01
3.318339213728904724e-02
-6.218038871884346008e-02
-1.183386147022247314e-01
-1.211528256535530090e-01
4.299507662653923035e-02
5.798881128430366516e-02
1.902220100164413452e-01
1.602314412593841553e-01
1.684463918209075928e-01
8.832388371229171753e-02
-1.169263198971748352e-01
-1.602130681276321411e-01
-5.391759914346039295e-04
-1.670714020729064941e-01
2.948812022805213928e-02
-1.177468001842498779e-01
-5.119564011693000793e-02
1.267831772565841675e-01
-1.242759227752685547e-01
3.140128552913665771e-01
5.714270472526550293e-02
1.114475801587104797e-01
5.235828831791877747e-02
3.435442969202995300e-02
-1.760912500321865082e-02
-7.080680131912231445e-02
