-1.136928126215934753e-01
-1.062179077416658401e-02
-3.791407123208045959e-02
1.571962684392929077e-01
-1.683401465415954590e-01
5.339255090802907944e-03
-2.912854775786399841e-02
-1.568673364818096161e-02
8.530449122190475464e-02
1.922501325607299805e-01
-1.805264353752136230e-01
-1.443613227456808090e-02
-4.601450636982917786e-02
1.541789025068283081e-01
-1.800994016230106354e-02
-2.388590574264526367e-01
6.961993873119354248e-03
1.826617284677922726e-03
8.294528722763061523e-02
-2.062598764896392822e-01
-4.514241963624954224e-02
4.886920005083084106e-02
4.492682218551635742e-02
-1.814425736665725708e-02
-2.948870882391929626e-02
1.529266983270645142e-01
7.729978114366531372e-02
7.587584108114242554e-02
-5.508793517947196960e-02
-3.701984137296676636e-02
-3.961502760648727417e-02
5.156059283763170242e-03
-1.116279959678649902e-01
-7.089319080114364624e-02
6.705572456121444702e-02
-6.832994520664215088e-02
-1.253521442413330078e-01
-3.798663243651390076e-02
9.943817555904388428e-02
7.750008255243301392e-02
-8.238482289016246796e-03
