-1.376992613077163696e-01
-1.108091771602630615e-01
-1.320731788873672485e-01
-2.248226553201675415e-01
-2.508395537734031677e-02
-4.422061890363693237e-02
-1.133611705154180527e-02
-1.146764159202575684e-01
1.502549797296524048e-01
3.706465661525726318e-02
1.648439913988113403e-01
-4.464678838849067688e-02
2.383480817079544067e-01
1.567032784223556519e-01
-7.904300093650817871e-02
1.026891395449638367e-01
2.445665560662746429e-02
3.087466768920421600e-02
1.758334040641784668e-01
2.456208765506744385e-01
-2.294924296438694000e-02
-9.778969921171665192e-03
2.372277155518531799e-02
-1.761171221733093262e-01
-3.975755721330642700e-02
5.406910553574562073e-02
2.242452204227447510e-01
-1.913173794746398926e-01
-2.106469571590423584e-01
1.870288401842117310e-01
-1.483619362115859985e-01
-1.290875859558582306e-02
-1.481943204998970032e-02
1.448620203882455826e-02
-1.817549206316471100e-02
-5.264582484960556030e-02
-8.216095715761184692e-02
-1.431155204772949219e-01
2.166572585701942444e-02
