2.614396214485168457e-01
9.580089710652828217e-03
2.438167482614517212e-02
-1.283232569694519043e-01
3.415442258119583130e-02
-2.055734395980834961e-02
-5.904781445860862732e-02
3.821093216538429260e-02
1.235035657882690430e-01
4.341029375791549683e-02
2.405788982287049294e-03
-3.384779393672943115e-01
-9.003066271543502808e-02
-2.514449879527091980e-02
4.050361812114715576e-01
1.867764741182327271e-01
-6.496188789606094360e-02
3.692193329334259033e-02
-4.089257866144180298e-02
8.157433569431304932e-02
1.042455658316612244e-01
6.478249281644821167e-02
-6.031603738665580750e-02
1.763539202511310577e-02
2.079302370548248291e-01
-6.898407638072967529e-02
3.994629532098770142e-02
1.088007166981697083e-01
8.357662707567214966e-03
-1.834861934185028076e-01
-1.457048654556274414e-01
9.592118859291076660e-02
-9.283416718244552612e-02
1.796597838401794434e-01
5.232889950275421143e-02
3.283546864986419678e-02
1.975550055503845215e-01
-2.911775708198547363e-01
-8.273725211620330811e-02
-2.974012866616249084e-02
8.152963966131210327e-02
-2.772162109613418579e-02
