-1.154331788420677185e-01
-1.704659163951873779e-01
4.338677227497100830e-02
-3.345450758934020996e-02
-3.361751511693000793e-02
8.695846796035766602e-02
-1.164810080081224442e-02
-2.554217278957366943e-01
4.637317359447479248e-02
1.134915426373481750e-01
-1.983791738748550415e-01
3.793152794241905212e-02
1.794170588254928589e-02
9.091821499168872833e-03
-1.573223806917667389e-02
-4.070097208023071289e-02
-1.481251139193773270e-02
5.276509560644626617e-03
-2.924555912613868713e-02
5.374054238200187683e-02
-6.724834442138671875e-02
4.795471671968698502e-03
1.274393945932388306e-01
1.158665344119071960e-01
1.633393019437789917e-01
2.868794091045856476e-02
-9.380467981100082397e-02
-2.886935509741306305e-02
1.795419007539749146e-01
-8.048710972070693970e-02
-2.376776188611984253e-02
7.078906148672103882e-02
7.971040904521942139e-02
-1.445993483066558838e-01
2.627333402633666992e-01
-6.078880652785301208e-02
-1.794440858066082001e-02
-2.310286164283752441e-01
1.386635601520538330e-01
