-1.587905138731002808e-01
-1.319488883018493652e-01
-9.177301079034805298e-02
-6.348261237144470215e-02
3.391322121024131775e-02
9.041286073625087738e-03
8.332173526287078857e-02
1.245776638388633728e-01
4.402545467019081116e-02
-5.288260057568550110e-02
-7.580265402793884277e-02
1.403275132179260254e-02
6.863565742969512939e-02
2.703602192923426628e-03
1.257930248975753784e-01
-3.347589517943561077e-04
1.330617219209671021e-01
3.124722093343734741e-02
1.998829245567321777e-01
-1.609094291925430298e-01
-8.793416433036327362e-03
1.285754293203353882e-01
2.363866567611694336e-02
1.898502111434936523e-01
-6.703437119722366333e-02
1.944726705551147461e-01
-8.054115623235702515e-02
-2.114168256521224976e-01
1.293814033269882202e-01
-9.288398921489715576e-02
1.498510986566543579e-01
-2.973064593970775604e-02
-9.169983863830566406e-02
6.072553340345621109e-03
1.983103305101394653e-01
-7.415910810232162476e-02
1.966331750154495239e-01
5.359307304024696350e-02
-4.156316816806793213e-02
-2.521758433431386948e-03
-2.175300009548664093e-02
1.136180385947227478e-02
