-5.485677123069763184e-01
-5.066705942153930664e-01
-8.318421244621276855e-01
-5.277309417724609375e-01
-5.811694860458374023e-01
-5.199755430221557617e-01
-6.434301733970642090e-01
-4.733537733554840088e-01
-4.383719861507415771e-01
-5.970115661621093750e-01
-4.457728564739227295e-01
-3.868915438652038574e-01
-7.098183035850524902e-01
-8.077280521392822266e-01
-5.761515498161315918e-01
-3.955799937248229980e-01
-8.278254866600036621e-01
-3.716087043285369873e-01
-5.509447455406188965e-01
-6.588763594627380371e-01
-3.468984067440032959e-01
-2.872397899627685547e-01
-3.497300446033477783e-01
-5.913553237915039062e-01
-3.740547299385070801e-01
-2.340639978647232056e-01
-8.038269877433776855e-01
-3.373339474201202393e-01
-7.292167544364929199e-01
-8.024172782897949219e-01
-3.394942283630371094e-01
-3.046990036964416504e-01
-5.065259337425231934e-01
-9.230023622512817383e-01
-4.938789606094360352e-01
-6.663644313812255859e-01
-6.395341157913208008e-01
-6.608520746231079102e-01
-8.259481787681579590e-01
-4.757897555828094482e-01
-5.110045075416564941e-01
-5.196454524993896484e-01
-3.599151372909545898e-01
-7.785410284996032715e-01
-3.509100079536437988e-01
-7.434988766908645630e-02
-3.983943164348602295e-01
-3.384463191032409668e-01
-8.302429914474487305e-01
-5.768160820007324219e-01
-9.061008095741271973e-01
-5.574764609336853027e-01
-6.953281164169311523e-01
-7.345753908157348633e-01
-6.245856285095214844e-01
-8.067354559898376465e-01
-3.044278025627136230e-01
-3.567665219306945801e-01
-3.054388463497161865e-01
-7.713437080383300781e-01
-4.200454950332641602e-01
-2.811435461044311523e-01
-4.730818569660186768e-01
-2.299754619598388672e-01
-2.057066112756729126e-01
-6.399643421173095703e-01
-4.163626432418823242e-01
-2.893847785890102386e-02
-8.240088820457458496e-01
-4.679696559906005859e-01
-6.628285050392150879e-01
-4.746743142604827881e-01
-7.368279099464416504e-01
-4.337513446807861328e-01
-7.968044877052307129e-01
-5.714774131774902344e-01
-1.585601270198822021e-01
-9.226484894752502441e-01
-8.981068730354309082e-01
-4.628518521785736084e-01
-6.000944375991821289e-01
-7.853115797042846680e-01
-7.090309262275695801e-01
-5.794445276260375977e-01
-7.033770680427551270e-01
-2.349054813385009766e-01
-7.169763445854187012e-01
-7.649466991424560547e-01
-7.851710319519042969e-01
-9.367341995239257812e-01
-8.182867169380187988e-01
-6.618225574493408203e-01
-2.699660956859588623e-01
-8.817027211189270020e-01
-2.719564139842987061e-01
-2.791209816932678223e-01
-6.594349741935729980e-01
-2.441319674253463745e-01
-7.535977959632873535e-01
-2.204487472772598267e-01
