-4.915376603603363037e-01
-1.432187110185623169e-01
-6.506602764129638672e-01
-5.324710607528686523e-01
-4.669836163520812988e-01
-5.294653177261352539e-01
-8.095757365226745605e-01
-6.353450417518615723e-01
-1.817106306552886963e-01
-4.020195305347442627e-01
-5.874696969985961914e-01
-8.397721648216247559e-01
-8.661034703254699707e-01
-3.813703060150146484e-01
-6.693569421768188477e-01
-3.564322292804718018e-01
-2.882117629051208496e-01
-4.273979365825653076e-01
-2.541640698909759521e-01
-6.573095321655273438e-01
-5.881527662277221680e-01
-4.350902736186981201e-01
-2.442702800035476685e-01
-4.858086407184600830e-01
-4.547156393527984619e-01
-5.111451745033264160e-01
-5.182730555534362793e-01
-6.375091075897216797e-01
-3.534153699874877930e-01
-5.234134197235107422e-01
-4.074544906616210938e-01
-7.963428497314453125e-01
-2.587674558162689209e-01
-5.091916322708129883e-01
-3.352378010749816895e-01
-7.370896339416503906e-01
-6.242892742156982422e-01
-4.883091449737548828e-01
-4.472730457782745361e-01
-5.515217185020446777e-01
-5.416144132614135742e-01
-8.436971902847290039e-01
-9.907824397087097168e-01
-4.895289838314056396e-01
-3.222376704216003418e-01
-1.695607453584671021e-01
-5.500248074531555176e-01
-4.192608892917633057e-01
-4.792944192886352539e-01
-6.732770800590515137e-01
-5.901355743408203125e-01
-4.389658272266387939e-01
-7.272446751594543457e-01
-7.475644350051879883e-01
-3.180002570152282715e-01
-3.476874530315399170e-01
1.677898764610290527e-01
-4.941565096378326416e-01
-6.717581152915954590e-01
-7.232571840286254883e-01
-2.990227341651916504e-01
-3.040643930435180664e-01
-5.045192837715148926e-01
-2.093420177698135376e-01
-4.325219094753265381e-01
-3.087049722671508789e-01
-7.106955647468566895e-01
-4.277506768703460693e-01
-7.517095804214477539e-01
-5.484234690666198730e-01
-6.773235201835632324e-01
-7.041279673576354980e-01
-6.027314066886901855e-01
-8.056367039680480957e-01
-6.386833190917968750e-01
-7.954593300819396973e-01
-6.289250254631042480e-01
-4.522224366664886475e-01
-4.485411942005157471e-01
-7.008807659149169922e-01
-6.179264783859252930e-01
-8.132454752922058105e-01
-5.676622390747070312e-01
-1.543718129396438599e-01
-7.736640572547912598e-01
-6.644794344902038574e-01
-4.950530230998992920e-01
-2.085985392332077026e-01
-6.767351627349853516e-01
-5.287823677062988281e-01
1.900900527834892273e-02
-5.422191023826599121e-01
-2.046136409044265747e-01
-4.442065954208374023e-01
-5.512007474899291992e-01
-5.941945910453796387e-01
-1.950186192989349365e-01
-2.883754372596740723e-01
-6.693857312202453613e-01
-7.360170483589172363e-01
