-7.763667106628417969e-01
-5.710617899894714355e-01
-5.013512969017028809e-01
-7.477160692214965820e-01
-2.669034898281097412e-01
-5.207172036170959473e-01
-1.820539981126785278e-01
-4.495247900485992432e-01
-6.255666613578796387e-01
-5.531669855117797852e-01
-1.098047494888305664e-01
-5.477550029754638672e-01
-6.363477110862731934e-01
-4.934076666831970215e-01
-6.052501797676086426e-01
-2.822671234607696533e-01
-2.469991445541381836e-01
-6.338933706283569336e-01
-8.403822183609008789e-01
-3.213683068752288818e-01
-4.190840721130371094e-01
-5.296846628189086914e-01
-5.668357014656066895e-01
-8.124451041221618652e-01
-5.563144087791442871e-01
-3.357237279415130615e-01
-3.417103886604309082e-01
-4.141283929347991943e-01
-7.283465266227722168e-01
-5.489144325256347656e-01
-3.194736540317535400e-01
-1.698158234357833862e-01
-2.905533313751220703e-01
-5.981396436691284180e-01
-4.401672184467315674e-01
-5.466838479042053223e-01
-6.856915354728698730e-01
-3.728508949279785156e-01
-6.745746135711669922e-01
-3.066165745258331299e-01
-5.576677918434143066e-01
-5.292005091905593872e-02
-5.618607997894287109e-01
-7.708597779273986816e-01
-5.291132330894470215e-01
-4.522374868392944336e-01
-2.604764401912689209e-01
-2.514970302581787109e-01
-3.350637257099151611e-01
-7.080087065696716309e-01
-3.378280699253082275e-01
-6.026093363761901855e-01
-5.792750716209411621e-01
-5.439391136169433594e-01
-5.226464271545410156e-01
-2.594796419143676758e-01
-5.210524797439575195e-01
-2.633699774742126465e-01
-5.492239594459533691e-01
-5.822599306702613831e-02
-6.940483450889587402e-01
-9.064685106277465820e-01
-5.449019670486450195e-01
-6.151652336120605469e-01
-4.408284425735473633e-01
-2.887843549251556396e-01
-1.196345984935760498e-01
-4.637024104595184326e-01
-5.489035248756408691e-01
-4.030053019523620605e-01
-4.198026657104492188e-01
-4.340825974941253662e-01
-5.252925157546997070e-01
-3.021364808082580566e-01
-4.993600249290466309e-01
-5.759411454200744629e-01
-1.832235753536224365e-01
-2.483118027448654175e-01
-5.660952925682067871e-01
-3.628910183906555176e-01
-4.694944620132446289e-01
-5.038263797760009766e-01
-4.658843576908111572e-01
-4.619435071945190430e-01
-4.456215202808380127e-01
-4.278665482997894287e-01
-2.806729674339294434e-01
-8.677793741226196289e-01
-3.384552299976348877e-01
-1.036448240280151367e+00
-3.607938587665557861e-01
-3.282629847526550293e-01
-4.850274324417114258e-01
-1.916014850139617920e-01
-3.214371502399444580e-01
-6.560702323913574219e-01
-4.885558485984802246e-01
-6.910179853439331055e-01
-5.438947081565856934e-01
-4.314999282360076904e-01
