9.941036999225616455e-02
2.144882082939147949e-02
3.610614314675331116e-02
8.703569322824478149e-02
-8.398604393005371094e-02
1.409772485494613647e-01
-2.178022637963294983e-02
8.023239672183990479e-02
-8.941954374313354492e-02
5.100547894835472107e-02
2.451700270175933838e-01
6.796707864850759506e-03
-3.679325059056282043e-02
1.943802833557128906e-01
-8.447906374931335449e-02
1.305168867111206055e-01
-6.987965106964111328e-02
1.706634312868118286e-01
-2.303126156330108643e-01
2.461235523223876953e-01
-3.377631306648254395e-02
-1.383036375045776367e-02
-3.266900777816772461e-02
9.300617873668670654e-02
-4.180379211902618408e-03
5.235846713185310364e-02
1.526453793048858643e-01
7.416825741529464722e-02
9.570278227329254150e-02
1.289001405239105225e-01
-6.569844484329223633e-02
1.926500499248504639e-01
1.865139603614807129e-01
-1.193174943327903748e-01
-1.219178140163421631e-01
1.145930513739585876e-01
1.619913727045059204e-01
1.057939045131206512e-02
1.436111629009246826e-01
1.258045881986618042e-01
-2.017624303698539734e-02
