-3.395204246044158936e-01
-1.191862374544143677e-01
-5.118569731712341309e-01
-1.488476544618606567e-01
-4.033285975456237793e-01
-8.683551549911499023e-01
-7.410050630569458008e-01
-5.404781699180603027e-01
-8.319327235221862793e-01
-5.103373527526855469e-01
-4.641138315200805664e-01
-5.317745804786682129e-01
-6.730647087097167969e-01
-2.852660417556762695e-01
-2.870743870735168457e-01
-8.996162414550781250e-01
-3.131651878356933594e-01
-3.844754099845886230e-01
-5.257099866867065430e-01
-5.911973714828491211e-01
-7.884308099746704102e-01
-4.998238980770111084e-01
-4.034400880336761475e-01
-2.298391610383987427e-01
-8.784025907516479492e-01
-2.542670369148254395e-01
-3.627597391605377197e-01
-2.630003392696380615e-01
-4.311804175376892090e-01
-4.353745579719543457e-01
-4.817923307418823242e-01
-5.570867657661437988e-01
-7.159631252288818359e-01
-4.214437305927276611e-01
-5.091484785079956055e-01
-4.635875225067138672e-01
-6.090070605278015137e-01
-3.492843508720397949e-01
-2.730354964733123779e-01
-7.938991785049438477e-01
-5.046436786651611328e-01
-6.138309240341186523e-01
-4.841479063034057617e-01
-4.520261883735656738e-01
-4.234479069709777832e-01
-7.209492921829223633e-01
-4.870069324970245361e-01
-3.705229461193084717e-01
-4.629766643047332764e-01
-4.110186398029327393e-01
-6.172693371772766113e-01
-4.295137524604797363e-01
-3.925185501575469971e-01
-6.154484152793884277e-01
-3.593061864376068115e-01
-2.863839268684387207e-01
-5.671607255935668945e-01
-8.253290653228759766e-01
-4.614954888820648193e-01
-5.122004151344299316e-01
-4.217198789119720459e-01
-6.187742352485656738e-01
-6.243898272514343262e-01
-3.502829074859619141e-01
-6.695880293846130371e-01
-4.526337087154388428e-01
-4.790390431880950928e-01
-5.164960026741027832e-01
-3.967357873916625977e-01
-2.190556377172470093e-01
-7.052527070045471191e-01
-3.572656214237213135e-01
-3.096689581871032715e-01
-6.854385882616043091e-02
-8.053697943687438965e-01
-7.240554690361022949e-01
-8.794841170310974121e-01
-8.836592435836791992e-01
-4.315556287765502930e-01
-6.357958316802978516e-01
-7.191007137298583984e-01
-6.023238897323608398e-01
-4.655784070491790771e-01
2.969195134937763214e-02
-6.329249143600463867e-01
-6.036295890808105469e-01
-6.187947988510131836e-01
-3.869288563728332520e-01
-7.004389166831970215e-01
-6.279889941215515137e-01
-3.999781906604766846e-01
-9.003764986991882324e-01
-5.947910547256469727e-01
-3.323155045509338379e-01
-2.971832752227783203e-01
-6.943853497505187988e-01
-2.941892743110656738e-01
-3.247060477733612061e-01
-7.077909708023071289e-01
-1.888996511697769165e-01
