-6.663183569908142090e-01
-4.137942492961883545e-01
-6.750271916389465332e-01
-6.369266510009765625e-01
-4.615199863910675049e-01
-1.820909082889556885e-01
-4.431159794330596924e-01
-5.738610625267028809e-01
-6.285749077796936035e-01
-8.046872615814208984e-01
-6.969628930091857910e-01
-5.824313163757324219e-01
-8.191475868225097656e-01
-5.683885812759399414e-01
-4.668574631214141846e-01
-6.500535011291503906e-01
-3.655943572521209717e-01
-9.051045775413513184e-01
-6.098555922508239746e-01
-5.863217711448669434e-01
-5.245766639709472656e-01
-2.721319794654846191e-01
-7.301844656467437744e-02
-4.793012440204620361e-01
-7.060039043426513672e-01
-3.219540417194366455e-01
-2.340558767318725586e-01
-5.576364398002624512e-01
-5.603822469711303711e-01
-6.649037003517150879e-01
-5.640964508056640625e-01
-3.640281856060028076e-01
-4.517032504081726074e-01
-2.585448026657104492e-01
-3.891514837741851807e-01
-6.275769472122192383e-01
-7.150730490684509277e-01
-3.643478751182556152e-01
-5.845418572425842285e-01
-6.428136229515075684e-01
-5.004081726074218750e-01
-4.908284544944763184e-01
-7.370493412017822266e-01
-5.461297631263732910e-01
-5.953497886657714844e-01
-5.650787949562072754e-01
-4.757169187068939209e-01
-2.824277877807617188e-01
-6.396172046661376953e-01
-3.017862439155578613e-01
-5.537630319595336914e-01
-6.833209991455078125e-01
-9.538558721542358398e-01
-4.392636120319366455e-01
-3.758634328842163086e-01
-3.367722630500793457e-01
-7.726469039916992188e-01
-6.629330515861511230e-01
-1.299444586038589478e-01
-2.940599918365478516e-01
-7.196189165115356445e-01
-4.192435145378112793e-01
-5.329972505569458008e-01
-3.564086258411407471e-01
-8.268929719924926758e-01
-1.619814187288284302e-01
-8.803042769432067871e-01
-5.777456164360046387e-01
-3.622546792030334473e-01
3.498414903879165649e-02
-6.403961777687072754e-01
-5.979794859886169434e-01
-7.077580690383911133e-01
-4.457960724830627441e-01
-4.404562711715698242e-01
-4.573551714420318604e-01
-4.341565966606140137e-01
-5.652043223381042480e-01
-3.059629797935485840e-01
-5.751906037330627441e-01
-5.918658971786499023e-01
-5.378284454345703125e-01
-3.543373644351959229e-01
-5.297977328300476074e-01
-6.518037319183349609e-01
-5.245543718338012695e-01
-8.186262845993041992e-01
-5.056534409523010254e-01
-5.206971168518066406e-01
-7.744659185409545898e-01
-4.730661809444427490e-01
-5.483363270759582520e-01
-4.088330864906311035e-01
-6.651549339294433594e-01
-9.063085317611694336e-01
-1.906963437795639038e-01
-5.547637343406677246e-01
-6.207216978073120117e-01
-4.586464762687683105e-01
-4.733187258243560791e-01
