-7.414420843124389648e-01
-5.036049485206604004e-01
-3.601117730140686035e-01
-4.851502776145935059e-01
-5.222813487052917480e-01
-5.310574173927307129e-01
-4.913063347339630127e-01
-3.129461109638214111e-01
-3.500884175300598145e-01
-4.206084907054901123e-01
-9.636201262474060059e-01
-8.541622757911682129e-01
-5.333527326583862305e-01
-4.899307489395141602e-01
-7.537823319435119629e-01
-6.187526583671569824e-01
-1.010211706161499023e-01
-5.309789776802062988e-01
-5.021215677261352539e-01
-5.085897445678710938e-01
-2.547264397144317627e-01
-3.386432230472564697e-01
-4.000204503536224365e-01
-6.762836575508117676e-01
-3.724387586116790771e-01
-7.052694559097290039e-01
-4.663616716861724854e-01
-5.457889437675476074e-01
-4.412967264652252197e-01
-4.330735802650451660e-01
-6.152232289314270020e-01
-2.781849205493927002e-01
-5.883158445358276367e-01
-2.706167697906494141e-01
-5.156245827674865723e-01
-5.076622366905212402e-01
-6.615856885910034180e-01
-2.629285156726837158e-01
-3.781676292419433594e-01
-2.170147895812988281e-01
-4.528825283050537109e-01
-8.054581880569458008e-01
-6.722685098648071289e-01
-4.201506972312927246e-01
-6.658374667167663574e-01
-4.983181953430175781e-01
-3.880943953990936279e-01
-7.717691659927368164e-01
-5.470591187477111816e-01
-2.377808541059494019e-01
-6.339681744575500488e-01
-3.808557987213134766e-01
-5.855389237403869629e-01
-6.673303842544555664e-01
-4.558292329311370850e-01
2.900565564632415771e-01
-3.930279910564422607e-01
-7.738151550292968750e-01
-6.233034133911132812e-01
-5.014468431472778320e-01
-7.201042771339416504e-01
-9.177832305431365967e-02
-3.663245141506195068e-01
-2.789130210876464844e-01
-7.160173058509826660e-01
-5.652173161506652832e-01
-7.009403109550476074e-01
-6.142731010913848877e-02
-3.419055640697479248e-01
-3.523407280445098877e-01
-7.060968279838562012e-01
-5.022739768028259277e-01
-6.647160649299621582e-01
-6.481471657752990723e-01
-4.342215359210968018e-01
-7.006479501724243164e-01
-2.253291606903076172e-01
-6.149573922157287598e-01
-4.392390549182891846e-01
-3.872582912445068359e-01
-4.886145591735839844e-01
-5.171844959259033203e-01
-1.755881309509277344e-01
-4.119934737682342529e-01
-9.942588210105895996e-01
-3.072640597820281982e-01
-8.814945816993713379e-01
-2.097495198249816895e-01
-4.637737274169921875e-01
-4.147505462169647217e-01
-6.841329932212829590e-01
-5.540345907211303711e-01
-4.970717132091522217e-01
-7.198256254196166992e-01
-6.622560024261474609e-01
-4.621861577033996582e-01
-7.479516267776489258e-01
-1.765724569559097290e-01
-4.094352126121520996e-01
-5.733671188354492188e-01
