-1.287732124328613281e-01
-5.928426980972290039e-02
6.830386072397232056e-02
2.459930032491683960e-01
-9.104622877202928066e-04
-8.475213497877120972e-02
1.013106182217597961e-01
-4.449605010449886322e-03
5.202029272913932800e-02
-7.918404787778854370e-02
-1.674568057060241699e-01
7.903084903955459595e-02
-9.632902592420578003e-02
-1.515188217163085938e-01
1.578863561153411865e-01
-1.437315717339515686e-02
-1.609024852514266968e-01
5.107291787862777710e-02
1.728104799985885620e-01
1.346114426851272583e-01
-3.648433461785316467e-02
-1.282127648591995239e-01
2.190266102552413940e-01
-1.313323825597763062e-01
-1.062350198626518250e-01
3.378478810191154480e-02
-1.366909295320510864e-01
-6.657712161540985107e-02
1.591814868152141571e-02
-7.606425136327743530e-02
2.491542883217334747e-02
-8.302006870508193970e-02
3.062940575182437897e-02
9.559719823300838470e-03
2.542272508144378662e-01
2.329975515604019165e-01
-9.566030651330947876e-02
1.141355857253074646e-01
-1.846161112189292908e-02
-2.008033692836761475e-01
-4.879447445273399353e-02
1.976883560419082642e-01
-3.307703882455825806e-02
