-7.778936624526977539e-01
-5.026727318763732910e-01
-4.441971778869628906e-01
-4.350731968879699707e-01
-3.422548174858093262e-01
-7.584999799728393555e-01
-4.387355744838714600e-01
-4.394341409206390381e-01
-4.494573473930358887e-01
-3.265625238418579102e-01
-5.553077459335327148e-01
-3.785985112190246582e-01
-6.050886511802673340e-01
-4.617895483970642090e-01
-7.110446095466613770e-01
-6.356626152992248535e-01
-6.663570404052734375e-01
-5.684161186218261719e-01
-2.690415978431701660e-01
-6.738558411598205566e-01
-7.671465277671813965e-01
-8.588424324989318848e-01
-1.302479952573776245e-01
-2.002063989639282227e-01
-1.568717211484909058e-01
-3.459455966949462891e-01
-3.126737773418426514e-01
-7.473871111869812012e-01
-5.415295362472534180e-01
-3.309643864631652832e-01
-8.824570178985595703e-01
-5.446813702583312988e-01
-4.481247663497924805e-01
-5.790848135948181152e-01
-8.009464144706726074e-01
-4.811386466026306152e-01
-6.797224283218383789e-01
-5.538502931594848633e-01
-7.046241760253906250e-01
-4.971607625484466553e-01
-2.748894095420837402e-01
-3.172437548637390137e-01
-5.079953074455261230e-01
-8.021767735481262207e-01
-1.922377794981002808e-01
-5.769535899162292480e-01
-2.404674589633941650e-01
-4.527626335620880127e-01
-5.409442782402038574e-01
-4.579533338546752930e-01
-6.113613247871398926e-01
-5.293703079223632812e-01
-4.744333624839782715e-01
-2.433210760354995728e-01
-5.529126524925231934e-01
-2.934667468070983887e-01
-2.850499153137207031e-01
-7.667372822761535645e-01
-4.268659949302673340e-01
-4.905585348606109619e-01
-6.183161139488220215e-01
-2.078021168708801270e-01
-7.188436388969421387e-01
-2.768301367759704590e-01
-7.833933234214782715e-01
-5.277733802795410156e-01
-6.926879882812500000e-01
-6.161015033721923828e-01
-3.744217455387115479e-01
-2.644981443881988525e-01
-6.805321574211120605e-01
-6.767073869705200195e-01
-5.004705190658569336e-01
-4.500218331813812256e-01
-5.470665693283081055e-01
-6.973088979721069336e-01
-5.317738056182861328e-01
-6.588813662528991699e-01
-4.686832427978515625e-01
-6.349769830703735352e-01
-6.712012887001037598e-01
-6.838902235031127930e-01
-2.796024680137634277e-01
-4.154413640499114990e-01
-6.276975274085998535e-01
-4.600322544574737549e-01
-8.599179983139038086e-01
-2.013451755046844482e-01
-6.482385396957397461e-01
-3.616322875022888184e-01
-3.242873847484588623e-01
-1.027709960937500000e+00
-3.557403683662414551e-01
-5.852976441383361816e-01
-1.494977027177810669e-01
-7.091277241706848145e-01
-3.559427559375762939e-01
-6.383643150329589844e-01
-4.149744808673858643e-01
-1.200622394680976868e-01
