1.021994352340698242e-01
-7.378733251243829727e-03
1.257945150136947632e-01
2.087153792381286621e-01
-2.942456603050231934e-01
-6.897190213203430176e-02
4.798311367630958557e-02
1.483346670866012573e-01
-2.228755801916122437e-01
8.871376514434814453e-02
3.767136111855506897e-02
1.313206702470779419e-01
5.835518240928649902e-02
-1.830049417912960052e-02
-6.239541340619325638e-03
-1.332881599664688110e-01
5.549903213977813721e-02
4.285370931029319763e-02
1.160775944590568542e-01
-2.534904517233371735e-02
5.737045779824256897e-03
-5.081221088767051697e-02
1.527850627899169922e-01
7.277384400367736816e-03
-1.828968524932861328e-01
1.890775561332702637e-01
-9.708569198846817017e-02
3.066290728747844696e-02
-1.754989624023437500e-01
1.816271096467971802e-01
1.939736679196357727e-02
7.963708601891994476e-03
1.663307994604110718e-01
1.008579209446907043e-01
-7.038703560829162598e-02
-3.439856693148612976e-02
4.395767673850059509e-02
-3.864376619458198547e-02
5.998261645436286926e-02
