-6.581910848617553711e-01
-6.343394517898559570e-01
-1.261533796787261963e-01
-2.065353393554687500e-01
-4.376940429210662842e-01
-4.309084415435791016e-01
-7.133899331092834473e-01
-8.480837941169738770e-01
-6.423420310020446777e-01
-2.623628079891204834e-01
-5.602583289146423340e-01
-4.929870367050170898e-01
-5.433179140090942383e-01
-9.257498979568481445e-01
-6.401097178459167480e-01
-3.875054717063903809e-01
-6.380066871643066406e-01
-5.538589954376220703e-01
-4.164523780345916748e-01
-5.284470319747924805e-01
-4.583998620510101318e-01
-4.634667634963989258e-01
-2.771158516407012939e-01
-5.209904909133911133e-01
-8.533225059509277344e-01
-9.302933812141418457e-01
-5.462125539779663086e-01
-1.864083856344223022e-01
-3.677681982517242432e-01
-4.636102318763732910e-01
-6.516089439392089844e-01
-7.743931412696838379e-01
-7.787870168685913086e-01
-5.550205111503601074e-01
-5.797569155693054199e-01
-4.239033758640289307e-01
-2.067049592733383179e-01
-4.727919101715087891e-01
-8.195984363555908203e-01
-5.424542427062988281e-01
-6.226284503936767578e-01
-2.542982101440429688e-01
-5.267879366874694824e-01
-7.075232267379760742e-01
-3.183827996253967285e-01
-4.244547486305236816e-01
-3.382081091403961182e-01
-6.455916166305541992e-01
-3.638643622398376465e-01
-7.242975234985351562e-01
-7.450993061065673828e-01
-6.565099358558654785e-01
-4.913932681083679199e-01
-4.438765347003936768e-01
-3.690045773983001709e-01
-3.601522147655487061e-01
-4.208307862281799316e-01
-2.749550640583038330e-01
-4.307494759559631348e-01
-5.832095146179199219e-01
-6.549062728881835938e-01
-4.059059023857116699e-01
-5.105721354484558105e-01
-1.693889051675796509e-01
-3.496573567390441895e-01
-4.651142656803131104e-01
-1.556125134229660034e-01
-4.789467155933380127e-01
-3.843941986560821533e-01
-5.359143614768981934e-01
-4.242255985736846924e-01
-6.273790597915649414e-01
-5.537337660789489746e-01
-5.896935462951660156e-01
-3.771181404590606689e-01
-7.198309302330017090e-01
-5.930010676383972168e-01
-5.203011631965637207e-01
-8.097406625747680664e-01
-9.212324023246765137e-01
-5.351490974426269531e-01
-5.398268699645996094e-01
-8.687777519226074219e-01
-7.565608024597167969e-01
-5.222587585449218750e-01
-4.564927816390991211e-01
-6.195485591888427734e-01
-6.540766358375549316e-01
-7.326755523681640625e-01
-6.229786872863769531e-01
-4.011705815792083740e-01
-6.853069067001342773e-01
-3.457255959510803223e-01
-6.104103922843933105e-01
-4.844653606414794922e-01
-4.753962159156799316e-01
-6.794040799140930176e-01
-2.126563787460327148e-01
-5.473850369453430176e-01
-4.322130382061004639e-01
