-7.279504090547561646e-02
-9.725438430905342102e-03
-2.751698344945907593e-02
7.540483027696609497e-02
-2.752754390239715576e-01
1.098126024007797241e-01
-4.027192294597625732e-02
1.175785213708877563e-01
4.346320778131484985e-02
1.889245212078094482e-01
-1.562283337116241455e-01
9.449920058250427246e-02
-4.927166923880577087e-02
5.987651273608207703e-02
-1.209169030189514160e-01
1.810539066791534424e-01
1.535332649946212769e-01
-1.217178534716367722e-02
2.607719302177429199e-01
-8.585427887737751007e-03
1.830812729895114899e-02
1.579856723546981812e-01
-1.067010164260864258e-01
-2.746132016181945801e-02
7.979206740856170654e-03
1.459265053272247314e-01
1.247184872627258301e-01
2.984538115561008453e-02
1.796352863311767578e-02
-6.320675462484359741e-02
3.299846872687339783e-02
5.392134562134742737e-02
-1.192127391695976257e-01
-3.129468485713005066e-02
9.904167801141738892e-02
1.931989639997482300e-01
-1.247541159391403198e-01
1.355871558189392090e-01
1.100453436374664307e-01
8.553887158632278442e-02
