-1.272896379232406616e-01
-1.033652946352958679e-01
-1.616056193597614765e-03
-1.686646416783332825e-02
7.373758405447006226e-02
-2.687420696020126343e-02
1.598754227161407471e-01
5.416671931743621826e-02
1.818437725305557251e-01
-2.286988049745559692e-01
-8.369805663824081421e-02
-1.047268211841583252e-01
9.122692048549652100e-02
-1.731096059083938599e-01
-3.649851679801940918e-02
6.938175857067108154e-02
-2.674733102321624756e-02
-5.837201699614524841e-02
1.415658183395862579e-02
1.021052077412605286e-01
7.938366383314132690e-02
6.550183892250061035e-02
1.183631047606468201e-01
1.424146350473165512e-02
2.829009667038917542e-02
1.044972427189350128e-02
2.386341691017150879e-01
-8.290303498506546021e-02
1.371656507253646851e-01
-1.301291137933731079e-01
-6.123955175280570984e-02
1.949861496686935425e-01
-5.995827168226242065e-02
1.062823608517646790e-01
1.543468385934829712e-01
6.216254085302352905e-02
1.609070599079132080e-01
8.683304488658905029e-02
-1.247039213776588440e-01
