-6.882131099700927734e-02
-5.166912078857421875e-02
5.068081617355346680e-02
7.904732972383499146e-02
-1.392337381839752197e-01
-9.564761817455291748e-02
-1.302001774311065674e-01
-1.161441802978515625e-01
-1.723678261041641235e-01
1.444881558418273926e-01
-2.657511038705706596e-03
1.696971245110034943e-02
8.733320981264114380e-02
-1.171743497252464294e-01
3.246415406465530396e-03
2.519221305847167969e-01
-1.680362373590469360e-01
1.524215042591094971e-01
-4.563275352120399475e-02
-5.693896114826202393e-02
1.057085767388343811e-01
-1.353807151317596436e-01
1.023902073502540588e-01
3.829286433756351471e-03
-1.296526640653610229e-01
1.023568212985992432e-01
-4.940000548958778381e-02
1.694323718547821045e-01
9.047031402587890625e-03
8.302557468414306641e-02
-1.593782193958759308e-02
-6.148913875222206116e-02
-3.532322496175765991e-02
2.075001448392868042e-01
4.852331802248954773e-02
2.339474409818649292e-01
-1.597548276185989380e-01
2.897272445261478424e-02
2.845250070095062256e-02
-1.161322891712188721e-01
-5.192902311682701111e-02
-7.073965668678283691e-02
