-1.293617933988571167e-01
-3.567683696746826172e-02
1.213318407535552979e-01
5.693839862942695618e-03
-2.209125272929668427e-02
2.183689177036285400e-01
-1.434617489576339722e-01
-9.710601717233657837e-02
7.895606011152267456e-02
-9.194369614124298096e-02
1.802291423082351685e-01
1.347310096025466919e-01
-7.956754416227340698e-03
1.372080594301223755e-01
-3.056144155561923981e-02
-2.098127156496047974e-01
-8.010278642177581787e-02
-7.458636537194252014e-03
1.279112994670867920e-01
-1.472927182912826538e-01
1.029745340347290039e-01
-8.967497944831848145e-02
2.934640832245349884e-02
1.719158142805099487e-02
-9.073435515165328979e-02
-1.190333217382431030e-01
1.533970087766647339e-01
-1.040068715810775757e-01
-1.306763440370559692e-01
-2.743119597434997559e-01
-7.068324089050292969e-02
1.288733072578907013e-02
-4.121371731162071228e-02
-1.667312979698181152e-01
-4.683580622076988220e-02
6.680864095687866211e-02
7.712945342063903809e-02
4.595443233847618103e-02
1.499473233707249165e-03
