7.175032049417495728e-02
-5.236637592315673828e-02
4.364172741770744324e-02
2.656995356082916260e-01
-8.286435157060623169e-03
-1.113109569996595383e-02
-7.624838501214981079e-02
1.888342387974262238e-02
-2.300545424222946167e-01
-1.158536877483129501e-02
-6.391317397356033325e-02
-9.559402614831924438e-02
6.780652701854705811e-02
-1.824922510422766209e-03
1.455023586750030518e-01
-2.640241384506225586e-02
4.521889239549636841e-02
7.479336857795715332e-02
-1.534919291734695435e-01
-5.419276282191276550e-02
7.470125705003738403e-02
-1.649217009544372559e-01
-9.935621172189712524e-03
-5.799636989831924438e-02
6.210237741470336914e-02
-1.027591675519943237e-01
-5.031851679086685181e-02
-3.550042957067489624e-02
-1.759623549878597260e-02
1.191464364528656006e-01
4.388833418488502502e-02
1.124154925346374512e-01
-2.764112129807472229e-02
-1.213889103382825851e-02
-2.605856955051422119e-02
-4.796300828456878662e-02
4.069361090660095215e-02
4.809701070189476013e-02
-9.788036346435546875e-03
1.705813854932785034e-01
-2.628957666456699371e-02
6.827685050666332245e-03
-1.393358968198299408e-02
