-6.398457884788513184e-01
-7.523121237754821777e-01
-7.819851040840148926e-01
-7.159358859062194824e-01
-7.444151639938354492e-01
-5.395880937576293945e-01
-3.373466432094573975e-01
-7.129638195037841797e-01
-4.048298299312591553e-01
-5.489530563354492188e-01
-5.065678358078002930e-01
-6.094204783439636230e-01
-5.449776053428649902e-01
-5.547962784767150879e-01
-4.386604428291320801e-01
-2.638844251632690430e-01
-5.365582704544067383e-01
-6.073740124702453613e-01
-7.345374822616577148e-01
-5.551546812057495117e-01
-6.586666703224182129e-01
-8.085817098617553711e-01
-7.599794268608093262e-01
-7.999268770217895508e-01
-5.088846087455749512e-01
-4.411526024341583252e-01
-6.574483513832092285e-01
-4.195899367332458496e-01
-5.983371138572692871e-01
-5.248255729675292969e-01
-4.857830703258514404e-01
-5.853784084320068359e-01
-6.327470541000366211e-01
-3.641349077224731445e-01
-3.346099555492401123e-01
-5.332862138748168945e-01
-5.402799844741821289e-01
-5.819187760353088379e-01
-5.720376968383789062e-01
-6.389176249504089355e-01
-5.110081434249877930e-01
-1.735248267650604248e-01
-4.334467649459838867e-01
-5.833007097244262695e-01
-4.767031669616699219e-01
-4.538647830486297607e-01
-6.373682618141174316e-01
-5.420684814453125000e-01
-5.370565056800842285e-01
-3.496118783950805664e-01
-6.371814608573913574e-01
-5.211939215660095215e-01
-7.605513334274291992e-01
-5.229247212409973145e-01
-3.361435234546661377e-01
-7.541083097457885742e-01
-4.040391445159912109e-01
-6.430429220199584961e-01
-8.193900585174560547e-01
-4.933149218559265137e-01
-7.173483371734619141e-01
-6.650101542472839355e-01
-8.110464811325073242e-01
-7.127679586410522461e-01
-4.372271001338958740e-01
-4.182817935943603516e-01
-3.510501086711883545e-01
-8.746647238731384277e-01
-7.587677836418151855e-01
-9.889608025550842285e-01
-4.700935482978820801e-01
-6.795390844345092773e-01
-6.594221591949462891e-01
-3.771388828754425049e-01
-6.755005717277526855e-01
-7.677533030509948730e-01
-7.202599048614501953e-01
-7.171762585639953613e-01
-3.388697504997253418e-01
-4.305147528648376465e-01
-6.303719878196716309e-01
-4.767576754093170166e-01
-2.787092328071594238e-01
-4.282220900058746338e-01
-2.682292759418487549e-01
-7.660360932350158691e-01
-6.770103573799133301e-01
-3.341679573059082031e-01
-5.728033185005187988e-01
-5.345567464828491211e-01
-5.498491525650024414e-01
-3.501181304454803467e-01
-3.900018930435180664e-01
-2.472376823425292969e-01
-3.014405667781829834e-01
-5.650824904441833496e-01
-6.929738521575927734e-01
-4.881004095077514648e-01
-5.028529167175292969e-01
-4.028980433940887451e-01
