-5.076129436492919922e-01
-3.229326903820037842e-01
-5.395544171333312988e-01
-2.376349419355392456e-01
-6.247125267982482910e-01
-8.249612450599670410e-01
-4.677009880542755127e-01
-5.075892806053161621e-01
-7.088001966476440430e-01
-3.991710543632507324e-01
-2.455544322729110718e-01
-3.854570388793945312e-01
-1.016375184059143066e+00
-4.693895578384399414e-01
-2.528050541877746582e-01
-9.010704159736633301e-01
-5.761062502861022949e-01
-4.116185903549194336e-01
-4.558830559253692627e-01
-4.715266227722167969e-01
-3.935030996799468994e-01
-6.389606595039367676e-01
-5.400386452674865723e-01
-1.300802528858184814e-01
-7.511023283004760742e-01
-6.454265117645263672e-01
-4.508231878280639648e-01
-5.996236801147460938e-01
-8.948121666908264160e-01
-3.558430671691894531e-01
-6.682887673377990723e-01
-9.334580898284912109e-01
-4.634741842746734619e-01
-5.672235488891601562e-01
-3.904313445091247559e-01
-7.336995601654052734e-01
-1.004585742950439453e+00
-6.078853011131286621e-01
-3.378148078918457031e-01
-5.065640807151794434e-01
-3.850750029087066650e-01
-6.642987728118896484e-01
-5.069138407707214355e-01
-4.136283397674560547e-01
-1.395816057920455933e-01
-5.258737206459045410e-01
-6.683046221733093262e-01
-1.520347893238067627e-01
-1.016699433326721191e+00
-4.916326701641082764e-01
-4.435392320156097412e-01
-6.543616652488708496e-01
-3.999751806259155273e-01
-2.222432047128677368e-01
-2.823687791824340820e-01
-1.495802402496337891e-01
-4.884474873542785645e-01
-2.181367427110671997e-01
-3.913459181785583496e-01
-7.874177098274230957e-01
-4.897916018962860107e-01
-6.896833181381225586e-01
-6.039525270462036133e-01
-6.517422199249267578e-01
-4.464793801307678223e-01
-4.939052164554595947e-01
-6.809807419776916504e-01
-6.987742781639099121e-01
-6.356188654899597168e-01
-4.033278822898864746e-01
-7.497820258140563965e-01
-5.238792300224304199e-01
-8.810058832168579102e-01
-1.054806709289550781e-01
-4.538430571556091309e-01
-6.981149315834045410e-01
-4.841862320899963379e-01
-6.728008985519409180e-01
-1.962392032146453857e-01
-5.898182392120361328e-01
-3.160127103328704834e-01
-7.541335225105285645e-01
-6.495785713195800781e-01
-8.588172197341918945e-01
-6.435757875442504883e-01
-6.528753638267517090e-01
-5.905631184577941895e-01
-7.344254851341247559e-01
-5.403941869735717773e-01
-7.242178320884704590e-01
-3.428047597408294678e-01
-1.114798903465270996e+00
-5.806428194046020508e-01
-5.473701953887939453e-01
-4.346616268157958984e-01
-9.008547663688659668e-01
-6.953880935907363892e-02
-5.759130120277404785e-01
-5.379448533058166504e-01
-6.027083992958068848e-01
