-3.828773796558380127e-01
-4.082354903221130371e-01
-6.703410744667053223e-01
-6.190937757492065430e-01
-5.400705933570861816e-01
-5.037848353385925293e-01
-6.562491655349731445e-01
-6.793066263198852539e-01
-5.399803519248962402e-01
-2.129280120134353638e-01
-6.273615956306457520e-01
-4.523492157459259033e-01
-4.774388372898101807e-01
-9.239142537117004395e-01
-5.293742418289184570e-01
-6.714524626731872559e-01
-2.374020367860794067e-01
-4.482948184013366699e-01
-6.534218192100524902e-01
-5.467519760131835938e-01
-1.936739087104797363e-01
-3.607508838176727295e-01
-2.955581545829772949e-01
-5.411901473999023438e-01
-5.843835473060607910e-01
-2.508635818958282471e-01
-1.908979713916778564e-01
-6.064662933349609375e-01
-6.755732893943786621e-01
-3.138499259948730469e-01
-3.756920695304870605e-01
-6.274471879005432129e-01
-6.399537324905395508e-01
-3.994110822677612305e-01
3.014570102095603943e-02
-4.564823806285858154e-01
-5.203680992126464844e-01
-3.182265758514404297e-01
-4.330734908580780029e-01
-6.410444974899291992e-01
-5.076446533203125000e-01
-5.036164522171020508e-01
-3.129817843437194824e-01
-7.451353073120117188e-01
-5.760752558708190918e-01
-4.193355739116668701e-01
-4.321287572383880615e-01
-6.182366609573364258e-01
-4.138396084308624268e-01
-6.171785593032836914e-01
-3.584300577640533447e-01
-6.333810091018676758e-01
-4.344069361686706543e-01
-6.688255667686462402e-01
-8.494544029235839844e-01
-4.275319576263427734e-01
-1.372453123331069946e-01
-3.206738233566284180e-01
-2.171374559402465820e-01
-5.682699084281921387e-01
-3.239351212978363037e-01
-6.806849241256713867e-01
-6.961954236030578613e-01
-5.365464687347412109e-01
-2.475946098566055298e-01
-4.211095571517944336e-01
-6.708409190177917480e-01
-3.651092350482940674e-01
-3.995429277420043945e-01
-6.568519473075866699e-01
-2.905752062797546387e-01
-6.036673188209533691e-01
-4.221422970294952393e-01
-5.310984849929809570e-01
-2.240497469902038574e-01
-6.201817393302917480e-01
-6.868722438812255859e-01
-6.328778862953186035e-01
-7.277173995971679688e-01
-5.911895632743835449e-01
-3.232657015323638916e-01
-7.522935867309570312e-01
-3.914632499217987061e-01
-9.067572951316833496e-01
-4.166378378868103027e-01
-6.167063117027282715e-01
-4.286428391933441162e-01
-4.851999580860137939e-01
-4.299559891223907471e-01
-3.748649060726165771e-01
-6.472094058990478516e-01
-7.073103189468383789e-01
-3.971978127956390381e-01
-7.366149425506591797e-01
-3.935899436473846436e-01
-7.857407927513122559e-01
-3.162343204021453857e-01
-2.099116891622543335e-01
-8.005712628364562988e-01
-3.921452462673187256e-01
