9.638851881027221680e-02
1.798169687390327454e-02
1.331241130828857422e-01
1.699788868427276611e-01
-9.092617779970169067e-02
2.575266063213348389e-01
2.029705196619033813e-01
-6.983816623687744141e-02
4.923754837363958359e-03
9.097089618444442749e-02
7.911614328622817993e-02
-7.344590127468109131e-02
-3.032006137073040009e-02
-2.646475285291671753e-02
-8.958440274000167847e-03
3.162584081292152405e-02
1.908412426710128784e-01
-9.456321597099304199e-02
1.221753209829330444e-01
-5.428556352853775024e-02
-1.258695125579833984e-01
2.628087401390075684e-01
9.491407871246337891e-02
-1.658310592174530029e-01
4.713844507932662964e-02
-1.285347342491149902e-01
7.232595235109329224e-02
-9.751702309586107731e-04
1.334803737699985504e-02
7.406958192586898804e-02
-2.628343999385833740e-01
2.002510428428649902e-01
2.036686241626739502e-02
1.267990469932556152e-01
-8.051528036594390869e-02
-5.554529651999473572e-02
3.031622618436813354e-02
-3.222043439745903015e-02
1.002287194132804871e-01
-1.522298753261566162e-01
1.047164872288703918e-01
