-3.292899429798126221e-01
-1.137697398662567139e-01
-5.087174177169799805e-01
-1.753238737583160400e-01
-2.220479100942611694e-01
-4.023767113685607910e-01
-4.934852719306945801e-01
-2.650470435619354248e-01
-6.257978677749633789e-01
-2.898128926753997803e-01
-2.336975336074829102e-01
-2.872298359870910645e-01
-6.245394945144653320e-01
-1.231442838907241821e-01
-3.738128542900085449e-01
-9.375646710395812988e-02
-2.112956047058105469e-01
-4.267139434814453125e-01
-2.215534001588821411e-01
-4.317975044250488281e-01
-3.816374242305755615e-01
-1.274467706680297852e-01
-4.370446205139160156e-01
2.658031508326530457e-02
-2.262763082981109619e-01
-9.208753705024719238e-02
-5.606349706649780273e-01
-2.513578534126281738e-01
-6.181541681289672852e-01
-2.697803974151611328e-01
-2.452951520681381226e-01
-6.020447611808776855e-01
-1.518628448247909546e-01
-5.019661784172058105e-01
-5.511807799339294434e-01
-4.349935650825500488e-01
-5.413511991500854492e-01
-4.672291278839111328e-01
-3.028615415096282959e-01
-4.446198642253875732e-01
9.235311299562454224e-02
-3.185282349586486816e-01
-5.061503648757934570e-01
-1.663414835929870605e-01
-3.553714454174041748e-01
-1.268256008625030518e-01
-6.016848087310791016e-01
-5.430601835250854492e-01
-3.229957520961761475e-01
-2.254067808389663696e-01
-3.080354034900665283e-01
-9.154928475618362427e-02
-3.881907165050506592e-01
-3.554994165897369385e-01
-2.587444186210632324e-01
-2.788397371768951416e-01
-4.001366496086120605e-01
-5.358846783638000488e-01
-4.980725646018981934e-01
-2.816480398178100586e-01
-3.245011270046234131e-01
-3.831865191459655762e-01
-3.182383775711059570e-01
-3.580431044101715088e-01
-2.023772895336151123e-01
-5.687218308448791504e-01
-1.705717891454696655e-01
-2.314283698797225952e-01
-4.218972921371459961e-01
-2.678939104080200195e-01
-5.821716785430908203e-01
-2.881552875041961670e-01
-7.599854469299316406e-02
-2.597633898258209229e-01
-2.741726636886596680e-01
-2.869210243225097656e-01
-3.959905803203582764e-01
5.754441488534212112e-03
-4.287665784358978271e-01
-7.074102759361267090e-01
-3.105206191539764404e-01
-3.262906074523925781e-01
-5.290232300758361816e-01
-2.782090902328491211e-01
-3.829822540283203125e-01
-5.568744540214538574e-01
-3.469421267509460449e-01
-2.416109591722488403e-01
-5.190266370773315430e-01
-4.178097844123840332e-01
-3.503287434577941895e-01
-4.515453279018402100e-01
-3.480793535709381104e-01
-3.802130520343780518e-01
-2.424357831478118896e-01
-3.087352812290191650e-01
-2.968987226486206055e-01
-4.999955892562866211e-01
-2.370468378067016602e-01
-6.026000976562500000e-01
