-5.319231748580932617e-01
-4.149381220340728760e-01
-3.486564159393310547e-01
-9.049344807863235474e-02
-4.279508888721466064e-01
-7.191640138626098633e-01
-2.821535170078277588e-01
-5.722714066505432129e-01
-4.800865948200225830e-01
-5.517969727516174316e-01
-6.583959460258483887e-01
-7.554482221603393555e-01
-6.777309775352478027e-01
-6.110529303550720215e-01
-2.646816968917846680e-01
-8.408045172691345215e-01
-5.610992312431335449e-01
-3.568282127380371094e-01
-6.857541799545288086e-01
-5.869199633598327637e-01
-3.072968423366546631e-01
-1.013377532362937927e-01
-7.023870348930358887e-01
-3.525890707969665527e-01
-5.923400521278381348e-01
-4.624043703079223633e-01
-1.612755805253982544e-01
-3.709760606288909912e-01
-5.764953494071960449e-01
-7.315199971199035645e-01
-3.687272667884826660e-01
-7.270885705947875977e-01
-7.291876077651977539e-01
-5.223057270050048828e-01
-2.941655516624450684e-01
-6.620870232582092285e-01
-3.996589183807373047e-01
-1.029345512390136719e+00
-7.079293727874755859e-01
-6.071876883506774902e-01
-1.444080173969268799e-01
-5.276659727096557617e-01
-1.692844182252883911e-01
-7.460460066795349121e-01
-4.584485292434692383e-01
-5.371478199958801270e-01
-1.740483343601226807e-01
-4.266643226146697998e-01
-8.082973957061767578e-01
-4.863040745258331299e-01
-6.386215090751647949e-01
-6.896956562995910645e-01
-8.888142108917236328e-01
-5.015665292739868164e-01
-5.105427503585815430e-01
-4.006377756595611572e-01
-2.741336226463317871e-01
-6.590153574943542480e-01
-3.949300944805145264e-01
-7.467265725135803223e-01
-4.585150480270385742e-01
-6.326281428337097168e-01
-7.636771202087402344e-01
-6.416674852371215820e-01
-2.878987789154052734e-01
-6.505829095840454102e-01
-7.172735929489135742e-01
-4.613932073116302490e-01
-6.326131224632263184e-01
-2.192832678556442261e-01
-2.699070274829864502e-01
-3.983401954174041748e-01
-6.757433414459228516e-01
-8.678711652755737305e-01
-4.418927133083343506e-01
-3.366813063621520996e-01
-6.537050604820251465e-01
-3.746011257171630859e-01
-7.409896254539489746e-01
-6.761388182640075684e-01
-2.088208347558975220e-01
-5.407968759536743164e-01
-7.329995036125183105e-01
-3.955786526203155518e-01
-7.075546383857727051e-01
-5.899357795715332031e-01
-3.057723641395568848e-01
-5.148044824600219727e-01
-7.533272504806518555e-01
-6.021312475204467773e-01
-7.168535590171813965e-01
-3.063766658306121826e-01
-8.237473964691162109e-01
-1.454038023948669434e-01
-4.603061079978942871e-01
-2.688691318035125732e-01
-7.621191143989562988e-01
-6.638057827949523926e-01
-3.443942666053771973e-01
-5.789445638656616211e-01
