1.449186801910400391e-01
-1.743331104516983032e-01
-1.116917654871940613e-01
7.530025392770767212e-02
4.009860008955001831e-02
-3.175671398639678955e-02
-1.422010213136672974e-01
1.005801409482955933e-01
1.125456541776657104e-01
2.349937707185745239e-01
5.565752740949392319e-03
6.788574974052608013e-04
-2.438479214906692505e-01
-1.660375446081161499e-01
1.798566877841949463e-01
7.907683402299880981e-02
1.592210084199905396e-01
-1.248069480061531067e-01
-6.443682312965393066e-02
-1.646663586143404245e-04
-8.533003926277160645e-02
3.163665533065795898e-02
-9.167473763227462769e-02
2.310993671417236328e-01
1.381223499774932861e-01
-4.677906259894371033e-02
1.067871600389480591e-01
-7.032226771116256714e-03
-1.233586743474006653e-01
-2.193663269281387329e-01
-2.812080085277557373e-02
-1.177086010575294495e-01
6.414256244897842407e-02
-3.529280051589012146e-02
-7.227855175733566284e-02
1.855804026126861572e-01
2.887114696204662323e-02
7.102072983980178833e-02
1.205543354153633118e-01
1.363480985164642334e-01
9.486884810030460358e-03
-8.876769989728927612e-02
