-2.948442697525024414e-01
-7.242355942726135254e-01
-3.523435294628143311e-01
-4.722248315811157227e-01
-3.796102106571197510e-01
-2.652592062950134277e-01
-2.129268795251846313e-01
-1.302283257246017456e-01
-6.054838299751281738e-01
-5.617540478706359863e-01
-2.045023143291473389e-01
-5.537211298942565918e-01
-4.766581654548645020e-01
-1.966426670551300049e-01
-5.647958517074584961e-01
-1.524060666561126709e-01
-2.122895270586013794e-01
-2.885184288024902344e-01
-6.606990098953247070e-01
-1.211911514401435852e-01
-3.416834175586700439e-01
-2.517685890197753906e-01
-4.962467849254608154e-01
-2.951028645038604736e-01
-4.984591603279113770e-01
-1.821693181991577148e-01
-5.720556974411010742e-01
-4.266798794269561768e-01
-2.555446028709411621e-01
-3.365346789360046387e-01
-6.089113950729370117e-01
-8.781319111585617065e-02
-4.093555808067321777e-01
-2.291233688592910767e-01
-1.546089947223663330e-01
-4.223070740699768066e-01
-5.946819782257080078e-01
-1.286175549030303955e-01
-6.606449484825134277e-01
-3.461710214614868164e-01
-5.634642839431762695e-01
-2.311692535877227783e-01
-3.733651638031005859e-01
-5.051658749580383301e-01
-8.720760792493820190e-02
-3.650143444538116455e-01
-3.686679601669311523e-01
-5.565834045410156250e-01
-2.083469480276107788e-01
-5.738732814788818359e-01
-3.764287233352661133e-01
-5.314437747001647949e-01
-5.859238505363464355e-01
-5.966059565544128418e-01
-2.078772187232971191e-01
-3.687154650688171387e-01
-3.702051043510437012e-01
-1.606260389089584351e-01
-1.150248572230339050e-01
-3.224303722381591797e-01
-3.572458624839782715e-01
-3.294040262699127197e-01
-3.667632043361663818e-01
-2.857731282711029053e-01
-1.340318322181701660e-01
-2.332152575254440308e-01
-5.159676671028137207e-01
-1.414092928171157837e-01
-3.218784034252166748e-01
-4.904919862747192383e-01
-2.809973061084747314e-01
-5.878727436065673828e-01
-4.397688806056976318e-01
-4.298003315925598145e-01
-3.674136102199554443e-01
-4.703342914581298828e-01
-4.385102093219757080e-01
-3.148486316204071045e-01
-3.555325269699096680e-01
-2.253516465425491333e-01
-3.808162808418273926e-01
-3.581838309764862061e-01
-3.076864480972290039e-01
-7.014122605323791504e-01
-5.005313158035278320e-01
-4.985910356044769287e-01
-2.657877504825592041e-01
-2.922282814979553223e-01
-3.286065459251403809e-01
-6.447315216064453125e-01
-2.766697704792022705e-01
-1.675993353128433228e-01
-4.799402654170989990e-01
-6.147305667400360107e-02
-2.122004181146621704e-01
-2.344377189874649048e-01
-1.948276758193969727e-01
-1.405272930860519409e-01
-3.320074677467346191e-01
-5.121517181396484375e-01
