-3.205927610397338867e-01
-2.956392467021942139e-01
-4.475120007991790771e-01
-4.330963790416717529e-01
-4.700078666210174561e-01
-4.342880249023437500e-01
-3.866196870803833008e-01
-5.301148891448974609e-01
-6.442840695381164551e-01
-5.888970494270324707e-01
-3.674015700817108154e-01
-5.429626703262329102e-01
-7.717864513397216797e-01
-4.215550720691680908e-01
-5.116218328475952148e-01
-5.166166424751281738e-01
-4.287276864051818848e-01
-6.731035113334655762e-01
-5.707733035087585449e-01
-7.054452300071716309e-01
-3.465578854084014893e-01
-3.527427613735198975e-01
-4.713614881038665771e-01
-6.998693943023681641e-01
-6.851077079772949219e-01
-2.987463474273681641e-01
-4.817336201667785645e-01
-1.210850700736045837e-01
-3.299556374549865723e-01
-1.452976614236831665e-01
-8.214165568351745605e-01
-3.791742324829101562e-01
-7.593603134155273438e-01
-3.942295610904693604e-01
-8.535174727439880371e-01
-4.441746771335601807e-01
-8.263837695121765137e-01
-7.358118295669555664e-01
-6.268494129180908203e-01
-4.322474002838134766e-01
-5.837860107421875000e-01
-4.213421344757080078e-01
-7.903145551681518555e-01
-1.714186668395996094e-01
-4.657957851886749268e-01
-6.591365933418273926e-01
-7.081575989723205566e-01
-5.162411332130432129e-01
-6.693367362022399902e-01
-3.431695103645324707e-01
-7.448742985725402832e-01
-8.203723430633544922e-01
-6.810088157653808594e-01
-3.250430226325988770e-01
-6.570718884468078613e-01
-5.771300196647644043e-01
-8.064648509025573730e-01
-2.354276478290557861e-01
-8.133081197738647461e-01
-3.379367291927337646e-01
-8.066620826721191406e-01
-3.865849673748016357e-01
-3.741968274116516113e-01
-5.001592636108398438e-01
-4.081196486949920654e-01
-4.234467744827270508e-01
-3.697604537010192871e-01
-5.148342251777648926e-01
-4.569338560104370117e-01
-5.804014205932617188e-01
-1.631351709365844727e-01
-5.819606184959411621e-01
-5.997725129127502441e-01
-8.130064010620117188e-01
-2.446258366107940674e-01
-6.824752092361450195e-01
-4.556222558021545410e-01
-1.150868833065032959e-02
-5.894147753715515137e-01
-5.684800148010253906e-01
-7.509582042694091797e-01
-6.562747359275817871e-01
-6.459655165672302246e-01
-2.826982438564300537e-01
-5.645668506622314453e-01
-6.879789829254150391e-01
-3.452554643154144287e-01
-2.422871142625808716e-01
-5.428847074508666992e-01
-1.590859889984130859e-01
-5.728658437728881836e-01
-2.163299769163131714e-01
-5.139524340629577637e-01
-5.664956569671630859e-01
-4.540002942085266113e-01
-5.002875328063964844e-01
-6.871864199638366699e-01
-4.285880550742149353e-02
-5.943341851234436035e-01
-7.299861907958984375e-01
