-4.073592424392700195e-01
-4.503027796745300293e-01
-6.163060069084167480e-01
-3.063879311084747314e-01
-2.223558574914932251e-01
-9.262569993734359741e-02
-7.762231826782226562e-01
-5.953165292739868164e-01
-7.176949381828308105e-01
-7.187439203262329102e-01
-2.050857245922088623e-01
-7.551513910293579102e-01
-6.215941309928894043e-01
-4.378703832626342773e-01
-9.197150468826293945e-01
-2.300939857959747314e-01
-1.011270359158515930e-01
-3.658052980899810791e-01
-8.124452829360961914e-01
-6.571425795555114746e-01
-3.360089361667633057e-01
-5.997002124786376953e-01
-4.747983515262603760e-01
-6.546712517738342285e-01
-5.810815691947937012e-01
-6.916521191596984863e-01
-4.619163870811462402e-01
-7.348321676254272461e-01
-5.542879700660705566e-01
-4.327686727046966553e-01
-5.219644904136657715e-01
-3.925015628337860107e-01
-5.536655187606811523e-01
-3.217090368270874023e-01
-1.854338645935058594e-01
-7.125452160835266113e-01
-6.281903386116027832e-01
-3.876131176948547363e-01
-7.815356850624084473e-01
-2.710693180561065674e-01
-3.448772728443145752e-01
-9.092896580696105957e-01
-5.903995633125305176e-01
-6.363872289657592773e-01
-5.868636965751647949e-01
-8.489318490028381348e-01
-8.507238626480102539e-01
-1.750834584236145020e-01
-6.483707427978515625e-01
-1.079847097396850586e+00
-4.654008150100708008e-01
-3.219746351242065430e-01
-2.423245161771774292e-01
-2.988716065883636475e-01
-6.541346907615661621e-01
-7.384681105613708496e-01
-5.762167572975158691e-01
-6.374458670616149902e-01
-6.268203258514404297e-01
-6.011110544204711914e-01
-8.439771533012390137e-01
-4.066362082958221436e-01
-6.199505925178527832e-01
-5.376793742179870605e-01
-3.237752914428710938e-01
-4.653156697750091553e-01
-8.448917269706726074e-01
-7.055736780166625977e-01
-9.466804862022399902e-01
-5.104278922080993652e-01
-4.416435956954956055e-01
-2.982858717441558838e-01
-5.136485099792480469e-01
-3.806918561458587646e-01
-2.761411368846893311e-01
-1.272138953208923340e-01
-3.665500283241271973e-01
-4.631913900375366211e-01
-4.760382175445556641e-01
-6.070044636726379395e-01
-4.696546792984008789e-01
-5.739945769309997559e-01
-7.570051550865173340e-01
-3.175214231014251709e-01
-7.193161845207214355e-01
-5.555852055549621582e-01
-5.254980921745300293e-01
-3.377985060214996338e-01
-7.506759166717529297e-01
-8.189963698387145996e-01
-3.229961693286895752e-01
-5.580982565879821777e-01
-7.773069143295288086e-01
-5.593598484992980957e-01
-9.784913063049316406e-01
-2.719881534576416016e-01
-4.759069085121154785e-01
-8.434394001960754395e-01
-2.278538942337036133e-01
-2.601369023323059082e-01
