2.349501848220825195e-02
-1.711757481098175049e-01
-8.235675841569900513e-02
1.905326545238494873e-01
-1.042318642139434814e-01
-9.185256063938140869e-02
-2.977564185857772827e-02
1.964013576507568359e-01
4.218919575214385986e-02
1.311841607093811035e-01
2.022375166416168213e-02
1.928171068429946899e-01
-4.608386754989624023e-02
2.146103978157043457e-02
2.599424123764038086e-02
1.597213186323642731e-02
-1.741198450326919556e-01
-1.990263313055038452e-01
-2.053348720073699951e-02
-2.603916451334953308e-02
-2.361978739500045776e-01
1.047024354338645935e-01
1.193072274327278137e-01
1.894568838179111481e-02
3.938392177224159241e-02
-6.182857602834701538e-02
1.586525887250900269e-01
1.043219119310379028e-01
-9.045894443988800049e-02
2.046773284673690796e-01
9.827213361859321594e-03
1.783501207828521729e-01
1.129972282797098160e-02
-1.219071745872497559e-01
-6.746094673871994019e-02
1.219456791877746582e-01
3.121563047170639038e-02
-2.032304406166076660e-01
-1.111525893211364746e-01
3.967237658798694611e-03
-7.671085745096206665e-02
