5.229358747601509094e-02
6.125967204570770264e-02
9.165857732295989990e-02
4.267479851841926575e-02
1.739215254783630371e-01
1.740941405296325684e-02
-1.719064563512802124e-01
6.089674681425094604e-02
-2.084571868181228638e-02
-8.943264931440353394e-02
-4.701168509200215340e-04
-1.919093281030654907e-01
-7.612106204032897949e-02
-2.126564271748065948e-02
1.723528355360031128e-01
1.480862796306610107e-01
3.157215565443038940e-02
-6.030104681849479675e-02
-1.096707880496978760e-01
-9.235230833292007446e-02
2.487330697476863861e-02
-1.837618649005889893e-01
1.608242243528366089e-01
-1.141942106187343597e-02
-7.223685970529913902e-04
1.017296873033046722e-02
1.344604790210723877e-01
1.720541119575500488e-01
6.957563757896423340e-02
-8.752873539924621582e-02
-9.104660153388977051e-02
8.638089150190353394e-02
-1.124750897288322449e-01
8.150897920131683350e-02
2.529498003423213959e-02
1.154330745339393616e-01
6.632753461599349976e-02
2.236868739128112793e-01
1.201298832893371582e-01
-1.791393011808395386e-02
