-6.852747201919555664e-01
-9.165565371513366699e-01
-3.177945613861083984e-01
-4.987068176269531250e-01
-5.095750093460083008e-01
-5.333994626998901367e-01
-4.575016498565673828e-01
-2.855283915996551514e-01
-5.760760307312011719e-01
-9.298582673072814941e-01
-7.581112384796142578e-01
-9.800305366516113281e-01
-3.376137018203735352e-01
-5.547400116920471191e-01
-7.211410403251647949e-01
-1.322109997272491455e-01
-6.771203875541687012e-01
-6.504184603691101074e-01
-4.878535866737365723e-01
-7.457093000411987305e-01
-8.302529454231262207e-01
-2.411034703254699707e-01
-2.790823876857757568e-01
-7.430641651153564453e-01
-5.826900601387023926e-01
-5.604013204574584961e-01
-9.485113620758056641e-01
-8.242816925048828125e-01
-3.613738715648651123e-01
-3.571103811264038086e-01
-3.459441661834716797e-01
-4.368290305137634277e-01
-2.472833544015884399e-01
-4.779061079025268555e-01
-2.141798287630081177e-01
-5.771127343177795410e-01
-5.225829482078552246e-01
-4.816801846027374268e-01
-7.273522615432739258e-01
-7.567582130432128906e-01
-3.598383963108062744e-01
-4.847021698951721191e-01
-7.087901830673217773e-01
-6.718227267265319824e-01
-7.243940234184265137e-01
-5.805173516273498535e-01
-7.156247496604919434e-01
-5.464069843292236328e-01
-3.866383433341979980e-01
-3.901334404945373535e-01
-3.910733163356781006e-01
-4.367145597934722900e-01
-4.419411420822143555e-01
-6.564483642578125000e-01
-4.579332470893859863e-01
-5.374283790588378906e-01
-2.312943190336227417e-01
-6.628463864326477051e-01
-7.804189920425415039e-01
-3.464022278785705566e-01
-5.945390462875366211e-01
-5.274115204811096191e-01
-8.268163800239562988e-01
-4.843661487102508545e-01
-4.019664824008941650e-01
-3.408059477806091309e-01
-6.636573076248168945e-01
-5.173602700233459473e-01
-8.306483626365661621e-01
-5.111252069473266602e-01
-5.279535651206970215e-01
-6.091361045837402344e-01
-2.751288115978240967e-01
-5.993908047676086426e-01
-4.193162322044372559e-01
-3.921308815479278564e-01
-4.193965494632720947e-01
-5.011839270591735840e-01
-5.485583543777465820e-01
-5.858047604560852051e-01
-2.937214970588684082e-01
-6.857882738113403320e-01
-5.435785055160522461e-01
-2.446912378072738647e-01
-5.398991703987121582e-01
-6.310156583786010742e-01
1.004808023571968079e-01
-1.908662319183349609e-01
-6.928387880325317383e-01
-5.674760341644287109e-01
-6.402384042739868164e-01
-6.200820803642272949e-01
-6.603973507881164551e-01
-3.153624832630157471e-01
-5.210160613059997559e-01
-6.696291565895080566e-01
-6.790038943290710449e-01
-7.359151244163513184e-01
-7.905259132385253906e-01
-3.660479187965393066e-01
