6.737755611538887024e-04
6.737187504768371582e-04
6.736619980074465275e-04
6.736051291227340698e-04
6.735481438226997852e-04
6.734912167303264141e-04
6.734342314302921295e-04
6.733771297149360180e-04
6.733200279995799065e-04
6.732628098689019680e-04
6.732055917382240295e-04
6.731482571922242641e-04
6.730908644385635853e-04
6.730334134772419930e-04
6.729760789312422276e-04
6.729184533469378948e-04
6.728608277626335621e-04
6.728032603859901428e-04
6.727455183863639832e-04
6.726876599714159966e-04
6.726298597641289234e-04
6.725719431415200233e-04
6.725140265189111233e-04
6.724560516886413097e-04
6.723979022353887558e-04
6.723396945744752884e-04
6.722814869135618210e-04
6.722232210449874401e-04
6.721648387610912323e-04
6.721063982695341110e-04
6.720480159856379032e-04
6.719894590787589550e-04
6.719306693412363529e-04
6.718719960190355778e-04
6.718133226968348026e-04
6.717543583363294601e-04
6.716954521834850311e-04
6.716366042383015156e-04
6.715774652548134327e-04
6.715183262713253498e-04
6.714591290801763535e-04
6.713997572660446167e-04
6.713404436595737934e-04
6.712810718454420567e-04
6.712215254083275795e-04
6.711619207635521889e-04
6.711022579111158848e-04
6.710424204356968403e-04
6.709826411679387093e-04
6.709227454848587513e-04
6.708626751787960529e-04
6.708026630803942680e-04
6.707424181513488293e-04
6.706821732223033905e-04
6.706219865009188652e-04
6.705615669488906860e-04
6.705009727738797665e-04
6.704403785988688469e-04
6.703797262161970139e-04
6.703189574182033539e-04
6.702580722048878670e-04
6.701971287839114666e-04
6.701361271552741528e-04
6.700750091113150120e-04
6.700137164443731308e-04
6.699524819850921631e-04
6.698909564875066280e-04
6.698294891975820065e-04
6.697679054923355579e-04
6.697061471641063690e-04
6.696443888358771801e-04
6.695825722999870777e-04
6.695204647257924080e-04
6.694584153592586517e-04
6.693962495774030685e-04
6.693339091725647449e-04
6.692714523524045944e-04
6.692089373245835304e-04
6.691463058814406395e-04
6.690836162306368351e-04
6.690208683721721172e-04
6.689578294754028320e-04
6.688947905786335468e-04
6.688315188512206078e-04
6.687681889161467552e-04
6.687048589810729027e-04
6.686412962153553963e-04
6.685776752419769764e-04
6.685139378532767296e-04
6.684500258415937424e-04
6.683860556222498417e-04
6.683219107799232006e-04
6.682577659375965595e-04
6.681933300569653511e-04
6.681288941763341427e-04
6.680642254650592804e-04
6.679994985461235046e-04
6.679346552118659019e-04
6.678696372546255589e-04
6.678045028820633888e-04
6.677391938865184784e-04
6.676738848909735680e-04
6.676082848571240902e-04
6.675426266156136990e-04
6.674769101664423943e-04
6.674108444713056087e-04
6.673447787761688232e-04
6.672786548733711243e-04
6.672121817246079445e-04
6.671456503681838512e-04
6.670790025964379311e-04
6.670122384093701839e-04
6.669452413916587830e-04
6.668781279586255550e-04
6.668108981102705002e-04
6.667433772236108780e-04
6.666759145446121693e-04
6.666082190349698067e-04
6.665403489023447037e-04
6.664721877314150333e-04
6.664040265604853630e-04
6.663356907665729523e-04
6.662671803496778011e-04
6.661983206868171692e-04
6.661295774392783642e-04
6.660604267381131649e-04
6.659912178292870522e-04
6.659218925051391125e-04
6.658522179350256920e-04
6.657824851572513580e-04
6.657125195488333702e-04
6.656425539404153824e-04
6.655721808783710003e-04
6.655015749856829643e-04
6.654309108853340149e-04
6.653600721620023251e-04
6.652890006080269814e-04
6.652177544310688972e-04
6.651463336311280727e-04
6.650746800005435944e-04
6.650028517469763756e-04
6.649308488704264164e-04
6.648585549555718899e-04
6.647860864177346230e-04
6.647134432569146156e-04
6.646405090577900410e-04
6.645674584433436394e-04
6.644942332059144974e-04
6.644206005148589611e-04
6.643469096161425114e-04
6.642729858867824078e-04
6.641987711191177368e-04
6.641243817284703255e-04
6.640497012995183468e-04
6.639747880399227142e-04
6.638997001573443413e-04
6.638243794441223145e-04
6.637487676925957203e-04
6.636728649027645588e-04
6.635967874899506569e-04
6.635204190388321877e-04
6.634438759647309780e-04
6.633669836446642876e-04
6.632899167016148567e-04
6.632125587202608585e-04
6.631348514929413795e-04
6.630570278503000736e-04
6.629789131693542004e-04
6.629004492424428463e-04
6.628218106925487518e-04
6.627427646890282631e-04
6.626635440625250340e-04
6.625839741900563240e-04
6.625041132792830467e-04
6.624240195378661156e-04
6.623435765504837036e-04
6.622629007324576378e-04
6.621818756684660912e-04
6.621006177738308907e-04
6.620188942179083824e-04
6.619369378313422203e-04
6.618547486141324043e-04
6.617721519432961941e-04
6.616892060264945030e-04
6.616059690713882446e-04
6.615224992856383324e-04
6.614386220462620258e-04
6.613543373532593250e-04
6.612698198296129704e-04
6.611848948523402214e-04
6.610996788367629051e-04
6.610140553675591946e-04
6.609280826523900032e-04
6.608417606912553310e-04
6.607550894841551781e-04
6.606680108234286308e-04
6.605805247090756893e-04
6.604928057640790939e-04
6.604045047424733639e-04
6.603159126825630665e-04
6.602269713766872883e-04
6.601375644095242023e-04
6.600477499887347221e-04
6.599575281143188477e-04
6.598669569939374924e-04
6.597759202122688293e-04
6.596845341846346855e-04
6.595926824957132339e-04
6.595003069378435612e-04
6.594076403416693211e-04
6.593143916688859463e-04
6.592207937501370907e-04
6.591267301701009274e-04
6.590322009287774563e-04
6.589372060261666775e-04
6.588416872546076775e-04
6.587457610294222832e-04
6.586492527276277542e-04
6.585523951798677444e-04
6.584550137631595135e-04
6.583571084775030613e-04
6.582586211152374744e-04
6.581597845070064068e-04
6.580603658221662045e-04
6.579603068530559540e-04
6.578598404303193092e-04
6.577589083462953568e-04
6.576573359780013561e-04
6.575551815330982208e-04
6.574525032192468643e-04
6.573491846211254597e-04
6.572455167770385742e-04
6.571410922333598137e-04
6.570360856130719185e-04
6.569306133314967155e-04
6.568243843503296375e-04
6.567176897078752518e-04
6.566102383658289909e-04
6.565022631548345089e-04
6.563936476595699787e-04
6.562844500876963139e-04
6.561744958162307739e-04
6.560640176758170128e-04
6.559527828358113766e-04
6.558408495038747787e-04
6.557284505106508732e-04
6.556151201948523521e-04
6.555012078024446964e-04
6.553866551257669926e-04
6.552712875418365002e-04
6.551551632583141327e-04
6.550384568981826305e-04
6.549209356307983398e-04
6.548027158714830875e-04
6.546837976202368736e-04
6.545638898387551308e-04
6.544434581883251667e-04
6.543220370076596737e-04
6.541999755427241325e-04
6.540770409628748894e-04
6.539533496834337711e-04
6.538287852890789509e-04
6.537034641951322556e-04
6.535772117786109447e-04
6.534502026624977589e-04
6.533222622238099575e-04
6.531935650855302811e-04
6.530639366246759892e-04
6.529333186335861683e-04
6.528018857352435589e-04
6.526695215143263340e-04
6.525362259708344936e-04
6.524019991047680378e-04
6.522668409161269665e-04
6.521308678202331066e-04
6.519937305711209774e-04
6.518556037917733192e-04
6.517166038975119591e-04
6.515766144730150700e-04
6.514355191029608250e-04
6.512933759950101376e-04
6.511503597721457481e-04
6.510062376037240028e-04
6.508610094897449017e-04
6.507147336378693581e-04
6.505672936327755451e-04
6.504189223051071167e-04
6.502693868242204189e-04
6.501188036054372787e-04
6.499668816104531288e-04
6.498139700852334499e-04
6.496598944067955017e-04
6.495045963674783707e-04
6.493482505902647972e-04
6.491906242445111275e-04
6.490317755378782749e-04
6.488718208856880665e-04
6.487104692496359348e-04
6.485480116680264473e-04
6.483842735178768635e-04
6.482193130068480968e-04
6.480530137196183205e-04
6.478854920715093613e-04
6.477165152318775654e-04
6.475463160313665867e-04
6.473750108852982521e-04
6.472021341323852539e-04
6.470279768109321594e-04
6.468524225056171417e-04
6.466755294241011143e-04
6.464972975663840771e-04
6.463175523094832897e-04
6.461365264840424061e-04
6.459539290517568588e-04
6.457700510509312153e-04
6.455846596509218216e-04
6.453978712670505047e-04
6.452096858993172646e-04
6.450198707170784473e-04
6.448286003433167934e-04
6.446359911933541298e-04
6.444416940212249756e-04
6.442459998652338982e-04
6.440487923100590706e-04
6.438499549403786659e-04
6.436496623791754246e-04
6.434478564187884331e-04
6.432444788515567780e-04
6.430395296774804592e-04
6.428328342735767365e-04
6.426248583011329174e-04
6.424151943065226078e-04
6.422038422897458076e-04
6.419910350814461708e-04
6.417765980586409569e-04
6.415604730136692524e-04
6.413428345695137978e-04
6.411235081031918526e-04
6.409026100300252438e-04
6.406800821423530579e-04
6.404559826478362083e-04
6.402301951311528683e-04
6.400027777999639511e-04
6.397737306542694569e-04
6.395430536940693855e-04
6.393107469193637371e-04
6.390768103301525116e-04
6.388413021340966225e-04
6.386041641235351562e-04
6.383653962984681129e-04
6.381249986588954926e-04
6.378829129971563816e-04
6.376393139362335205e-04
6.373942014761269093e-04
6.371474009938538074e-04
6.368989706970751286e-04
6.366490270011126995e-04
6.363974534906446934e-04
6.361443665809929371e-04
6.358897080644965172e-04
6.356335361488163471e-04
6.353758508339524269e-04
6.351166521199047565e-04
6.348558235913515091e-04
6.345936562865972519e-04
6.343299755826592445e-04
6.340648396871984005e-04
6.337983068078756332e-04
6.335302605293691158e-04
6.332609336823225021e-04
6.329900352284312248e-04
6.327178562059998512e-04
6.324443384073674679e-04
6.321694818325340748e-04
6.318934611044824123e-04
6.316160433925688267e-04
6.313372869044542313e-04
6.310573080554604530e-04
6.307763978838920593e-04
6.304940325208008289e-04
6.302106194198131561e-04
6.299260421656072140e-04
6.296403007581830025e-04
6.293535116128623486e-04
6.290657911449670792e-04
6.287769647315144539e-04
6.284872069954872131e-04
6.281964015215635300e-04
6.279047229327261448e-04
6.276122294366359711e-04
6.273188046179711819e-04
6.270245648920536041e-04
6.267295102588832378e-04
6.264337571337819099e-04
6.261371308937668800e-04
6.258399225771427155e-04
6.255420739762485027e-04
6.252435268834233284e-04
6.249443395063281059e-04
6.246446864679455757e-04
6.243445095606148243e-04
6.240438669919967651e-04
6.237427005544304848e-04
6.234410684555768967e-04
6.231390871107578278e-04
6.228368147276341915e-04
6.225341348908841610e-04
6.222312222234904766e-04
6.219280185177922249e-04
6.216245819814503193e-04
6.213210872374475002e-04
6.210173014551401138e-04
6.207135156728327274e-04
6.204095552675426006e-04
6.201057112775743008e-04
6.198016926646232605e-04
6.194977322593331337e-04
6.191938300617039204e-04
6.188900442793965340e-04
6.185863749124109745e-04
6.182828801684081554e-04
6.179795018397271633e-04
6.176763563416898251e-04
6.173734436742961407e-04
6.170708802528679371e-04
6.167684332467615604e-04
6.164665683172643185e-04
6.161649362184107304e-04
6.158636533655226231e-04
6.155628943815827370e-04
6.152624846436083317e-04
6.149625987745821476e-04
6.146631785668432713e-04
6.143643404357135296e-04
6.140660843811929226e-04
6.137682939879596233e-04
6.134712020866572857e-04
6.131747504696249962e-04
6.128788227215409279e-04
6.125837098807096481e-04
6.122892955318093300e-04
6.119954632595181465e-04
6.117025041021406651e-04
6.114102434366941452e-04
6.111187976785004139e-04
6.108280504122376442e-04
6.105382926762104034e-04
6.102493498474359512e-04
6.099612219259142876e-04
6.096740253269672394e-04
6.093877018429338932e-04
6.091022514738142490e-04
6.088177324272692204e-04
6.085341447032988071e-04
6.082515465095639229e-04
6.079699378460645676e-04
6.076893769204616547e-04
6.074097473174333572e-04
6.071311072446405888e-04
6.068536895327270031e-04
6.065770867280662060e-04
6.063016480766236782e-04
6.060273153707385063e-04
6.057540304027497768e-04
6.054817931726574898e-04
6.052106618881225586e-04
6.049406365491449833e-04
6.046718335710465908e-04
6.044040783308446407e-04
6.041374872438609600e-04
6.038720021024346352e-04
6.036076811142265797e-04
6.033445242792367935e-04
6.030825898051261902e-04
6.028217030689120293e-04
6.025620969012379646e-04
6.023036548867821693e-04
6.020463188178837299e-04
6.017903215251863003e-04
6.015354883857071400e-04
6.012818193994462490e-04
6.010293727740645409e-04
6.007780320942401886e-04
6.005280883982777596e-04
6.002793088555335999e-04
6.000316352583467960e-04
5.997852422297000885e-04
5.995400715619325638e-04
5.992961814627051353e-04
5.990533973090350628e-04
5.988118937239050865e-04
5.985716707073152065e-04
5.983326118439435959e-04
5.980947753414511681e-04
5.978582194074988365e-04
5.976228858344256878e-04
5.973886582069098949e-04
5.971557693555951118e-04
5.969240446574985981e-04
5.966935423202812672e-04
