3.721466637216508389e-04
3.721448301803320646e-04
3.721431130543351173e-04
3.721414541359990835e-04
3.721397370100021362e-04
3.721380198840051889e-04
3.721362445503473282e-04
3.721345274243503809e-04
3.721327811945229769e-04
3.721310349646955729e-04
3.721292596310377121e-04
3.721275425050407648e-04
3.721258544828742743e-04
3.721240791492164135e-04
3.721223329193890095e-04
3.721206740010529757e-04
3.721189568750560284e-04
3.721172397490590811e-04
3.721154644154012203e-04
3.721137763932347298e-04
3.721120010595768690e-04
3.721102839335799217e-04
3.721085959114134312e-04
3.721068205777555704e-04
3.721050743479281664e-04
3.721033572219312191e-04
3.721016109921038151e-04
3.720999229699373245e-04
3.720981767401099205e-04
3.720964596141129732e-04
3.720947133842855692e-04
3.720929962582886219e-04
3.720912791322916746e-04
3.720895620062947273e-04
3.720878448802977800e-04
3.720860986504703760e-04
3.720843524206429720e-04
3.720826643984764814e-04
3.720809472724795341e-04
3.720792010426521301e-04
3.720774548128247261e-04
3.720756794791668653e-04
3.720740496646612883e-04
3.720723325386643410e-04
3.720705572050064802e-04
3.720688400790095329e-04
3.720671229530125856e-04
3.720654058270156384e-04
3.720636595971882343e-04
3.720619424711912870e-04
3.720602253451943398e-04
3.720585373230278492e-04
3.720567619893699884e-04
3.720550157595425844e-04
3.720533277373760939e-04
3.720516106113791466e-04
3.720498352777212858e-04
3.720480890478938818e-04
3.720463719218969345e-04
3.720446547958999872e-04
3.720429958775639534e-04
3.720412787515670061e-04
3.720395325217396021e-04
3.720377571880817413e-04
3.720360400620847940e-04
3.720343811437487602e-04
3.720326058100908995e-04
3.720308886840939522e-04
3.720291133504360914e-04
3.720274544321000576e-04
3.720257373061031103e-04
3.720240492839366198e-04
3.720223030541092157e-04
3.720205568242818117e-04
3.720188979059457779e-04
3.720171225722879171e-04
3.720153763424605131e-04
3.720136301126331091e-04
3.720119129866361618e-04
3.720101958606392145e-04
3.720085078384727240e-04
3.720067616086453199e-04
3.720050444826483727e-04
3.720033564604818821e-04
3.720016102306544781e-04
3.719998931046575308e-04
3.719981759786605835e-04
3.719963715411722660e-04
3.719947708304971457e-04
3.719929372891783714e-04
3.719912492670118809e-04
3.719895321410149336e-04
3.719878441188484430e-04
3.719861560966819525e-04
3.719843516591936350e-04
3.719826927408576012e-04
3.719809174071997404e-04
3.719792293850332499e-04
3.719775122590363026e-04
3.719757369253784418e-04
3.719740489032119513e-04
3.719723608810454607e-04
3.719706146512180567e-04
3.719688975252211094e-04
3.719671803992241621e-04
3.719654341693967581e-04
3.719637752510607243e-04
3.719619999174028635e-04
3.719602827914059162e-04
3.719585365615785122e-04
3.719568194355815649e-04
3.719551605172455311e-04
3.719533851835876703e-04
3.719516971614211798e-04
3.719499509315937757e-04
3.719482629094272852e-04
3.719465457834303379e-04
3.719447995536029339e-04
3.719430824276059866e-04
3.719413653016090393e-04
3.719396481756120920e-04
3.719379310496151447e-04
3.719362139236181974e-04
3.719344967976212502e-04
3.719327796716243029e-04
3.719310625456273556e-04
3.719292872119694948e-04
3.719276282936334610e-04
3.719258820638060570e-04
3.719241940416395664e-04
3.719224769156426191e-04
3.719207888934761286e-04
3.719190426636487246e-04
3.719172964338213205e-04
3.719156375154852867e-04
3.719138912856578827e-04
3.719121741596609354e-04
3.719104279298335314e-04
3.719087399076670408e-04
3.719070227816700935e-04
3.719052474480122328e-04
3.719035594258457422e-04
3.719017840921878815e-04
3.719001251738518476e-04
3.718984662555158138e-04
3.718966618180274963e-04
3.718949446920305490e-04
3.718932275660336018e-04
3.718915104400366545e-04
3.718898515217006207e-04
3.718880761880427599e-04
3.718863881658762693e-04
3.718846419360488653e-04
3.718829539138823748e-04
3.718812367878854275e-04
3.718795196618884802e-04
3.718778025358915329e-04
3.718761145137250423e-04
3.718743682838976383e-04
3.718726511579006910e-04
3.718709340319037437e-04
3.718691878020763397e-04
3.718674706760793924e-04
3.718656953424215317e-04
3.718640946317464113e-04
3.718623192980885506e-04
3.718606603797525167e-04
3.718588559422641993e-04
3.718571388162672520e-04
3.718554798979312181e-04
3.718537627719342709e-04
3.718520456459373236e-04
3.718502994161099195e-04
3.718485822901129723e-04
3.718468360602855682e-04
3.718451480381190777e-04
3.718434891197830439e-04
3.718417719937860966e-04
3.718399966601282358e-04
3.718383086379617453e-04
3.718365333043038845e-04
3.718348743859678507e-04
3.718331572599709034e-04
3.718313819263130426e-04
3.718297521118074656e-04
3.718279767781496048e-04
3.718263178598135710e-04
3.718246007338166237e-04
3.718229127116501331e-04
3.718211082741618156e-04
3.718194784596562386e-04
3.718177322298288345e-04
3.718160442076623440e-04
3.718143561854958534e-04
3.718126390594989061e-04
3.718108637258410454e-04
3.718092048075050116e-04
3.718074876815080643e-04
3.718057123478502035e-04
3.718040243256837130e-04
3.718023363035172224e-04
3.718006191775202751e-04
3.717988438438624144e-04
3.717971849255263805e-04
3.717954386956989765e-04
3.717937797773629427e-04
3.717920044437050819e-04
3.717903164215385914e-04
3.717885701917111874e-04
3.717868530657142401e-04
3.717851359397172928e-04
3.717834770213812590e-04
3.717817889992147684e-04
3.717800427693873644e-04
3.717783256433904171e-04
3.717766085173934698e-04
3.717748913913965225e-04
3.717732033692300320e-04
3.717715153470635414e-04
3.717697982210665941e-04
3.717680228874087334e-04
3.717663348652422428e-04
3.717646468430757523e-04
3.717628715094178915e-04
3.717612125910818577e-04
3.717595245689153671e-04
3.717578074429184198e-04
3.717560612130910158e-04
3.717543731909245253e-04
3.717526560649275780e-04
3.717509389389306307e-04
3.717492800205945969e-04
3.717475628945976496e-04
3.717458457686007023e-04
3.717440704349428415e-04
3.717423533089458942e-04
3.717406652867794037e-04
3.717390063684433699e-04
3.717372310347855091e-04
3.717355430126190186e-04
3.717338840942829847e-04
3.717320796567946672e-04
3.717303916346281767e-04
3.717286745086312294e-04
3.717269573826342821e-04
3.717252402566373348e-04
3.717235813383013010e-04
3.717218933161348104e-04
3.717200888786464930e-04
3.717184590641409159e-04
3.717167419381439686e-04
3.717150830198079348e-04
3.717133076861500740e-04
3.717116196639835835e-04
3.717099316418170929e-04
3.717082145158201456e-04
3.717064973898231983e-04
3.717047802638262510e-04
3.717030922416597605e-04
3.717013460118323565e-04
3.716996288858354092e-04
3.716979699674993753e-04
3.716961655300110579e-04
3.716945066116750240e-04
3.716928185895085335e-04
3.716910723596811295e-04
3.716893843375146389e-04
3.716876963153481483e-04
3.716859209816902876e-04
3.716842620633542538e-04
3.716825740411877632e-04
3.716808860190212727e-04
3.716791688930243254e-04
3.716774517670273781e-04
3.716756764333695173e-04
3.716740175150334835e-04
3.716723003890365362e-04
3.716705832630395889e-04
3.716689243447035551e-04
3.716672072187066078e-04
3.716654900927096605e-04
3.716637438628822565e-04
3.716620558407157660e-04
3.716603387147188187e-04
3.716586506925523281e-04
3.716569044627249241e-04
3.716552455443888903e-04
3.716534702107310295e-04
3.716517821885645390e-04
3.716500650625675917e-04
3.716483479365706444e-04
3.716466890182346106e-04
3.716449427884072065e-04
3.716432547662407160e-04
3.716415958479046822e-04
3.716398205142468214e-04
3.716381615959107876e-04
3.716364444699138403e-04
3.716347273439168930e-04
3.716330975294113159e-04
3.716313221957534552e-04
3.716296050697565079e-04
3.716279461514204741e-04
3.716261999215930700e-04
3.716244827955961227e-04
3.716227656695991755e-04
3.716211358550935984e-04
3.716193314176052809e-04
3.716177016030997038e-04
3.716160426847636700e-04
3.716143255587667227e-04
3.716125793289393187e-04
3.716108913067728281e-04
3.716091741807758808e-04
3.716074861586093903e-04
3.716057981364428997e-04
3.716040810104459524e-04
3.716023638844490051e-04
3.716007049661129713e-04
3.715989587362855673e-04
3.715972707141190767e-04
3.715955535881221294e-04
3.715937782544642687e-04
3.715921193361282349e-04
3.715904604177922010e-04
3.715887432917952538e-04
3.715869970619678497e-04
3.715853381436318159e-04
3.715835919138044119e-04
3.715818747878074646e-04
3.715802158694714308e-04
3.715784987434744835e-04
3.715767816174775362e-04
3.715750935953110456e-04
3.715733764693140984e-04
3.715716593433171511e-04
3.715700004249811172e-04
3.715682250913232565e-04
3.715665661729872227e-04
3.715649072546511889e-04
3.715631319209933281e-04
3.715614730026572943e-04
3.715597267728298903e-04
3.715580969583243132e-04
3.715563507284969091e-04
3.715547209139913321e-04
3.715529746841639280e-04
3.715512575581669807e-04
3.715495404321700335e-04
3.715478524100035429e-04
3.715462225954979658e-04
3.715445054695010185e-04
3.715427883435040712e-04
3.715410712175071239e-04
3.715394122991710901e-04
3.715376660693436861e-04
3.715359489433467388e-04
3.715342900250107050e-04
3.715325728990137577e-04
3.715308557730168104e-04
3.715291386470198631e-04
3.715274506248533726e-04
3.715257334988564253e-04
3.715241036843508482e-04
3.715223865583539009e-04
3.715206694323569536e-04
3.715189523063600063e-04
3.715172642841935158e-04
3.715156053658574820e-04
3.715138300321996212e-04
3.715121711138635874e-04
3.715104539878666401e-04
3.715087950695306063e-04
3.715070779435336590e-04
3.715053899213671684e-04
3.715037310030311346e-04
3.715019847732037306e-04
3.715002676472067833e-04
3.714985796250402927e-04
3.714968916028738022e-04
3.714951453730463982e-04
3.714934573508799076e-04
3.714917111210525036e-04
3.714901104103773832e-04
3.714883932843804359e-04
3.714867052622139454e-04
3.714850463438779116e-04
3.714832710102200508e-04
3.714815829880535603e-04
3.714798367582261562e-04
3.714782069437205791e-04
3.714764898177236319e-04
3.714748017955571413e-04
3.714731137733906507e-04
3.714713966473937035e-04
3.714697377290576696e-04
3.714680788107216358e-04
3.714663034770637751e-04
3.714645863510668278e-04
3.714629565365612507e-04
3.714612103067338467e-04
3.714594640769064426e-04
3.714578051585704088e-04
3.714560880325734615e-04
3.714544000104069710e-04
3.714527119882404804e-04
3.714510239660739899e-04
3.714493650477379560e-04
3.714476188179105520e-04
3.714459307957440615e-04
3.714442427735775709e-04
3.714426129590719938e-04
3.714408376254141331e-04
3.714391787070780993e-04
3.714374615810811520e-04
3.714358026627451181e-04
3.714340564329177141e-04
3.714323393069207668e-04
3.714307094924151897e-04
3.714290505740791559e-04
3.714273334480822086e-04
3.714256745297461748e-04
3.714238991960883141e-04
3.714222111739218235e-04
3.714205231517553329e-04
3.714188060257583857e-04
3.714171180035918951e-04
3.714154299814254045e-04
3.714137419592589140e-04
3.714120539370924234e-04
3.714103368110954762e-04
3.714086487889289856e-04
3.714069607667624950e-04
3.714052727445960045e-04
3.714035847224295139e-04
3.714019258040934801e-04
3.714002086780965328e-04
3.713984915520995855e-04
3.713968035299330950e-04
3.713951155077666044e-04
3.713933692779392004e-04
3.713916812557727098e-04
3.713900514412671328e-04
3.713883052114397287e-04
3.713866462931036949e-04
3.713849000632762909e-04
3.713832411449402571e-04
3.713815822266042233e-04
3.713798359967768192e-04
3.713781479746103287e-04
3.713764890562742949e-04
3.713747719302773476e-04
3.713731130119413137e-04
3.713714249897748232e-04
3.713697078637778759e-04
3.713679907377809286e-04
3.713662736117839813e-04
3.713645855896174908e-04
3.713628975674510002e-04
3.713612386491149664e-04
3.713595506269484758e-04
3.713578335009515285e-04
3.713561163749545813e-04
3.713544283527880907e-04
3.713527985382825136e-04
3.713510814122855663e-04
3.713493933901190758e-04
3.713477053679525852e-04
3.713459591381251812e-04
3.713442711159586906e-04
3.713426704052835703e-04
3.713409532792866230e-04
3.713392070494592190e-04
3.713375772349536419e-04
3.713358310051262379e-04
3.713341138791292906e-04
3.713323967531323433e-04
3.713307378347963095e-04
3.713290789164602757e-04
3.713273908942937851e-04
3.713257028721272945e-04
3.713239857461303473e-04
3.713222686201334000e-04
3.713206097017973661e-04
3.713189216796308756e-04
3.713172336574643850e-04
3.713155747391283512e-04
3.713139158207923174e-04
3.713121986947953701e-04
3.713105106726288795e-04
3.713087935466319323e-04
3.713071637321263552e-04
3.713053883984684944e-04
3.713037585839629173e-04
3.713020705617964268e-04
3.713003534357994795e-04
3.712986363098025322e-04
3.712970064952969551e-04
3.712953184731304646e-04
3.712936304509639740e-04
