6.745674763806164265e-04
6.745656719431281090e-04
6.745638675056397915e-04
6.745620630681514740e-04
6.745602586306631565e-04
6.745584541931748390e-04
6.745567661710083485e-04
6.745550199411809444e-04
6.745532155036926270e-04
6.745514110662043095e-04
6.745495484210550785e-04
6.745477439835667610e-04
6.745459395460784435e-04
6.745442515239119530e-04
6.745425052940845490e-04
6.745407008565962315e-04
6.745388382114470005e-04
6.745372083969414234e-04
6.745353457517921925e-04
6.745335995219647884e-04
6.745317368768155575e-04
6.745300488546490669e-04
6.745282444171607494e-04
6.745263817720115185e-04
6.745246355421841145e-04
6.745227728970348835e-04
6.745210848748683929e-04
6.745192804373800755e-04
6.745175342075526714e-04
6.745157297700643539e-04
6.745139253325760365e-04
6.745121791027486324e-04
6.745103164575994015e-04
6.745086284354329109e-04
6.745067657902836800e-04
6.745049613527953625e-04
6.745032733306288719e-04
6.745014106854796410e-04
6.744997226633131504e-04
6.744978018105030060e-04
6.744959973730146885e-04
6.744942511431872845e-04
6.744925631210207939e-04
6.744907586835324764e-04
6.744889542460441589e-04
6.744871498085558414e-04
6.744854035787284374e-04
6.744836573489010334e-04
6.744818529114127159e-04
6.744800484739243984e-04
6.744783022440969944e-04
6.744765560142695904e-04
6.744747515767812729e-04
6.744728889316320419e-04
6.744711427018046379e-04
6.744693382643163204e-04
6.744676502421498299e-04
6.744658458046615124e-04
6.744640995748341084e-04
6.744622951373457909e-04
6.744604324921965599e-04
6.744586280547082424e-04
6.744569982402026653e-04
6.744551938027143478e-04
6.744534475728869438e-04
6.744516431353986263e-04
6.744497222825884819e-04
6.744480342604219913e-04
6.744462298229336739e-04
6.744445418007671833e-04
6.744426791556179523e-04
6.744409329257905483e-04
6.744391284883022308e-04
6.744373240508139133e-04
6.744355196133255959e-04
6.744337733834981918e-04
6.744320271536707878e-04
6.744303391315042973e-04
6.744284764863550663e-04
6.744266138412058353e-04
6.744249258190393448e-04
6.744230631738901138e-04
6.744214333593845367e-04
6.744195125065743923e-04
6.744177080690860748e-04
6.744160782545804977e-04
6.744141574017703533e-04
6.744124693796038628e-04
6.744107231497764587e-04
6.744089187122881413e-04
6.744071724824607372e-04
6.744053680449724197e-04
6.744035053998231888e-04
6.744017591699957848e-04
6.744000711478292942e-04
6.743982085026800632e-04
6.743964622728526592e-04
6.743947160430252552e-04
6.743928533978760242e-04
6.743911071680486202e-04
6.743893609382212162e-04
6.743876729160547256e-04
6.743857520632445812e-04
6.743840640410780907e-04
6.743822013959288597e-04
6.743804551661014557e-04
6.743787089362740517e-04
6.743769627064466476e-04
6.743752164766192436e-04
6.743734120391309261e-04
6.743716658093035221e-04
6.743698031641542912e-04
6.743680569343268871e-04
6.743661942891776562e-04
6.743644480593502522e-04
6.743626436218619347e-04
6.743609555996954441e-04
6.743592093698680401e-04
6.743574049323797226e-04
6.743556587025523186e-04
6.743539124727249146e-04
6.743521662428975105e-04
6.743503618054091930e-04
6.743484409525990486e-04
6.743466947227716446e-04
6.743449484929442406e-04
6.743432022631168365e-04
6.743414560332894325e-04
6.743397098034620285e-04
6.743378471583127975e-04
6.743359845131635666e-04
6.743342964909970760e-04
6.743324338458478451e-04
6.743309204466640949e-04
6.743289413861930370e-04
6.743272533640265465e-04
6.743254489265382290e-04
6.743237609043717384e-04
6.743218982592225075e-04
6.743201520293951035e-04
6.743182893842458725e-04
6.743166013620793819e-04
6.743148551322519779e-04
6.743129924871027470e-04
6.743113626725971699e-04
6.743094418197870255e-04
6.743077537976205349e-04
6.743058911524713039e-04
6.743040867149829865e-04
6.743022822774946690e-04
6.743005942553281784e-04
6.742989062331616879e-04
6.742969853803515434e-04
6.742953555658459663e-04
6.742936093360185623e-04
6.742918048985302448e-04
6.742900004610419273e-04
6.742882542312145233e-04
6.742863915860652924e-04
6.742847035638988018e-04
6.742828409187495708e-04
6.742811528965830803e-04
6.742792902514338493e-04
6.742776022292673588e-04
6.742758559994399548e-04
6.742739933542907238e-04
6.742722471244633198e-04
6.742704426869750023e-04
6.742686964571475983e-04
6.742669502273201942e-04
6.742652622051537037e-04
6.742633995600044727e-04
6.742615951225161552e-04
6.742599071003496647e-04
6.742580444552004337e-04
6.742562982253730297e-04
6.742546102032065392e-04
6.742528057657182217e-04
6.742510013282299042e-04
6.742493133060634136e-04
6.742474506609141827e-04
6.742457626387476921e-04
6.742438999935984612e-04
6.742422119714319706e-04
6.742404657416045666e-04
6.742387777194380760e-04
6.742369150742888451e-04
6.742351106368005276e-04
6.742333061993122101e-04
6.742315017618238926e-04
6.742297555319964886e-04
6.742280093021690845e-04
6.742262630723416805e-04
6.742244586348533630e-04
6.742226541973650455e-04
6.742208497598767281e-04
6.742191035300493240e-04
6.742173573002219200e-04
6.742156110703945160e-04
6.742138648405671120e-04
6.742121186107397079e-04
6.742103723809123039e-04
6.742085679434239864e-04
6.742067635059356689e-04
6.742050172761082649e-04
6.742032128386199474e-04
6.742014666087925434e-04
6.741997203789651394e-04
6.741979741491377354e-04
6.741961115039885044e-04
6.741943652741611004e-04
6.741927354596555233e-04
6.741909310221672058e-04
6.741890683770179749e-04
6.741873221471905708e-04
6.741855177097022533e-04
6.741837714798748493e-04
6.741820834577083588e-04
6.741803372278809547e-04
6.741784745827317238e-04
6.741767283529043198e-04
6.741749239154160023e-04
6.741731776855885983e-04
6.741714314557611942e-04
6.741696852259337902e-04
6.741678807884454727e-04
6.741661345586180687e-04
6.741643883287906647e-04
6.741625838913023472e-04
6.741608958691358566e-04
6.741590914316475391e-04
6.741572287864983082e-04
6.741553661413490772e-04
6.741537363268435001e-04
6.741518736816942692e-04
6.741503020748496056e-04
6.741483812220394611e-04
6.741466349922120571e-04
6.741449469700455666e-04
6.741432007402181625e-04
6.741414545103907585e-04
6.741395336575806141e-04
6.741379038430750370e-04
6.741361576132476330e-04
6.741342949680984020e-04
6.741326069459319115e-04
6.741307443007826805e-04
6.741289980709552765e-04
6.741271354258060455e-04
6.741254474036395550e-04
6.741238757967948914e-04
6.741220131516456604e-04
6.741202669218182564e-04
6.741184042766690254e-04
6.741165998391807079e-04
6.741149700246751308e-04
6.741131073795258999e-04
6.741114193573594093e-04
6.741095567122101784e-04
6.741079268977046013e-04
6.741060060448944569e-04
6.741043180227279663e-04
6.741026300005614758e-04
6.741007673554122448e-04
6.740990793332457542e-04
6.740972748957574368e-04
6.740955286659300327e-04
6.740937824361026287e-04
6.740919197909533978e-04
6.740901735611259937e-04
6.740884273312985897e-04
6.740867393091320992e-04
6.740849348716437817e-04
6.740830722264945507e-04
6.740815006196498871e-04
6.740796961821615696e-04
6.740778335370123386e-04
6.740761455148458481e-04
6.740742828696966171e-04
6.740726530551910400e-04
6.740708486177027225e-04
6.740691023878753185e-04
6.740672979503870010e-04
6.740655517205595970e-04
6.740638054907321930e-04
6.740620010532438755e-04
6.740602548234164715e-04
6.740584503859281540e-04
6.740567041561007500e-04
6.740550161339342594e-04
6.740532116964459419e-04
6.740514072589576244e-04
6.740496610291302204e-04
6.740479147993028164e-04
6.740461103618144989e-04
6.740444805473089218e-04
6.740426179021596909e-04
6.740408716723322868e-04
6.740390672348439693e-04
6.740373792126774788e-04
6.740355747751891613e-04
6.740338285453617573e-04
6.740319076925516129e-04
6.740302778780460358e-04
6.740285316482186317e-04
6.740267272107303143e-04
6.740250391885638237e-04
6.740233511663973331e-04
6.740214303135871887e-04
6.740198004990816116e-04
6.740179378539323807e-04
6.740161334164440632e-04
6.740144453942775726e-04
6.740126409567892551e-04
6.740109529346227646e-04
6.740092067047953606e-04
6.740073440596461296e-04
6.740055978298187256e-04
6.740039680153131485e-04
6.740021635778248310e-04
6.740003591403365135e-04
6.739986129105091095e-04
6.739968084730207920e-04
6.739950622431933880e-04
6.739933742210268974e-04
6.739915115758776665e-04
6.739898235537111759e-04
6.739880191162228584e-04
6.739863310940563679e-04
6.739845848642289639e-04
6.739828386344015598e-04
6.739810341969132423e-04
6.739792297594249249e-04
6.739774835295975208e-04
6.739758537150919437e-04
6.739739328622817993e-04
6.739722448401153088e-04
6.739704404026269913e-04
6.739688105881214142e-04
6.739668897353112698e-04
6.739652017131447792e-04
6.739634554833173752e-04
6.739617092534899712e-04
6.739599048160016537e-04
6.739582167938351631e-04
6.739564705640077591e-04
6.739546661265194416e-04
6.739529781043529510e-04
6.739511736668646336e-04
6.739493692293763161e-04
6.739475647918879986e-04
6.739458767697215080e-04
6.739441305398941040e-04
6.739423843100667000e-04
6.739406962879002094e-04
6.739388336427509785e-04
6.739371456205844879e-04
6.739353411830961704e-04
6.739335367456078529e-04
6.739319069311022758e-04
6.739299278706312180e-04
6.739284726791083813e-04
6.739264354109764099e-04
6.739248055964708328e-04
6.739229429513216019e-04
6.739212549291551113e-04
6.739195086993277073e-04
6.739176460541784763e-04
6.739158998243510723e-04
6.739142700098454952e-04
6.739125237800180912e-04
6.739107193425297737e-04
6.739090313203632832e-04
6.739071686752140522e-04
6.739054806530475616e-04
6.739037344232201576e-04
6.739019881933927536e-04
6.739002419635653496e-04
6.738984375260770321e-04
6.738966912962496281e-04
6.738948868587613106e-04
6.738931988365948200e-04
6.738914526067674160e-04
6.738897063769400120e-04
6.738879601471126080e-04
6.738862139172852039e-04
6.738844094797968864e-04
6.738825468346476555e-04
6.738809170201420784e-04
6.738791125826537609e-04
6.738773663528263569e-04
6.738757365383207798e-04
6.738738738931715488e-04
6.738721858710050583e-04
6.738703232258558273e-04
6.738686352036893368e-04
6.738667725585401058e-04
6.738650845363736153e-04
6.738633383065462112e-04
6.738616502843797207e-04
6.738598458468914032e-04
6.738580996170639992e-04
6.738563533872365952e-04
6.738546071574091911e-04
6.738528027199208736e-04
6.738510564900934696e-04
6.738493684679269791e-04
6.738475640304386616e-04
6.738458178006112576e-04
6.738441297784447670e-04
6.738423253409564495e-04
6.738406373187899590e-04
6.738388328813016415e-04
6.738370866514742374e-04
6.738352240063250065e-04
6.738335941918194294e-04
6.738318479619920254e-04
6.738301017321646214e-04
6.738282390870153904e-04
6.738265510648488998e-04
6.738248048350214958e-04
6.738230586051940918e-04
6.738213123753666878e-04
6.738195079378783703e-04
6.738177035003900528e-04
6.738161318935453892e-04
6.738143274560570717e-04
6.738125812262296677e-04
6.738108349964022636e-04
6.738090887665748596e-04
6.738072843290865421e-04
6.738054798915982246e-04
6.738037336617708206e-04
6.738021620549261570e-04
6.738002994097769260e-04
6.737985531799495220e-04
6.737967487424612045e-04
6.737950607202947140e-04
6.737931980751454830e-04
6.737914518453180790e-04
6.737896474078297615e-04
6.737880175933241844e-04
6.737862713634967804e-04
6.737844669260084629e-04
6.737827206961810589e-04
6.737810326740145683e-04
6.737792282365262508e-04
6.737774820066988468e-04
6.737757939845323563e-04
6.737739313393831253e-04
6.737723015248775482e-04
6.737705552950501442e-04
6.737686926499009132e-04
6.737670628353953362e-04
6.737652583979070187e-04
6.737635703757405281e-04
6.737617659382522106e-04
6.737600197084248066e-04
6.737583316862583160e-04
6.737565272487699986e-04
6.737547228112816811e-04
6.737530929967761040e-04
6.737512885592877865e-04
6.737496587447822094e-04
6.737477378919720650e-04
6.737461662851274014e-04
6.737443618476390839e-04
6.737426738254725933e-04
6.737408693879842758e-04
6.737391231581568718e-04
6.737372605130076408e-04
6.737356306985020638e-04
6.737338262610137463e-04
6.737320218235254288e-04
6.737303920090198517e-04
6.737285875715315342e-04
6.737267831340432167e-04
6.737250951118767262e-04
6.737234070897102356e-04
6.737215444445610046e-04
6.737197982147336006e-04
6.737181101925671101e-04
6.737163639627397060e-04
6.737146177329123020e-04
6.737129879184067249e-04
6.737111252732574940e-04
6.737093208357691765e-04
6.737075163982808590e-04
6.737057119607925415e-04
6.737040821462869644e-04
6.737023359164595604e-04
6.737005896866321564e-04
6.736987852491438389e-04
6.736970972269773483e-04
6.736953509971499443e-04
6.736936629749834538e-04
6.736919167451560497e-04
6.736901123076677322e-04
6.736884242855012417e-04
6.736866198480129242e-04
