6.776903173886239529e-04
6.776883383281528950e-04
6.776863010600209236e-04
6.776843219995498657e-04
6.776822847314178944e-04
6.776803056709468365e-04
6.776783848181366920e-04
6.776763475500047207e-04
6.776743102818727493e-04
6.776722730137407780e-04
6.776703521609306335e-04
6.776683148927986622e-04
6.776663358323276043e-04
6.776643567718565464e-04
6.776623777113854885e-04
6.776603986509144306e-04
6.776583031751215458e-04
6.776564405299723148e-04
6.776543450541794300e-04
6.776523659937083721e-04
6.776503869332373142e-04
6.776484078727662563e-04
6.776465452276170254e-04
6.776443915441632271e-04
6.776424124836921692e-04
6.776403752155601978e-04
6.776384543627500534e-04
6.776364170946180820e-04
6.776344962418079376e-04
6.776324589736759663e-04
6.776305381208658218e-04
6.776284426450729370e-04
6.776264635846018791e-04
6.776246009394526482e-04
6.776224472559988499e-04
6.776205264031887054e-04
6.776185473427176476e-04
6.776164518669247627e-04
6.776145310141146183e-04
6.776124937459826469e-04
6.776105728931725025e-04
6.776085938327014446e-04
6.776064983569085598e-04
6.776046357117593288e-04
6.776025984436273575e-04
6.776005029678344727e-04
6.775985821150243282e-04
6.775966030545532703e-04
6.775945657864212990e-04
6.775926449336111546e-04
6.775906658731400967e-04
6.775886286050081253e-04
6.775867077521979809e-04
6.775846704840660095e-04
6.775826914235949516e-04
6.775807123631238937e-04
6.775786750949919224e-04
6.775766960345208645e-04
6.775747169740498066e-04
6.775727961212396622e-04
6.775707006454467773e-04
6.775687797926366329e-04
6.775668007321655750e-04
6.775647634640336037e-04
6.775627844035625458e-04
6.775608053430914879e-04
6.775587680749595165e-04
6.775567890144884586e-04
6.775548681616783142e-04
6.775527726858854294e-04
6.775509100407361984e-04
6.775489309802651405e-04
6.775468937121331692e-04
6.775447982363402843e-04
6.775428773835301399e-04
6.775408983230590820e-04
6.775389192625880241e-04
6.775369402021169662e-04
6.775349611416459084e-04
6.775328656658530235e-04
6.775310030207037926e-04
6.775289657525718212e-04
6.775270448997616768e-04
6.775249494239687920e-04
6.775229703634977341e-04
6.775209913030266762e-04
6.775189540348947048e-04
6.775170331820845604e-04
6.775150541216135025e-04
6.775129586458206177e-04
6.775110377930104733e-04
6.775091169402003288e-04
6.775071378797292709e-04
6.775051006115972996e-04
6.775031215511262417e-04
6.775010260753333569e-04
6.774992216378450394e-04
6.774971843697130680e-04
6.774952053092420101e-04
6.774931680411100388e-04
6.774911307729780674e-04
6.774892099201679230e-04
6.774872308596968651e-04
6.774852517992258072e-04
6.774832727387547493e-04
6.774812936782836914e-04
6.774792564101517200e-04
6.774772773496806622e-04
6.774752982892096043e-04
6.774733774363994598e-04
6.774712819606065750e-04
6.774694193154573441e-04
6.774673238396644592e-04
6.774654611945152283e-04
6.774633657187223434e-04
6.774613866582512856e-04
6.774594075977802277e-04
6.774575449526309967e-04
6.774554494768381119e-04
6.774535868316888809e-04
6.774514913558959961e-04
6.774496287107467651e-04
6.774475332349538803e-04
6.774454959668219090e-04
6.774435751140117645e-04
6.774415960535407066e-04
6.774396169930696487e-04
6.774376961402595043e-04
6.774356006644666195e-04
6.774337380193173885e-04
6.774317007511854172e-04
6.774296634830534458e-04
6.774276844225823879e-04
6.774257635697722435e-04
6.774237845093011856e-04
6.774218054488301277e-04
6.774197681806981564e-04
6.774178473278880119e-04
6.774158682674169540e-04
6.774138309992849827e-04
6.774119101464748383e-04
6.774098728783428669e-04
6.774079520255327225e-04
6.774059729650616646e-04
6.774039356969296932e-04
6.774018984287977219e-04
6.774000357836484909e-04
6.773979403078556061e-04
6.773960194550454617e-04
6.773939821869134903e-04
6.773920613341033459e-04
6.773900822736322880e-04
6.773879867978394032e-04
6.773860659450292587e-04
6.773841450922191143e-04
6.773821078240871429e-04
6.773800705559551716e-04
6.773781497031450272e-04
6.773761706426739693e-04
6.773742497898638248e-04
6.773723289370536804e-04
6.773702334612607956e-04
6.773683126084506512e-04
6.773662753403186798e-04
6.773643544875085354e-04
6.773623754270374775e-04
6.773604545742273331e-04
6.773584173060953617e-04
6.773565546609461308e-04
6.773545173928141594e-04
6.773525383323431015e-04
6.773505010642111301e-04
6.773485802114009857e-04
6.773465429432690144e-04
6.773446220904588699e-04
6.773425848223268986e-04
6.773406639695167542e-04
6.773386267013847828e-04
6.773367058485746384e-04
6.773347267881035805e-04
6.773326313123106956e-04
6.773307686671614647e-04
6.773287313990294933e-04
6.773266941308975220e-04
6.773248314857482910e-04
6.773228524252772331e-04
6.773208733648061752e-04
6.773188360966742039e-04
6.773169152438640594e-04
6.773149361833930016e-04
6.773129571229219437e-04
6.773109198547899723e-04
6.773089990019798279e-04
6.773070199415087700e-04
6.773050408810377121e-04
6.773030036129057407e-04
6.773011409677565098e-04
6.772991036996245384e-04
6.772971828468143940e-04
6.772952037863433361e-04
6.772932247258722782e-04
6.772912456654012203e-04
6.772892666049301624e-04
6.772872875444591045e-04
6.772852502763271332e-04
6.772832712158560753e-04
6.772814085707068443e-04
6.772793713025748730e-04
6.772774504497647285e-04
6.772755295969545841e-04
6.772735505364835262e-04
6.772715714760124683e-04
6.772695342078804970e-04
6.772676133550703526e-04
6.772655760869383812e-04
6.772635388188064098e-04
6.772616179659962654e-04
6.772596389055252075e-04
6.772577762603759766e-04
6.772557389922440052e-04
6.772537017241120338e-04
6.772518390789628029e-04
6.772498018108308315e-04
6.772478809580206871e-04
6.772457854822278023e-04
6.772439228370785713e-04
6.772420019842684269e-04
6.772399647161364555e-04
6.772379856556653976e-04
6.772360065951943398e-04
6.772340857423841953e-04
6.772321066819131374e-04
6.772301276214420795e-04
6.772282067686319351e-04
6.772261695004999638e-04
6.772241904400289059e-04
6.772222113795578480e-04
6.772202323190867901e-04
6.772183696739375591e-04
6.772162741981446743e-04
6.772144115529954433e-04
6.772123160772025585e-04
6.772104534320533276e-04
6.772085325792431831e-04
6.772064953111112118e-04
6.772044580429792404e-04
6.772025371901690960e-04
6.772006163373589516e-04
6.771987536922097206e-04
6.771967164240777493e-04
6.771947373636066914e-04
6.771927583031356335e-04
6.771907792426645756e-04
6.771888001821935177e-04
6.771868793293833733e-04
6.771848420612514019e-04
6.771829212084412575e-04
6.771808839403092861e-04
6.771789048798382282e-04
6.771770422346889973e-04
6.771750049665570259e-04
6.771730259060859680e-04
6.771709886379539967e-04
6.771691259928047657e-04
6.771671469323337078e-04
6.771651678718626499e-04
6.771632470190525055e-04
6.771612097509205341e-04
6.771592306904494762e-04
6.771572516299784184e-04
6.771553307771682739e-04
6.771532353013753891e-04
6.771513726562261581e-04
6.771494518034160137e-04
6.771474145352840424e-04
6.771455518901348114e-04
6.771435146220028400e-04
6.771415937691926956e-04
6.771396147087216377e-04
6.771375774405896664e-04
6.771355983801186085e-04
6.771337357349693775e-04
6.771318148821592331e-04
6.771298358216881752e-04
6.771278567612171173e-04
6.771258777007460594e-04
6.771238986402750015e-04
6.771219777874648571e-04
6.771199987269937992e-04
6.771179032512009144e-04
6.771160406060516834e-04
6.771141197532415390e-04
6.771120824851095676e-04
6.771101616322994232e-04
6.771081243641674519e-04
6.771061453036963940e-04
6.771042244508862495e-04
6.771023035980761051e-04
6.771004409529268742e-04
6.770983454771339893e-04
6.770964246243238449e-04
6.770944455638527870e-04
6.770924665033817291e-04
6.770905456505715847e-04
6.770885665901005268e-04
6.770866457372903824e-04
6.770846084691584110e-04
6.770826876163482666e-04
6.770806503482162952e-04
6.770787877030670643e-04
6.770768086425960064e-04
6.770748295821249485e-04
6.770729669369757175e-04
6.770709296688437462e-04
6.770690088160336018e-04
6.770669715479016304e-04
6.770651089027523994e-04
6.770630716346204281e-04
6.770611507818102837e-04
6.770592299290001392e-04
6.770571926608681679e-04
6.770552718080580235e-04
6.770532345399260521e-04
6.770513718947768211e-04
6.770493346266448498e-04
6.770473555661737919e-04
6.770453182980418205e-04
6.770433392375707626e-04
6.770413601770997047e-04
6.770394393242895603e-04
6.770374602638185024e-04
6.770355394110083580e-04
6.770335603505373001e-04
6.770316394977271557e-04
6.770297768525779247e-04
6.770277395844459534e-04
6.770258187316358089e-04
6.770239560864865780e-04
6.770218606106936932e-04
6.770199397578835487e-04
6.770179024897515774e-04
6.770160398446023464e-04
6.770140025764703751e-04
6.770120817236602306e-04
6.770101026631891727e-04
6.770082400180399418e-04
6.770063191652297974e-04
6.770042818970978260e-04
6.770023610442876816e-04
6.770004401914775372e-04
6.769984029233455658e-04
6.769964820705354214e-04
6.769944448024034500e-04
6.769924657419323921e-04
6.769905448891222477e-04
6.769886240363121033e-04
6.769867031835019588e-04
6.769847823306918144e-04
6.769828032702207565e-04
6.769808824174106121e-04
6.769788451492786407e-04
6.769769242964684963e-04
6.769749452359974384e-04
6.769730825908482075e-04
6.769711035303771496e-04
6.769690662622451782e-04
6.769671454094350338e-04
6.769651663489639759e-04
6.769631872884929180e-04
6.769613246433436871e-04
6.769592873752117157e-04
6.769573083147406578e-04
6.769553874619305134e-04
6.769534084014594555e-04
6.769515457563102245e-04
6.769495666958391666e-04
6.769475294277071953e-04
6.769456667825579643e-04
6.769436877220869064e-04
6.769417086616158485e-04
6.769397878088057041e-04
6.769377505406737328e-04
6.769358878955245018e-04
6.769339088350534439e-04
6.769319297745823860e-04
6.769299507141113281e-04
6.769280880689620972e-04
6.769261090084910393e-04
6.769241299480199814e-04
6.769222090952098370e-04
6.769202300347387791e-04
6.769181927666068077e-04
6.769163883291184902e-04
6.769142928533256054e-04
6.769123137928545475e-04
6.769105093553662300e-04
6.769084720872342587e-04
6.769066094420850277e-04
6.769045721739530563e-04
6.769026513211429119e-04
6.769006722606718540e-04
6.768988678231835365e-04
6.768968305550515652e-04
6.768948514945805073e-04
6.768929306417703629e-04
6.768909515812993050e-04
6.768889725208282471e-04
6.768869934603571892e-04
6.768850726075470448e-04
6.768831517547369003e-04
6.768812309019267559e-04
6.768791936337947845e-04
6.768773309886455536e-04
6.768753519281744957e-04
6.768733728677034378e-04
6.768715102225542068e-04
6.768695893697440624e-04
6.768675521016120911e-04
6.768656312488019466e-04
6.768636521883308887e-04
6.768617895431816578e-04
6.768598104827105999e-04
6.768578314222395420e-04
6.768559105694293976e-04
6.768539315089583397e-04
6.768520106561481953e-04
6.768499733880162239e-04
6.768481107428669930e-04
6.768461898900568485e-04
6.768442108295857906e-04
6.768422317691147327e-04
6.768403109163045883e-04
6.768383318558335304e-04
6.768363527953624725e-04
6.768344319425523281e-04
6.768325110897421837e-04
6.768305902369320393e-04
6.768286693841218948e-04
6.768266903236508369e-04
6.768247694708406925e-04
6.768228486180305481e-04
6.768208695575594902e-04
6.768189487047493458e-04
6.768169696442782879e-04
6.768149905838072300e-04
6.768131279386579990e-04
6.768111488781869411e-04
6.768091698177158833e-04
6.768071907572448254e-04
6.768052699044346809e-04
6.768032908439636230e-04
6.768013699911534786e-04
6.767993909306824207e-04
6.767974700778722763e-04
6.767956074327230453e-04
6.767936283722519875e-04
6.767915911041200161e-04
6.767896702513098717e-04
6.767877493984997272e-04
6.767858285456895828e-04
6.767839659005403519e-04
6.767819286324083805e-04
6.767800077795982361e-04
6.767780869267880917e-04
6.767761078663170338e-04
6.767741288058459759e-04
6.767722661606967449e-04
6.767702871002256870e-04
6.767684244550764561e-04
6.767664453946053982e-04
6.767644663341343403e-04
6.767624872736632824e-04
6.767605664208531380e-04
6.767586455680429935e-04
6.767566665075719357e-04
6.767547456547617912e-04
6.767528248019516468e-04
6.767507875338196754e-04
6.767488666810095310e-04
6.767470622435212135e-04
6.767450831830501556e-04
6.767431041225790977e-04
6.767411832697689533e-04
6.767393206246197224e-04
6.767372833564877510e-04
6.767354207113385201e-04
6.767333834432065487e-04
6.767314625903964043e-04
6.767295999452471733e-04
6.767275626771152020e-04
6.767257000319659710e-04
6.767237791791558266e-04
6.767217419110238552e-04
6.767198210582137108e-04
6.767179584130644798e-04
6.767159793525934219e-04
6.767140584997832775e-04
6.767120212316513062e-04
6.767101003788411617e-04
6.767082377336919308e-04
