3.901296993717551231e-03
3.898609429597854614e-03
3.895925823599100113e-03
3.893244545906782150e-03
3.890566993504762650e-03
3.887892235070466995e-03
3.885220037773251534e-03
3.882551565766334534e-03
3.879885887727141380e-03
3.877223236486315727e-03
3.874564077705144882e-03
3.871907014399766922e-03
3.869253909215331078e-03
3.866604296490550041e-03
3.863957244902849197e-03
3.861313220113515854e-03
3.858671989291906357e-03
3.856034018099308014e-03
3.853399772197008133e-03
3.850767621770501137e-03
3.848139662295579910e-03
3.845514263957738876e-03
3.842892358079552650e-03
3.840273013338446617e-03
3.837656695395708084e-03
3.835044102743268013e-03
3.832434769719839096e-03
3.829827765002846718e-03
3.827224252745509148e-03
3.824624232947826385e-03
3.822026774287223816e-03
3.819432342424988747e-03
3.816841868683695793e-03
3.814253956079483032e-03
3.811669535934925079e-03
3.809088142588734627e-03
3.806509776040911674e-03
3.803934436291456223e-03
3.801362589001655579e-03
3.798793302848935127e-03
3.796227741986513138e-03
3.793665207922458649e-03
3.791105700656771660e-03
3.788548987358808517e-03
3.785996697843074799e-03
3.783446503803133965e-03
3.780899802222847939e-03
3.778355894610285759e-03
3.775815246626734734e-03
3.773278091102838516e-03
3.770743496716022491e-03
3.768212394788861275e-03
3.765684086829423904e-03
3.763159504160284996e-03
3.760637948289513588e-03
3.758118720725178719e-03
3.755603684112429619e-03
3.753091441467404366e-03
3.750582225620746613e-03
3.748076735064387321e-03
3.745573339983820915e-03
3.743073670193552971e-03
3.740577260032296181e-03
3.738083643838763237e-03
3.735593752935528755e-03
3.733106190338730812e-03
3.730622120201587677e-03
3.728141309693455696e-03
3.725663758814334869e-03
3.723188769072294235e-03
3.720717504620552063e-03
3.718249034136533737e-03
3.715783590450882912e-03
3.713321406394243240e-03
3.710862016305327415e-03
3.708406118676066399e-03
3.705953946337103844e-03
3.703503869473934174e-03
3.701056586578488350e-03
3.698613028973340988e-03
3.696172730997204781e-03
3.693735226988792419e-03
3.691300982609391212e-03
3.688869532197713852e-03
3.686441108584403992e-03
3.684016410261392593e-03
3.681594040244817734e-03
3.679175162687897682e-03
3.676759311929345131e-03
3.674346255138516426e-03
3.671936457976698875e-03
3.669529687613248825e-03
3.667126176878809929e-03
3.664725925773382187e-03
3.662328002974390984e-03
3.659933106973767281e-03
3.657541936263442039e-03
3.655153326690196991e-03
3.652767976745963097e-03
3.650385653600096703e-03
3.648005658760666847e-03
3.645629156380891800e-03
3.643255913630127907e-03
3.640885232016444206e-03
3.638517810031771660e-03
3.636153414845466614e-03
3.633792046457529068e-03
3.631433006376028061e-03
3.629077924415469170e-03
3.626724937930703163e-03
3.624375211074948311e-03
3.622028278186917305e-03
3.619685070589184761e-03
3.617343958467245102e-03
3.615006338804960251e-03
3.612670814618468285e-03
3.610339015722274780e-03
3.608010010793805122e-03
3.605683799833059311e-03
3.603360382840037346e-03
3.601039992645382881e-03
3.598722396418452263e-03
3.596407594159245491e-03
3.594096051529049873e-03
3.591787768527865410e-03
3.589480882510542870e-03
3.587177954614162445e-03
3.584877355024218559e-03
3.582580480724573135e-03
3.580285236239433289e-03
3.577994182705879211e-03
3.575704991817474365e-03
3.573418827727437019e-03
3.571134991943836212e-03
3.568854415789246559e-03
3.566576866433024406e-03
3.564302111044526100e-03
3.562029683962464333e-03
3.559760283678770065e-03
3.557493910193443298e-03
3.555229865014553070e-03
3.552969079464673996e-03
3.550710389390587807e-03
3.548454958945512772e-03
3.546202089637517929e-03
3.543951781466603279e-03
3.541704267263412476e-03
3.539459547027945518e-03
3.537217387929558754e-03
3.534978022798895836e-03
3.532741218805313110e-03
3.530507208779454231e-03
3.528275992721319199e-03
3.526047570630908012e-03
3.523821244016289711e-03
3.521597944200038910e-03
3.519377205520868301e-03
3.517158795148134232e-03
3.514943411573767662e-03
3.512730356305837631e-03
3.510520095005631447e-03
3.508313093334436417e-03
3.506107255816459656e-03
3.503905143588781357e-03
3.501705126836895943e-03
3.499507904052734375e-03
3.497313009575009346e-03
3.495120676234364510e-03
3.492930671200156212e-03
3.490743925794959068e-03
3.488559043034911156e-03
3.486376488581299782e-03
3.484197193756699562e-03
3.482020227238535881e-03
3.479845123365521431e-03
3.477673046290874481e-03
3.475503530353307724e-03
3.473336109891533852e-03
3.471171250566840172e-03
3.469008719548583031e-03
3.466848749667406082e-03
3.464691108092665672e-03
3.462535794824361801e-03
3.460383508354425430e-03
3.458233317360281944e-03
3.456085221841931343e-03
3.453939454630017281e-03
3.451796248555183411e-03
3.449655836448073387e-03
3.447517286986112595e-03
3.445381065830588341e-03
3.443247172981500626e-03
3.441115608438849449e-03
3.438987070694565773e-03
3.436860162764787674e-03
3.434735583141446114e-03
3.432613331824541092e-03
3.430493175983428955e-03
3.428376046940684319e-03
3.426260314881801605e-03
3.424147143959999084e-03
3.422036301344633102e-03
3.419927554205060005e-03
3.417821135371923447e-03
3.415717044845223427e-03
3.413615049794316292e-03
3.411515150219202042e-03
3.409417811781167984e-03
3.407322335988283157e-03
3.405229188501834869e-03
3.403137903660535812e-03
3.401048947125673294e-03
3.398962318897247314e-03
3.396877320483326912e-03
3.394794883206486702e-03
3.392714774236083031e-03
3.390636760741472244e-03
3.388560377061367035e-03
3.386486321687698364e-03
3.384414361789822578e-03
3.382344497367739677e-03
3.380276961252093315e-03
3.378210356459021568e-03
3.376147011294960976e-03
3.374085528776049614e-03
3.372025676071643829e-03
3.369968384504318237e-03
3.367912257090210915e-03
3.365858923643827438e-03
3.363807220011949539e-03
3.361757611855864525e-03
3.359709866344928741e-03
3.357664449140429497e-03
3.355620894581079483e-03
3.353578969836235046e-03
3.351539140567183495e-03
3.349501406773924828e-03
3.347465535625815392e-03
3.345431061461567879e-03
3.343399846926331520e-03
3.341369330883026123e-03
3.339340910315513611e-03
3.337314585223793983e-03
3.335289657115936279e-03
3.333266824483871460e-03
3.331246087327599525e-03
3.329227445647120476e-03
3.327210200950503349e-03
3.325195284560322762e-03
3.323181532323360443e-03
3.321170108392834663e-03
3.319160547107458115e-03
3.317151917144656181e-03
3.315145848318934441e-03
3.313141642138361931e-03
3.311138832941651344e-03
3.309138119220733643e-03
3.307138802483677864e-03
3.305141348391771317e-03
3.303146455436944962e-03
3.301152493804693222e-03
3.299160860478878021e-03
3.297169925644993782e-03
3.295181319117546082e-03
3.293194575235247612e-03
3.291209461167454720e-03
3.289225744083523750e-03
3.287244122475385666e-03
3.285264130681753159e-03
3.283285535871982574e-03
3.281309036538004875e-03
3.279333468526601791e-03
3.277360461652278900e-03
3.275388618931174278e-03
3.273419104516506195e-03
3.271450521424412727e-03
3.269483568146824837e-03
3.267518710345029831e-03
3.265555249527096748e-03
3.263593185693025589e-03
3.261632984504103661e-03
3.259674413129687309e-03
3.257717471569776535e-03
3.255761694163084030e-03
3.253808245062828064e-03
3.251855960115790367e-03
3.249905304983258247e-03
3.247956512495875359e-03
3.246009116992354393e-03
3.244063584133982658e-03
3.242118749767541885e-03
3.240176010876893997e-03
3.238234668970108032e-03
3.236295422539114952e-03
3.234357107430696487e-03
3.232421120628714561e-03
3.230485832318663597e-03
3.228552639484405518e-03
3.226620377972722054e-03
3.224690211936831474e-03
3.222761442884802818e-03
3.220834303647279739e-03
3.218908794224262238e-03
3.216984914615750313e-03
3.215061966329813004e-03
3.213140880689024925e-03
3.211221424862742424e-03
3.209303366020321846e-03
3.207386704161763191e-03
3.205472137778997421e-03
3.203558735549449921e-03
3.201646497473120689e-03
3.199736354872584343e-03
3.197827143594622612e-03
3.195920260623097420e-03
3.194014076143503189e-03
3.192109754309058189e-03
3.190206596627831459e-03
3.188305767253041267e-03
3.186405869200825691e-03
3.184507833793759346e-03
3.182610729709267616e-03
3.180715721100568771e-03
3.178821876645088196e-03
3.176929429173469543e-03
3.175038844347000122e-03
3.173149889335036278e-03
3.171262331306934357e-03
3.169376403093338013e-03
3.167491871863603592e-03
3.165608504787087440e-03
3.163727000355720520e-03
3.161847358569502831e-03
3.159968648105859756e-03
3.158092265948653221e-03
3.156216815114021301e-03
3.154342761263251305e-03
3.152471035718917847e-03
3.150599775835871696e-03
3.148730844259262085e-03
3.146863309666514397e-03
3.144997404888272285e-03
3.143132897093892097e-03
3.141270019114017487e-03
3.139408770948648453e-03
3.137548919767141342e-03
3.135691164061427116e-03
3.133834572508931160e-03
3.131979843601584435e-03
3.130126278847455978e-03
3.128274809569120407e-03
3.126424504444003105e-03
3.124576294794678688e-03
3.122729249298572540e-03
3.120884066447615623e-03
3.119040513411164284e-03
3.117198590189218521e-03
3.115358296781778336e-03
3.113519400358200073e-03
3.111682599410414696e-03
3.109846962615847588e-03
3.108013421297073364e-03
3.106181044131517410e-03
3.104350995272397995e-03
3.102522343397140503e-03
3.100695786997675896e-03
3.098870161920785904e-03
3.097046632319688797e-03
3.095225198194384575e-03
3.093405161052942276e-03
3.091586520895361900e-03
3.089769743382930756e-03
3.087955061346292496e-03
3.086142009124159813e-03
3.084330353885889053e-03
3.082521026954054832e-03
3.080713562667369843e-03
3.078907495364546776e-03
3.077102825045585632e-03
3.075300483033061028e-03
3.073499770835042000e-03
3.071701154112815857e-03
3.069904167205095291e-03
3.068109042942523956e-03
3.066315548494458199e-03
3.064523683860898018e-03
3.062734380364418030e-03
3.060946473851799965e-03
3.059160895645618439e-03
3.057376481592655182e-03
3.055594395846128464e-03
3.053813939914107323e-03
3.052035579457879066e-03
3.050259081646800041e-03
3.048484446480870247e-03
3.046711673960089684e-03
3.044940996915102005e-03
3.043172182515263557e-03
3.041405230760574341e-03
3.039640607312321663e-03
3.037877613678574562e-03
3.036116482689976692e-03
3.034357447177171707e-03
3.032600041478872299e-03
3.030845429748296738e-03
3.029092215001583099e-03
3.027340862900018692e-03
3.025591839104890823e-03
3.023844445124268532e-03
3.022099379450082779e-03
3.020356642082333565e-03
3.018615534529089928e-03
3.016876522451639175e-03
3.015139605849981308e-03
3.013404319062829018e-03
3.011671826243400574e-03
3.009941196069121361e-03
3.008211962878704071e-03
3.006485290825366974e-03
3.004760947078466415e-03
3.003038465976715088e-03
3.001318080350756645e-03
2.999599790200591087e-03
2.997883595526218414e-03
2.996169263496994972e-03
2.994457492604851723e-03
2.992747118696570396e-03
2.991039538756012917e-03
2.989333821460604668e-03
2.987630199640989304e-03
2.985928673297166824e-03
2.984229475259780884e-03
2.982532372698187828e-03
2.980837365612387657e-03
2.979144454002380371e-03
2.977453870698809624e-03
2.975765150040388107e-03
2.974078757688403130e-03
2.972394227981567383e-03
2.970712259411811829e-03
2.969032386317849159e-03
2.967355074360966682e-03
2.965678693726658821e-03
2.964005572721362114e-03
2.962334314361214638e-03
2.960665151476860046e-03
2.958998084068298340e-03
2.957333577796816826e-03
2.955670934170484543e-03
2.954010618850588799e-03
2.952352399006485939e-03
2.950696274638175964e-03
2.949042478576302528e-03
2.947390777990221977e-03
2.945741172879934311e-03
2.944093896076083183e-03
2.942449180409312248e-03
2.940806094557046890e-03
2.939165802672505379e-03
2.937527140602469444e-03
2.935891039669513702e-03
2.934256568551063538e-03
2.932624891400337219e-03
2.930995076894760132e-03
2.929367590695619583e-03
2.927741967141628265e-03
2.926118904724717140e-03
2.924497937783598900e-03
2.922879299148917198e-03
2.921262755990028381e-03
2.919648308306932449e-03
2.918036188930273056e-03
2.916426165029406548e-03
2.914818236604332924e-03
2.913212869316339493e-03
2.911609364673495293e-03
2.910007955506443977e-03
2.908408874645829201e-03
2.906812122091650963e-03
2.905217465013265610e-03
2.903624437749385834e-03
2.902034437283873558e-03
2.900446299463510513e-03
2.898860024288296700e-03
2.897275844588875771e-03
2.895694458857178688e-03
2.894114702939987183e-03
2.892537508159875870e-03
2.890961943194270134e-03
2.889388939365744591e-03
2.887818031013011932e-03
2.886249450966715813e-03
2.884682500734925270e-03
2.883118111640214920e-03
2.881555585190653801e-03
2.879995387047529221e-03
2.878437051549553871e-03
2.876881277188658714e-03
2.875326899811625481e-03
2.873775549232959747e-03
