3.762567648664116859e-04
3.762549895327538252e-04
3.762530686799436808e-04
3.762513224501162767e-04
3.762494598049670458e-04
3.762476262636482716e-04
3.762457636184990406e-04
3.762439591810107231e-04
3.762421547435224056e-04
3.762402920983731747e-04
3.762384294532239437e-04
3.762366832233965397e-04
3.762347623705863953e-04
3.762329579330980778e-04
3.762311534956097603e-04
3.762293199542909861e-04
3.762275155168026686e-04
3.762256528716534376e-04
3.762237902265042067e-04
3.762220439966768026e-04
3.762201231438666582e-04
3.762182896025478840e-04
3.762164851650595665e-04
3.762146807275712490e-04
3.762128762900829315e-04
3.762110136449337006e-04
3.762091801036149263e-04
3.762073465622961521e-04
3.762055421248078346e-04
3.762036503758281469e-04
3.762018459383398294e-04
3.762000415008515120e-04
3.761981497518718243e-04
3.761964035220444202e-04
3.761945117730647326e-04
3.761926782317459583e-04
3.761909320019185543e-04
3.761890693567693233e-04
3.761872358154505491e-04
3.761853731703013182e-04
3.761835105251520872e-04
3.761817351914942265e-04
3.761799016501754522e-04
3.761780681088566780e-04
3.761762054637074471e-04
3.761743719223886728e-04
3.761725965887308121e-04
3.761707339435815811e-04
3.761689004022628069e-04
3.761670959647744894e-04
3.761652624234557152e-04
3.761634288821369410e-04
3.761615662369877100e-04
3.761598200071603060e-04
3.761579573620110750e-04
3.761560656130313873e-04
3.761542611755430698e-04
3.761523985303938389e-04
3.761505940929055214e-04
3.761488187592476606e-04
3.761469852179288864e-04
3.761450643651187420e-04
3.761432890314608812e-04
3.761415136978030205e-04
3.761396510526537895e-04
3.761378175113350153e-04
3.761360130738466978e-04
3.761341504286974669e-04
3.761322877835482359e-04
3.761305124498903751e-04
3.761287080124020576e-04
3.761269035749137402e-04
3.761250118259340525e-04
3.761232073884457350e-04
3.761213447432965040e-04
3.761195985134691000e-04
3.761177358683198690e-04
3.761158732231706381e-04
3.761140105780214071e-04
3.761122643481940031e-04
3.761103725992143154e-04
3.761085681617259979e-04
3.761067055165767670e-04
3.761049592867493629e-04
3.761031257454305887e-04
3.761012922041118145e-04
3.760994586627930403e-04
3.760976833291351795e-04
3.760957915801554918e-04
3.760939871426671743e-04
3.760920953936874866e-04
3.760902909561991692e-04
3.760884865187108517e-04
3.760866529773920774e-04
3.760848194360733032e-04
3.760830441024154425e-04
3.760811523534357548e-04
3.760794061236083508e-04
3.760775434784591198e-04
3.760757099371403456e-04
3.760739346034824848e-04
3.760721301659941673e-04
3.760702966246753931e-04
3.760683757718652487e-04
3.760666004382073879e-04
3.760647086892277002e-04
3.760629042517393827e-04
3.760611289180815220e-04
3.760592953767627478e-04
3.760574618354439735e-04
3.760556282941251993e-04
3.760538238566368818e-04
3.760519903153181076e-04
3.760501567739993334e-04
3.760484105441719294e-04
3.760465187951922417e-04
3.760447143577039242e-04
3.760428517125546932e-04
3.760411054827272892e-04
3.760392719414085150e-04
3.760373801924288273e-04
3.760355175472795963e-04
3.760337422136217356e-04
3.760318795684725046e-04
3.760300751309841871e-04
3.760282997973263264e-04
3.760264662560075521e-04
3.760245745070278645e-04
3.760228282772004604e-04
3.760210238397121429e-04
3.760191611945629120e-04
3.760173858609050512e-04
3.760155232157558203e-04
3.760136896744370461e-04
3.760118561331182718e-04
3.760100807994604111e-04
3.760082181543111801e-04
3.760064137168228626e-04
3.760046092793345451e-04
3.760027466341853142e-04
3.760010004043579102e-04
3.759991377592086792e-04
3.759973042178899050e-04
3.759954997804015875e-04
3.759936662390828133e-04
3.759918326977640390e-04
3.759899991564452648e-04
3.759882529266178608e-04
3.759864193852990866e-04
3.759845858439803123e-04
3.759826940950006247e-04
3.759809769690036774e-04
3.759790852200239897e-04
3.759772807825356722e-04
3.759754472412168980e-04
3.759736136998981237e-04
3.759717801585793495e-04
3.759699757210910320e-04
3.759681130759418011e-04
3.759663959499448538e-04
3.759645333047956228e-04
3.759626997634768486e-04
3.759608953259885311e-04
3.759591199923306704e-04
3.759571991395205259e-04
3.759554238058626652e-04
3.759536484722048044e-04
3.759517567232251167e-04
3.759499813895672560e-04
3.759481478482484818e-04
3.759463143069297075e-04
3.759445098694413900e-04
3.759427054319530725e-04
3.759409009944647551e-04
3.759390674531459808e-04
3.759372048079967499e-04
3.759354003705084324e-04
3.759335668291896582e-04
3.759317623917013407e-04
3.759299288503825665e-04
3.759281535167247057e-04
3.759263199754059315e-04
3.759244573302567005e-04
3.759226819965988398e-04
3.759208775591105223e-04
3.759190149139612913e-04
3.759172104764729738e-04
3.759154933504760265e-04
3.759136307053267956e-04
3.759117971640080214e-04
3.759099345188587904e-04
3.759081300813704729e-04
3.759063838515430689e-04
3.759044921025633812e-04
3.759026585612446070e-04
3.759008541237562895e-04
3.758990787900984287e-04
3.758972161449491978e-04
3.758953826036304235e-04
3.758936363738030195e-04
3.758917737286537886e-04
3.758899692911654711e-04
3.758881066460162401e-04
3.758862731046974659e-04
3.758845268748700619e-04
3.758827515412122011e-04
3.758809179998934269e-04
3.758790553547441959e-04
3.758773091249167919e-04
3.758754464797675610e-04
3.758736420422792435e-04
3.758718085009604692e-04
3.758699749596416950e-04
3.758681996259838343e-04
3.758663951884955168e-04
3.758645325433462858e-04
3.758627281058579683e-04
3.758609236683696508e-04
3.758591483347117901e-04
3.758573147933930159e-04
3.758554812520742416e-04
3.758536477107554674e-04
3.758518432732671499e-04
3.758500679396092892e-04
3.758482343982905149e-04
3.758464008569717407e-04
3.758446255233138800e-04
3.758428210858255625e-04
3.758409875445067883e-04
3.758392122108489275e-04
3.758373495656996965e-04
3.758355160243809223e-04
3.758337115868926048e-04
3.758319362532347441e-04
3.758300445042550564e-04
3.758282982744276524e-04
3.758265229407697916e-04
3.758246311917901039e-04
3.758228558581322432e-04
3.758210223168134689e-04
3.758192178793251514e-04
3.758173843380063772e-04
3.758155799005180597e-04
3.758138045668601990e-04
3.758119710255414248e-04
3.758101665880531073e-04
3.758083621505647898e-04
3.758065868169069290e-04
3.758047823794186115e-04
3.758028906304389238e-04
3.758010570891201496e-04
3.757992526516318321e-04
3.757974191103130579e-04
3.757956146728247404e-04
3.757938102353364229e-04
3.757920057978481054e-04
3.757902013603597879e-04
3.757883678190410137e-04
3.757865633815526962e-04
3.757847589440643787e-04
3.757829545065760612e-04
3.757811500690877438e-04
3.757793747354298830e-04
3.757775120902806520e-04
3.757757076527923346e-04
3.757739614229649305e-04
3.757720987778156996e-04
3.757702361326664686e-04
3.757684607990086079e-04
3.757667436730116606e-04
3.757648810278624296e-04
3.757630765903741121e-04
3.757612139452248812e-04
3.757593804039061069e-04
3.757576341740787029e-04
3.757558006327599287e-04
3.757540252991020679e-04
3.757522208616137505e-04
3.757503582164645195e-04
3.757485537789762020e-04
3.757467784453183413e-04
3.757449158001691103e-04
3.757431404665112495e-04
3.757413069251924753e-04
3.757395315915346146e-04
3.757377271540462971e-04
3.757358645088970661e-04
3.757341473829001188e-04
3.757323138415813446e-04
3.757304803002625704e-04
3.757286176551133394e-04
3.757268132176250219e-04
3.757250669877976179e-04
3.757232625503093004e-04
3.757214290089905262e-04
3.757196245715022087e-04
3.757178201340138912e-04
3.757160448003560305e-04
3.757141239475458860e-04
3.757123777177184820e-04
3.757106023840606213e-04
3.757087688427418470e-04
3.757069644052535295e-04
3.757051308639347553e-04
3.757033264264464378e-04
3.757015801966190338e-04
3.756997466553002596e-04
3.756979131139814854e-04
3.756961668841540813e-04
3.756943624466657639e-04
3.756924998015165329e-04
3.756906371563673019e-04
3.756888036150485277e-04
3.756870573852211237e-04
3.756852820515632629e-04
3.756834485102444887e-04
3.756815858650952578e-04
3.756798396352678537e-04
3.756780643016099930e-04
3.756762016564607620e-04
3.756744263228029013e-04
3.756725636776536703e-04
3.756707883439958096e-04
3.756690130103379488e-04
3.756672085728496313e-04
3.756654041353613138e-04
3.756635705940425396e-04
3.756617952603846788e-04
3.756599326152354479e-04
3.756582154892385006e-04
3.756563528440892696e-04
3.756545775104314089e-04
3.756527730729430914e-04
3.756509686354547739e-04
3.756491059903055429e-04
3.756473888643085957e-04
3.756455553229898214e-04
3.756437508855015039e-04
3.756419464480131865e-04
3.756401420105248690e-04
3.756382502615451813e-04
3.756364749278873205e-04
3.756346995942294598e-04
3.756329533644020557e-04
3.756311198230832815e-04
3.756293153855949640e-04
3.756275109481066465e-04
3.756257356144487858e-04
3.756239311769604683e-04
3.756220976356416941e-04
3.756202640943229198e-04
3.756185178644955158e-04
3.756166843231767416e-04
3.756148507818579674e-04
3.756130754482001066e-04
3.756112710107117891e-04
3.756094665732234716e-04
3.756076912395656109e-04
3.756058576982468367e-04
3.756040823645889759e-04
3.756022779271006584e-04
3.756004443857818842e-04
3.755986690521240234e-04
3.755968937184661627e-04
3.755950310733169317e-04
3.755932557396590710e-04
3.755914221983402967e-04
3.755896468646824360e-04
3.755878424271941185e-04
3.755860670935362577e-04
3.755842335522174835e-04
3.755824000108987093e-04
3.755806537810713053e-04
3.755788493435829878e-04
3.755770740099251270e-04
3.755752695724368095e-04
3.755734360311180353e-04
3.755716024897992611e-04
3.755698562599718571e-04
3.755680227186530828e-04
3.755662182811647654e-04
3.755643847398459911e-04
3.755625803023576736e-04
3.755608340725302696e-04
3.755590296350419521e-04
3.755571960937231779e-04
3.755554207600653172e-04
3.755536454264074564e-04
3.755518700927495956e-04
3.755500074476003647e-04
3.755482030101120472e-04
3.755463694687932730e-04
3.755446814466267824e-04
3.755428188014775515e-04
3.755409561563283205e-04
3.755391517188400030e-04
3.755374054890125990e-04
3.755355719476938248e-04
3.755338257178664207e-04
3.755319921765476465e-04
3.755302168428897858e-04
3.755284124054014683e-04
3.755266079679131508e-04
3.755248326342552900e-04
3.755229699891060591e-04
3.755211364477872849e-04
3.755193611141294241e-04
3.755176148843020201e-04
3.755158104468137026e-04
3.755140060093253851e-04
3.755122597794979811e-04
3.755103680305182934e-04
3.755085926968604326e-04
3.755068173632025719e-04
3.755049838218837976e-04
3.755032084882259369e-04
3.755014331545680761e-04
3.754996287170797586e-04
3.754978242795914412e-04
3.754959907382726669e-04
3.754941863007843494e-04
3.754924691747874022e-04
3.754906065296381712e-04
3.754888020921498537e-04
3.754870267584919930e-04
3.754851932171732187e-04
3.754834760911762714e-04
3.754816425498574972e-04
3.754797799047082663e-04
3.754780045710504055e-04
3.754763165488839149e-04
3.754744539037346840e-04
3.754726494662463665e-04
3.754708741325885057e-04
3.754690987989306450e-04
3.754672652576118708e-04
3.754654026124626398e-04
3.754636854864656925e-04
3.754618810489773750e-04
3.754600766114890575e-04
3.754582721740007401e-04
3.754564386326819658e-04
3.754546924028545618e-04
3.754528879653662443e-04
3.754510835278779268e-04
3.754493372980505228e-04
3.754474746529012918e-04
3.754457284230738878e-04
3.754439239855855703e-04
3.754421777557581663e-04
3.754403442144393921e-04
3.754385106731206179e-04
3.754367644432932138e-04
3.754349309019744396e-04
3.754330973606556654e-04
3.754312638193368912e-04
3.754295466933399439e-04
3.754277131520211697e-04
3.754259960260242224e-04
3.754241624847054482e-04
3.754223289433866739e-04
3.754205827135592699e-04
3.754187200684100389e-04
3.754169738385826349e-04
3.754151694010943174e-04
3.754133358597755432e-04
3.754116187337785959e-04
3.754097851924598217e-04
3.754080389626324177e-04
3.754062345251441002e-04
3.754044591914862394e-04
3.754026547539979219e-04
3.754008503165096045e-04
3.753990749828517437e-04
3.753972414415329695e-04
3.753954661078751087e-04
3.753936907742172480e-04
3.753918281290680170e-04
3.753900818992406130e-04
3.753882774617522955e-04
3.753864439204335213e-04
3.753846976906061172e-04
3.753828932531177998e-04
3.753810888156294823e-04
3.753792552743107080e-04
3.753774799406528473e-04
3.753756755031645298e-04
3.753739001695066690e-04
3.753721248358488083e-04
3.753703495021909475e-04
3.753685159608721733e-04
3.753667697310447693e-04
3.753649361897259951e-04
3.753631317522376776e-04
3.753613855224102736e-04
3.753595228772610426e-04
3.753577766474336386e-04
3.753560304176062346e-04
3.753541968762874603e-04
3.753523924387991428e-04
