6.753985071554780006e-04
6.753964698873460293e-04
6.753946654498577118e-04
6.753927445970475674e-04
6.753909401595592499e-04
6.753891357220709324e-04
6.753871566615998745e-04
6.753852940164506435e-04
6.753835477866232395e-04
6.753816269338130951e-04
6.753797642886638641e-04
6.753778434358537197e-04
6.753760389983654022e-04
6.753742345608770847e-04
6.753723137080669403e-04
6.753705092705786228e-04
6.753686466254293919e-04
6.753667257726192474e-04
6.753648049198091030e-04
6.753630586899816990e-04
6.753611960448324680e-04
6.753592751920223236e-04
6.753574707545340061e-04
6.753555499017238617e-04
6.753537454642355442e-04
6.753518246114253998e-04
6.753499619662761688e-04
6.753480993211269379e-04
6.753463530912995338e-04
6.753444904461503029e-04
6.753426278010010719e-04
6.753407651558518410e-04
6.753388443030416965e-04
6.753369816578924656e-04
6.753351190127432346e-04
6.753332563675940037e-04
6.753313937224447727e-04
6.753295310772955418e-04
6.753276684321463108e-04
6.753258057869970798e-04
6.753239431418478489e-04
6.753221387043595314e-04
6.753202760592103004e-04
6.753183552064001560e-04
6.753165507689118385e-04
6.753146881237626076e-04
6.753128836862742901e-04
6.753110210411250591e-04
6.753091583959758282e-04
6.753072957508265972e-04
6.753053166903555393e-04
6.753035704605281353e-04
6.753016496077179909e-04
6.752997869625687599e-04
6.752979825250804424e-04
6.752960616722702980e-04
6.752942572347819805e-04
6.752923945896327496e-04
6.752905319444835186e-04
6.752887275069952011e-04
6.752867484465241432e-04
6.752850022166967392e-04
6.752831977792084217e-04
6.752812187187373638e-04
6.752793560735881329e-04
6.752775516360998154e-04
6.752756889909505844e-04
6.752738263458013535e-04
6.752719637006521225e-04
6.752701592631638050e-04
6.752681802026927471e-04
6.752664339728653431e-04
6.752645713277161121e-04
6.752627086825668812e-04
6.752609042450785637e-04
6.752589251846075058e-04
6.752571207471191883e-04
6.752553163096308708e-04
6.752533954568207264e-04
6.752515910193324089e-04
6.752497865818440914e-04
6.752478657290339470e-04
6.752459448762238026e-04
6.752441404387354851e-04
6.752423360012471676e-04
6.752404733560979366e-04
6.752384942956268787e-04
6.752366898581385612e-04
6.752349436283111572e-04
6.752330227755010128e-04
6.752311601303517818e-04
6.752292974852025509e-04
6.752274348400533199e-04
6.752256304025650024e-04
6.752237095497548580e-04
6.752219051122665405e-04
6.752199842594563961e-04
6.752181216143071651e-04
6.752163753844797611e-04
6.752145127393305302e-04
6.752126500941812992e-04
6.752107292413711548e-04
6.752088665962219238e-04
6.752071203663945198e-04
6.752053159289062023e-04
6.752033950760960579e-04
6.752015906386077404e-04
6.751996697857975960e-04
6.751978071406483650e-04
6.751960027031600475e-04
6.751941400580108166e-04
6.751922774128615856e-04
6.751904729753732681e-04
6.751885521225631237e-04
6.751867476850748062e-04
6.751848268322646618e-04
6.751830223947763443e-04
6.751811015419661999e-04
6.751793553121387959e-04
6.751774926669895649e-04
6.751756882295012474e-04
6.751738837920129299e-04
6.751719629392027855e-04
6.751701002940535545e-04
6.751682376489043236e-04
6.751663750037550926e-04
6.751645705662667751e-04
6.751626497134566307e-04
6.751607870683073997e-04
6.751589826308190823e-04
6.751571781933307648e-04
6.751553737558424473e-04
6.751534529030323029e-04
6.751516484655439854e-04
6.751496694050729275e-04
6.751479231752455235e-04
6.751460605300962925e-04
6.751443143002688885e-04
6.751423352397978306e-04
6.751404725946485996e-04
6.751386099494993687e-04
6.751368637196719646e-04
6.751350010745227337e-04
6.751330220140516758e-04
6.751312175765633583e-04
6.751293549314141273e-04
6.751275504939258099e-04
6.751257460564374924e-04
6.751238834112882614e-04
6.751219625584781170e-04
6.751201581209897995e-04
6.751183536835014820e-04
6.751164328306913376e-04
6.751146283932030201e-04
6.751127075403928757e-04
6.751110195182263851e-04
6.751089822500944138e-04
6.751072360202670097e-04
6.751053733751177788e-04
6.751035689376294613e-04
6.751016480848193169e-04
6.750997854396700859e-04
6.750979810021817684e-04
6.750961183570325375e-04
6.750943721272051334e-04
6.750923930667340755e-04
6.750905886292457581e-04
6.750886677764356136e-04
6.750868051312863827e-04
6.750850589014589787e-04
6.750831380486488342e-04
6.750813336111605167e-04
6.750795291736721992e-04
6.750776665285229683e-04
6.750759202986955643e-04
6.750740576535463333e-04
6.750721950083971024e-04
6.750703323632478714e-04
6.750684115104377270e-04
6.750666652806103230e-04
6.750648026354610920e-04
6.750629399903118610e-04
6.750611355528235435e-04
6.750592729076743126e-04
6.750573520548641682e-04
6.750556058250367641e-04
6.750536267645657063e-04
6.750518805347383022e-04
6.750499596819281578e-04
6.750482134521007538e-04
6.750463508069515228e-04
6.750444299541413784e-04
6.750425091013312340e-04
6.750406464561820030e-04
6.750389002263545990e-04
6.750370957888662815e-04
6.750351749360561371e-04
6.750333122909069061e-04
6.750314496457576752e-04
6.750296452082693577e-04
6.750277243554592133e-04
6.750259781256318092e-04
6.750240572728216648e-04
6.750223110429942608e-04
6.750204483978450298e-04
6.750185857526957989e-04
6.750168395228683949e-04
6.750149768777191639e-04
6.750131142325699329e-04
6.750113097950816154e-04
6.750094471499323845e-04
6.750077009201049805e-04
6.750057800672948360e-04
6.750040338374674320e-04
6.750019965693354607e-04
6.750001921318471432e-04
6.749983876943588257e-04
6.749965832568705082e-04
6.749947788193821907e-04
6.749928579665720463e-04
6.749909953214228153e-04
6.749892490915954113e-04
6.749873282387852669e-04
6.749855238012969494e-04
6.749836611561477184e-04
6.749817985109984875e-04
6.749799940735101700e-04
6.749780732207000256e-04
6.749762687832117081e-04
6.749744643457233906e-04
6.749725434929132462e-04
6.749707972630858421e-04
6.749689346179366112e-04
6.749670719727873802e-04
6.749652675352990627e-04
6.749634048901498318e-04
6.749615422450006008e-04
6.749597378075122833e-04
6.749579915776848793e-04
6.749560707248747349e-04
6.749541498720645905e-04
6.749523454345762730e-04
6.749504827894270420e-04
6.749486783519387245e-04
6.749467574991285801e-04
6.749449530616402626e-04
6.749432650394737720e-04
6.749413441866636276e-04
6.749394233338534832e-04
6.749376771040260792e-04
6.749358144588768482e-04
6.749339518137276173e-04
6.749320891685783863e-04
6.749303429387509823e-04
6.749284802936017513e-04
6.749266758561134338e-04
6.749248714186251163e-04
6.749229505658149719e-04
6.749212043359875679e-04
6.749192252755165100e-04
6.749174790456891060e-04
6.749155581928789616e-04
6.749138119630515575e-04
6.749118911102414131e-04
6.749100866727530956e-04
6.749082240276038647e-04
6.749064195901155472e-04
6.749045569449663162e-04
6.749027525074779987e-04
6.749008898623287678e-04
6.748990854248404503e-04
6.748972227796912193e-04
6.748953601345419884e-04
6.748934974893927574e-04
6.748917512595653534e-04
6.748898304067552090e-04
6.748880841769278049e-04
6.748862215317785740e-04
6.748843006789684296e-04
6.748824962414801121e-04
6.748806335963308811e-04
6.748788873665034771e-04
6.748769665136933327e-04
6.748752202838659286e-04
6.748733576387166977e-04
6.748714949935674667e-04
6.748697487637400627e-04
6.748678861185908318e-04
6.748660234734416008e-04
6.748641608282923698e-04
6.748623563908040524e-04
6.748604937456548214e-04
6.748586893081665039e-04
6.748569430783390999e-04
6.748550222255289555e-04
6.748532177880406380e-04
6.748513551428914070e-04
6.748494924977421761e-04
6.748476880602538586e-04
6.748458254151046276e-04
6.748439627699553967e-04
6.748421583324670792e-04
6.748403538949787617e-04
6.748384912498295307e-04
6.748367450200021267e-04
6.748348241671919823e-04
6.748330197297036648e-04
6.748312152922153473e-04
6.748292944394052029e-04
6.748274900019168854e-04
6.748257437720894814e-04
6.748238811269402504e-04
6.748220184817910194e-04
6.748201558366417885e-04
6.748184096068143845e-04
6.748164887540042400e-04
6.748146261088550091e-04
6.748128216713666916e-04
6.748109590262174606e-04
6.748092127963900566e-04
6.748074665665626526e-04
6.748054875060915947e-04
6.748037412762641907e-04
6.748019368387758732e-04
6.748000159859657288e-04
6.747982115484774113e-04
6.747963489033281803e-04
6.747946026735007763e-04
6.747927400283515453e-04
6.747908773832023144e-04
6.747890729457139969e-04
6.747871520929038525e-04
6.747853476554155350e-04
6.747835432179272175e-04
6.747816805727779865e-04
6.747798761352896690e-04
6.747780716978013515e-04
6.747762672603130341e-04
6.747743464075028896e-04
6.747725419700145721e-04
6.747707957401871681e-04
6.747689330950379372e-04
6.747670704498887062e-04
6.747652078047394753e-04
6.747633451595902443e-04
6.747614825144410133e-04
6.747597944922745228e-04
6.747579318471252918e-04
6.747559527866542339e-04
6.747542647644877434e-04
6.747524021193385124e-04
6.747505394741892815e-04
6.747487932443618774e-04
6.747468723915517330e-04
6.747451261617243290e-04
6.747432635165750980e-04
6.747414008714258671e-04
6.747396546415984631e-04
6.747377919964492321e-04
6.747358129359781742e-04
6.747341249138116837e-04
6.747323786839842796e-04
6.747305160388350487e-04
6.747285951860249043e-04
6.747267907485365868e-04
6.747249281033873558e-04
6.747231236658990383e-04
6.747212610207498074e-04
6.747194565832614899e-04
6.747177103534340858e-04
6.747158477082848549e-04
6.747139850631356239e-04
6.747122970409691334e-04
6.747103761881589890e-04
6.747085135430097580e-04
6.747066508978605270e-04
6.747049046680331230e-04
6.747030420228838921e-04
6.747012375853955746e-04
6.746993749402463436e-04
6.746975705027580261e-04
6.746957660652697086e-04
6.746939034201204777e-04
6.746920989826321602e-04
6.746901781298220158e-04
6.746884318999946117e-04
6.746865692548453808e-04
6.746847066096961498e-04
6.746829603798687458e-04
6.746811559423804283e-04
6.746792932972311974e-04
6.746773724444210529e-04
6.746756844222545624e-04
6.746737053617835045e-04
6.746720755472779274e-04
6.746700964868068695e-04
6.746683502569794655e-04
6.746665458194911480e-04
6.746646249666810036e-04
6.746628787368535995e-04
6.746611325070261955e-04
6.746591534465551376e-04
6.746573490090668201e-04
6.746556027792394161e-04
6.746537401340901852e-04
6.746518774889409542e-04
6.746500730514526367e-04
6.746483850292861462e-04
6.746464641764760017e-04
6.746445433236658573e-04
6.746427970938384533e-04
6.746409344486892223e-04
6.746390135958790779e-04
6.746373837813735008e-04
6.746355211362242699e-04
6.746336584910750389e-04
6.746317958459258080e-04
6.746300496160984039e-04
6.746281869709491730e-04
6.746263243257999420e-04
6.746245198883116245e-04
6.746227154508233070e-04
6.746210274286568165e-04
6.746191647835075855e-04
6.746172439306974411e-04
6.746154977008700371e-04
6.746136932633817196e-04
6.746117724105715752e-04
6.746100261807441711e-04
6.746081635355949402e-04
6.746063590981066227e-04
6.746045546606183052e-04
6.746026920154690742e-04
6.746008875779807568e-04
6.745991413481533527e-04
6.745972787030041218e-04
6.745953578501939774e-04
6.745935534127056599e-04
6.745918653905391693e-04
6.745899445377290249e-04
6.745880818925797939e-04
6.745862774550914764e-04
6.745844730176031590e-04
6.745827267877757549e-04
6.745808641426265240e-04
6.745790014974772930e-04
6.745771388523280621e-04
6.745755090378224850e-04
6.745736463926732540e-04
6.745717837475240231e-04
6.745699211023747921e-04
6.745681166648864746e-04
6.745661958120763302e-04
6.745645659975707531e-04
6.745627033524215221e-04
6.745607824996113777e-04
6.745590362697839737e-04
6.745571736246347427e-04
6.745554273948073387e-04
6.745535647496581078e-04
6.745517021045088768e-04
6.745498976670205593e-04
6.745480350218713284e-04
6.745463469997048378e-04
6.745444843545556068e-04
6.745427381247282028e-04
6.745407590642571449e-04
6.745390128344297409e-04
6.745372083969414234e-04
6.745354621671140194e-04
6.745335413143038750e-04
6.745317368768155575e-04
6.745299906469881535e-04
6.745281280018389225e-04
6.745262653566896915e-04
6.745245191268622875e-04
6.745226564817130566e-04
6.745208520442247391e-04
6.745190476067364216e-04
6.745171849615871906e-04
6.745153223164379597e-04
6.745135760866105556e-04
6.745117134414613247e-04
6.745099090039730072e-04
6.745081045664846897e-04
6.745063583366572857e-04
6.745044374838471413e-04
6.745026330463588238e-04
6.745008286088705063e-04
6.744990241713821888e-04
6.744972197338938713e-04
6.744954152964055538e-04
6.744935526512563229e-04
6.744918064214289188e-04
6.744900019839406013e-04
6.744880811311304569e-04
6.744862184859812260e-04
6.744844722561538219e-04
6.744826096110045910e-04
6.744808051735162735e-04
