6.798031390644609928e-04
6.798012182116508484e-04
6.797992973588407040e-04
6.797974347136914730e-04
6.797955720685422421e-04
6.797935348004102707e-04
6.797917303629219532e-04
6.797897513024508953e-04
6.797877722419798374e-04
6.797859095968306065e-04
6.797839887440204620e-04
6.797820678912103176e-04
6.797802052460610867e-04
6.797782261855900288e-04
6.797763053327798843e-04
6.797743844799697399e-04
6.797724636271595955e-04
6.797705427743494511e-04
6.797686801292002201e-04
6.797668174840509892e-04
6.797649548389017582e-04
6.797629757784307003e-04
6.797610549256205559e-04
6.797591922804713249e-04
6.797572714276611805e-04
6.797552923671901226e-04
6.797533715143799782e-04
6.797515670768916607e-04
6.797497044317424297e-04
6.797477253712713718e-04
6.797457463108003139e-04
6.797438836656510830e-04
6.797420210205018520e-04
6.797400419600307941e-04
6.797381793148815632e-04
6.797363166697323322e-04
6.797343376092612743e-04
6.797325331717729568e-04
6.797304959036409855e-04
6.797286914661526680e-04
6.797267706133425236e-04
6.797249079681932926e-04
6.797229871153831482e-04
6.797210662625730038e-04
6.797191454097628593e-04
6.797172827646136284e-04
6.797152454964816570e-04
6.797133828513324261e-04
6.797114619985222816e-04
6.797095993533730507e-04
6.797076785005629063e-04
6.797057576477527618e-04
6.797038367949426174e-04
6.797019741497933865e-04
6.796999950893223286e-04
6.796981324441730976e-04
6.796962115913629532e-04
6.796942907385528088e-04
6.796924863010644913e-04
6.796905654482543468e-04
6.796885863877832890e-04
6.796867237426340580e-04
6.796848028898239136e-04
6.796829402446746826e-04
6.796809611842036247e-04
6.796790403313934803e-04
6.796771776862442493e-04
6.796753150410950184e-04
6.796734523959457874e-04
6.796714733354747295e-04
6.796695524826645851e-04
6.796676898375153542e-04
6.796657107770442963e-04
6.796638481318950653e-04
6.796618690714240074e-04
6.796600064262747765e-04
6.796581437811255455e-04
6.796561065129935741e-04
6.796543602831661701e-04
6.796523812226951122e-04
6.796504603698849678e-04
6.796485395170748234e-04
6.796466186642646790e-04
6.796446978114545345e-04
6.796427769586443901e-04
6.796409725211560726e-04
6.796391098760068417e-04
6.796371308155357838e-04
6.796352099627256393e-04
6.796334055252373219e-04
6.796314264647662640e-04
6.796295056119561195e-04
6.796275847591459751e-04
6.796257221139967442e-04
6.796239176765084267e-04
6.796218804083764553e-04
6.796200177632272243e-04
6.796180969104170799e-04
6.796162342652678490e-04
6.796143716201186180e-04
6.796123925596475601e-04
6.796105881221592426e-04
6.796085508540272713e-04
6.796066300012171268e-04
6.796048255637288094e-04
6.796029047109186649e-04
6.796009838581085205e-04
6.795991212129592896e-04
6.795972585678100586e-04
6.795952795073390007e-04
6.795934168621897697e-04
6.795915542170405388e-04
6.795896333642303944e-04
6.795877707190811634e-04
6.795858498662710190e-04
6.795839290134608746e-04
6.795820081606507301e-04
6.795800873078405857e-04
6.795781664550304413e-04
6.795762456022202969e-04
6.795743829570710659e-04
6.795724621042609215e-04
6.795705994591116905e-04
6.795687950216233730e-04
6.795668159611523151e-04
6.795649533160030842e-04
6.795630324631929398e-04
6.795610534027218819e-04
6.795592489652335644e-04
6.795573281124234200e-04
6.795553490519523621e-04
6.795534864068031311e-04
6.795516237616539001e-04
6.795497611165046692e-04
6.795478402636945248e-04
6.795458612032234669e-04
6.795439985580742359e-04
6.795421359129250050e-04
6.795400986447930336e-04
6.795383524149656296e-04
6.795363733544945717e-04
6.795345107093453407e-04
6.795326480641961098e-04
6.795307272113859653e-04
6.795289227738976479e-04
6.795270019210875034e-04
6.795250810682773590e-04
6.795231602154672146e-04
6.795212975703179836e-04
6.795193767175078392e-04
6.795175722800195217e-04
6.795156514272093773e-04
6.795136723667383194e-04
6.795117515139281750e-04
6.795098888687789440e-04
6.795079680159687996e-04
6.795061053708195686e-04
6.795041845180094242e-04
6.795022054575383663e-04
6.795004010200500488e-04
6.794984801672399044e-04
6.794965593144297600e-04
6.794946384616196156e-04
6.794927758164703846e-04
6.794909713789820671e-04
6.794890505261719227e-04
6.794870714657008648e-04
6.794851506128907204e-04
6.794832879677414894e-04
6.794814253225922585e-04
6.794794462621212006e-04
6.794776418246328831e-04
6.794756627641618252e-04
6.794738583266735077e-04
6.794718792662024498e-04
6.794700748287141323e-04
6.794680957682430744e-04
6.794661749154329300e-04
6.794643704779446125e-04
6.794623914174735546e-04
6.794606451876461506e-04
6.794586661271750927e-04
6.794568034820258617e-04
6.794548244215548038e-04
6.794530199840664864e-04
6.794511573389172554e-04
6.794492364861071110e-04
6.794472574256360531e-04
6.794453365728259087e-04
6.794434739276766777e-04
6.794416694901883602e-04
6.794397486373782158e-04
6.794378277845680714e-04
6.794358487240970135e-04
6.794339860789477825e-04
6.794321816414594650e-04
6.794302025809884071e-04
6.794282817281782627e-04
6.794264772906899452e-04
6.794246146455407143e-04
6.794226355850696564e-04
6.794207729399204254e-04
6.794189102947711945e-04
6.794170476496219635e-04
6.794151267968118191e-04
6.794132059440016747e-04
6.794113432988524437e-04
6.794094806537032127e-04
6.794075598008930683e-04
6.794056971557438374e-04
6.794037763029336929e-04
6.794018554501235485e-04
6.793999928049743176e-04
6.793981301598250866e-04
6.793962675146758556e-04
6.793943466618657112e-04
6.793924258090555668e-04
6.793905049562454224e-04
6.793886423110961914e-04
6.793867796659469604e-04
6.793848006054759026e-04
6.793829961679875851e-04
6.793810753151774406e-04
6.793792126700282097e-04
6.793772918172180653e-04
6.793753709644079208e-04
6.793735083192586899e-04
6.793716456741094589e-04
6.793697248212993145e-04
6.793678621761500835e-04
6.793659413233399391e-04
6.793640204705297947e-04
6.793622160330414772e-04
6.793602369725704193e-04
6.793583161197602749e-04
6.793565116822719574e-04
6.793545908294618130e-04
6.793527281843125820e-04
6.793509237468242645e-04
6.793490028940141201e-04
6.793470820412039757e-04
6.793451611883938313e-04
6.793432403355836868e-04
6.793414358980953693e-04
6.793393986299633980e-04
6.793375941924750805e-04
6.793356733396649361e-04
6.793338689021766186e-04
6.793319480493664742e-04
6.793300271965563297e-04
6.793280481360852718e-04
6.793262436985969543e-04
6.793244392611086369e-04
6.793225184082984924e-04
6.793205393478274345e-04
6.793187349103391171e-04
6.793168140575289726e-04
6.793149514123797417e-04
6.793129723519086838e-04
6.793111679144203663e-04
6.793092470616102219e-04
6.793073844164609909e-04
6.793054635636508465e-04
6.793036009185016155e-04
6.793017382733523846e-04
6.792998174205422401e-04
6.792980129830539227e-04
6.792960921302437782e-04
6.792941712774336338e-04
6.792923086322844028e-04
6.792903877794742584e-04
6.792884087190032005e-04
6.792866042815148830e-04
6.792846834287047386e-04
6.792829371988773346e-04
6.792809581384062767e-04
6.792791537009179592e-04
6.792771746404469013e-04
6.792753119952976704e-04
6.792734493501484394e-04
6.792715284973382950e-04
6.792696076445281506e-04
6.792678032070398331e-04
6.792658823542296886e-04
6.792639615014195442e-04
6.792620406486093998e-04
6.792602362111210823e-04
6.792583735659718513e-04
6.792564527131617069e-04
6.792545318603515625e-04
6.792527274228632450e-04
6.792508647777140141e-04
6.792488857172429562e-04
6.792470230720937252e-04
6.792451604269444942e-04
6.792432977817952633e-04
6.792414351366460323e-04
6.792395142838358879e-04
6.792375934310257435e-04
6.792357307858765125e-04
6.792338099330663681e-04
6.792319472879171371e-04
6.792301428504288197e-04
6.792281637899577618e-04
6.792263011448085308e-04
6.792243220843374729e-04
6.792225758545100689e-04
6.792206550016999245e-04
6.792187923565506935e-04
6.792169297114014626e-04
6.792150670662522316e-04
6.792132626287639141e-04
6.792112835682928562e-04
6.792093627154827118e-04
6.792074418626725674e-04
6.792056374251842499e-04
6.792037165723741055e-04
6.792019121348857880e-04
6.792000494897365570e-04
6.791980704292654991e-04
6.791961495764553547e-04
6.791942869313061237e-04
6.791924242861568928e-04
6.791906198486685753e-04
6.791887572035193443e-04
6.791868363507091999e-04
6.791848572902381420e-04
6.791829946450889111e-04
6.791810737922787666e-04
6.791792693547904491e-04
6.791774067096412182e-04
6.791755440644919872e-04
6.791735650040209293e-04
6.791718769818544388e-04
6.791699561290442944e-04
6.791680352762341499e-04
6.791661144234240055e-04
6.791641935706138611e-04
6.791623309254646301e-04
6.791605264879763126e-04
6.791586638428270817e-04
6.791568011976778507e-04
6.791549385525286198e-04
6.791529594920575619e-04
6.791510968469083309e-04
6.791492342017591000e-04
6.791473133489489555e-04
6.791455089114606380e-04
6.791435298509895802e-04
6.791416672058403492e-04
6.791398627683520317e-04
6.791378837078809738e-04
6.791361374780535698e-04
6.791341584175825119e-04
6.791322375647723675e-04
6.791303749196231365e-04
6.791285704821348190e-04
6.791267660446465015e-04
6.791248451918363571e-04
6.791229243390262127e-04
6.791210616938769817e-04
6.791191408410668373e-04
6.791172781959176064e-04
6.791154155507683754e-04
6.791135529056191444e-04
6.791116902604699135e-04
6.791098276153206825e-04
6.791078485548496246e-04
6.791059859097003937e-04
6.791041814722120762e-04
6.791022024117410183e-04
6.791003979742527008e-04
6.790984189137816429e-04
6.790966144762933254e-04
6.790948100388050079e-04
6.790928891859948635e-04
6.790909683331847191e-04
6.790891638956964016e-04
6.790872430428862572e-04
6.790853221900761127e-04
6.790835177525877953e-04
6.790815968997776508e-04
6.790796760469675064e-04
6.790779298171401024e-04
6.790760089643299580e-04
6.790740881115198135e-04
6.790721672587096691e-04
6.790703046135604382e-04
6.790684419684112072e-04
6.790666375309228897e-04
6.790647748857736588e-04
6.790629122406244278e-04
6.790610495954751968e-04
6.790591287426650524e-04
6.790572078898549080e-04
6.790553452447056770e-04
6.790534825995564461e-04
6.790515617467463017e-04
6.790496991015970707e-04
6.790478364564478397e-04
6.790459156036376953e-04
6.790441111661493778e-04
6.790421903133392334e-04
6.790404440835118294e-04
6.790384650230407715e-04
6.790367187932133675e-04
6.790347397327423096e-04
6.790328770875930786e-04
6.790309562347829342e-04
6.790290935896337032e-04
6.790271727368235588e-04
6.790254265069961548e-04
6.790234474465250969e-04
6.790216430090367794e-04
6.790197803638875484e-04
6.790179177187383175e-04
6.790160550735890865e-04
6.790141342207789421e-04
6.790122715756297112e-04
6.790104089304804802e-04
6.790086044929921627e-04
6.790066836401820183e-04
6.790048792026937008e-04
6.790028419345617294e-04
6.790010374970734119e-04
6.789991166442632675e-04
6.789972539991140366e-04
6.789953913539648056e-04
6.789935869164764881e-04
6.789917242713272572e-04
6.789898616261780262e-04
6.789878825657069683e-04
6.789860781282186508e-04
6.789841572754085064e-04
6.789822364225983620e-04
6.789804319851100445e-04
6.789785111322999001e-04
6.789766484871506691e-04
6.789747858420014381e-04
6.789729231968522072e-04
6.789710605517029762e-04
6.789691979065537453e-04
6.789672770537436008e-04
6.789655890315771103e-04
6.789636099711060524e-04
6.789616891182959080e-04
6.789598264731466770e-04
6.789579638279974461e-04
6.789561011828482151e-04
6.789542385376989841e-04
6.789523176848888397e-04
6.789505714550614357e-04
6.789486506022512913e-04
6.789467879571020603e-04
6.789449835196137428e-04
6.789430044591426849e-04
6.789411418139934540e-04
6.789393373765051365e-04
6.789374165236949921e-04
6.789355538785457611e-04
6.789336912333965302e-04
6.789317121729254723e-04
6.789300241507589817e-04
6.789281032979488373e-04
6.789262406527996063e-04
6.789242615923285484e-04
6.789225735701620579e-04
6.789206527173519135e-04
6.789187900722026825e-04
6.789168110117316246e-04
6.789149483665823936e-04
6.789131439290940762e-04
6.789112812839448452e-04
6.789094186387956142e-04
6.789074977859854698e-04
6.789056933484971523e-04
6.789038307033479214e-04
6.789019098505377769e-04
6.789001054130494595e-04
6.788981263525784016e-04
6.788963801227509975e-04
6.788944010622799397e-04
6.788925384171307087e-04
6.788907339796423912e-04
6.788888713344931602e-04
6.788870086893439293e-04
6.788850296288728714e-04
6.788832251913845539e-04
6.788814207538962364e-04
6.788794999010860920e-04
6.788776372559368610e-04
6.788757164031267166e-04
6.788738537579774857e-04
6.788720493204891682e-04
6.788701866753399372e-04
6.788683240301907063e-04
6.788664613850414753e-04
6.788645987398922443e-04
6.788627360947430134e-04
6.788608152419328690e-04
