1.333915861323475838e-03
1.333628082647919655e-03
1.333340420387685299e-03
1.333052990958094597e-03
1.332765561528503895e-03
1.332478248514235020e-03
1.332190702669322491e-03
1.331903273239731789e-03
1.331615843810141087e-03
1.331328647211194038e-03
1.331041217781603336e-03
1.330753904767334461e-03
1.330466708168387413e-03
1.330179511569440365e-03
1.329892198555171490e-03
1.329605118371546268e-03
1.329317921772599220e-03
1.329030841588973999e-03
1.328743761405348778e-03
1.328456797637045383e-03
1.328169717453420162e-03
1.327882520854473114e-03
1.327595789916813374e-03
1.327308709733188152e-03
1.327021745964884758e-03
1.326734782196581364e-03
1.326447585597634315e-03
1.326160854659974575e-03
1.325873774476349354e-03
1.325586927123367786e-03
1.325300196185708046e-03
1.325013116002082825e-03
1.324726501479744911e-03
1.324439537711441517e-03
1.324152806773781776e-03
1.323865843005478382e-03
1.323578995652496815e-03
1.323292264714837074e-03
1.323005533777177334e-03
1.322718686424195766e-03
1.322431839071214199e-03
1.322144991718232632e-03
1.321858260780572891e-03
1.321571297012269497e-03
1.321284449659287930e-03
1.320997951552271843e-03
1.320710987783968449e-03
1.320424140430986881e-03
1.320137293078005314e-03
1.319850562140345573e-03
1.319563714787364006e-03
1.319276867434382439e-03
1.318989903666079044e-03
1.318703056313097477e-03
1.318416325375437737e-03
1.318129128776490688e-03
1.317842397838830948e-03
1.317555550485849380e-03
1.317268586717545986e-03
1.316981622949242592e-03
1.316694659180939198e-03
1.316407346166670322e-03
1.316120498813688755e-03
1.315833418630063534e-03
1.315546454861760139e-03
1.315259258262813091e-03
1.314972178079187870e-03
1.314685097895562649e-03
1.314397668465971947e-03
1.314110588282346725e-03
1.313823391683399677e-03
1.313535845838487148e-03
1.313248416408896446e-03
1.312961336225271225e-03
1.312673790380358696e-03
1.312386360950767994e-03
1.312098931521177292e-03
1.311811385676264763e-03
1.311523956246674061e-03
1.311236177571117878e-03
1.310948398895561695e-03
1.310660736635327339e-03
1.310373074375092983e-03
1.310085062868893147e-03
1.309797167778015137e-03
1.309509389102458954e-03
1.309221261180937290e-03
1.308933249674737453e-03
1.308645238168537617e-03
1.308356993831694126e-03
1.308068865910172462e-03
1.307780505158007145e-03
1.307492027990520000e-03
1.307203434407711029e-03
1.306915190070867538e-03
1.306626480072736740e-03
1.306337886489927769e-03
1.306049060076475143e-03
1.305760233663022518e-03
1.305471407249569893e-03
1.305182348005473614e-03
1.304893405176699162e-03
1.304604229517281055e-03
1.304314937442541122e-03
1.304025645367801189e-03
1.303736353293061256e-03
1.303446711972355843e-03
1.303157187066972256e-03
1.302867545746266842e-03
1.302577788010239601e-03
1.302287913858890533e-03
1.301997806876897812e-03
1.301707816310226917e-03
1.301417592912912369e-03
1.301127253100275993e-03
1.300836913287639618e-03
1.300546224229037762e-03
1.300255768001079559e-03
1.299964846111834049e-03
1.299674040637910366e-03
1.299383002333343029e-03
1.299091731198132038e-03
1.298800692893564701e-03
1.298509305343031883e-03
1.298217684961855412e-03
1.297926180996000767e-03
1.297634327784180641e-03
1.297342474572360516e-03
1.297050272114574909e-03
1.296758069656789303e-03
1.296465867199003696e-03
1.296173199079930782e-03
1.295880763791501522e-03
1.295587862841784954e-03
1.295294729061424732e-03
1.295001944527029991e-03
1.294708461500704288e-03
1.294415211305022240e-03
1.294121495448052883e-03
1.293827779591083527e-03
1.293533714488148689e-03
1.293239649385213852e-03
1.292945351451635361e-03
1.292650937102735043e-03
1.292356173507869244e-03
1.292061293497681618e-03
1.291766413487493992e-03
1.291471300646662712e-03
1.291175722144544125e-03
1.290880143642425537e-03
1.290584332309663296e-03
1.290288404561579227e-03
1.289992011152207851e-03
1.289695501327514648e-03
1.289398991502821445e-03
1.289102132432162762e-03
1.288805156946182251e-03
1.288507832214236259e-03
1.288210274651646614e-03
1.287912600673735142e-03
1.287614461034536362e-03
1.287316437810659409e-03
1.287017832510173321e-03
1.286719227209687233e-03
1.286420389078557491e-03
1.286120852455496788e-03
1.285821665078401566e-03
1.285521895624697208e-03
1.285221893340349197e-03
1.284921891056001186e-03
1.284621306695044041e-03
1.284320489503443241e-03
1.284019439481198788e-03
1.283718156628310680e-03
1.283416524529457092e-03
1.283114776015281677e-03
1.282812561839818954e-03
1.282510114833712578e-03
1.282207318581640720e-03
1.281904289498925209e-03
1.281600911170244217e-03
1.281297300010919571e-03
1.280993223190307617e-03
1.280689029954373837e-03
1.280384254641830921e-03
1.280079362913966179e-03
1.279774121940135956e-03
1.279468298889696598e-03
1.279162475839257240e-03
1.278856070712208748e-03
1.278549549169838428e-03
1.278242445550858974e-03
1.277935341931879520e-03
1.277627423405647278e-03
1.277319388464093208e-03
1.277011120691895485e-03
1.276702154427766800e-03
1.276393071748316288e-03
1.276083290576934814e-03
1.275773276574909687e-03
1.275462913326919079e-03
1.275151968002319336e-03
1.274840789847075939e-03
1.274529378861188889e-03
1.274217269383370876e-03
1.273905043490231037e-03
1.273592119105160236e-03
1.273278729058802128e-03
1.272965106181800365e-03
1.272650784812867641e-03
1.272336347028613091e-03
1.272021327167749405e-03
1.271705725230276585e-03
1.271389774046838284e-03
1.271073240786790848e-03
1.270756358280777931e-03
1.270438893698155880e-03
1.270121079869568348e-03
1.269802683964371681e-03
1.269483822397887707e-03
1.269164611585438251e-03
1.268844585865736008e-03
1.268524210900068283e-03
1.268203370273113251e-03
1.267881831154227257e-03
1.267560059204697609e-03
1.267237472347915173e-03
1.266914419829845428e-03
1.266591018065810204e-03
1.266266917809844017e-03
1.265942235477268696e-03
1.265616854652762413e-03
1.265291008166968822e-03
1.264964696019887924e-03
1.264637685380876064e-03
1.264309976249933243e-03
1.263982150703668594e-03
1.263653161004185677e-03
1.263323822058737278e-03
1.262993668206036091e-03
1.262663165107369423e-03
1.262331963516771793e-03
1.262000063434243202e-03
1.261667581275105476e-03
1.261334400624036789e-03
1.261000870727002621e-03
1.260666293092072010e-03
1.260331016965210438e-03
1.259995391592383385e-03
1.259658951312303543e-03
1.259321696124970913e-03
1.258983858861029148e-03
1.258645206689834595e-03
1.258305972442030907e-03
1.257966039702296257e-03
1.257625524885952473e-03
1.257283845916390419e-03
1.256941934116184711e-03
1.256598974578082561e-03
1.256255316548049450e-03
1.255910843610763550e-03
1.255565788596868515e-03
1.255220035091042519e-03
1.254873466677963734e-03
1.254525850526988506e-03
1.254177768714725971e-03
1.253828755579888821e-03
1.253479043953120708e-03
1.253128401003777981e-03
1.252777059562504292e-03
1.252424903213977814e-03
1.252071815542876720e-03
1.251718029379844666e-03
1.251363428309559822e-03
1.251007895916700363e-03
1.250651432201266289e-03
1.250294386409223080e-03
1.249936409294605255e-03
1.249577617272734642e-03
1.249217777512967587e-03
1.248857239261269569e-03
1.248495536856353283e-03
1.248133368790149689e-03
1.247770152986049652e-03
1.247405889444053173e-03
1.247040927410125732e-03
1.246674917638301849e-03
1.246308092959225178e-03
1.245940453372895718e-03
1.245571649633347988e-03
1.245202147401869297e-03
1.244831713847815990e-03
1.244460116140544415e-03
1.244087936356663704e-03
1.243714592419564724e-03
1.243340317159891129e-03
1.242965226992964745e-03
1.242589205503463745e-03
1.242212252691388130e-03
1.241834135726094246e-03
1.241455203853547573e-03
1.241075340658426285e-03
1.240694662556052208e-03
1.240312587469816208e-03
1.239929930306971073e-03
1.239546108990907669e-03
1.239161472767591476e-03
1.238775788806378841e-03
1.238389173522591591e-03
1.238001743331551552e-03
1.237613148987293243e-03
1.237223739735782146e-03
1.236833166331052780e-03
1.236441661603748798e-03
1.236049225553870201e-03
1.235655974596738815e-03
1.235261559486389160e-03
1.234866329468786716e-03
1.234469935297966003e-03
1.234072842635214329e-03
1.233674818649888039e-03
1.233275630511343479e-03
1.232875394634902477e-03
1.232474460266530514e-03
1.232072594575583935e-03
1.231669797562062740e-03
1.231265719980001450e-03
1.230860943906009197e-03
1.230455352924764156e-03
1.230048714205622673e-03
1.229641144163906574e-03
1.229232759214937687e-03
1.228823326528072357e-03
1.228413078933954239e-03
1.228002016432583332e-03
1.227590022608637810e-03
1.227177097462117672e-03
1.226763240993022919e-03
1.226348569616675377e-03
1.225933083333075047e-03
1.225516665726900101e-03
1.225099433213472366e-03
1.224681502208113670e-03
1.224262639880180359e-03
1.223842962644994259e-03
1.223422586917877197e-03
1.223001279868185520e-03
1.222579390741884708e-03
1.222156686708331108e-03
1.221733051352202892e-03
1.221308950334787369e-03
1.220883801579475403e-03
1.220458187162876129e-03
1.220031641423702240e-03
1.219604630023241043e-03
1.219176920130848885e-03
1.218748278915882111e-03
1.218319404870271683e-03
1.217889599502086639e-03
1.217459328472614288e-03
1.217028475366532803e-03
1.216596923768520355e-03
1.216164673678576946e-03
1.215732074342668056e-03
1.215298892930150032e-03
1.214865129441022873e-03
1.214430900290608406e-03
1.213996089063584805e-03
1.213560928590595722e-03
1.213125302456319332e-03
1.212689210660755634e-03
1.212252769619226456e-03
1.211815862916409969e-03
1.211378490552306175e-03
1.210940885357558727e-03
1.210502814501523972e-03
1.210064394399523735e-03
1.209625857882201672e-03
1.209186739288270473e-03
1.208747620694339275e-03
1.208308036439120770e-03
1.207868335768580437e-03
1.207428285852074623e-03
1.206988119520246983e-03
1.206547720357775688e-03
1.206107204779982567e-03
1.205666572786867619e-03
1.205225824378430843e-03
1.204784726724028587e-03
1.204343978315591812e-03
1.203902764245867729e-03
1.203461783006787300e-03
1.203020452521741390e-03
1.202579471282660961e-03
1.202138373628258705e-03
1.201697392389178276e-03
1.201256178319454193e-03
1.200815313495695591e-03
1.200374332256615162e-03
1.199933467432856560e-03
1.199492835439741611e-03
1.199052319861948490e-03
1.198612037114799023e-03
1.198171637952327728e-03
1.197731820866465569e-03
1.197292003780603409e-03
1.196852303110063076e-03
1.196413184516131878e-03
1.195974182337522507e-03
1.195535412989556789e-03
1.195096876472234726e-03
1.194658805616199970e-03
1.194221084006130695e-03
1.193783478811383247e-03
1.193346572108566761e-03
1.192909781821072102e-03
1.192473573610186577e-03
1.192037831060588360e-03
1.191602437756955624e-03
1.191167510114610195e-03
1.190732931718230247e-03
1.190299168229103088e-03
1.189865521155297756e-03
1.189432572573423386e-03
1.189000089652836323e-03
1.188568188808858395e-03
1.188136986456811428e-03
1.187706133350729942e-03
1.187275862321257591e-03
1.186846406199038029e-03
1.186417182907462120e-03
1.185988890938460827e-03
1.185561181046068668e-03
1.185134053230285645e-03
1.184707740321755409e-03
1.184282009489834309e-03
1.183856977149844170e-03
1.183432526886463165e-03
1.183008891530334949e-03
1.182585954666137695e-03
1.182163716293871403e-03
1.181742292828857899e-03
1.181321567855775356e-03
1.180901657789945602e-03
1.180482446216046810e-03
1.180064049549400806e-03
1.179646467790007591e-03
1.179229584522545338e-03
1.178813516162335873e-03
1.178398379124701023e-03
1.177984056994318962e-03
1.177570316940546036e-03
1.177157741039991379e-03
1.176745863631367683e-03
1.176334917545318604e-03
1.175924669951200485e-03
1.175515353679656982e-03
1.175106968730688095e-03
1.174699398688971996e-03
1.174292643554508686e-03
1.173886819742619991e-03
1.173482043668627739e-03
1.173077966086566448e-03
1.172674936242401600e-03
1.172272721305489540e-03
1.171871437691152096e-03
1.171471085399389267e-03
1.171071780845522881e-03
1.170673174783587456e-03
1.170275732874870300e-03
1.169878873042762280e-03
1.169483177363872528e-03
1.169088645838201046e-03
1.168694696389138699e-03
1.168301794677972794e-03
1.167909824289381504e-03
1.167519018054008484e-03
1.167128793895244598e-03
1.166739733889698982e-03
1.166351605206727982e-03
1.165964524261653423e-03
1.165578258223831654e-03
1.165193039923906326e-03
1.164808752946555614e-03
1.164425513707101345e-03
1.164043089374899864e-03
1.163661712780594826e-03
1.163281151093542576e-03
1.162901753559708595e-03
1.162523287348449230e-03
1.162145636044442654e-03
1.161769032478332520e-03
1.161393360234797001e-03
1.161018735729157925e-03
1.160645158961415291e-03
1.160272280685603619e-03
1.159900450147688389e-03
1.159529667347669601e-03
1.159159932285547256e-03
1.158791012130677700e-03
