3.732251061592251062e-04
3.732234181370586157e-04
3.732216428034007549e-04
3.732198383659124374e-04
3.732181794475764036e-04
3.732164041139185429e-04
3.732145996764302254e-04
3.732128825504332781e-04
3.732111363206058741e-04
3.732093318831175566e-04
3.732075856532901525e-04
3.732058685272932053e-04
3.732040931936353445e-04
3.732023760676383972e-04
3.732005716301500797e-04
3.731988545041531324e-04
3.731971082743257284e-04
3.731953329406678677e-04
3.731935867108404636e-04
3.731918113771826029e-04
3.731900360435247421e-04
3.731883189175277948e-04
3.731866017915308475e-04
3.731847973540425301e-04
3.731830802280455828e-04
3.731813048943877220e-04
3.731795586645603180e-04
3.731778415385633707e-04
3.731760953087359667e-04
3.731742908712476492e-04
3.731724864337593317e-04
3.731707984115928411e-04
3.731690521817654371e-04
3.731673350557684898e-04
3.731655015144497156e-04
3.731637552846223116e-04
3.731619508471339941e-04
3.731602628249675035e-04
3.731585165951400995e-04
3.731566830538213253e-04
3.731549368239939213e-04
3.731532779056578875e-04
3.731514443643391132e-04
3.731497563421726227e-04
3.731480101123452187e-04
3.731462347786873579e-04
3.731445176526904106e-04
3.731427714228630066e-04
3.731409960892051458e-04
3.731392498593777418e-04
3.731375036295503378e-04
3.731357573997229338e-04
3.731339820660650730e-04
3.731322649400681257e-04
3.731304313987493515e-04
3.731287142727524042e-04
3.731269971467554569e-04
3.731252509169280529e-04
3.731234464794397354e-04
3.731216711457818747e-04
3.731199540197849274e-04
3.731182368937879801e-04
3.731164615601301193e-04
3.731147153303027153e-04
3.731129982043057680e-04
3.731112228706479073e-04
3.731094475369900465e-04
3.731077595148235559e-04
3.731060132849961519e-04
3.731041797436773777e-04
3.731025208253413439e-04
3.731007454916834831e-04
3.730989119503647089e-04
3.730972530320286751e-04
3.730955068022012711e-04
3.730937314685434103e-04
3.730920434463769197e-04
3.730902099050581455e-04
3.730884054675698280e-04
3.730867465492337942e-04
3.730849712155759335e-04
3.730832249857485294e-04
3.730815078597515821e-04
3.730797325260937214e-04
3.730779862962663174e-04
3.730762109626084566e-04
3.730745229404419661e-04
3.730727476067841053e-04
3.730709722731262445e-04
3.730692260432988405e-04
3.730675671249628067e-04
3.730657626874744892e-04
3.730640164576470852e-04
3.730622411239892244e-04
3.730604657903313637e-04
3.730586613528430462e-04
3.730570315383374691e-04
3.730552562046796083e-04
3.730535099748522043e-04
3.730518219526857138e-04
3.730500466190278530e-04
3.730482421815395355e-04
3.730464959517121315e-04
3.730448079295456409e-04
3.730429743882268667e-04
3.730412572622299194e-04
3.730395692400634289e-04
3.730378230102360249e-04
3.730360767804086208e-04
3.730343014467507601e-04
3.730325552169233561e-04
3.730308380909264088e-04
3.730290918610990047e-04
3.730273165274411440e-04
3.730255702976137400e-04
3.730238531716167927e-04
3.730220778379589319e-04
3.730203316081315279e-04
3.730186144821345806e-04
3.730168682523071766e-04
3.730151220224797726e-04
3.730133466888219118e-04
3.730116004589945078e-04
3.730098542291671038e-04
3.730081662070006132e-04
3.730063326656818390e-04
3.730046155396848917e-04
3.730028402060270309e-04
3.730011230800300837e-04
3.729993768502026796e-04
3.729976597242057323e-04
3.729958261828869581e-04
3.729941381607204676e-04
3.729923628270626068e-04
3.729906457010656595e-04
3.729888994712382555e-04
3.729871532414108515e-04
3.729853779077529907e-04
3.729836898855865002e-04
3.729819436557590961e-04
3.729801683221012354e-04
3.729784802999347448e-04
3.729766758624464273e-04
3.729749587364494801e-04
3.729732125066220760e-04
3.729715244844555855e-04
3.729697782546281815e-04
3.729680029209703207e-04
3.729662275873124599e-04
3.729645104613155127e-04
3.729628224391490221e-04
3.729610180016607046e-04
3.729592717718333006e-04
3.729575255420058966e-04
3.729558084160089493e-04
3.729540912900120020e-04
3.729523450601845980e-04
3.729505697265267372e-04
3.729487943928688765e-04
3.729470772668719292e-04
3.729453310370445251e-04
3.729435557033866644e-04
3.729418094735592604e-04
3.729400923475623131e-04
3.729383170139044523e-04
3.729366580955684185e-04
3.729348536580801010e-04
3.729331365320831537e-04
3.729313611984252930e-04
3.729296149685978889e-04
3.729278687387704849e-04
3.729261516127735376e-04
3.729244344867765903e-04
3.729227173607796431e-04
3.729209420271217823e-04
3.729192249011248350e-04
3.729174786712974310e-04
3.729156742338091135e-04
3.729140153154730797e-04
3.729121817741543055e-04
3.729104937519878149e-04
3.729087475221604109e-04
3.729070012923330069e-04
3.729053132701665163e-04
3.729035088326781988e-04
3.729017626028507948e-04
3.729000454768538475e-04
3.728983283508569002e-04
3.728965239133685827e-04
3.728948940988630056e-04
3.728930896613746881e-04
3.728913434315472841e-04
3.728895972017198801e-04
3.728878218680620193e-04
3.728860756382346153e-04
3.728843585122376680e-04
3.728826413862407207e-04
3.728808078449219465e-04
3.728790907189249992e-04
3.728774026967585087e-04
3.728757146745920181e-04
3.728739102371037006e-04
3.728721931111067533e-04
3.728704759851098061e-04
3.728687297552824020e-04
3.728669544216245413e-04
3.728652081917971373e-04
3.728634910658001900e-04
3.728617739398032427e-04
3.728599403984844685e-04
3.728583105839788914e-04
3.728565352503210306e-04
3.728548181243240833e-04
3.728531009983271360e-04
3.728513256646692753e-04
3.728495794348418713e-04
3.728478332050144672e-04
3.728461742866784334e-04
3.728443989530205727e-04
3.728426818270236254e-04
3.728409355971962214e-04
3.728391602635383606e-04
3.728374722413718700e-04
3.728356969077140093e-04
3.728339506778866053e-04
3.728322044480592012e-04
3.728304873220622540e-04
3.728287119884043932e-04
3.728269657585769892e-04
3.728253068402409554e-04
3.728236188180744648e-04
3.728218143805861473e-04
3.728200972545892000e-04
3.728183510247617960e-04
3.728166630025953054e-04
3.728149167727679014e-04
3.728130832314491272e-04
3.728114243131130934e-04
3.728096780832856894e-04
3.728079027496278286e-04
3.728061274159699678e-04
3.728044102899730206e-04
3.728027222678065300e-04
3.728009760379791260e-04
3.727992007043212652e-04
3.727974835783243179e-04
3.727957082446664572e-04
3.727940202224999666e-04
3.727923030965030193e-04
3.727905568666756153e-04
3.727888106368482113e-04
3.727870935108512640e-04
3.727853181771934032e-04
3.727836301550269127e-04
3.727819130290299654e-04
3.727801085915416479e-04
3.727783914655447006e-04
3.727766743395477533e-04
3.727750154212117195e-04
3.727732400875538588e-04
3.727714356500655413e-04
3.727697185240685940e-04
3.727680013980716467e-04
3.727662842720746994e-04
3.727645089384168386e-04
3.727628209162503481e-04
3.727610746864229441e-04
3.727593284565955400e-04
3.727576113305985928e-04
3.727558068931102753e-04
3.727540897671133280e-04
3.727523726411163807e-04
3.727507137227803469e-04
3.727489383891224861e-04
3.727471630554646254e-04
3.727455041371285915e-04
3.727437579073011875e-04
3.727420407813042402e-04
3.727402945514768362e-04
3.727384901139885187e-04
3.727367729879915714e-04
3.727350558619946241e-04
3.727333678398281336e-04
3.727315925061702728e-04
3.727297880686819553e-04
3.727281582541763783e-04
3.727264411281794310e-04
3.727246366906911135e-04
3.727229195646941662e-04
3.727212024386972189e-04
3.727194562088698149e-04
3.727177390828728676e-04
3.727159637492150068e-04
3.727142466232180595e-04
3.727125294972211123e-04
3.727108414750546217e-04
3.727090370375663042e-04
3.727073199115693569e-04
3.727055736817419529e-04
3.727038274519145489e-04
3.727021976374089718e-04
3.727003931999206543e-04
3.726986760739237070e-04
3.726969589479267597e-04
3.726952418219298124e-04
3.726935246959328651e-04
3.726917784661054611e-04
3.726900031324476004e-04
3.726882860064506531e-04
3.726865397766232491e-04
3.726848226506263018e-04
3.726831055246293545e-04
3.726814175024628639e-04
3.726797003764659166e-04
3.726778959389775991e-04
3.726762079168111086e-04
3.726744907908141613e-04
3.726727154571563005e-04
3.726709983311593533e-04
3.726692812051624060e-04
3.726675349753350019e-04
3.726658469531685114e-04
3.726640716195106506e-04
3.726622962858527899e-04
3.726606373675167561e-04
3.726588911376893520e-04
3.726572322193533182e-04
3.726555150933563709e-04
3.726536815520375967e-04
3.726519644260406494e-04
3.726502764038741589e-04
3.726485301740467548e-04
3.726468130480498075e-04
3.726451541297137737e-04
3.726432914845645428e-04
3.726416034623980522e-04
3.726398863364011049e-04
3.726381401065737009e-04
3.726364229805767536e-04
3.726347349584102631e-04
3.726329596247524023e-04
3.726312133949249983e-04
3.726294671650975943e-04
3.726277791429311037e-04
3.726261202245950699e-04
3.726243448909372091e-04
3.726225986611098051e-04
3.726209106389433146e-04
3.726191644091159105e-04
3.726174472831189632e-04
3.726157301571220160e-04
3.726139257196336985e-04
3.726121503859758377e-04
3.726104914676398039e-04
3.726087452378123999e-04
3.726070281118154526e-04
3.726053109858185053e-04
3.726035356521606445e-04
3.726018767338246107e-04
3.726001014001667500e-04
3.725984715856611729e-04
3.725967253558337688e-04
3.725949500221759081e-04
3.725932328961789608e-04
3.725915157701820135e-04
3.725897695403546095e-04
3.725880524143576622e-04
3.725863352883607149e-04
3.725846181623637676e-04
3.725828719325363636e-04
3.725811839103698730e-04
3.725794376805424690e-04
3.725777496583759785e-04
3.725760034285485744e-04
3.725742863025516272e-04
3.725724818650633097e-04
3.725707647390663624e-04
3.725691058207303286e-04
3.725673886947333813e-04
3.725656424649059772e-04
3.725638671312481165e-04
3.725621209014207125e-04
3.725603746715933084e-04
3.725586866494268179e-04
3.725570277310907841e-04
3.725552815012633801e-04
3.725534770637750626e-04
3.725518181454390287e-04
3.725501301232725382e-04
3.725483838934451342e-04
3.725466376636177301e-04
3.725449205376207829e-04
3.725432034116238356e-04
3.725414862856268883e-04
3.725397691596299410e-04
3.725380520336329937e-04
3.725363058038055897e-04
3.725345886778086424e-04
3.725328424479812384e-04
3.725310962181538343e-04
3.725293790921568871e-04
3.725277201738208532e-04
3.725260030478239059e-04
3.725242859218269587e-04
3.725225105881690979e-04
3.725207934621721506e-04
3.725190763361752033e-04
3.725173592101782560e-04
3.725156420841813087e-04
3.725139249581843615e-04
3.725121787283569574e-04
3.725103742908686399e-04
3.725087444763630629e-04
3.725069691427052021e-04
3.725052811205387115e-04
3.725035930983722210e-04
3.725018759723752737e-04
3.725000715348869562e-04
3.724983835127204657e-04
3.724966663867235184e-04
3.724949492607265711e-04
3.724932321347296238e-04
3.724914859049022198e-04
3.724897396750748158e-04
3.724880807567387819e-04
3.724863636307418346e-04
3.724845882970839739e-04
3.724829293787479401e-04
3.724811831489205360e-04
3.724794369190931320e-04
3.724777197930961847e-04
3.724760026670992374e-04
3.724743437487632036e-04
3.724725975189357996e-04
3.724708803929388523e-04
3.724691050592809916e-04
3.724673879332840443e-04
3.724656708072870970e-04
3.724639536812901497e-04
3.724622365552932024e-04
3.724605194292962551e-04
3.724587731994688511e-04
3.724570851773023605e-04
3.724553680513054132e-04
3.724536509253084660e-04
3.724519046954810619e-04
3.724501875694841146e-04
3.724484704434871674e-04
3.724468115251511335e-04
3.724450652953237295e-04
3.724432608578354120e-04
3.724415437318384647e-04
3.724398557096719742e-04
3.724381676875054836e-04
3.724364505615085363e-04
3.724347043316811323e-04
3.724329872056841850e-04
3.724312991835176945e-04
3.724295529536902905e-04
3.724278649315237999e-04
3.724261478055268526e-04
3.724244306795299053e-04
3.724227717611938715e-04
3.724209673237055540e-04
3.724192501977086067e-04
3.724175330717116594e-04
3.724157577380537987e-04
3.724140988197177649e-04
3.724123816937208176e-04
3.724106354638934135e-04
3.724089474417269230e-04
3.724072594195604324e-04
3.724055422935634851e-04
3.724037960637360811e-04
3.724021080415695906e-04
3.724003618117421865e-04
3.723986737895756960e-04
3.723969275597482920e-04
3.723952104337513447e-04
3.723934933077543974e-04
3.723918052855879068e-04
3.723900881595909595e-04
3.723884001374244690e-04
3.723866248037666082e-04
3.723848785739392042e-04
3.723832487594336271e-04
3.723815025296062231e-04
3.723797854036092758e-04
3.723780973814427853e-04
3.723763511516153812e-04
3.723746049217879772e-04
3.723729168996214867e-04
3.723711706697940826e-04
3.723694826476275921e-04
3.723677655216306448e-04
3.723659901879727840e-04
3.723643312696367502e-04
3.723626432474702597e-04
3.723609261214733124e-04
3.723591798916459084e-04
