7.949156570248305798e-04
7.948279380798339844e-04
7.947401027195155621e-04
7.946521509438753128e-04
7.945641991682350636e-04
7.944760727696120739e-04
7.943880045786499977e-04
7.942997617647051811e-04
7.942112861201167107e-04
7.941229850985109806e-04
7.940345094539225101e-04
7.939459173940122128e-04
7.938572671264410019e-04
7.937686168588697910e-04
7.936797337606549263e-04
7.935908506624400616e-04
7.935019093565642834e-04
7.934128516353666782e-04
7.933236192911863327e-04
7.932343287393450737e-04
7.931450381875038147e-04
7.930555148050189018e-04
7.929659914225339890e-04
7.928764098323881626e-04
7.927866536192595959e-04
7.926968391984701157e-04
7.926069083623588085e-04
7.925169775262475014e-04
7.924267556518316269e-04
7.923365337774157524e-04
7.922463701106607914e-04
7.921559154056012630e-04
7.920653442852199078e-04
7.919747149571776390e-04
7.918840856291353703e-04
7.917932234704494476e-04
7.917024195194244385e-04
7.916113245300948620e-04
7.915201713331043720e-04
7.914289599284529686e-04
7.913375739008188248e-04
7.912461878731846809e-04
7.911545690149068832e-04
7.910628337413072586e-04
7.909710402600467205e-04
7.908791303634643555e-04
7.907871040515601635e-04
7.906950195319950581e-04
7.906027021817862988e-04
7.905103848315775394e-04
7.904177764430642128e-04
7.903251098468899727e-04
7.902324432507157326e-04
7.901395438238978386e-04
7.900465861894190311e-04
7.899534539319574833e-04
7.898602052591741085e-04
7.897668401710689068e-04
7.896733004599809647e-04
7.895797025412321091e-04
7.894858717918395996e-04
7.893919828347861767e-04
7.892979774624109268e-04
7.892037392593920231e-04
7.891095010563731194e-04
7.890149718150496483e-04
7.889204425737261772e-04
7.888256805017590523e-04
7.887307438068091869e-04
7.886358071118593216e-04
7.885405793786048889e-04
7.884453516453504562e-04
7.883498910814523697e-04
7.882541976869106293e-04
7.881583878770470619e-04
7.880625780671834946e-04
7.879665936343371868e-04
7.878702599555253983e-04
7.877739844843745232e-04
7.876773597672581673e-04
7.875806768424808979e-04
7.874837610870599747e-04
7.873867289163172245e-04
7.872896385379135609e-04
7.871922571212053299e-04
7.870947592891752720e-04
7.869970868341624737e-04
7.868992979638278484e-04
7.868011598475277424e-04
7.867031381465494633e-04
7.866047089919447899e-04
7.865061052143573761e-04
7.864073850214481354e-04
7.863084902055561543e-04
7.862094207666814327e-04
7.861101184971630573e-04
7.860106416046619415e-04
7.859110482968389988e-04
7.858112221583724022e-04
7.857112213969230652e-04
7.856109878048300743e-04
7.855105795897543430e-04
7.854098221287131310e-04
7.853091810829937458e-04
7.852081907913088799e-04
7.851069094613194466e-04
7.850054535083472729e-04
7.849037065170705318e-04
7.848020177334547043e-04
7.846999797038733959e-04
7.845977088436484337e-04
7.844952633604407310e-04
7.843925268389284611e-04
7.842896156944334507e-04
7.841865881346166134e-04
7.840831531211733818e-04
7.839796016924083233e-04
7.838757592253386974e-04
7.837718003429472446e-04
7.836674340069293976e-04
7.835629512555897236e-04
7.834582356736063957e-04
7.833531708456575871e-04
7.832480478100478649e-04
7.831424591131508350e-04
7.830368122085928917e-04
7.829308742657303810e-04
7.828245870769023895e-04
7.827182416804134846e-04
7.826114888302981853e-04
7.825044449418783188e-04
7.823972264304757118e-04
7.822897750884294510e-04
7.821819745004177094e-04
7.820739410817623138e-04
7.819656166248023510e-04
7.818569429218769073e-04
7.817482110112905502e-04
7.816389552317559719e-04
7.815295248292386532e-04
7.814198615960776806e-04
7.813097909092903137e-04
7.811994873918592930e-04
7.810889510437846184e-04
7.809781236574053764e-04
7.808668306097388268e-04
7.807553047314286232e-04
7.806435460224747658e-04
7.805313798598945141e-04
7.804189808666706085e-04
7.803062326274812222e-04
7.801932515576481819e-04
7.800798630341887474e-04
7.799661252647638321e-04
7.798520964570343494e-04
7.797377184033393860e-04
7.796231075190007687e-04
7.795080309733748436e-04
7.793926051817834377e-04
7.792769465595483780e-04
7.791608804836869240e-04
7.790444069541990757e-04
7.789275841787457466e-04
7.788105285726487637e-04
7.786930073052644730e-04
7.785751367919147015e-04
7.784568588249385357e-04
7.783383480273187160e-04
7.782193133607506752e-04
7.780999294482171535e-04
7.779801380820572376e-04
7.778599974699318409e-04
7.777394494041800499e-04
7.776186103001236916e-04
7.774972473271191120e-04
7.773754769004881382e-04
7.772534154355525970e-04
7.771307136863470078e-04
7.770078373141586781e-04
7.768844370730221272e-04
7.767605711705982685e-04
7.766363560222089291e-04
7.765116170048713684e-04
7.763865287415683270e-04
7.762610330246388912e-04
7.761349552311003208e-04
7.760085281915962696e-04
7.758816354908049107e-04
7.757542771287262440e-04
7.756263948976993561e-04
7.754981634207069874e-04
7.753693498671054840e-04
7.752400124445557594e-04
7.751102675683796406e-04
7.749800570309162140e-04
7.748493808321654797e-04
7.747182389721274376e-04
7.745865150354802608e-04
7.744542090222239494e-04
7.743214955553412437e-04
7.741882582195103168e-04
7.740545552223920822e-04
7.739202701486647129e-04
7.737854029983282089e-04
7.736499537713825703e-04
7.735141552984714508e-04
7.733776583336293697e-04
7.732406374998390675e-04
7.731031510047614574e-04
7.729650242254137993e-04
7.728263153694570065e-04
7.726870826445519924e-04
7.725472096353769302e-04
7.724066963419318199e-04
7.722658338025212288e-04
7.721242145635187626e-04
7.719820132479071617e-04
7.718391134403645992e-04
7.716958061791956425e-04
7.715517422184348106e-04
7.714071543887257576e-04
7.712618098594248295e-04
7.711158832535147667e-04
7.709692581556737423e-04
7.708220509812235832e-04
7.706743199378252029e-04
7.705257739871740341e-04
7.703765877522528172e-04
7.702266448177397251e-04
7.700762944296002388e-04
7.699250709265470505e-04
7.697732071392238140e-04
7.696206448599696159e-04
7.694673258811235428e-04
7.693133084103465080e-04
7.691586506552994251e-04
7.690032944083213806e-04
7.688471814617514610e-04
7.686903700232505798e-04
7.685328018851578236e-04
7.683744770474731922e-04
7.682154537178575993e-04
7.680556154809892178e-04
7.678951369598507881e-04
7.677336689084768295e-04
7.675716187804937363e-04
7.674088701605796814e-04
7.672451902180910110e-04
7.670807535760104656e-04
7.669155602343380451e-04
7.667494937777519226e-04
7.665826706215739250e-04
7.664150907658040524e-04
7.662465213797986507e-04
7.660773117095232010e-04
7.659071707166731358e-04
7.657362730242311954e-04
7.655645604245364666e-04
7.653919165022671223e-04
7.652184576727449894e-04
7.650441839359700680e-04
7.648690370842814445e-04
7.646929007023572922e-04
7.645160658285021782e-04
7.643382996320724487e-04
7.641596021130681038e-04
7.639800314791500568e-04
7.637995877303183079e-04
7.636182126589119434e-04
7.634359644725918770e-04
7.632528431713581085e-04
7.630687905475497246e-04
7.628838066011667252e-04
7.626980077475309372e-04
7.625110447406768799e-04
7.623233832418918610e-04
7.621347322128713131e-04
7.619450334459543228e-04
7.617545197717845440e-04
7.615629583597183228e-04
7.613704656250774860e-04
7.611770415678620338e-04
7.609827443957328796e-04
7.607874576933681965e-04
7.605911232531070709e-04
7.603937992826104164e-04
7.601956604048609734e-04
7.599964155815541744e-04
7.597962394356727600e-04
7.595950737595558167e-04
7.593929767608642578e-04
7.591898320242762566e-04
7.589858141727745533e-04
7.587806903757154942e-04
7.585746934637427330e-04
7.583675323985517025e-04
7.581594982184469700e-04
7.579504745081067085e-04
7.577404030598700047e-04
7.575294584967195988e-04
7.573174661956727505e-04
7.571043679490685463e-04
7.568904547952115536e-04
7.566754356957972050e-04
7.564593688584864140e-04
7.562424871139228344e-04
7.560245576314628124e-04
7.558055804111063480e-04
7.555856718681752682e-04
7.553647737950086594e-04
7.551428279839456081e-04
7.549199508503079414e-04
7.546962006017565727e-04
7.544714026153087616e-04
7.542454986833035946e-04
7.540187216363847256e-04
7.537910714745521545e-04
7.535623735748231411e-04
7.533326861448585987e-04
7.531021838076412678e-04
7.528707501478493214e-04
7.526381523348391056e-04
7.524047978222370148e-04
7.521703955717384815e-04
7.519351202063262463e-04
7.516990881413221359e-04
7.514620083384215832e-04
7.512239390052855015e-04
7.509851711802184582e-04
7.507453556172549725e-04
7.505046669393777847e-04
7.502632797695696354e-04
7.500208448618650436e-04
7.497775950469076633e-04
7.495335303246974945e-04
7.492886506952345371e-04
7.490428397431969643e-04
7.487962720915675163e-04
7.485489477403461933e-04
7.483006920665502548e-04
7.480518543161451817e-04
7.478021434508264065e-04
7.475515594705939293e-04
7.473003934137523174e-04
7.470483542419970036e-04
7.467956747859716415e-04
7.465422386303544044e-04
7.462881621904671192e-04
7.460332708433270454e-04
7.457778556272387505e-04
7.455216255038976669e-04
7.452649879269301891e-04
7.450075354427099228e-04
7.447494426742196083e-04
7.444907678291201591e-04
7.442314526997506618e-04
7.439716719090938568e-04
7.437113090418279171e-04
7.434501894749701023e-04
7.431887788698077202e-04
7.429267861880362034e-04
7.426642696373164654e-04
7.424012874253094196e-04
7.421378395520150661e-04
7.418738096021115780e-04
7.416094886139035225e-04
7.413447019644081593e-04
7.410793914459645748e-04
7.408138480968773365e-04
7.405477808788418770e-04
7.402815390378236771e-04
7.400148315355181694e-04
7.397478329949080944e-04
7.394804270006716251e-04
7.392128463834524155e-04
7.389449747279286385e-04
7.386767538264393806e-04
7.384083583019673824e-04
7.381397299468517303e-04
7.378708687610924244e-04
7.376018329523503780e-04
7.373326225206255913e-04
7.370632956735789776e-04
7.367937359958887100e-04
7.365240016952157021e-04
7.362543256022036076e-04
7.359844166785478592e-04
7.357145077548921108e-04
7.354445406235754490e-04
7.351743988692760468e-04
7.349043735302984715e-04
7.346343481913208961e-04
7.343642064370214939e-04
7.340942393057048321e-04
7.338241557590663433e-04
7.335541886277496815e-04
7.332842214964330196e-04
7.330144871957600117e-04
7.327447528950870037e-04
7.324750768020749092e-04
7.322057499550282955e-04
7.319363649003207684e-04
7.316672126762568951e-04
7.313981768675148487e-04
7.311294320970773697e-04
7.308608037419617176e-04
7.305924664251506329e-04
7.303243619389832020e-04
7.300564902834594250e-04
7.297888514585793018e-04
7.295215618796646595e-04
7.292545051313936710e-04
7.289877976290881634e-04
7.287213229574263096e-04
7.284552557393908501e-04
7.281895377673208714e-04
7.279241690412163734e-04
7.276590913534164429e-04
7.273943629115819931e-04
7.271302747540175915e-04
7.268664194270968437e-04
7.266030297614634037e-04
7.263400475494563580e-04
7.260774727910757065e-04
7.258153636939823627e-04
7.255537202581763268e-04
7.252926006913185120e-04
7.250319467857480049e-04
7.247717585414648056e-04
7.245120941661298275e-04
7.242529536597430706e-04
7.239943370223045349e-04
7.237361860461533070e-04
7.234786753542721272e-04
7.232215721160173416e-04
7.229652255773544312e-04
7.227094611153006554e-04
7.224541623145341873e-04
7.221993873827159405e-04
7.219454273581504822e-04
7.216918165795505047e-04
7.214389625005424023e-04
7.211868069134652615e-04
7.209352916106581688e-04
7.206842419691383839e-04
7.204340072348713875e-04
7.201842963695526123e-04
7.199352839961647987e-04
7.196869119070470333e-04
7.194392383098602295e-04
7.191922632046043873e-04
7.189458701759576797e-04
7.187001756392419338e-04
7.184552378021180630e-04
7.182109984569251537e-04
7.179673993960022926e-04
7.177244988270103931e-04
7.174824713729321957e-04
7.172410259954631329e-04
7.170003955252468586e-04
7.167604053393006325e-04
7.165211718529462814e-04
7.162826368585228920e-04
7.160449167713522911e-04
7.158078369684517384e-04
7.155715720728039742e-04
7.153360638767480850e-04
7.151012541726231575e-04
7.148672011680901051e-04
7.146339630708098412e-04
7.144014234654605389e-04
7.141696405597031116e-04
7.139385561458766460e-04
7.137084612622857094e-04
7.134788902476429939e-04
7.132503087632358074e-04
7.130223093554377556e-04
7.127951830625534058e-04
7.125687552616000175e-04
7.123431423678994179e-04
7.121183443814516068e-04
7.118943030945956707e-04
7.116710767149925232e-04
7.114485488273203373e-04
7.112268358469009399e-04
7.110058795660734177e-04
7.107856799848377705e-04
7.105663535185158253e-04
7.103478419594466686e-04
7.101300288923084736e-04
7.099129725247621536e-04
7.096967310644686222e-04
7.094812463037669659e-04
7.092665764503180981e-04
7.090526050888001919e-04
7.088395068421959877e-04
7.086271652951836586e-04
7.084155804477632046e-04
7.082047522999346256e-04
7.079947390593588352e-04
