5.776640609838068485e-04
5.776622565463185310e-04
5.776602774858474731e-04
5.776584148406982422e-04
5.776564357802271843e-04
5.776546313427388668e-04
5.776528269052505493e-04
5.776509642601013184e-04
5.776491598226130009e-04
5.776472389698028564e-04
5.776453763246536255e-04
5.776435136795043945e-04
5.776415346190333366e-04
5.776397883892059326e-04
5.776378675363957882e-04
5.776360630989074707e-04
5.776341422460973263e-04
5.776323378086090088e-04
5.776304751634597778e-04
5.776285543106496334e-04
5.776266334578394890e-04
5.776247708126902580e-04
5.776229663752019405e-04
5.776211037300527096e-04
5.776192410849034786e-04
5.776173784397542477e-04
5.776155740022659302e-04
5.776137113571166992e-04
5.776117905043065548e-04
5.776099278591573238e-04
5.776080652140080929e-04
5.776062025688588619e-04
5.776042817160487175e-04
5.776024772785604000e-04
5.776006146334111691e-04
5.775988101959228516e-04
5.775968893431127071e-04
5.775950266979634762e-04
5.775932222604751587e-04
5.775913596153259277e-04
5.775894387625157833e-04
5.775875761173665524e-04
5.775857716798782349e-04
5.775839090347290039e-04
5.775820463895797729e-04
5.775801837444305420e-04
5.775783210992813110e-04
5.775764584541320801e-04
5.775746540166437626e-04
5.775727331638336182e-04
5.775708123110234737e-04
5.775690660811960697e-04
5.775670870207250118e-04
5.775652243755757809e-04
5.775633617304265499e-04
5.775614990852773190e-04
5.775596364401280880e-04
5.775577737949788570e-04
5.775559111498296261e-04
5.775540485046803951e-04
5.775521858595311642e-04
5.775503814220428467e-04
5.775485187768936157e-04
5.775465397164225578e-04
5.775447352789342403e-04
5.775430472567677498e-04
5.775410681962966919e-04
5.775391473434865475e-04
5.775373429059982300e-04
5.775354220531880856e-04
5.775336176156997681e-04
5.775316967628896236e-04
5.775298341177403927e-04
5.775281460955739021e-04
5.775262252427637577e-04
5.775243625976145267e-04
5.775224417448043823e-04
5.775206373073160648e-04
5.775187746621668339e-04
5.775169120170176029e-04
5.775149911642074585e-04
5.775132449343800545e-04
5.775113822892308235e-04
5.775095196440815926e-04
5.775076569989323616e-04
5.775057943537831306e-04
5.775038735009729862e-04
5.775020690634846687e-04
5.775002064183354378e-04
5.774982855655252934e-04
5.774965393356978893e-04
5.774945602752268314e-04
5.774927558377385139e-04
5.774908349849283695e-04
5.774889723397791386e-04
5.774871679022908211e-04
5.774853052571415901e-04
5.774834426119923592e-04
5.774815799668431282e-04
5.774797755293548107e-04
5.774779128842055798e-04
5.774760502390563488e-04
5.774741875939071178e-04
5.774723249487578869e-04
5.774705205112695694e-04
5.774685996584594250e-04
5.774667952209711075e-04
5.774649907834827900e-04
5.774630117230117321e-04
5.774612072855234146e-04
5.774594028480350971e-04
5.774575402028858662e-04
5.774555611424148083e-04
5.774537567049264908e-04
5.774519522674381733e-04
5.774499732069671154e-04
5.774481105618178844e-04
5.774462479166686535e-04
5.774443852715194225e-04
5.774425808340311050e-04
5.774407181888818741e-04
5.774388555437326431e-04
5.774370511062443256e-04
5.774351884610950947e-04
5.774333258159458637e-04
5.774314631707966328e-04
5.774296005256474018e-04
5.774277960881590843e-04
5.774258752353489399e-04
5.774240707978606224e-04
5.774222081527113914e-04
5.774204037152230740e-04
5.774185410700738430e-04
5.774166202172636986e-04
5.774148157797753811e-04
5.774128949269652367e-04
5.774110904894769192e-04
5.774092278443276882e-04
5.774074234068393707e-04
5.774055025540292263e-04
5.774036399088799953e-04
5.774017772637307644e-04
5.773999728262424469e-04
5.773981683887541294e-04
5.773962475359439850e-04
5.773944430984556675e-04
5.773925804533064365e-04
5.773907760158181190e-04
5.773888551630079746e-04
5.773869343101978302e-04
5.773851298727095127e-04
5.773832672275602818e-04
5.773814627900719643e-04
5.773795419372618198e-04
5.773777374997735023e-04
5.773758166469633579e-04
5.773739540018141270e-04
5.773721495643258095e-04
5.773703451268374920e-04
5.773684824816882610e-04
5.773665616288781166e-04
5.773647571913897991e-04
5.773628945462405682e-04
5.773610319010913372e-04
5.773592274636030197e-04
5.773574230261147022e-04
5.773555021733045578e-04
5.773536395281553268e-04
5.773517768830060959e-04
5.773499724455177784e-04
5.773481098003685474e-04
5.773463053628802299e-04
5.773444427177309990e-04
5.773425800725817680e-04
5.773407756350934505e-04
5.773389129899442196e-04
5.773370503447949886e-04
5.773351876996457577e-04
5.773333832621574402e-04
5.773314624093472958e-04
5.773296579718589783e-04
5.773277953267097473e-04
5.773259326815605164e-04
5.773240700364112854e-04
5.773222073912620544e-04
5.773204029537737370e-04
5.773185985162854195e-04
5.773166776634752750e-04
5.773148732259869576e-04
5.773129523731768131e-04
5.773111479356884956e-04
5.773092852905392647e-04
5.773074808530509472e-04
5.773055600002408028e-04
5.773036391474306583e-04
5.773018929176032543e-04
5.773000302724540234e-04
5.772982840426266193e-04
5.772963631898164749e-04
5.772945587523281574e-04
5.772926378995180130e-04
5.772907752543687820e-04
5.772889708168804646e-04
5.772871663793921471e-04
5.772853037342429161e-04
5.772834410890936852e-04
5.772815784439444542e-04
5.772796575911343098e-04
5.772777949459850788e-04
5.772760487161576748e-04
5.772742442786693573e-04
5.772723234258592129e-04
5.772704025730490685e-04
5.772685981355607510e-04
5.772667354904115200e-04
5.772649310529232025e-04
5.772631266154348850e-04
5.772612057626247406e-04
5.772594013251364231e-04
5.772574804723262787e-04
5.772556760348379612e-04
5.772537551820278168e-04
5.772520671598613262e-04
5.772502045147120953e-04
5.772482836619019508e-04
5.772464210167527199e-04
5.772446747869253159e-04
5.772428121417760849e-04
5.772410077042877674e-04
5.772390868514776230e-04
5.772373406216502190e-04
5.772354779765009880e-04
5.772334989160299301e-04
5.772316944785416126e-04
5.772299482487142086e-04
5.772281438112258911e-04
5.772261065430939198e-04
5.772243603132665157e-04
5.772224976681172848e-04
5.772206350229680538e-04
5.772188305854797363e-04
5.772169679403305054e-04
5.772151052951812744e-04
5.772131844423711300e-04
5.772113800048828125e-04
5.772095173597335815e-04
5.772077129222452641e-04
5.772059084847569466e-04
5.772041040472686291e-04
5.772021831944584846e-04
5.772003205493092537e-04
5.771985743194818497e-04
5.771967116743326187e-04
5.771947908215224743e-04
5.771929863840341568e-04
5.771911819465458393e-04
5.771892610937356949e-04
5.771873984485864639e-04
5.771855358034372330e-04
5.771837895736098289e-04
5.771819269284605980e-04
5.771800642833113670e-04
5.771782598458230495e-04
5.771763972006738186e-04
5.771745927631855011e-04
5.771727301180362701e-04
5.771708092652261257e-04
5.771690630353987217e-04
5.771672003902494907e-04
5.771653377451002598e-04
5.771635333076119423e-04
5.771616706624627113e-04
5.771597498096525669e-04
5.771579453721642494e-04
5.771561409346759319e-04
5.771542782895267010e-04
5.771524156443774700e-04
5.771505529992282391e-04
5.771487485617399216e-04
5.771468859165906906e-04
5.771450232714414597e-04
5.771432770416140556e-04
5.771413561888039112e-04
5.771394935436546803e-04
5.771377473138272762e-04
5.771358846686780453e-04
5.771340802311897278e-04
5.771321593783795834e-04
5.771303549408912659e-04
5.771285505034029484e-04
5.771266296505928040e-04
5.771248834207653999e-04
5.771230789832770824e-04
5.771211581304669380e-04
5.771193536929786205e-04
5.771174328401684761e-04
5.771156284026801586e-04
5.771137075498700142e-04
5.771119613200426102e-04
5.771101568825542927e-04
5.771083524450659752e-04
5.771064315922558308e-04
5.771046271547675133e-04
5.771028227172791958e-04
5.771009600721299648e-04
5.770990392193198204e-04
5.770972347818315029e-04
5.770953139290213585e-04
5.770935676991939545e-04
5.770917632617056370e-04
5.770898424088954926e-04
5.770880379714071751e-04
5.770861753262579441e-04
5.770843126811087132e-04
5.770825664512813091e-04
5.770807620137929916e-04
5.770788411609828472e-04
5.770770367234945297e-04
5.770751740783452988e-04
5.770733114331960678e-04
5.770714487880468369e-04
5.770696443505585194e-04
5.770678399130702019e-04
5.770659190602600574e-04
5.770641146227717400e-04
5.770623683929443359e-04
5.770605639554560184e-04
5.770585848949849606e-04
5.770567222498357296e-04
5.770549178123474121e-04
5.770531715825200081e-04
5.770512507297098637e-04
5.770494462922215462e-04
5.770476418547332287e-04
5.770456627942621708e-04
5.770438583567738533e-04
5.770421703346073627e-04
5.770403076894581318e-04
5.770384450443089008e-04
5.770365241914987564e-04
5.770347197540104389e-04
5.770329153165221214e-04
5.770311108790338039e-04
5.770292482338845730e-04
5.770273855887353420e-04
5.770255811512470245e-04
5.770237185060977936e-04
5.770218558609485626e-04
5.770200514234602451e-04
5.770181887783110142e-04
5.770163843408226967e-04
5.770145799033343792e-04
5.770127754658460617e-04
5.770108546130359173e-04
5.770091083832085133e-04
5.770072457380592823e-04
5.770053830929100513e-04
5.770035204477608204e-04
5.770017742179334164e-04
5.769998533651232719e-04
5.769981071352958679e-04
5.769963026978075504e-04
5.769944400526583195e-04
5.769926356151700020e-04
5.769907729700207710e-04
5.769889103248715401e-04
5.769871640950441360e-04
5.769853014498949051e-04
5.769833805970847607e-04
5.769815179519355297e-04
5.769797135144472122e-04
5.769779090769588947e-04
5.769761046394705772e-04
5.769742419943213463e-04
5.769723211415112019e-04
5.769704584963619709e-04
5.769687122665345669e-04
5.769669078290462494e-04
5.769651033915579319e-04
5.769632407464087009e-04
5.769613781012594700e-04
5.769595154561102390e-04
5.769577110186219215e-04
5.769558483734726906e-04
5.769540439359843731e-04
5.769522394984960556e-04
5.769503768533468246e-04
5.769486306235194206e-04
5.769467679783701897e-04
5.769449635408818722e-04
5.769430426880717278e-04
5.769412382505834103e-04
5.769394338130950928e-04
5.769376293756067753e-04
5.769357085227966309e-04
5.769339040853083134e-04
5.769321578554809093e-04
5.769303534179925919e-04
5.769284907728433609e-04
5.769265117123723030e-04
5.769248236902058125e-04
5.769229610450565815e-04
5.769210983999073505e-04
5.769192939624190331e-04
5.769174313172698021e-04
5.769156268797814846e-04
5.769137642346322536e-04
5.769120762124657631e-04
5.769101553596556187e-04
5.769083509221673012e-04
5.769064882770180702e-04
5.769046838395297527e-04
5.769028794020414352e-04
5.769008421339094639e-04
5.768990959040820599e-04
5.768972914665937424e-04
5.768954870291054249e-04
5.768935661762952805e-04
5.768917617388069630e-04
5.768900155089795589e-04
5.768881528638303280e-04
5.768863484263420105e-04
5.768845439888536930e-04
5.768826813437044621e-04
5.768808186985552311e-04
5.768790142610669136e-04
5.768772098235785961e-04
5.768754053860902786e-04
5.768734845332801342e-04
5.768717965111136436e-04
5.768699338659644127e-04
5.768680712208151817e-04
5.768661503680050373e-04
5.768643459305167198e-04
5.768625997006893158e-04
5.768607370555400848e-04
5.768588744103908539e-04
5.768570699729025364e-04
5.768552073277533054e-04
5.768534028902649879e-04
5.768514820374548435e-04
5.768496775999665260e-04
5.768479895778000355e-04
5.768461269326508045e-04
5.768443224951624870e-04
5.768425180576741695e-04
5.768406554125249386e-04
5.768388509750366211e-04
5.768369883298873901e-04
5.768351838923990726e-04
5.768333212472498417e-04
5.768315168097615242e-04
5.768295959569513798e-04
5.768278497271239758e-04
5.768260452896356583e-04
5.768241826444864273e-04
5.768223199993371964e-04
5.768205737695097923e-04
5.768188275396823883e-04
5.768169066868722439e-04
5.768151022493839264e-04
5.768131813965737820e-04
5.768114351667463779e-04
5.768095725215971470e-04
5.768077680841088295e-04
5.768059054389595985e-04
5.768041010014712811e-04
5.768022965639829636e-04
5.768003757111728191e-04
5.767985712736845016e-04
5.767967668361961842e-04
5.767949041910469532e-04
5.767930415458977222e-04
5.767913535237312317e-04
5.767894908785820007e-04
5.767877446487545967e-04
5.767858820036053658e-04
5.767840193584561348e-04
5.767822149209678173e-04
5.767803522758185863e-04
5.767786060459911823e-04
5.767767434008419514e-04
5.767749389633536339e-04
5.767730181105434895e-04
5.767712718807160854e-04
5.767694674432277679e-04
5.767676630057394505e-04
5.767658585682511330e-04
5.767640541307628155e-04
5.767621332779526711e-04
5.767603288404643536e-04
5.767584661953151226e-04
5.767567199654877186e-04
5.767548573203384876e-04
5.767529946751892567e-04
5.767511902377009392e-04
5.767493858002126217e-04
5.767475813627243042e-04
5.767457187175750732e-04
5.767439142800867558e-04
