3.810868365690112114e-04
3.810848866123706102e-04
3.810828784480690956e-04
3.810809575952589512e-04
3.810790076386183500e-04
3.810769703704863787e-04
3.810751077253371477e-04
3.810731286648660898e-04
3.810712369158864021e-04
3.810692869592458010e-04
3.810673370026051998e-04
3.810653579421341419e-04
3.810634079854935408e-04
3.810614580288529396e-04
3.810594789683818817e-04
3.810575290117412806e-04
3.810556372627615929e-04
3.810535708907991648e-04
3.810516791418194771e-04
3.810497873928397894e-04
3.810477792285382748e-04
3.810458292718976736e-04
3.810438502114266157e-04
3.810419584624469280e-04
3.810400085058063269e-04
3.810380585491657257e-04
3.810360503848642111e-04
3.810341004282236099e-04
3.810321213677525520e-04
3.810302296187728643e-04
3.810282796621322632e-04
3.810263297054916620e-04
3.810243506450206041e-04
3.810224588960409164e-04
3.810204507317394018e-04
3.810185298789292574e-04
3.810165799222886562e-04
3.810146008618175983e-04
3.810126509051769972e-04
3.810106718447059393e-04
3.810087509918957949e-04
3.810068010352551937e-04
3.810049092862755060e-04
3.810029011219739914e-04
3.810010093729943037e-04
3.809990303125232458e-04
3.809970512520521879e-04
3.809951012954115868e-04
3.809932095464318991e-04
3.809912595897912979e-04
3.809893096331506968e-04
3.809873887803405523e-04
3.809854388236999512e-04
3.809834888670593500e-04
3.809814807027578354e-04
3.809795598499476910e-04
3.809775807894766331e-04
3.809756308328360319e-04
3.809736517723649740e-04
3.809717600233852863e-04
3.809697518590837717e-04
3.809678892139345407e-04
3.809659101534634829e-04
3.809639601968228817e-04
3.809620393440127373e-04
3.809600311797112226e-04
3.809580812230706215e-04
3.809561603702604771e-04
3.809541813097894192e-04
3.809523186646401882e-04
3.809503396041691303e-04
3.809483896475285292e-04
3.809464396908879280e-04
3.809444897342473269e-04
3.809425688814371824e-04
3.809406189247965813e-04
3.809386398643255234e-04
3.809367190115153790e-04
3.809347690548747778e-04
3.809328190982341766e-04
3.809308982454240322e-04
3.809289482887834311e-04
3.809269983321428299e-04
3.809250774793326855e-04
3.809230984188616276e-04
3.809211484622210264e-04
3.809191985055804253e-04
3.809172485489398241e-04
3.809152985922992229e-04
3.809134068433195353e-04
3.809114568866789341e-04
3.809094778262078762e-04
3.809074987657368183e-04
3.809056070167571306e-04
3.809036861639469862e-04
3.809017071034759283e-04
3.808997571468353271e-04
3.808978653978556395e-04
3.808958863373845816e-04
3.808939654845744371e-04
3.808920155279338360e-04
3.808900364674627781e-04
3.808881156146526337e-04
3.808862238656729460e-04
3.808842157013714314e-04
3.808822657447308302e-04
3.808803739957511425e-04
3.808784240391105413e-04
3.808764449786394835e-04
3.808744950219988823e-04
3.808725450653582811e-04
3.808705951087176800e-04
3.808687033597379923e-04
3.808667242992669344e-04
3.808647743426263332e-04
3.808627952821552753e-04
3.808609035331755877e-04
3.808589244727045298e-04
3.808569454122334719e-04
3.808550827670842409e-04
3.808531328104436398e-04
3.808511828538030386e-04
3.808492328971624374e-04
3.808473120443522930e-04
3.808454202953726053e-04
3.808434121310710907e-04
3.808414912782609463e-04
3.808395413216203451e-04
3.808375913649797440e-04
3.808356414083391428e-04
3.808337205555289984e-04
3.808317705988883972e-04
3.808298497460782528e-04
3.808278997894376516e-04
3.808259789366275072e-04
3.808240289799869061e-04
3.808220790233463049e-04
3.808201872743666172e-04
3.808182082138955593e-04
3.808162582572549582e-04
3.808143374044448137e-04
3.808124165516346693e-04
3.808104374911636114e-04
3.808085166383534670e-04
3.808065957855433226e-04
3.808045876212418079e-04
3.808026667684316635e-04
3.808006877079606056e-04
3.807987668551504612e-04
3.807968460023403168e-04
3.807948669418692589e-04
3.807929169852286577e-04
3.807909961324185133e-04
3.807890461757779121e-04
3.807870671153068542e-04
3.807851462624967098e-04
3.807832254096865654e-04
3.807813045568764210e-04
3.807794128078967333e-04
3.807774628512561321e-04
3.807755419984459877e-04
3.807735920418053865e-04
3.807716711889952421e-04
3.807697212323546410e-04
3.807677130680531263e-04
3.807658504229038954e-04
3.807639004662632942e-04
3.807619505096226931e-04
3.807600296568125486e-04
3.807580797001719475e-04
3.807561297435313463e-04
3.807542088907212019e-04
3.807522880379110575e-04
3.807503380812704563e-04
3.807483590207993984e-04
3.807464672718197107e-04
3.807445464190095663e-04
3.807425964623689651e-04
3.807406174018979073e-04
3.807386965490877628e-04
3.807367756962776184e-04
3.807348257396370173e-04
3.807329048868268728e-04
3.807309549301862717e-04
3.807290340773761272e-04
3.807271132245659828e-04
3.807251341640949249e-04
3.807232133112847805e-04
3.807212633546441793e-04
3.807193133980035782e-04
3.807173634413629770e-04
3.807155007962137461e-04
3.807135217357426882e-04
3.807116299867630005e-04
3.807097382377833128e-04
3.807077300734817982e-04
3.807057801168411970e-04
3.807039465755224228e-04
3.807019675150513649e-04
3.807000175584107637e-04
3.806980676017701626e-04
3.806961176451295614e-04
3.806941967923194170e-04
3.806922468356788158e-04
3.806903550866991282e-04
3.806884051300585270e-04
3.806864551734179258e-04
3.806845343206077814e-04
3.806825552601367235e-04
3.806806635111570358e-04
3.806787135545164347e-04
3.806767927017062902e-04
3.806748427450656891e-04
3.806729218922555447e-04
3.806709428317844868e-04
3.806690219789743423e-04
3.806671884376555681e-04
3.806651802733540535e-04
3.806632303167134523e-04
3.806613094639033079e-04
3.806593595072627068e-04
3.806574386544525623e-04
3.806555178016424179e-04
3.806535678450018167e-04
3.806516760960221291e-04
3.806497552432119846e-04
3.806478052865713835e-04
3.806458553299307823e-04
3.806439344771206379e-04
3.806419845204800367e-04
3.806400636676698923e-04
3.806381719186902046e-04
3.806361637543886900e-04
3.806342720054090023e-04
3.806322929449379444e-04
3.806304011959582567e-04
3.806284803431481123e-04
3.806265303865075111e-04
3.806246386375278234e-04
3.806227177847176790e-04
3.806207678280770779e-04
3.806188178714364767e-04
3.806168388109654188e-04
3.806149179581552744e-04
3.806130553130060434e-04
3.806111344601958990e-04
3.806091262958943844e-04
3.806072636507451534e-04
3.806052554864436388e-04
3.806033055298030376e-04
3.806014428846538067e-04
3.805995511356741190e-04
3.805974847637116909e-04
3.805956512223929167e-04
3.805937303695827723e-04
3.805917804129421711e-04
3.805898304563015699e-04
3.805879387073218822e-04
3.805860178545117378e-04
3.805840387940406799e-04
3.805821470450609922e-04
3.805801970884203911e-04
3.805783053394407034e-04
3.805763553828001022e-04
3.805744054261595011e-04
3.805724554695188999e-04
3.805705637205392122e-04
3.805686137638986111e-04
3.805666929110884666e-04
3.805647720582783222e-04
3.805628803092986345e-04
3.805609012488275766e-04
3.805590094998478889e-04
3.805570886470377445e-04
3.805551095865666866e-04
3.805531596299260855e-04
3.805512387771159410e-04
3.805493761319667101e-04
3.805474552791565657e-04
3.805454762186855078e-04
3.805436135735362768e-04
3.805416345130652189e-04
3.805397136602550745e-04
3.805377345997840166e-04
3.805358428508043289e-04
3.805339219979941845e-04
3.805319720413535833e-04
3.805300511885434389e-04
3.805281303357332945e-04
3.805262676905840635e-04
3.805242886301130056e-04
3.805223386734724045e-04
3.805204178206622601e-04
3.805184969678521156e-04
3.805166343227028847e-04
3.805146261584013700e-04
3.805127053055912256e-04
3.805108135566115379e-04
3.805088635999709368e-04
3.805069427471607924e-04
3.805050509981811047e-04
3.805031592492014170e-04
3.805011510848999023e-04
3.804992302320897579e-04
3.804973093792796135e-04
3.804953594226390123e-04
3.804934385698288679e-04
3.804914886131882668e-04
3.804896259680390358e-04
3.804876760113984346e-04
3.804857842624187469e-04
3.804838634096086025e-04
3.804819134529680014e-04
3.804799926001578569e-04
3.804781008511781693e-04
3.804761508945375681e-04
3.804742300417274237e-04
3.804723382927477360e-04
3.804703883361071348e-04
3.804684092756360769e-04
3.804665466304868460e-04
3.804645966738462448e-04
3.804626467172056437e-04
3.804607549682259560e-04
3.804588923230767250e-04
3.804569132626056671e-04
3.804550215136259794e-04
3.804530715569853783e-04
3.804511216003447771e-04
3.804492007475346327e-04
3.804472798947244883e-04
3.804453299380838871e-04
3.804434672929346561e-04
3.804414882324635983e-04
3.804395964834839106e-04
3.804376465268433094e-04
3.804357838816940784e-04
3.804338339250534773e-04
3.804319130722433329e-04
3.804300213232636452e-04
3.804280713666230440e-04
3.804261796176433563e-04
3.804242005571722984e-04
3.804222506005316973e-04
3.804203879553824663e-04
3.804184962064027786e-04
3.804165462497621775e-04
3.804145671892911196e-04
3.804127045441418886e-04
3.804107836913317442e-04
3.804088046308606863e-04
3.804069128818809986e-04
3.804049920290708542e-04
3.804031002800911665e-04
3.804010921157896519e-04
3.803992294706404209e-04
3.803973086178302765e-04
3.803954168688505888e-04
3.803934669122099876e-04
3.803916042670607567e-04
3.803895961027592421e-04
3.803877043537795544e-04
3.803858417086303234e-04
3.803838626481592655e-04
3.803819708991795778e-04
3.803800500463694334e-04
3.803781291935592890e-04
3.803761792369186878e-04
3.803742874879390001e-04
3.803723666351288557e-04
3.803704166784882545e-04
3.803685249295085669e-04
3.803666040766984224e-04
3.803646541200578213e-04
3.803627623710781336e-04
3.803608415182679892e-04
3.803589206654578447e-04
3.803569998126477003e-04
3.803551662713289261e-04
3.803532163146883249e-04
3.803512663580477238e-04
3.803493746090680361e-04
3.803474246524274349e-04
3.803454746957868338e-04
3.803435247391462326e-04
3.803416329901665449e-04
3.803397121373564005e-04
3.803378203883767128e-04
3.803358704317361116e-04
3.803340077865868807e-04
3.803320869337767363e-04
3.803301951847970486e-04
3.803282743319869041e-04
3.803262952715158463e-04
3.803243744187057018e-04
3.803224826697260141e-04
3.803205618169158697e-04
3.803186118602752686e-04
3.803167783189564943e-04
3.803147992584854364e-04
3.803128784056752920e-04
3.803109575528651476e-04
3.803090658038854599e-04
3.803071740549057722e-04
3.803052532020956278e-04
3.803033032454550266e-04
3.803013823926448822e-04
3.802994615398347378e-04
3.802975697908550501e-04
3.802956489380449057e-04
3.802937571890652180e-04
3.802918363362550735e-04
3.802899445872753859e-04
3.802879946306347847e-04
3.802861319854855537e-04
3.802841820288449526e-04
3.802822611760348082e-04
3.802803112193942070e-04
3.802784485742449760e-04
3.802764986176043749e-04
3.802745777647942305e-04
3.802725696004927158e-04
3.802706778515130281e-04
3.802688443101942539e-04
3.802668943535536528e-04
3.802650026045739651e-04
3.802630526479333639e-04
3.802611900027841330e-04
3.802592400461435318e-04
3.802573774009943008e-04
3.802554274443536997e-04
3.802534774877130985e-04
3.802515857387334108e-04
3.802496939897537231e-04
3.802477440331131220e-04
3.802458813879638910e-04
3.802439314313232899e-04
3.802420105785131454e-04
3.802400897257030010e-04
3.802381688728928566e-04
3.802362480200827122e-04
3.802343271672725677e-04
3.802324354182928801e-04
3.802304854616522789e-04
3.802286228165030479e-04
3.802267019636929035e-04
3.802247811108827591e-04
3.802228602580726147e-04
3.802209394052624702e-04
3.802190767601132393e-04
3.802171850111335516e-04
3.802152641583234072e-04
3.802133142016828060e-04
3.802113933488726616e-04
3.802094724960625172e-04
3.802075516432523727e-04
3.802055725827813148e-04
3.802037099376320839e-04
3.802017599809914827e-04
3.801999264396727085e-04
3.801980055868625641e-04
3.801961138378828764e-04
3.801941929850727320e-04
3.801922430284321308e-04
3.801903803832828999e-04
3.801884886343032122e-04
3.801865677814930677e-04
3.801846469286829233e-04
3.801826678682118654e-04
3.801807761192321777e-04
3.801788843702524900e-04
3.801769635174423456e-04
3.801751008722931147e-04
3.801731800194829702e-04
3.801712882705032825e-04
3.801693383138626814e-04
3.801673883572220802e-04
3.801655257120728493e-04
3.801636339630931616e-04
3.801617131102830172e-04
3.801597922574728727e-04
3.801578714046627283e-04
3.801559796556830406e-04
3.801541170105338097e-04
3.801521379500627518e-04
3.801502170972526073e-04
3.801483253482729197e-04
3.801464044954627752e-04
3.801445127464830875e-04
3.801425918936729431e-04
3.801406710408627987e-04
3.801388083957135677e-04
3.801368875429034233e-04
3.801349666900932789e-04
3.801330167334526777e-04
3.801311540883034468e-04
3.801292914431542158e-04
3.801273705903440714e-04
3.801254206337034702e-04
3.801234706770628691e-04
