1.074410043656826019e-03
1.074408181011676788e-03
1.074406201951205730e-03
1.074404106475412846e-03
1.074402243830263615e-03
1.074400148354470730e-03
1.074398169293999672e-03
1.074396073818206787e-03
1.074394211173057556e-03
1.074391999281942844e-03
1.074390136636793613e-03
1.074388041161000729e-03
1.074385945685207844e-03
1.074383966624736786e-03
1.074381987564265728e-03
1.074380124919116497e-03
1.074377913028001785e-03
1.074376050382852554e-03
1.074373954907059669e-03
1.074371975846588612e-03
1.074369763955473900e-03
1.074367901310324669e-03
1.074365922249853611e-03
1.074363826774060726e-03
1.074361847713589668e-03
1.074359868653118610e-03
1.074357773177325726e-03
1.074355794116854668e-03
1.074353698641061783e-03
1.074351835995912552e-03
1.074349740520119667e-03
1.074347645044326782e-03
1.074345549568533897e-03
1.074343570508062840e-03
1.074341591447591782e-03
1.074339728802442551e-03
1.074337633326649666e-03
1.074335537850856781e-03
1.074333558790385723e-03
1.074331463314592838e-03
1.074329717084765434e-03
1.074327621608972549e-03
1.074325409717857838e-03
1.074323314242064953e-03
1.074321335181593895e-03
1.074319239705801010e-03
1.074317493475973606e-03
1.074315398000180721e-03
1.074313302524387836e-03
1.074311207048594952e-03
1.074309344403445721e-03
1.074307481758296490e-03
1.074305153451859951e-03
1.074303290806710720e-03
1.074301195330917835e-03
1.074299099855124950e-03
1.074297120794653893e-03
1.074295141734182835e-03
1.074293162673711777e-03
1.074291183613240719e-03
1.074289204552769661e-03
1.074286992661654949e-03
1.074285013601183891e-03
1.074283150956034660e-03
1.074281055480241776e-03
1.074279076419770718e-03
1.074276980943977833e-03
1.074275001883506775e-03
1.074272789992392063e-03
1.074270927347242832e-03
1.074268948286771774e-03
1.074266969226300716e-03
1.074264757335186005e-03
1.074262778274714947e-03
1.074260915629565716e-03
1.074258936569094658e-03
1.074256841093301773e-03
1.074254745617508888e-03
1.074252650141716003e-03
1.074250671081244946e-03
1.074248575605452061e-03
1.074246596544981003e-03
1.074244733899831772e-03
1.074242638424038887e-03
1.074240542948246002e-03
1.074238563887774944e-03
1.074236584827303886e-03
1.074234489351511002e-03
1.074232510291039944e-03
1.074230531230568886e-03
1.074228435754776001e-03
1.074226340278983116e-03
1.074224361218512058e-03
1.074222382158041000e-03
1.074220286682248116e-03
1.074218191206455231e-03
1.074216212145984173e-03
1.074214116670191288e-03
1.074212021194398403e-03
1.074210158549249172e-03
1.074208179488778114e-03
1.074206200428307056e-03
1.074203988537192345e-03
1.074202009476721287e-03
1.074200030416250229e-03
1.074198051355779171e-03
1.074196072295308113e-03
1.074193976819515228e-03
1.074191997759044170e-03
1.074190018698573112e-03
1.074188039638102055e-03
1.074185944162309170e-03
1.074183848686516285e-03
1.074181753210723400e-03
1.074179774150252342e-03
1.074177795089781284e-03
1.074175816029310226e-03
1.074173720553517342e-03
1.074171625077724457e-03
1.074169762432575226e-03
1.074167550541460514e-03
1.074165687896311283e-03
1.074163476005196571e-03
1.074161380529403687e-03
1.074159401468932629e-03
1.074157422408461571e-03
1.074155559763312340e-03
1.074153464287519455e-03
1.074151368811726570e-03
1.074149273335933685e-03
1.074147294275462627e-03
1.074145431630313396e-03
1.074143219739198685e-03
1.074141124263405800e-03
1.074139261618256569e-03
1.074137166142463684e-03
1.074135187081992626e-03
1.074133208021521568e-03
1.074131112545728683e-03
1.074129133485257626e-03
1.074127038009464741e-03
1.074125058948993683e-03
1.074122963473200798e-03
1.074120984412729740e-03
1.074118888936936855e-03
1.074116793461143970e-03
1.074114814400672913e-03
1.074112835340201855e-03
1.074110739864408970e-03
1.074108877219259739e-03
1.074106781743466854e-03
1.074104686267673969e-03
1.074102823622524738e-03
1.074100728146731853e-03
1.074098632670938969e-03
1.074096537195146084e-03
1.074094558134675026e-03
1.074092579074203968e-03
1.074090483598411083e-03
1.074088504537940025e-03
1.074086409062147141e-03
1.074084430001676083e-03
1.074082334525883198e-03
1.074080355465412140e-03
1.074078376404941082e-03
1.074076280929148197e-03
1.074074301868677139e-03
1.074072322808206081e-03
1.074070227332413197e-03
1.074068131856620312e-03
1.074066152796149254e-03
1.074064057320356369e-03
1.074062078259885311e-03
1.074060099199414253e-03
1.074058003723621368e-03
1.074055908247828484e-03
1.074053929187357426e-03
1.074051717296242714e-03
1.074050087481737137e-03
1.074047992005944252e-03
1.074045663699507713e-03
1.074043801054358482e-03
1.074041705578565598e-03
1.074039842933416367e-03
1.074037747457623482e-03
1.074035651981830597e-03
1.074033556506037712e-03
1.074031577445566654e-03
1.074029598385095596e-03
1.074027386493980885e-03
1.074025407433509827e-03
1.074023311957716942e-03
1.074021216481924057e-03
1.074019121006131172e-03
1.074017258360981941e-03
1.074015279300510883e-03
1.074013183824717999e-03
1.074011204764246941e-03
1.074009109288454056e-03
1.074007013812661171e-03
1.074005034752190113e-03
1.074002939276397228e-03
1.074001076631247997e-03
1.073998981155455112e-03
1.073996769264340401e-03
1.073994790203869343e-03
1.073992811143398285e-03
1.073990832082927227e-03
1.073988853022456169e-03
1.073986524716019630e-03
1.073984662070870399e-03
1.073982566595077515e-03
1.073980471119284630e-03
1.073978375643491745e-03
1.073976396583020687e-03
1.073974417522549629e-03
1.073972322046756744e-03
1.073970110155642033e-03
1.073968247510492802e-03
1.073966268450021744e-03
1.073964172974228859e-03
1.073962077498435974e-03
1.073960098437964916e-03
1.073958119377493858e-03
1.073956140317022800e-03
1.073954161256551743e-03
1.073951949365437031e-03
1.073949853889644146e-03
1.073947758413851261e-03
1.073945662938058376e-03
1.073943683877587318e-03
1.073941704817116261e-03
1.073939842171967030e-03
1.073937746696174145e-03
1.073935651220381260e-03
1.073933555744588375e-03
1.073931576684117317e-03
1.073929481208324432e-03
1.073927502147853374e-03
1.073925406672060490e-03
1.073923427611589432e-03
1.073921564966440201e-03
1.073919353075325489e-03
1.073917257599532604e-03
1.073915278539061546e-03
1.073913183063268661e-03
1.073911087587475777e-03
1.073909108527004719e-03
1.073907129466533661e-03
1.073905033990740776e-03
1.073902938514947891e-03
1.073900843039155006e-03
1.073898747563362122e-03
1.073896768502891064e-03
1.073894673027098179e-03
1.073892577551305294e-03
1.073890714906156063e-03
1.073888619430363178e-03
1.073886523954570293e-03
1.073884544894099236e-03
1.073882449418306351e-03
1.073880353942513466e-03
1.073878374882042408e-03
1.073876279406249523e-03
1.073874300345778465e-03
1.073872204869985580e-03
1.073870109394192696e-03
1.073868130333721638e-03
1.073866034857928753e-03
1.073864055797457695e-03
1.073861843906342983e-03
1.073859864845871925e-03
1.073857885785400867e-03
1.073855906724929810e-03
1.073853694833815098e-03
1.073851715773344040e-03
1.073849620297551155e-03
1.073847524821758270e-03
1.073845545761287212e-03
1.073843450285494328e-03
1.073841471225023270e-03
1.073839492164552212e-03
1.073837513104081154e-03
1.073835301212966442e-03
1.073833205737173557e-03
1.073831226676702499e-03
1.073829247616231441e-03
1.073827152140438557e-03
1.073825056664645672e-03
1.073822961188852787e-03
1.073820982128381729e-03
1.073819003067910671e-03
1.073816907592117786e-03
1.073814812116324902e-03
1.073812716640532017e-03
1.073810621164739132e-03
1.073808525688946247e-03
1.073806663043797016e-03
1.073804451152682304e-03
1.073802472092211246e-03
1.073800493031740189e-03
1.073798397555947304e-03
1.073796418495476246e-03
1.073794323019683361e-03
1.073792227543890476e-03
1.073790248483419418e-03
1.073788036592304707e-03
1.073786173947155476e-03
1.073784078471362591e-03
1.073781866580247879e-03
1.073779887519776821e-03
1.073777792043983936e-03
1.073775812983512878e-03
1.073773717507719994e-03
1.073771622031927109e-03
1.073769526556134224e-03
1.073767663910984993e-03
1.073765452019870281e-03
1.073763356544077396e-03
1.073761493898928165e-03
1.073759398423135281e-03
1.073757186532020569e-03
1.073755207471549511e-03
1.073753228411078453e-03
1.073751249350607395e-03
1.073748921044170856e-03
1.073746941983699799e-03
1.073744962923228741e-03
1.073742867447435856e-03
1.073740888386964798e-03
1.073738676495850086e-03
1.073736697435379028e-03
1.073734718374907970e-03
1.073732622899115086e-03
1.073730411008000374e-03
1.073728315532207489e-03
1.073726452887058258e-03
1.073724240995943546e-03
1.073722029104828835e-03
1.073720166459679604e-03
1.073718070983886719e-03
1.073715975508093834e-03
1.073713880032300949e-03
1.073712017387151718e-03
1.073709921911358833e-03
1.073707826435565948e-03
1.073705730959773064e-03
1.073703519068658352e-03
1.073701540008187294e-03
1.073699560947716236e-03
1.073697581887245178e-03
1.073695602826774120e-03
1.073693507350981236e-03
1.073691411875188351e-03
1.073689316399395466e-03
1.073687220923602581e-03
1.073685125447809696e-03
1.073683146387338638e-03
1.073680934496223927e-03
1.073678955435752869e-03
1.073676859959959984e-03
1.073674764484167099e-03
1.073672669008374214e-03
1.073670689947903156e-03
1.073668594472110271e-03
1.073666615411639214e-03
1.073664403520524502e-03
1.073662424460053444e-03
1.073660328984260559e-03
1.073658349923789501e-03
1.073656138032674789e-03
1.073654158972203732e-03
1.073652063496410847e-03
1.073650084435939789e-03
1.073647872544825077e-03
1.073645893484354019e-03
1.073643681593239307e-03
1.073641818948090076e-03
1.073639723472297192e-03
1.073637627996504307e-03
1.073635532520711422e-03
1.073633437044918537e-03
1.073631341569125652e-03
1.073629246093332767e-03
1.073627267032861710e-03
1.073625171557068825e-03
1.073623076081275940e-03
1.073621097020804882e-03
1.073618885129690170e-03
1.073616906069219112e-03
1.073614810593426228e-03
1.073612831532955170e-03
1.073610736057162285e-03
1.073608640581369400e-03
1.073606545105576515e-03
1.073604449629783630e-03
1.073602470569312572e-03
1.073600375093519688e-03
1.073598279617726803e-03
1.073596184141933918e-03
1.073594088666141033e-03
1.073592109605669975e-03
1.073590014129877090e-03
1.073587918654084206e-03
1.073585939593613148e-03
1.073583844117820263e-03
1.073581748642027378e-03
1.073579536750912666e-03
1.073577441275119781e-03
1.073575345799326897e-03
1.073573250323534012e-03
1.073571387678384781e-03
1.073569175787270069e-03
1.073567196726799011e-03
1.073565217666327953e-03
1.073562889359891415e-03
1.073560910299420357e-03
1.073558931238949299e-03
1.073556835763156414e-03
1.073554856702685356e-03
1.073552644811570644e-03
1.073550549335777760e-03
1.073548453859984875e-03
1.073546358384191990e-03
1.073544262908399105e-03
1.073542283847928047e-03
1.073540188372135162e-03
1.073538092896342278e-03
1.073536113835871220e-03
1.073534018360078335e-03
1.073531806468963623e-03
1.073529827408492565e-03
1.073527615517377853e-03
1.073525636456906796e-03
1.073523424565792084e-03
1.073521329089999199e-03
1.073519350029528141e-03
1.073517254553735256e-03
1.073515159077942371e-03
1.073513063602149487e-03
1.073511084541678429e-03
1.073508872650563717e-03
1.073506777174770832e-03
1.073504681698977947e-03
1.073502702638506889e-03
1.073500490747392178e-03
1.073498511686921120e-03
1.073496416211128235e-03
1.073494320735335350e-03
1.073492225259542465e-03
1.073490246199071407e-03
1.073488150723278522e-03
1.073485938832163811e-03
1.073483843356370926e-03
1.073481631465256214e-03
1.073479652404785156e-03
1.073477556928992271e-03
1.073475461453199387e-03
1.073473598808050156e-03
1.073471503332257271e-03
1.073469407856464386e-03
1.073467312380671501e-03
1.073465100489556789e-03
1.073463121429085732e-03
1.073460909537971020e-03
1.073458930477499962e-03
1.073456718586385250e-03
1.073454623110592365e-03
1.073452527634799480e-03
1.073450548574328423e-03
1.073448336683213711e-03
1.073446357622742653e-03
1.073444145731627941e-03
1.073442283086478710e-03
1.073440187610685825e-03
1.073437859304249287e-03
1.073435763828456402e-03
1.073433784767985344e-03
1.073431805707514286e-03
1.073429710231721401e-03
1.073427614755928516e-03
1.073425286449491978e-03
1.073423423804342747e-03
1.073421328328549862e-03
1.073419232852756977e-03
1.073417137376964092e-03
1.073415041901171207e-03
1.073412946425378323e-03
1.073410850949585438e-03
1.073408755473792553e-03
1.073406776413321495e-03
1.073404448106884956e-03
1.073402352631092072e-03
1.073400373570621014e-03
1.073398278094828129e-03
1.073396066203713417e-03
1.073393970727920532e-03
1.073391875252127647e-03
1.073389779776334763e-03
1.073387684300541878e-03
