5.775673780590295792e-04
5.775654572062194347e-04
5.775635945610702038e-04
5.775617319159209728e-04
5.775598692707717419e-04
5.775579484179615974e-04
5.775560275651514530e-04
5.775541649200022221e-04
5.775522440671920776e-04
5.775504396297037601e-04
5.775485187768936157e-04
5.775466561317443848e-04
5.775447352789342403e-04
5.775427562184631824e-04
5.775409517809748650e-04
5.775390891358256340e-04
5.775372264906764030e-04
5.775352474302053452e-04
5.775333847850561142e-04
5.775315221399068832e-04
5.775296012870967388e-04
5.775277386419475079e-04
5.775258177891373634e-04
5.775240133516490459e-04
5.775220342911779881e-04
5.775201134383678436e-04
5.775183090008795261e-04
5.775163881480693817e-04
5.775145255029201508e-04
5.775126046501100063e-04
5.775107420049607754e-04
5.775088211521506310e-04
5.775069002993404865e-04
5.775050376541912556e-04
5.775031750090420246e-04
5.775013123638927937e-04
5.774994497187435627e-04
5.774974706582725048e-04
5.774955498054623604e-04
5.774937453679740429e-04
5.774918827228248119e-04
5.774899618700146675e-04
5.774880992248654366e-04
5.774862365797162056e-04
5.774843157269060612e-04
5.774824530817568302e-04
5.774805322289466858e-04
5.774786695837974548e-04
5.774768069386482239e-04
5.774748860858380795e-04
5.774729652330279350e-04
5.774710443802177906e-04
5.774691817350685596e-04
5.774672608822584152e-04
5.774654564447700977e-04
5.774635937996208668e-04
5.774616147391498089e-04
5.774598103016614914e-04
5.774579476565122604e-04
5.774560850113630295e-04
5.774541641585528851e-04
5.774522433057427406e-04
5.774503806605935097e-04
5.774484598077833652e-04
5.774465389549732208e-04
5.774446763098239899e-04
5.774427554570138454e-04
5.774409510195255280e-04
5.774389719590544701e-04
5.774372257292270660e-04
5.774353048764169216e-04
5.774333840236067772e-04
5.774315213784575462e-04
5.774296005256474018e-04
5.774277960881590843e-04
5.774258752353489399e-04
5.774240707978606224e-04
5.774221499450504780e-04
5.774201708845794201e-04
5.774183082394301891e-04
5.774163291789591312e-04
5.774145247414708138e-04
5.774126620963215828e-04
5.774106830358505249e-04
5.774088203907012939e-04
5.774069577455520630e-04
5.774050951004028320e-04
5.774031742475926876e-04
5.774012533947825432e-04
5.773995071649551392e-04
5.773975863121449947e-04
5.773957236669957638e-04
5.773938028141856194e-04
5.773918819613754749e-04
5.773900193162262440e-04
5.773880984634160995e-04
5.773862940259277821e-04
5.773843731731176376e-04
5.773824523203074932e-04
5.773805896751582623e-04
5.773787852376699448e-04
5.773768643848598003e-04
5.773750017397105694e-04
5.773730808869004250e-04
5.773712182417511940e-04
5.773693555966019630e-04
5.773674929514527321e-04
5.773655720986425877e-04
5.773636512458324432e-04
5.773617886006832123e-04
5.773599259555339813e-04
5.773580633103847504e-04
5.773561424575746059e-04
5.773542216047644615e-04
5.773525335825979710e-04
5.773505545221269131e-04
5.773486918769776821e-04
5.773467128165066242e-04
5.773449083790183067e-04
5.773429875262081623e-04
5.773411830887198448e-04
5.773392622359097004e-04
5.773373413830995560e-04
5.773354205302894115e-04
5.773336160928010941e-04
5.773317534476518631e-04
5.773298325948417187e-04
5.773279117420315742e-04
5.773260490968823433e-04
5.773241864517331123e-04
5.773222655989229679e-04
5.773204611614346504e-04
5.773185985162854195e-04
5.773166776634752750e-04
5.773147568106651306e-04
5.773128359578549862e-04
5.773110315203666687e-04
5.773091688752174377e-04
5.773072480224072933e-04
5.773053853772580624e-04
5.773034645244479179e-04
5.773015436716377735e-04
5.772997974418103695e-04
5.772978765890002251e-04
5.772959557361900806e-04
5.772940348833799362e-04
5.772921722382307053e-04
5.772903678007423878e-04
5.772885051555931568e-04
5.772865843027830124e-04
5.772846052423119545e-04
5.772828008048236370e-04
5.772809963673353195e-04
5.772790755145251751e-04
5.772771546617150307e-04
5.772752920165657997e-04
5.772734293714165688e-04
5.772715667262673378e-04
5.772696458734571934e-04
5.772678414359688759e-04
5.772658623754978180e-04
5.772639997303485870e-04
5.772621370851993561e-04
5.772602744400501251e-04
5.772584700025618076e-04
5.772565491497516632e-04
5.772546282969415188e-04
5.772527656517922878e-04
5.772509030066430569e-04
5.772489821538329124e-04
5.772471195086836815e-04
5.772453150711953640e-04
5.772433360107243061e-04
5.772415897808969021e-04
5.772396689280867577e-04
5.772378062829375267e-04
5.772360018454492092e-04
5.772340809926390648e-04
5.772321601398289204e-04
5.772302974946796894e-04
5.772284348495304585e-04
5.772264557890594006e-04
5.772247095592319965e-04
5.772227887064218521e-04
5.772209260612726212e-04
5.772190634161233902e-04
5.772170843556523323e-04
5.772152217105031013e-04
5.772133590653538704e-04
5.772114964202046394e-04
5.772096919827163219e-04
5.772078293375670910e-04
5.772058502770960331e-04
5.772039876319468021e-04
5.772021249867975712e-04
5.772002041339874268e-04
5.771983414888381958e-04
5.771964788436889648e-04
5.771946744062006474e-04
5.771928117610514164e-04
5.771908909082412720e-04
5.771890282630920410e-04
5.771871074102818966e-04
5.771852447651326656e-04
5.771834403276443481e-04
5.771815194748342037e-04
5.771795986220240593e-04
5.771777359768748283e-04
5.771758733317255974e-04
5.771740106865763664e-04
5.771721480414271355e-04
5.771702853962779045e-04
5.771684809587895870e-04
5.771665601059794426e-04
5.771646392531692982e-04
5.771627766080200672e-04
5.771609139628708363e-04
5.771590513177216053e-04
5.771571304649114609e-04
5.771552678197622299e-04
5.771534633822739124e-04
5.771515425294637680e-04
5.771495634689927101e-04
5.771477590315043926e-04
5.771459545940160751e-04
5.771440337412059307e-04
5.771421710960566998e-04
5.771403084509074688e-04
5.771384458057582378e-04
5.771365831606090069e-04
5.771346623077988625e-04
5.771327996626496315e-04
5.771309952251613140e-04
5.771290743723511696e-04
5.771271535195410252e-04
5.771252908743917942e-04
5.771233700215816498e-04
5.771215655840933323e-04
5.771197029389441013e-04
5.771178402937948704e-04
5.771160358563065529e-04
5.771141150034964085e-04
5.771122523583471775e-04
5.771104479208588600e-04
5.771085270680487156e-04
5.771066062152385712e-04
5.771046853624284267e-04
5.771028809249401093e-04
5.771010182797908783e-04
5.770992138423025608e-04
5.770972929894924164e-04
5.770953721366822720e-04
5.770935676991939545e-04
5.770917050540447235e-04
5.770898424088954926e-04
5.770879797637462616e-04
5.770860589109361172e-04
5.770841380581259727e-04
5.770823336206376553e-04
5.770804709754884243e-04
5.770785501226782799e-04
5.770766292698681355e-04
5.770748830400407314e-04
5.770729039795696735e-04
5.770712159574031830e-04
5.770691786892712116e-04
5.770673160441219807e-04
5.770654533989727497e-04
5.770636489614844322e-04
5.770617281086742878e-04
5.770598654635250568e-04
5.770580028183758259e-04
5.770561401732265949e-04
5.770542775280773640e-04
5.770524148829281330e-04
5.770505522377789021e-04
5.770486895926296711e-04
5.770468269474804401e-04
5.770449643023312092e-04
5.770429852418601513e-04
5.770411808043718338e-04
5.770393763668835163e-04
5.770375137217342854e-04
5.770355928689241409e-04
5.770337302237749100e-04
5.770318675786256790e-04
5.770299467258155346e-04
5.770281422883272171e-04
5.770262214355170727e-04
5.770242423750460148e-04
5.770225543528795242e-04
5.770206335000693798e-04
5.770188290625810623e-04
5.770168500021100044e-04
5.770150455646216869e-04
5.770132411271333694e-04
5.770113784819841385e-04
5.770095158368349075e-04
5.770075949840247631e-04
5.770057905465364456e-04
5.770039279013872147e-04
5.770020070485770702e-04
5.770001444034278393e-04
5.769982817582786083e-04
5.769964191131293774e-04
5.769946146756410599e-04
5.769926938228309155e-04
5.769907729700207710e-04
5.769888521172106266e-04
5.769871058873832226e-04
5.769852432422339916e-04
5.769833805970847607e-04
5.769814597442746162e-04
5.769796553067862988e-04
5.769777344539761543e-04
5.769758718088269234e-04
5.769738927483558655e-04
5.769722047261893749e-04
5.769701674580574036e-04
5.769684212282299995e-04
5.769665003754198551e-04
5.769646377302706242e-04
5.769628332927823067e-04
5.769609706476330757e-04
5.769591080024838448e-04
5.769572453573346138e-04
5.769553827121853828e-04
5.769535200670361519e-04
5.769515992142260075e-04
5.769497947767376900e-04
5.769478739239275455e-04
5.769460694864392281e-04
5.769441486336290836e-04
5.769422859884798527e-04
5.769403651356697083e-04
5.769386771135032177e-04
5.769366980530321598e-04
5.769348354078829288e-04
5.769329727627336979e-04
5.769311683252453804e-04
5.769292474724352360e-04
5.769274430349469185e-04
5.769255221821367741e-04
5.769236595369875431e-04
5.769217386841773987e-04
5.769199342466890812e-04
5.769180133938789368e-04
5.769161507487297058e-04
5.769142881035804749e-04
5.769124836660921574e-04
5.769106792286038399e-04
5.769087583757936954e-04
5.769068957306444645e-04
5.769049748778343201e-04
5.769031704403460026e-04
5.769011913798749447e-04
5.768993869423866272e-04
5.768976407125592232e-04
5.768957198597490788e-04
5.768937990069389343e-04
5.768919945694506168e-04
5.768901901319622993e-04
5.768882692791521549e-04
5.768863484263420105e-04
5.768844857811927795e-04
5.768826231360435486e-04
5.768808186985552311e-04
5.768789560534060001e-04
5.768770934082567692e-04
5.768752307631075382e-04
5.768734263256192207e-04
5.768715054728090763e-04
5.768697010353207588e-04
5.768677219748497009e-04
5.768659757450222969e-04
5.768641713075339794e-04
5.768622504547238350e-04
5.768603296019136906e-04
5.768584669567644596e-04
5.768565461039543152e-04
5.768547416664659977e-04
5.768528790213167667e-04
5.768510163761675358e-04
5.768491537310183048e-04
5.768473492935299873e-04
5.768454284407198429e-04
5.768436240032315254e-04
5.768417613580822945e-04
5.768398405052721500e-04
5.768380360677838326e-04
5.768361152149736881e-04
5.768343107774853706e-04
5.768325063399970531e-04
5.768305854871869087e-04
5.768288392573595047e-04
5.768268601968884468e-04
5.768250557594001293e-04
5.768230766989290714e-04
5.768212140537798405e-04
5.768194096162915230e-04
5.768174887634813786e-04
5.768156843259930611e-04
5.768138216808438301e-04
5.768119590356945992e-04
5.768100963905453682e-04
5.768082337453961372e-04
5.768063128925859928e-04
5.768045666627585888e-04
5.768026458099484444e-04
5.768008413724601269e-04
5.767989205196499825e-04
5.767971160821616650e-04
5.767952534370124340e-04
5.767934489995241165e-04
5.767914699390530586e-04
5.767896655015647411e-04
5.767877446487545967e-04
5.767860566265881062e-04
5.767840193584561348e-04
5.767822149209678173e-04
5.767804686911404133e-04
5.767785478383302689e-04
5.767766269855201244e-04
5.767747643403708935e-04
5.767729599028825760e-04
5.767710972577333450e-04
5.767692346125841141e-04
5.767674301750957966e-04
5.767655093222856522e-04
5.767635884694755077e-04
5.767618422396481037e-04
5.767599795944988728e-04
5.767581751570105553e-04
5.767562543042004108e-04
5.767543334513902664e-04
5.767525872215628624e-04
5.767506663687527180e-04
5.767488037236034870e-04
5.767469410784542561e-04
5.767450202256441116e-04
5.767432157881557941e-04
5.767414113506674767e-04
5.767394904978573322e-04
5.767376278527081013e-04
5.767358816228806973e-04
5.767339607700705528e-04
5.767320399172604084e-04
5.767302936874330044e-04
5.767283728346228600e-04
5.767265101894736290e-04
5.767246475443243980e-04
5.767227266915142536e-04
5.767209804616868496e-04
5.767191178165376186e-04
5.767173133790493011e-04
5.767154507339000702e-04
5.767135880887508392e-04
5.767117254436016083e-04
5.767098627984523773e-04
5.767080001533031464e-04
5.767060793004930019e-04
5.767042748630046844e-04
5.767024122178554535e-04
5.767006077803671360e-04
5.766988033428788185e-04
5.766968824900686741e-04
5.766949616372585297e-04
5.766932736150920391e-04
5.766914109699428082e-04
5.766894319094717503e-04
5.766876274719834328e-04
5.766857648268342018e-04
5.766839021816849709e-04
5.766819813288748264e-04
5.766801768913865089e-04
5.766783724538981915e-04
5.766764516010880470e-04
5.766746471635997295e-04
5.766727845184504986e-04
5.766709218733012676e-04
5.766690592281520367e-04
5.766671965830028057e-04
5.766653921455144882e-04
5.766635877080261707e-04
5.766616668552160263e-04
5.766598042100667953e-04
5.766579415649175644e-04
5.766561371274292469e-04
5.766542162746191025e-04
5.766524118371307850e-04
5.766506073996424675e-04
5.766486865468323231e-04
5.766468821093440056e-04
5.766450194641947746e-04
5.766432732343673706e-04
5.766412941738963127e-04
5.766394897364079952e-04
5.766376270912587643e-04
5.766357644461095333e-04
5.766338435932993889e-04
