3.805741434916853905e-04
3.805721935350447893e-04
3.805701853707432747e-04
3.805682063102722168e-04
3.805662272498011589e-04
3.805642772931605577e-04
3.805622691288590431e-04
3.805602900683879852e-04
3.805583692155778408e-04
3.805563610512763262e-04
3.805543528869748116e-04
3.805524611379951239e-04
3.805504529736936092e-04
3.805484448093920946e-04
3.805464948527514935e-04
3.805445448961108923e-04
3.805425367318093777e-04
3.805405576713383198e-04
3.805386077146977186e-04
3.805365704465657473e-04
3.805346495937556028e-04
3.805326996371150017e-04
3.805306914728134871e-04
3.805287415161728859e-04
3.805267333518713713e-04
3.805247833952307701e-04
3.805227170232683420e-04
3.805208252742886543e-04
3.805188171099871397e-04
3.805168671533465385e-04
3.805149171967059374e-04
3.805129090324044228e-04
3.805109008681029081e-04
3.805090091191232204e-04
3.805070009548217058e-04
3.805050218943506479e-04
3.805030719377100468e-04
3.805010928772389889e-04
3.804991138167679310e-04
3.804971347562968731e-04
3.804951265919953585e-04
3.804931766353547573e-04
3.804911975748836994e-04
3.804892476182430983e-04
3.804872394539415836e-04
3.804853477049618959e-04
3.804833686444908381e-04
3.804813022725284100e-04
3.804793232120573521e-04
3.804774314630776644e-04
3.804754815064370632e-04
3.804734733421355486e-04
3.804715233854949474e-04
3.804694570135325193e-04
3.804675070568919182e-04
3.804655571002513170e-04
3.804636071436107159e-04
3.804615698754787445e-04
3.804596781264990568e-04
3.804576699621975422e-04
3.804556909017264843e-04
3.804537118412554264e-04
3.804517618846148252e-04
3.804497537203133106e-04
3.804478328675031662e-04
3.804458247032016516e-04
3.804438747465610504e-04
3.804418665822595358e-04
3.804399748332798481e-04
3.804379375651478767e-04
3.804359585046768188e-04
3.804339503403753042e-04
3.804320585913956165e-04
3.804300504270941019e-04
3.804281004704535007e-04
3.804260923061519861e-04
3.804241714533418417e-04
3.804222214967012405e-04
3.804202424362301826e-04
3.804182633757591248e-04
3.804162552114576101e-04
3.804143052548170090e-04
3.804123552981764078e-04
3.804103471338748932e-04
3.804083971772342920e-04
3.804064472205936909e-04
3.804044681601226330e-04
3.804024890996515751e-04
3.804005682468414307e-04
3.803985891863703728e-04
3.803965228144079447e-04
3.803946019615978003e-04
3.803926811087876558e-04
3.803907020483165979e-04
3.803887229878455400e-04
3.803867148235440254e-04
3.803847648669034243e-04
3.803827858064323664e-04
3.803808067459613085e-04
3.803788858931511641e-04
3.803768777288496494e-04
3.803748986683785915e-04
3.803730360232293606e-04
3.803709987550973892e-04
3.803690487984567881e-04
3.803670697379857302e-04
3.803650906775146723e-04
3.803631407208740711e-04
3.803611616604030132e-04
3.803591825999319553e-04
3.803572035394608974e-04
3.803552535828202963e-04
3.803533036261796951e-04
3.803512663580477238e-04
3.803493746090680361e-04
3.803473373409360647e-04
3.803454164881259203e-04
3.803434665314853191e-04
3.803415165748447180e-04
3.803395084105432034e-04
3.803375584539026022e-04
3.803355793934315443e-04
3.803336294367909431e-04
3.803316212724894285e-04
3.803297295235097408e-04
3.803277213592082262e-04
3.803257131949067116e-04
3.803237632382661104e-04
3.803218132816255093e-04
3.803198924288153648e-04
3.803179133683443069e-04
3.803159052040427923e-04
3.803139552474021912e-04
3.803119761869311333e-04
3.803100262302905321e-04
3.803080762736499310e-04
3.803060681093484163e-04
3.803040890488773584e-04
3.803021681960672140e-04
3.803002473432570696e-04
3.802982682827860117e-04
3.802962019108235836e-04
3.802943101618438959e-04
3.802923311013728380e-04
3.802904102485626936e-04
3.802884020842611790e-04
3.802865103352814913e-04
3.802845603786408901e-04
3.802825522143393755e-04
3.802805440500378609e-04
3.802785940933972597e-04
3.802766441367566586e-04
3.802746650762856007e-04
3.802727733273059130e-04
3.802708524744957685e-04
3.802687861025333405e-04
3.802668652497231960e-04
3.802649152930825949e-04
3.802629362326115370e-04
3.802609280683100224e-04
3.802589781116694212e-04
3.802570281550288200e-04
3.802551364060491323e-04
3.802531282417476177e-04
3.802511782851070166e-04
3.802492283284664154e-04
3.802473074756562710e-04
3.802452702075242996e-04
3.802432911470532417e-04
3.802413411904126406e-04
3.802393912337720394e-04
3.802373830694705248e-04
3.802354913204908371e-04
3.802335122600197792e-04
3.802315331995487213e-04
3.802295541390776634e-04
3.802276041824370623e-04
3.802256251219660044e-04
3.802236460614949465e-04
3.802217252086848021e-04
3.802197461482137442e-04
3.802177670877426863e-04
3.802158462349325418e-04
3.802138962782919407e-04
3.802118881139904261e-04
3.802099090535193682e-04
3.802079590968787670e-04
3.802060964517295361e-04
3.802041173912584782e-04
3.802021383307874203e-04
3.802001592703163624e-04
3.801982093136757612e-04
3.801962302532047033e-04
3.801942802965641022e-04
3.801923012360930443e-04
3.801904094871133566e-04
3.801884304266422987e-04
3.801864513661712408e-04
3.801845305133610964e-04
3.801825223490595818e-04
3.801805723924189806e-04
3.801785933319479227e-04
3.801766142714768648e-04
3.801746643148362637e-04
3.801727434620261192e-04
3.801707644015550613e-04
3.801687853410840034e-04
3.801668644882738590e-04
3.801649436354637146e-04
3.801629645749926567e-04
3.801609855145215988e-04
3.801590646617114544e-04
3.801570273935794830e-04
3.801550774369388819e-04
3.801531565841287374e-04
3.801512357313185930e-04
3.801491984631866217e-04
3.801472776103764772e-04
3.801452985499054193e-04
3.801433194894343615e-04
3.801414568442851305e-04
3.801394777838140726e-04
3.801374987233430147e-04
3.801355196628719568e-04
3.801335697062313557e-04
3.801316197495907545e-04
3.801297280006110668e-04
3.801276616286486387e-04
3.801257116720080376e-04
3.801238199230283499e-04
3.801218408625572920e-04
3.801199200097471476e-04
3.801179118454456329e-04
3.801159909926354885e-04
3.801140119321644306e-04
3.801120619755238295e-04
3.801101411227136850e-04
3.801081329584121704e-04
3.801061247941106558e-04
3.801042330451309681e-04
3.801022830884903669e-04
3.801003331318497658e-04
3.800983540713787079e-04
3.800964623223990202e-04
3.800943959504365921e-04
3.800924459937959909e-04
3.800905542448163033e-04
3.800886042881757021e-04
3.800866543315351009e-04
3.800847043748944998e-04
3.800827253144234419e-04
3.800808044616132975e-04
3.800788545049726963e-04
3.800768754445016384e-04
3.800749254878610373e-04
3.800729173235595226e-04
3.800710255745798349e-04
3.800690756179392338e-04
3.800670965574681759e-04
3.800652048084884882e-04
3.800631384365260601e-04
3.800611884798854589e-04
3.800592967309057713e-04
3.800573758780956268e-04
3.800553968176245689e-04
3.800533886533230543e-04
3.800514386966824532e-04
3.800495469477027655e-04
3.800475969910621643e-04
3.800456761382520199e-04
3.800436679739505053e-04
3.800416598096489906e-04
3.800397680606693029e-04
3.800377890001982450e-04
3.800358390435576439e-04
3.800338599830865860e-04
3.800319973379373550e-04
3.800300182774662971e-04
3.800280683208256960e-04
3.800261183641850948e-04
3.800241393037140369e-04
3.800221311394125223e-04
3.800202393904328346e-04
3.800182894337922335e-04
3.800163685809820890e-04
3.800143604166805744e-04
3.800124104600399733e-04
3.800104896072298288e-04
3.800085687544196844e-04
3.800066187977790833e-04
3.800046688411384821e-04
3.800026606768369675e-04
3.800007980316877365e-04
3.799987607635557652e-04
3.799968690145760775e-04
3.799948317464441061e-04
3.799928817898035049e-04
3.799909609369933605e-04
3.799890400841832161e-04
3.799870901275426149e-04
3.799850819632411003e-04
3.799831902142614126e-04
3.799812402576208115e-04
3.799793194048106670e-04
3.799773112405091524e-04
3.799754194915294647e-04
3.799734113272279501e-04
3.799714322667568922e-04
3.799695114139467478e-04
3.799675614573061466e-04
3.799656115006655455e-04
3.799636615440249443e-04
3.799617406912147999e-04
3.799598489422351122e-04
3.799578989855945110e-04
3.799558908212929964e-04
3.799539408646523952e-04
3.799519327003508806e-04
3.799500118475407362e-04
3.799481200985610485e-04
3.799461410380899906e-04
3.799442201852798462e-04
3.799422411248087883e-04
3.799403202719986439e-04
3.799383703153580427e-04
3.799364203587174416e-04
3.799344412982463837e-04
3.799325204454362392e-04
3.799305413849651814e-04
3.799286205321550369e-04
3.799266996793448925e-04
3.799247206188738346e-04
3.799228288698941469e-04
3.799207916017621756e-04
3.799188707489520311e-04
3.799169207923114300e-04
3.799150290433317423e-04
3.799130499828606844e-04
3.799111873377114534e-04
3.799091791734099388e-04
3.799072292167693377e-04
3.799052792601287365e-04
3.799033293034881353e-04
3.799013502430170774e-04
3.798994293902069330e-04
3.798975376412272453e-04
3.798955585807561874e-04
3.798935795202851295e-04
3.798916295636445284e-04
3.798897087108343840e-04
3.798877587541937828e-04
3.798858379013836384e-04
3.798838297370821238e-04
3.798818797804415226e-04
3.798798716161400080e-04
3.798780089709907770e-04
3.798760590143501759e-04
3.798741672653704882e-04
3.798722173087298870e-04
3.798702091444283724e-04
3.798682882916182280e-04
3.798663383349776268e-04
3.798644174821674824e-04
3.798624384216964245e-04
3.798604884650558233e-04
3.798585094045847654e-04
3.798566758632659912e-04
3.798546676989644766e-04
3.798526886384934187e-04
3.798507968895137310e-04
3.798488760367035866e-04
3.798469260800629854e-04
3.798450052272528410e-04
3.798430261667817831e-04
3.798410762101411819e-04
3.798390971496701241e-04
3.798371762968599796e-04
3.798352845478802919e-04
3.798333054874092340e-04
3.798313555307686329e-04
3.798294637817889452e-04
3.798275720328092575e-04
3.798255638685077429e-04
3.798236139118671417e-04
3.798216930590569973e-04
3.798196848947554827e-04
3.798177349381148815e-04
3.798157849814742804e-04
3.798139223363250494e-04
3.798119723796844482e-04
3.798099933192133904e-04
3.798081015702337027e-04
3.798061516135931015e-04
3.798041725531220436e-04
3.798022225964814425e-04
3.798003308475017548e-04
3.797983808908611536e-04
3.797964018303900957e-04
3.797944227699190378e-04
3.797925310209393501e-04
3.797905810642987490e-04
3.797886020038276911e-04
3.797867102548480034e-04
3.797847894020378590e-04
3.797828394453972578e-04
3.797808312810957432e-04
3.797789686359465122e-04
3.797769895754754543e-04
3.797750396188348532e-04
3.797731478698551655e-04
3.797711979132145643e-04
3.797692770604044199e-04
3.797672979999333620e-04
3.797653189394623041e-04
3.797633980866521597e-04
3.797614772338420153e-04
3.797595854848623276e-04
3.797576064243912697e-04
3.797556564677506685e-04
3.797537356149405241e-04
3.797517856582999229e-04
3.797498357016593218e-04
3.797479148488491774e-04
3.797459939960390329e-04
3.797440440393984318e-04
3.797421231865882874e-04
3.797402023337781429e-04
3.797382232733070850e-04
3.797362442128360271e-04
3.797343815676867962e-04
3.797324025072157383e-04
3.797304525505751371e-04
3.797285316977649927e-04
3.797266108449548483e-04
3.797246608883142471e-04
3.797227400355041027e-04
3.797207900788635015e-04
3.797188692260533571e-04
3.797169192694127560e-04
3.797149111051112413e-04
3.797130484599620104e-04
3.797110693994909525e-04
3.797091485466808081e-04
3.797072276938706636e-04
3.797052777372300625e-04
3.797033859882503748e-04
3.797013778239488602e-04
3.796995151787996292e-04
3.796975652221590281e-04
3.796956152655184269e-04
3.796936071012169123e-04
3.796916862484067678e-04
3.796897653955966234e-04
3.796878445427864790e-04
3.796859818976372480e-04
3.796840028371661901e-04
3.796819946728646755e-04
3.796800738200545311e-04
3.796782111749053001e-04
3.796762321144342422e-04
3.796743403654545546e-04
3.796723904088139534e-04
3.796704695560038090e-04
3.796685195993632078e-04
3.796665696427226067e-04
3.796646778937429190e-04
3.796627279371023178e-04
3.796607779804617167e-04
3.796588571276515722e-04
3.796569653786718845e-04
3.796549863182008266e-04
3.796530654653906822e-04
3.796511155087500811e-04
3.796491073444485664e-04
3.796472155954688787e-04
3.796452947426587343e-04
3.796433447860181332e-04
3.796414239332079887e-04
3.796395030803978443e-04
3.796376113314181566e-04
3.796356031671166420e-04
3.796336823143064976e-04
3.796317905653268099e-04
3.796298406086862087e-04
3.796279488597065210e-04
3.796259406954050064e-04
3.796240198425948620e-04
3.796220407821238041e-04
3.796201199293136597e-04
3.796182281803339720e-04
3.796162782236933708e-04
3.796143573708832264e-04
3.796124365180730820e-04
3.796105156652629375e-04
3.796085657086223364e-04
3.796066157519817352e-04
3.796046657953411341e-04
3.796027449425309896e-04
3.796008240897208452e-04
3.795988741330802441e-04
