1.329855294898152351e-03
1.329560764133930206e-03
1.329266116954386234e-03
1.328971702605485916e-03
1.328677171841263771e-03
1.328382524661719799e-03
1.328087761066854000e-03
1.327793113887310028e-03
1.327498583123087883e-03
1.327203703112900257e-03
1.326909055933356285e-03
1.326614175923168659e-03
1.326319412328302860e-03
1.326024415902793407e-03
1.325729535892605782e-03
1.325434539467096329e-03
1.325139426626265049e-03
1.324844430200755596e-03
1.324549317359924316e-03
1.324254320934414864e-03
1.323959208093583584e-03
1.323663862422108650e-03
1.323368633165955544e-03
1.323073171079158783e-03
1.322777941823005676e-03
1.322482363320887089e-03
1.322186901234090328e-03
1.321891439147293568e-03
1.321595627814531326e-03
1.321299932897090912e-03
1.321004237979650497e-03
1.320708426646888256e-03
1.320412498898804188e-03
1.320116803981363773e-03
1.319820643402636051e-03
1.319524599239230156e-03
1.319228671491146088e-03
1.318932394497096539e-03
1.318636117503046989e-03
1.318339724093675613e-03
1.318043330684304237e-03
1.317746820859611034e-03
1.317450311034917831e-03
1.317153568379580975e-03
1.316856825724244118e-03
1.316560199484229088e-03
1.316263223998248577e-03
1.315966132096946239e-03
1.315669156610965729e-03
1.315371948294341564e-03
1.315074623562395573e-03
1.314777531661093235e-03
1.314479974098503590e-03
1.314182416535913944e-03
1.313884975388646126e-03
1.313587184995412827e-03
1.313289394602179527e-03
1.312991371378302574e-03
1.312693464569747448e-03
1.312395324930548668e-03
1.312096952460706234e-03
1.311798696406185627e-03
1.311500207521021366e-03
1.311201718635857105e-03
1.310902996920049191e-03
1.310604158788919449e-03
1.310305204242467880e-03
1.310006249696016312e-03
1.309707178734242916e-03
1.309407758526504040e-03
1.309108454734086990e-03
1.308809034526348114e-03
1.308509265072643757e-03
1.308209495618939400e-03
1.307909609749913216e-03
1.307609607465565205e-03
1.307309488765895367e-03
1.307009137235581875e-03
1.306708669289946556e-03
1.306407968513667583e-03
1.306107384152710438e-03
1.305806334130465984e-03
1.305505400523543358e-03
1.305204234085977077e-03
1.304902834817767143e-03
1.304601319134235382e-03
1.304299687035381794e-03
1.303997938521206379e-03
1.303695957176387310e-03
1.303393859416246414e-03
1.303091645240783691e-03
1.302789198234677315e-03
1.302486401982605457e-03
1.302183722145855427e-03
1.301880693063139915e-03
1.301577663980424404e-03
1.301274402067065239e-03
1.300970790907740593e-03
1.300667063333094120e-03
1.300363219343125820e-03
1.300059258937835693e-03
1.299754949286580086e-03
1.299450639635324478e-03
1.299145864322781563e-03
1.298840972594916821e-03
1.298536080867052078e-03
1.298230723477900028e-03
1.297925366088747978e-03
1.297619775868952274e-03
1.297313836403191090e-03
1.297007780522108078e-03
1.296701375395059586e-03
1.296394970268011093e-03
1.296088215894997120e-03
1.295781345106661320e-03
1.295474241487681866e-03
1.295166905038058758e-03
1.294859219342470169e-03
1.294551417231559753e-03
1.294243382290005684e-03
1.293934998102486134e-03
1.293626264669001102e-03
1.293317531235516071e-03
1.293008448556065559e-03
1.292699016630649567e-03
1.292389701120555401e-03
1.292079803533852100e-03
1.291769673116505146e-03
1.291459426283836365e-03
1.291148713789880276e-03
1.290838001295924187e-03
1.290526823140680790e-03
1.290215295739471912e-03
1.289903768338263035e-03
1.289591542445123196e-03
1.289279432967305183e-03
1.288966857828199863e-03
1.288654049858450890e-03
1.288340892642736435e-03
1.288027502596378326e-03
1.287713763304054737e-03
1.287399791181087494e-03
1.287085586227476597e-03
1.286770915612578392e-03
1.286455779336392879e-03
1.286140643060207367e-03
1.285825157538056374e-03
1.285509322769939899e-03
1.285193022340536118e-03
1.284876372665166855e-03
1.284559606574475765e-03
1.284242491237819195e-03
1.283924793824553490e-03
1.283606979995965958e-03
1.283288816921412945e-03
1.282970188185572624e-03
1.282651093788444996e-03
1.282331882975995541e-03
1.282012322917580605e-03
1.281692297197878361e-03
1.281371805816888809e-03
1.281051198020577431e-03
1.280730008147656918e-03
1.280408585444092751e-03
1.280086580663919449e-03
1.279764343053102493e-03
1.279441756196320057e-03
1.279118587262928486e-03
1.278795185498893261e-03
1.278471318073570728e-03
1.278147101402282715e-03
1.277822535485029221e-03
1.277497387491166592e-03
1.277171773836016655e-03
1.276846160180866718e-03
1.276519615203142166e-03
1.276192953810095787e-03
1.275865593925118446e-03
1.275538117624819279e-03
1.275209942832589149e-03
1.274881418794393539e-03
1.274552545510232449e-03
1.274223322980105877e-03
1.273893401958048344e-03
1.273563131690025330e-03
1.273232279345393181e-03
1.272900961339473724e-03
1.272569177672266960e-03
1.272237161174416542e-03
1.271904329769313335e-03
1.271571498364210129e-03
1.271237735636532307e-03
1.270903623662889004e-03
1.270568813197314739e-03
1.270233769901096821e-03
1.269898144528269768e-03
1.269562169909477234e-03
1.269225263968110085e-03
1.268888241611421108e-03
1.268550637178122997e-03
1.268212217837572098e-03
1.267873682081699371e-03
1.267534215003252029e-03
1.267194515094161034e-03
1.266854116693139076e-03
1.266513252630829811e-03
1.266171806491911411e-03
1.265829778276383877e-03
1.265487167984247208e-03
1.265143975615501404e-03
1.264800317585468292e-03
1.264456193894147873e-03
1.264111255295574665e-03
1.263765851035714149e-03
1.263419864699244499e-03
1.263073296286165714e-03
1.262726029381155968e-03
1.262378296814858913e-03
1.262029865756630898e-03
1.261680852621793747e-03
1.261331257410347462e-03
1.260981080122292042e-03
1.260630320757627487e-03
1.260278862901031971e-03
1.259926939383149147e-03
1.259574084542691708e-03
1.259220647625625134e-03
1.258866861462593079e-03
1.258512260392308235e-03
1.258157077245414257e-03
1.257801079191267490e-03
1.257444499060511589e-03
1.257087453268468380e-03
1.256729476153850555e-03
1.256370800547301769e-03
1.256011892110109329e-03
1.255652168765664101e-03
1.255291630513966084e-03
1.254930277355015278e-03
1.254568458534777164e-03
1.254205941222608089e-03
1.253842725418508053e-03
1.253478927537798882e-03
1.253114198334515095e-03
1.252748887054622173e-03
1.252382760867476463e-03
1.252016285434365273e-03
1.251648762263357639e-03
1.251280540600419044e-03
1.250911620445549488e-03
1.250542234629392624e-03
1.250171801075339317e-03
1.249801018275320530e-03
1.249429187737405300e-03
1.249056775122880936e-03
1.248683780431747437e-03
1.248309854418039322e-03
1.247935346327722073e-03
1.247560023330152035e-03
1.247183885425329208e-03
1.246807049028575420e-03
1.246429630555212498e-03
1.246051280759274960e-03
1.245672465302050114e-03
1.245292602106928825e-03
1.244912156835198402e-03
1.244530896656215191e-03
1.244148821569979191e-03
1.243766164407134056e-03
1.243382692337036133e-03
1.242998521775007248e-03
1.242613419890403748e-03
1.242227735929191113e-03
1.241841237060725689e-03
1.241454156115651131e-03
1.241066027432680130e-03
1.240677316673099995e-03
1.240287907421588898e-03
1.239897683262825012e-03
1.239506760612130165e-03
1.239114906638860703e-03
1.238722470588982105e-03
1.238329219631850719e-03
1.237935386598110199e-03
1.237540505826473236e-03
1.237145159393548965e-03
1.236748881638050079e-03
1.236352021805942059e-03
1.235954230651259422e-03
1.235555973835289478e-03
1.235156669281423092e-03
1.234756782650947571e-03
1.234356197528541088e-03
1.233954564668238163e-03
1.233552698977291584e-03
1.233149669133126736e-03
1.232746173627674580e-03
1.232341979630291462e-03
1.231936854310333729e-03
1.231531030498445034e-03
1.231124741025269032e-03
1.230717636644840240e-03
1.230309833772480488e-03
1.229901332408189774e-03
1.229492132551968098e-03
1.229082001373171806e-03
1.228671404533088207e-03
1.228260109201073647e-03
1.227848231792449951e-03
1.227435423061251640e-03
1.227022148668766022e-03
1.226608292199671268e-03
1.226193387992680073e-03
1.225778018124401569e-03
1.225362066179513931e-03
1.224945299327373505e-03
1.224528299644589424e-03
1.224110485054552555e-03
1.223691971972584724e-03
1.223272760398685932e-03
1.222852850332856178e-03
1.222432474605739117e-03
1.222011516802012920e-03
1.221590093336999416e-03
1.221167738549411297e-03
1.220745034515857697e-03
1.220321864821016788e-03
1.219897880218923092e-03
1.219473429955542088e-03
1.219048514030873775e-03
1.218623016029596329e-03
1.218196819536387920e-03
1.217770157381892204e-03
1.217343145981431007e-03
1.216915203258395195e-03
1.216487260535359383e-03
1.216058502905070782e-03
1.215629279613494873e-03
1.215199707075953484e-03
1.214769668877124786e-03
1.214338932186365128e-03
1.213907962664961815e-03
1.213476411066949368e-03
1.213044510222971439e-03
1.212611910887062550e-03
1.212179195135831833e-03
1.211746013723313808e-03
1.211312250234186649e-03
1.210878253914415836e-03
1.210444024764001369e-03
1.210009213536977768e-03
1.209573936648666859e-03
1.209138310514390469e-03
1.208702451549470425e-03
1.208266359753906727e-03
1.207829802297055721e-03
1.207392895594239235e-03
1.206955756060779095e-03
1.206518150866031647e-03
1.206080312840640545e-03
1.205642241984605789e-03
1.205203589051961899e-03
1.204765052534639835e-03
1.204326166771352291e-03
1.203886931762099266e-03
1.203447696752846241e-03
1.203007879666984081e-03
1.202568062581121922e-03
1.202127779833972454e-03
1.201687613502144814e-03
1.201246981509029865e-03
1.200806233100593090e-03
1.200365484692156315e-03
1.199924270622432232e-03
1.199483056552708149e-03
1.199041842482984066e-03
1.198600162751972675e-03
1.198158599436283112e-03
1.197716686874628067e-03
1.197274774312973022e-03
1.196832628920674324e-03
1.196390483528375626e-03
1.195948221720755100e-03
1.195505959913134575e-03
1.195063465274870396e-03
1.194620970636606216e-03
1.194178359583020210e-03
1.193735748529434204e-03
1.193293137475848198e-03
1.192850526422262192e-03
1.192407798953354359e-03
1.191964955069124699e-03
1.191522111184895039e-03
1.191079150885343552e-03
1.190636656247079372e-03
1.190193695947527885e-03
1.189750852063298225e-03
1.189308124594390392e-03
1.188865280710160732e-03
1.188422436825931072e-03
1.187979825772345066e-03
1.187536981888115406e-03
1.187094370834529400e-03
1.186651876196265221e-03
1.186209148727357388e-03
1.185766770504415035e-03
1.185324275866150856e-03
1.184882014058530331e-03
1.184439635835587978e-03
1.183997490443289280e-03
1.183555461466312408e-03
1.183113316074013710e-03
1.182671403512358665e-03
1.182229607366025448e-03
1.181787927635014057e-03
1.181346364319324493e-03
1.180904568172991276e-03
1.180463354103267193e-03
1.180021907202899456e-03
1.179580925963819027e-03
1.179139944724738598e-03
1.178698963485658169e-03
1.178258331492543221e-03
1.177817583084106445e-03
1.177377067506313324e-03
1.176936668343842030e-03
1.176496385596692562e-03
1.176056335680186749e-03
1.175616402179002762e-03
1.175176701508462429e-03
1.174737117253243923e-03
1.174297532998025417e-03
1.173858414404094219e-03
1.173418946564197540e-03
1.172980060800909996e-03
1.172541291452944279e-03
1.172102405689656734e-03
1.171663985587656498e-03
1.171225681900978088e-03
1.170787378214299679e-03
1.170349423773586750e-03
1.169911585748195648e-03
1.169473631307482719e-03
1.169036142528057098e-03
1.168598770163953304e-03
1.168161630630493164e-03
1.167724491097033024e-03
1.167287584394216537e-03
1.166850910522043705e-03
1.166414120234549046e-03
1.165977562777698040e-03
1.165541470982134342e-03
1.165105262771248817e-03
1.164669287391006947e-03
1.164233428426086903e-03
1.163797802291810513e-03
1.163362408988177776e-03
1.162926899269223213e-03
1.162491622380912304e-03
1.162056578323245049e-03
1.161621534265577793e-03
1.161186839453876019e-03
1.160752144642174244e-03
1.160317566245794296e-03
1.159883104264736176e-03
1.159448758698999882e-03
1.159014762379229069e-03
1.158580649644136429e-03
1.158146769739687443e-03
1.157712773419916630e-03
1.157279126346111298e-03
1.156845712102949619e-03
1.156412181444466114e-03
1.155978767201304436e-03
1.155545469373464584e-03
1.155112287960946560e-03
1.154679339379072189e-03
1.154246274381875992e-03
1.153813325800001621e-03
1.153380493633449078e-03
1.152947661466896534e-03
1.152515062130987644e-03
1.152082462795078754e-03
1.151649863459169865e-03
1.151217496953904629e-03
1.150784897617995739e-03
1.150352531112730503e-03
1.149920048192143440e-03
1.149487798102200031e-03
1.149055431596934795e-03
1.148623414337635040e-03
1.148191047832369804e-03
1.147758914157748222e-03
1.147326664067804813e-03
1.146894530393183231e-03
1.146462396718561649e-03
1.146030146628618240e-03
1.145598012953996658e-03
1.145165646448731422e-03
1.144733512774109840e-03
