4.289413336664438248e-04
4.289301868993788958e-04
4.289189819246530533e-04
4.289077187422662973e-04
4.288964264560490847e-04
4.288851341698318720e-04
4.288738709874451160e-04
4.288624622859060764e-04
4.288511408958584070e-04
4.288396739866584539e-04
4.288282361812889576e-04
4.288167983759194613e-04
4.288052441552281380e-04
4.287937772460281849e-04
4.287821648176759481e-04
4.287706397008150816e-04
4.287589981686323881e-04
4.287474148441106081e-04
4.287356860004365444e-04
4.287240153644233942e-04
4.287122865207493305e-04
4.287004994694143534e-04
4.286887124180793762e-04
4.286768962629139423e-04
4.286650219000875950e-04
4.286530602257698774e-04
4.286411276552826166e-04
4.286291950847953558e-04
4.286172043066471815e-04
4.286052135284990072e-04
4.285930772311985493e-04
4.285810573492199183e-04
4.285688919480890036e-04
4.285567265469580889e-04
4.285445320419967175e-04
4.285323084332048893e-04
4.285200557205826044e-04
4.285077448002994061e-04
4.284954047761857510e-04
4.284830647520720959e-04
4.284705501049757004e-04
4.284581227693706751e-04
4.284456372261047363e-04
4.284331225790083408e-04
4.284206370357424021e-04
4.284079477656632662e-04
4.283953749109059572e-04
4.283826856408268213e-04
4.283699090592563152e-04
4.283572197891771793e-04
4.283443558961153030e-04
4.283315211068838835e-04
4.283186572138220072e-04
4.283057642169296741e-04
4.282928421162068844e-04
4.282797744963318110e-04
4.282668232917785645e-04
4.282536974642425776e-04
4.282405716367065907e-04
4.282274167053401470e-04
4.282142035663127899e-04
4.282009613234549761e-04
4.281876608729362488e-04
4.281743604224175215e-04
4.281610017642378807e-04
4.281475557945668697e-04
4.281340516172349453e-04
4.281206056475639343e-04
4.281070141587406397e-04
4.280933935660868883e-04
4.280797147657722235e-04
4.280659777577966452e-04
4.280523280613124371e-04
4.280385037418454885e-04
4.280246794223785400e-04
4.280107968952506781e-04
4.279968852642923594e-04
4.279829445295035839e-04
4.279688291717320681e-04
4.279547720216214657e-04
4.279406566638499498e-04
4.279264539945870638e-04
4.279122222214937210e-04
4.278979904484003782e-04
4.278835840523242950e-04
4.278691194485872984e-04
4.278547421563416719e-04
4.278402775526046753e-04
4.278257256373763084e-04
4.278111446183174849e-04
4.277964471839368343e-04
4.277817206457257271e-04
4.277669358998537064e-04
4.277521220501512289e-04
4.277372499927878380e-04
4.277223197277635336e-04
4.277073312550783157e-04
4.276922845747321844e-04
4.276770923752337694e-04
4.276619292795658112e-04
4.276466788724064827e-04
4.276314284652471542e-04
4.276160325389355421e-04
4.276005784049630165e-04
4.275851824786514044e-04
4.275695246178656816e-04
4.275539831724017859e-04
4.275382380001246929e-04
4.275225510355085135e-04
4.275068349670618773e-04
4.274909151718020439e-04
4.274749662727117538e-04
4.274589591659605503e-04
4.274428938515484333e-04
4.274267703294754028e-04
4.274105885997414589e-04
4.273942904546856880e-04
4.273779341019690037e-04
4.273614904377609491e-04
4.273450758773833513e-04
4.273284866940230131e-04
4.273118975106626749e-04
4.272952210158109665e-04
4.272784281056374311e-04
4.272615478839725256e-04
4.272446094546467066e-04
4.272275837138295174e-04
4.272105288691818714e-04
4.271933576092123985e-04
4.271761281415820122e-04
4.271588404662907124e-04
4.271413781680166721e-04
4.271239158697426319e-04
4.271064244676381350e-04
4.270887293387204409e-04
4.270710051059722900e-04
4.270532226655632257e-04
4.270353238098323345e-04
4.270173667464405298e-04
4.269992932677268982e-04
4.269811033736914396e-04
4.269628552719950676e-04
4.269445489626377821e-04
4.269261262379586697e-04
4.269076453056186438e-04
4.268890479579567909e-04
4.268703341949731112e-04
4.268515622243285179e-04
4.268326738383620977e-04
4.268136399332433939e-04
4.267945769242942333e-04
4.267753683961927891e-04
4.267561016604304314e-04
4.267367476131767035e-04
4.267172771506011486e-04
4.266977193765342236e-04
4.266780451871454716e-04
4.266581963747739792e-04
4.266383184585720301e-04
4.266182950232177973e-04
4.265981551725417376e-04
4.265779862180352211e-04
4.265576717443764210e-04
4.265371826477348804e-04
4.265166644472628832e-04
4.264960298314690590e-04
4.264752496965229511e-04
4.264543531462550163e-04
4.264333110768347979e-04
4.264121525920927525e-04
4.263909358996897936e-04
4.263695736881345510e-04
4.263480659574270248e-04
4.263264709152281284e-04
4.263046721462160349e-04
4.262828442733734846e-04
4.262608417775481939e-04
4.262386937625706196e-04
4.262164002284407616e-04
4.261940484866499901e-04
4.261715512257069349e-04
4.261488502379506826e-04
4.261260619387030602e-04
4.261030699126422405e-04
4.260800487827509642e-04
4.260567657183855772e-04
4.260334535501897335e-04
4.260098794475197792e-04
4.259861889295279980e-04
4.259624111000448465e-04
4.259385168552398682e-04
4.259142733644694090e-04
4.258900589775294065e-04
4.258656408637762070e-04
4.258411354385316372e-04
4.258163389749825001e-04
4.257914551999419928e-04
4.257663676980882883e-04
4.257411055732518435e-04
4.257157270330935717e-04
4.256902320776134729e-04
4.256644169799983501e-04
4.256385436747223139e-04
4.256124084349721670e-04
4.255861858837306499e-04
4.255597013980150223e-04
4.255330422893166542e-04
4.255062085576355457e-04
4.254792293068021536e-04
4.254520463291555643e-04
4.254246596246957779e-04
4.253970691934227943e-04
4.253692750353366137e-04
4.253412771504372358e-04
4.253130464348942041e-04
4.252847284078598022e-04
4.252560611348599195e-04
4.252272483427077532e-04
4.251982318237423897e-04
4.251690406817942858e-04
4.251395585015416145e-04
4.251099016983062029e-04
4.250800120644271374e-04
4.250498895999044180e-04
4.250195052009075880e-04
4.249888879712671041e-04
4.249580961186438799e-04
4.249269841238856316e-04
4.248956684023141861e-04
4.248640907462686300e-04
4.248323384672403336e-04
4.248002951499074697e-04
4.247679316904395819e-04
4.247353062964975834e-04
4.247025353834033012e-04
4.246694152243435383e-04
4.246360331308096647e-04
4.246023599989712238e-04
4.245684249326586723e-04
4.245342279318720102e-04
4.244997107889503241e-04
4.244649026077240705e-04
4.244298033881932497e-04
4.243944713380187750e-04
4.243587609380483627e-04
4.243227594997733831e-04
4.242864670231938362e-04
4.242498253006488085e-04
4.242128343321382999e-04
4.241756396368145943e-04
4.241379792802035809e-04
4.241000278852880001e-04
4.240617854520678520e-04
4.240231646690517664e-04
4.239841946400702000e-04
4.239448462612926960e-04
4.239051486365497112e-04
4.238650726620107889e-04
4.238247056491672993e-04
4.237838729750365019e-04
4.237426619511097670e-04
4.237011016812175512e-04
4.236590757500380278e-04
4.236167878843843937e-04
4.235739761497825384e-04
4.235308151692152023e-04
4.234871303196996450e-04
4.234431253280490637e-04
4.233986255712807178e-04
4.233537765685468912e-04
4.233083745930343866e-04
4.232626524753868580e-04
4.232162900734692812e-04
4.231695202179253101e-04
4.231223138049244881e-04
4.230746126268059015e-04
4.230264748912304640e-04
4.229777259752154350e-04
4.229285696055740118e-04
4.228788020554929972e-04
4.228286270517855883e-04
4.227778408676385880e-04
4.227265308145433664e-04
4.226746677886694670e-04
4.226222517900168896e-04
4.225692828185856342e-04
4.225156444590538740e-04
4.224615113344043493e-04
4.224067088216543198e-04
4.223514115437865257e-04
4.222954157739877701e-04
4.222388379275798798e-04
4.221815033815801144e-04
4.221236158628016710e-04
4.220650589559227228e-04
4.220058326609432697e-04
4.219459660816937685e-04
4.218853136990219355e-04
4.218239919282495975e-04
4.217618843540549278e-04
4.216991364955902100e-04
4.216355737298727036e-04
4.215713415760546923e-04
4.215063236188143492e-04
4.214404034428298473e-04
4.213737556710839272e-04
4.213063220959156752e-04
4.212379863020032644e-04
4.211688647046685219e-04
4.210988990962505341e-04
4.210280312690883875e-04
4.209563194308429956e-04
4.208835598547011614e-04
4.208099853713065386e-04
4.207354504615068436e-04
4.206599260214716196e-04
4.205834411550313234e-04
4.205059085506945848e-04
4.204275028314441442e-04
4.203479329589754343e-04
4.202674026601016521e-04
4.201857082080096006e-04
4.201029660180211067e-04
4.200191469863057137e-04
4.199341346975415945e-04
4.198480746708810329e-04
4.197607049718499184e-04
4.196722002234309912e-04
4.195824731141328812e-04
4.194914945401251316e-04
4.193991771899163723e-04
4.193056665826588869e-04
4.192107589915394783e-04
4.191145999357104301e-04
4.190169274806976318e-04
4.189179453533142805e-04
4.188175662420690060e-04
4.187157028354704380e-04
4.186123260296881199e-04
4.185075231362134218e-04
4.184010904282331467e-04
4.182932025287300348e-04
4.181835101917386055e-04
4.180723626632243395e-04
4.179594980087131262e-04
4.178449162282049656e-04
4.177286755293607712e-04
4.176105430815368891e-04
4.174907808192074299e-04
4.173690686002373695e-04
4.172454937361180782e-04
4.171199689153581858e-04
4.169925814494490623e-04
4.168632440268993378e-04
4.167318402323871851e-04
4.165983118582516909e-04
4.164628044236451387e-04
4.163249977864325047e-04
4.161850956734269857e-04
4.160429816693067551e-04
4.158985102549195290e-04
4.157518269494175911e-04
4.156027280259877443e-04
4.154513007961213589e-04
4.152972833253443241e-04
4.151408793404698372e-04
4.149818851146847010e-04
4.148203006479889154e-04
4.146560677327215672e-04
4.144891863688826561e-04
4.143195110373198986e-04
4.141469835303723812e-04
4.139717202633619308e-04
4.137935757171362638e-04
4.136124043725430965e-04
4.134282644372433424e-04
4.132410103920847178e-04
4.130506422370672226e-04
4.128572472836822271e-04
4.126605053897947073e-04
4.124605620745569468e-04
4.122572427149862051e-04
4.120505764149129391e-04
4.118404467590153217e-04
4.116268246434628963e-04
4.114097100682556629e-04
4.111889866180717945e-04
4.109645378775894642e-04
4.107364220544695854e-04
4.105045809410512447e-04
4.102688690181821585e-04
4.100293153896927834e-04
4.097859491594135761e-04
4.095385083928704262e-04
4.092870804015547037e-04
4.090315778739750385e-04
4.087720299139618874e-04
4.085082618985325098e-04
4.082404193468391895e-04
4.079683276358991861e-04
4.076918703503906727e-04
4.074111930094659328e-04
4.071262374054640532e-04
4.068368871230632067e-04
4.065431712660938501e-04
4.062450898345559835e-04
4.059424973092973232e-04
4.056355392094701529e-04
4.053241282235831022e-04
4.050083225592970848e-04
4.046880349051207304e-04
4.043632943648844957e-04
4.040341882500797510e-04
4.037006292492151260e-04
4.033626464661210775e-04
4.030203272122889757e-04
4.026737296953797340e-04
4.023227666039019823e-04
4.019676125608384609e-04
4.016082384623587132e-04
4.012447316199541092e-04
4.008771502412855625e-04
4.005055525340139866e-04
4.001300840172916651e-04
3.997507155872881413e-04
3.993676800746470690e-04
3.989810356870293617e-04
3.985908115282654762e-04
3.981971822213381529e-04
3.978002641815692186e-04
3.974001447204500437e-04
3.969971148762851954e-04
3.965910873375833035e-04
3.961823240388184786e-04
3.957710578106343746e-04
3.953572886530309916e-04
3.949412785004824400e-04
3.945232019759714603e-04
3.941031463909894228e-04
3.936813154723495245e-04
3.932579420506954193e-04
3.928331716451793909e-04
3.924072952941060066e-04
3.919802256859838963e-04
3.915522829629480839e-04
3.911237581633031368e-04
3.906946803908795118e-04
3.902653697878122330e-04
3.898358263541013002e-04
3.894063993357121944e-04
3.889771760441362858e-04
3.885483019985258579e-04
3.881199809256941080e-04
3.876923001371324062e-04
3.872656379826366901e-04
3.868398780468851328e-04
3.864152531605213881e-04
3.859919670503586531e-04
3.855700779240578413e-04
3.851497604046016932e-04
3.847310435958206654e-04
3.843141894321888685e-04
3.838991688098758459e-04
3.834861854556947947e-04
3.830752975773066282e-04
3.826665342785418034e-04
3.822600410785526037e-04
3.818558179773390293e-04
3.814540978055447340e-04
3.810548223555088043e-04
3.806580789387226105e-04
3.802639548666775227e-04
3.798724792432039976e-04
3.794835938606411219e-04
3.790974151343107224e-04
3.787141176871955395e-04
3.783335268963128328e-04
3.779557591769844294e-04
3.775809309445321560e-04
3.772089839912950993e-04
3.768399183172732592e-04
3.764737630262970924e-04
3.761106636375188828e-04
3.757505037356168032e-04
3.753932833205908537e-04
3.750390606001019478e-04
3.746878646779805422e-04
3.743396664503961802e-04
3.739945532288402319e-04
3.736524668056517839e-04
3.733134362846612930e-04
3.729774034582078457e-04
3.726443683262914419e-04
3.723145055118948221e-04
3.719875821843743324e-04
3.716637729667127132e-04
3.713429905474185944e-04
3.710252640303224325e-04
3.707106225192546844e-04
3.703988913912326097e-04
