5.739969201385974884e-04
5.739949992857873440e-04
5.739931948482990265e-04
5.739915068261325359e-04
5.739897023886442184e-04
5.739878397434949875e-04
5.739860935136675835e-04
5.739843472838401794e-04
5.739825428463518620e-04
5.739807384088635445e-04
5.739788757637143135e-04
5.739771877415478230e-04
5.739753833040595055e-04
5.739736370742321014e-04
5.739718326367437840e-04
5.739700864069163799e-04
5.739682237617671490e-04
5.739664775319397449e-04
5.739646730944514275e-04
5.739629268646240234e-04
5.739611224271357059e-04
5.739593761973083019e-04
5.739575135521590710e-04
5.739558255299925804e-04
5.739540793001651764e-04
5.739522748626768589e-04
5.739504704251885414e-04
5.739486659877002239e-04
5.739469197578728199e-04
5.739451153203845024e-04
5.739433108828961849e-04
5.739415064454078674e-04
5.739398184232413769e-04
5.739380139857530594e-04
5.739363259635865688e-04
5.739343469031155109e-04
5.739326588809490204e-04
5.739308544434607029e-04
5.739291082136332989e-04
5.739273619838058949e-04
5.739254993386566639e-04
5.739237531088292599e-04
5.739220068790018559e-04
5.739202606491744518e-04
5.739183397963643074e-04
5.739165935665369034e-04
5.739147891290485859e-04
5.739131011068820953e-04
5.739113548770546913e-04
5.739095504395663738e-04
5.739077460020780563e-04
5.739059997722506523e-04
5.739041953347623348e-04
5.739023908972740173e-04
5.739005864597856998e-04
5.738987820222973824e-04
5.738970940001308918e-04
5.738953477703034878e-04
5.738934269174933434e-04
5.738917388953268528e-04
5.738899926654994488e-04
5.738881882280111313e-04
5.738863837905228138e-04
5.738845793530344963e-04
5.738827749155461788e-04
5.738810286857187748e-04
5.738792824558913708e-04
5.738775944337248802e-04
5.738757899962365627e-04
5.738739855587482452e-04
5.738721811212599277e-04
5.738703766837716103e-04
5.738686304539442062e-04
5.738667678087949753e-04
5.738650215789675713e-04
5.738633335568010807e-04
5.738615291193127632e-04
5.738596664741635323e-04
5.738579784519970417e-04
5.738561740145087242e-04
5.738544277846813202e-04
5.738526233471930027e-04
5.738509353250265121e-04
5.738491308875381947e-04
5.738472682423889637e-04
5.738455220125615597e-04
5.738438339903950691e-04
5.738420295529067516e-04
5.738402251154184341e-04
5.738384206779301167e-04
5.738366162404417992e-04
5.738348700106143951e-04
5.738330073654651642e-04
5.738313193432986736e-04
5.738295731134712696e-04
5.738277686759829521e-04
5.738260224461555481e-04
5.738242180086672306e-04
5.738224717788398266e-04
5.738206673413515091e-04
5.738188629038631916e-04
5.738171748816967010e-04
5.738153704442083836e-04
5.738136242143809795e-04
5.738118197768926620e-04
5.738100735470652580e-04
5.738082691095769405e-04
5.738064646720886230e-04
5.738047766499221325e-04
5.738029140047729015e-04
5.738011095672845840e-04
5.737993051297962666e-04
5.737975588999688625e-04
5.737958126701414585e-04
5.737940664403140545e-04
5.737922620028257370e-04
5.737905739806592464e-04
5.737887113355100155e-04
5.737869068980216980e-04
5.737851024605333805e-04
5.737834144383668900e-04
5.737816100008785725e-04
5.737798637710511684e-04
5.737780593335628510e-04
5.737763131037354469e-04
5.737745086662471294e-04
5.737727624364197254e-04
5.737710162065923214e-04
5.737692117691040039e-04
5.737674655392765999e-04
5.737656611017882824e-04
5.737639148719608784e-04
5.737621104344725609e-04
5.737604224123060703e-04
5.737586179748177528e-04
5.737568135373294353e-04
5.737550673075020313e-04
5.737532628700137138e-04
5.737515166401863098e-04
5.737497122026979923e-04
5.737479077652096748e-04
5.737461033277213573e-04
5.737444153055548668e-04
5.737425526604056358e-04
5.737407482229173183e-04
5.737390602007508278e-04
5.737373139709234238e-04
5.737355677410960197e-04
5.737338215112686157e-04
5.737319588661193848e-04
5.737302126362919807e-04
5.737284664064645767e-04
5.737267783842980862e-04
5.737249739468097687e-04
5.737231695093214512e-04
5.737214232794940472e-04
5.737196188420057297e-04
5.737178726121783257e-04
5.737161845900118351e-04
5.737142637372016907e-04
5.737125175073742867e-04
5.737108294852077961e-04
5.737090250477194786e-04
5.737072206102311611e-04
5.737054161727428436e-04
5.737036117352545261e-04
5.737019819207489491e-04
5.737001192755997181e-04
5.736983148381114006e-04
5.736965686082839966e-04
5.736948223784565926e-04
5.736930761486291885e-04
5.736912717111408710e-04
5.736895836889743805e-04
5.736877210438251495e-04
5.736860330216586590e-04
5.736842867918312550e-04
5.736824241466820240e-04
5.736806779168546200e-04
5.736788734793663025e-04
5.736771854571998119e-04
5.736753228120505810e-04
5.736735765822231770e-04
5.736718303523957729e-04
5.736700259149074554e-04
5.736682796850800514e-04
5.736665334552526474e-04
5.736647290177643299e-04
5.736629245802760124e-04
5.736611783504486084e-04
5.736594903282821178e-04
5.736576858907938004e-04
5.736559396609663963e-04
5.736541934311389923e-04
5.736523889936506748e-04
5.736505845561623573e-04
5.736488965339958668e-04
5.736470920965075493e-04
5.736452294513583183e-04
5.736434832215309143e-04
5.736418534070253372e-04
5.736400489695370197e-04
5.736381863243877888e-04
5.736364400945603848e-04
5.736346356570720673e-04
5.736328894272446632e-04
5.736312596127390862e-04
5.736293969675898552e-04
5.736276507377624512e-04
5.736259627155959606e-04
5.736241582781076431e-04
5.736223538406193256e-04
5.736205494031310081e-04
5.736188613809645176e-04
5.736169987358152866e-04
5.736152525059878826e-04
5.736135644838213921e-04
5.736117018386721611e-04
5.736099556088447571e-04
5.736082093790173531e-04
5.736064049415290356e-04
5.736046587117016315e-04
5.736028542742133141e-04
5.736011662520468235e-04
5.735993618145585060e-04
5.735976155847311020e-04
5.735959275625646114e-04
5.735940649174153805e-04
5.735923768952488899e-04
5.735905724577605724e-04
5.735887680202722549e-04
5.735870217904448509e-04
5.735853337682783604e-04
5.735835293307900429e-04
5.735816666856408119e-04
5.735799786634743214e-04
5.735782906413078308e-04
5.735764279961585999e-04
5.735746817663311958e-04
5.735728773288428783e-04
5.735711310990154743e-04
5.735693848691880703e-04
5.735675804316997528e-04
5.735658342018723488e-04
5.735640879720449448e-04
5.735624581575393677e-04
5.735605955123901367e-04
5.735587910749018192e-04
5.735570448450744152e-04
5.735552986152470112e-04
5.735535523854196072e-04
5.735517479479312897e-04
5.735500599257647991e-04
5.735482554882764816e-04
5.735465092584490776e-04
5.735448212362825871e-04
5.735429585911333561e-04
5.735412123613059521e-04
5.735394661314785480e-04
5.735377199016511440e-04
5.735359736718237400e-04
5.735341692343354225e-04
5.735323647968471050e-04
5.735306767746806145e-04
5.735289305448532104e-04
5.735271261073648930e-04
5.735253216698765755e-04
5.735236336477100849e-04
5.735218292102217674e-04
5.735200829803943634e-04
5.735182785429060459e-04
5.735165323130786419e-04
5.735148442909121513e-04
5.735130398534238338e-04
5.735112936235964298e-04
5.735094891861081123e-04
5.735078011639416218e-04
5.735060549341142178e-04
5.735042504966259003e-04
5.735024460591375828e-04
5.735006998293101788e-04
5.734990118071436882e-04
5.734972073696553707e-04
5.734954611398279667e-04
5.734936567023396492e-04
5.734919104725122452e-04
5.734901642426848412e-04
5.734883598051965237e-04
5.734867299906909466e-04
5.734849255532026291e-04
5.734831211157143116e-04
5.734813748858869076e-04
5.734795704483985901e-04
5.734778242185711861e-04
5.734760779887437820e-04
5.734743317589163780e-04
5.734725855290889740e-04
5.734708392992615700e-04
5.734689766541123390e-04
5.734672304242849350e-04
5.734655424021184444e-04
5.734637379646301270e-04
5.734619335271418095e-04
5.734602455049753189e-04
5.734584992751479149e-04
5.734567530453205109e-04
5.734550068154931068e-04
5.734532023780047894e-04
5.734514561481773853e-04
5.734497099183499813e-04
5.734479636885225773e-04
5.734461592510342598e-04
5.734444712288677692e-04
5.734426667913794518e-04
5.734409205615520477e-04
5.734391743317246437e-04
5.734374281018972397e-04
5.734356236644089222e-04
5.734338774345815182e-04
5.734321312047541142e-04
5.734303267672657967e-04
5.734286387450993061e-04
5.734268343076109886e-04
5.734250880777835846e-04
5.734234582632780075e-04
5.734216538257896900e-04
5.734198493883013725e-04
5.734180449508130550e-04
5.734162987209856510e-04
5.734146106988191605e-04
5.734128062613308430e-04
5.734110600315034389e-04
5.734092555940151215e-04
5.734075675718486309e-04
5.734057631343603134e-04
5.734040169045329094e-04
5.734023288823664188e-04
5.734005244448781013e-04
5.733987782150506973e-04
5.733970319852232933e-04
5.733952275477349758e-04
5.733934813179075718e-04
5.733916186727583408e-04
5.733899306505918503e-04
5.733881844207644463e-04
5.733864963985979557e-04
5.733846919611096382e-04
5.733829457312822342e-04
5.733811995014548302e-04
5.733794532716274261e-04
5.733777652494609356e-04
5.733759608119726181e-04
5.733741563744843006e-04
5.733724683523178101e-04
5.733706639148294926e-04
5.733689176850020885e-04
5.733672296628355980e-04
5.733654252253472805e-04
5.733636789955198765e-04
5.733619327656924725e-04
5.733601283282041550e-04
5.733584403060376644e-04
5.733566940762102604e-04
5.733548896387219429e-04
5.733531434088945389e-04
5.733513971790671349e-04
5.733496509492397308e-04
5.733478465117514133e-04
5.733462166972458363e-04
5.733444122597575188e-04
5.733426078222692013e-04
5.733409198001027107e-04
5.733390571549534798e-04
5.733374273404479027e-04
5.733356229029595852e-04
5.733339348807930946e-04
5.733321304433047771e-04
5.733303842134773731e-04
5.733286961913108826e-04
5.733268917538225651e-04
5.733251455239951611e-04
5.733233992941677570e-04
5.733216530643403530e-04
5.733199068345129490e-04
5.733182188123464584e-04
5.733163561671972275e-04
5.733145517297089100e-04
5.733128637075424194e-04
5.733111174777150154e-04
5.733093130402266979e-04
5.733076250180602074e-04
5.733058787882328033e-04
5.733040743507444859e-04
5.733023863285779953e-04
5.733005818910896778e-04
5.732988356612622738e-04
5.732971476390957832e-04
5.732952849939465523e-04
5.732935969717800617e-04
5.732918507419526577e-04
5.732900463044643402e-04
5.732884164899587631e-04
5.732865538448095322e-04
5.732848076149821281e-04
5.732830613851547241e-04
5.732813733629882336e-04
5.732795689254999161e-04
5.732778809033334255e-04
5.732760182581841946e-04
5.732743302360177040e-04
5.732725840061903000e-04
5.732707795687019825e-04
5.732691497541964054e-04
5.732672871090471745e-04
5.732655990868806839e-04
5.732639110647141933e-04
5.732621066272258759e-04
5.732602439820766449e-04
5.732586141675710678e-04
5.732567515224218369e-04
5.732550635002553463e-04
5.732533172704279423e-04
5.732515710406005383e-04
5.732498248107731342e-04
5.732480785809457302e-04
5.732463323511183262e-04
5.732445861212909222e-04
5.732427816838026047e-04
5.732410354539752007e-04
5.732393474318087101e-04
5.732375429943203926e-04
5.732357967644929886e-04
5.732340505346655846e-04
5.732322460971772671e-04
5.732306744903326035e-04
5.732288118451833725e-04
5.732270074076950550e-04
5.732253193855285645e-04
5.732235731557011604e-04
5.732218851335346699e-04
5.732201389037072659e-04
5.732183926738798618e-04
5.732166464440524578e-04
5.732149002142250538e-04
5.732131539843976498e-04
5.732114077545702457e-04
5.732096615247428417e-04
5.732079152949154377e-04
5.732060526497662067e-04
5.732044228352606297e-04
5.732026766054332256e-04
5.732009303756058216e-04
5.731991841457784176e-04
5.731973797082901001e-04
5.731956334784626961e-04
5.731938290409743786e-04
5.731921410188078880e-04
5.731905112043023109e-04
5.731887067668139935e-04
5.731869605369865894e-04
5.731852725148200989e-04
5.731834680773317814e-04
5.731817800551652908e-04
5.731800338253378868e-04
5.731782293878495693e-04
5.731765413656830788e-04
5.731747369281947613e-04
5.731730489060282707e-04
5.731712444685399532e-04
5.731694982387125492e-04
5.731677520088851452e-04
5.731660057790577412e-04
5.731642595492303371e-04
5.731625715270638466e-04
5.731608252972364426e-04
5.731590208597481251e-04
5.731573328375816345e-04
5.731556448154151440e-04
5.731538403779268265e-04
5.731520941480994225e-04
5.731503479182720184e-04
5.731486016884446144e-04
5.731468554586172104e-04
5.731449928134679794e-04
5.731433629989624023e-04
5.731416167691349983e-04
5.731398705393075943e-04
5.731381243094801903e-04
5.731363780796527863e-04
5.731345736421644688e-04
5.731328274123370647e-04
5.731310811825096607e-04
5.731293931603431702e-04
5.731276469305157661e-04
5.731259589083492756e-04
5.731240962632000446e-04
5.731224082410335541e-04
5.731206620112061501e-04
5.731189739890396595e-04
5.731172277592122555e-04
