6.745182326994836330e-04
6.745163700543344021e-04
6.745145074091851711e-04
6.745127611793577671e-04
6.745110731571912766e-04
6.745092687197029591e-04
6.745074060745537281e-04
6.745056598447263241e-04
6.745037971995770931e-04
6.745021091774106026e-04
6.745002465322613716e-04
6.744985003024339676e-04
6.744966958649456501e-04
6.744948914274573326e-04
6.744930287823081017e-04
6.744912825524806976e-04
6.744894781149923801e-04
6.744877900928258896e-04
6.744859856553375721e-04
6.744842394255101681e-04
6.744824349880218506e-04
6.744805723428726196e-04
6.744788843207061291e-04
6.744770798832178116e-04
6.744752172380685806e-04
6.744735292159020901e-04
6.744717247784137726e-04
6.744700367562472820e-04
6.744681159034371376e-04
6.744663696736097336e-04
6.744646816514432430e-04
6.744628772139549255e-04
6.744610145688056946e-04
6.744592683389782906e-04
6.744575221091508865e-04
6.744557176716625690e-04
6.744538550265133381e-04
6.744521087966859341e-04
6.744503625668585300e-04
6.744485581293702126e-04
6.744467536918818951e-04
6.744450074620544910e-04
6.744433194398880005e-04
6.744414567947387695e-04
6.744397105649113655e-04
6.744380225427448750e-04
6.744361016899347305e-04
6.744343554601073265e-04
6.744325510226190090e-04
6.744308630004525185e-04
6.744290585629642010e-04
6.744271959178149700e-04
6.744254496879875660e-04
6.744237616658210754e-04
6.744219572283327579e-04
6.744200945831835270e-04
6.744182901456952095e-04
6.744165439158678055e-04
6.744147976860404015e-04
6.744129932485520840e-04
6.744111306034028530e-04
6.744095007888972759e-04
6.744076963514089584e-04
6.744058919139206409e-04
6.744041456840932369e-04
6.744023412466049194e-04
6.744005950167775154e-04
6.743987323716282845e-04
6.743970443494617939e-04
6.743952399119734764e-04
6.743934354744851589e-04
6.743916310369968414e-04
6.743898848071694374e-04
6.743881385773420334e-04
6.743863341398537159e-04
6.743845879100263119e-04
6.743827834725379944e-04
6.743809790350496769e-04
6.743792328052222729e-04
6.743774283677339554e-04
6.743756821379065514e-04
6.743738777004182339e-04
6.743720732629299164e-04
6.743703852407634258e-04
6.743685808032751083e-04
6.743668345734477043e-04
6.743650883436203003e-04
6.743632839061319828e-04
6.743614212609827518e-04
6.743596750311553478e-04
6.743579870089888573e-04
6.743561825715005398e-04
6.743543781340122223e-04
6.743525736965239048e-04
6.743508274666965008e-04
6.743490230292081833e-04
6.743472185917198658e-04
6.743454141542315483e-04
6.743437261320650578e-04
6.743419216945767403e-04
6.743401754647493362e-04
6.743383128196001053e-04
6.743365083821117878e-04
6.743348203599452972e-04
6.743330741301178932e-04
6.743313279002904892e-04
6.743294652551412582e-04
6.743277190253138542e-04
6.743259727954864502e-04
6.743242265656590462e-04
6.743224803358316422e-04
6.743206176906824112e-04
6.743188132531940937e-04
6.743170670233666897e-04
6.743153790012001991e-04
6.743135163560509682e-04
6.743117119185626507e-04
6.743099074810743332e-04
6.743082194589078426e-04
6.743064150214195251e-04
6.743047269992530346e-04
6.743028643541038036e-04
6.743011763319373131e-04
6.742993136867880821e-04
6.742975674569606781e-04
6.742957630194723606e-04
6.742940167896449566e-04
6.742922123521566391e-04
6.742905243299901485e-04
6.742887781001627445e-04
6.742868572473526001e-04
6.742851110175251961e-04
6.742833065800368786e-04
6.742816185578703880e-04
6.742798141203820705e-04
6.742780678905546665e-04
6.742763798683881760e-04
6.742744590155780315e-04
6.742727709934115410e-04
6.742709665559232235e-04
6.742691621184349060e-04
6.742674158886075020e-04
6.742655532434582710e-04
6.742638652212917805e-04
6.742621189914643764e-04
6.742603145539760590e-04
6.742585101164877415e-04
6.742568220943212509e-04
6.742550758644938469e-04
6.742531550116837025e-04
6.742514669895172119e-04
6.742497207596898079e-04
6.742478581145405769e-04
6.742461118847131729e-04
6.742444238625466824e-04
6.742427358403801918e-04
6.742408149875700474e-04
6.742390687577426434e-04
6.742373225279152393e-04
6.742355180904269218e-04
6.742338882759213448e-04
6.742320256307721138e-04
6.742302211932837963e-04
6.742283585481345654e-04
6.742266705259680748e-04
6.742249242961406708e-04
6.742231198586523533e-04
6.742214318364858627e-04
6.742196273989975452e-04
6.742178229615092278e-04
6.742160767316818237e-04
6.742141558788716793e-04
6.742124678567051888e-04
6.742107216268777847e-04
6.742089171893894672e-04
6.742072291672229767e-04
6.742054247297346592e-04
6.742036202922463417e-04
6.742018740624189377e-04
6.742000696249306202e-04
6.741983816027641296e-04
6.741965189576148987e-04
6.741948891431093216e-04
6.741930264979600906e-04
6.741911638528108597e-04
6.741895340383052826e-04
6.741877296008169651e-04
6.741858669556677341e-04
6.741842371411621571e-04
6.741824327036738396e-04
6.741806282661855221e-04
6.741789984516799450e-04
6.741771940141916275e-04
6.741753313690423965e-04
6.741736433468759060e-04
6.741718971170485020e-04
6.741700926795601845e-04
6.741682882420718670e-04
6.741666002199053764e-04
6.741647957824170589e-04
6.741629331372678280e-04
6.741611286997795105e-04
6.741594988852739334e-04
6.741576362401247025e-04
6.741558900102972984e-04
6.741541437804698944e-04
6.741523975506424904e-04
6.741505931131541729e-04
6.741489050909876823e-04
6.741471006534993649e-04
6.741452962160110474e-04
6.741435499861836433e-04
6.741417455486953259e-04
6.741399411112070084e-04
6.741382530890405178e-04
6.741364486515522003e-04
6.741347024217247963e-04
6.741329561918973923e-04
6.741311517544090748e-04
6.741294637322425842e-04
6.741276010870933533e-04
6.741257384419441223e-04
6.741240504197776318e-04
6.741223041899502277e-04
6.741204997524619102e-04
6.741188117302954197e-04
6.741170072928071022e-04
6.741153774783015251e-04
6.741135730408132076e-04
6.741117686033248901e-04
6.741099641658365726e-04
6.741081015206873417e-04
6.741065299138426781e-04
6.741046672686934471e-04
6.741029210388660431e-04
6.741011748090386391e-04
6.740994285792112350e-04
6.740975659340620041e-04
6.740959361195564270e-04
6.740940734744071960e-04
6.740922690369188786e-04
6.740904645994305611e-04
6.740888347849249840e-04
6.740870303474366665e-04
6.740852259099483490e-04
6.740835378877818584e-04
6.740817334502935410e-04
6.740799872204661369e-04
6.740781245753169060e-04
6.740764365531504154e-04
6.740745739080011845e-04
6.740728858858346939e-04
6.740711978636682034e-04
6.740693934261798859e-04
6.740675889886915684e-04
6.740659009665250778e-04
6.740640965290367603e-04
6.740624085068702698e-04
6.740607204847037792e-04
6.740587996318936348e-04
6.740570534020662308e-04
6.740553071722388268e-04
6.740535027347505093e-04
6.740516982972621918e-04
6.740499520674347878e-04
6.740482058376073837e-04
6.740464014001190662e-04
6.740447133779525757e-04
6.740429089404642582e-04
6.740411627106368542e-04
6.740394746884703636e-04
6.740376120433211327e-04
6.740359240211546421e-04
6.740341777913272381e-04
6.740323151461780071e-04
6.740305689163506031e-04
6.740288226865231991e-04
6.740271346643567085e-04
6.740252720192074776e-04
6.740235257893800735e-04
6.740218377672135830e-04
6.740200333297252655e-04
6.740183453075587749e-04
6.740165990777313709e-04
6.740147946402430534e-04
6.740131066180765629e-04
6.740112439729273319e-04
6.740094977430999279e-04
6.740076350979506969e-04
6.740060052834451199e-04
6.740042008459568024e-04
6.740023964084684849e-04
6.740007665939629078e-04
6.739989621564745903e-04
6.739970995113253593e-04
6.739954696968197823e-04
6.739936652593314648e-04
6.739919190295040607e-04
6.739901727996766567e-04
6.739883101545274258e-04
6.739865639247000217e-04
6.739847594872117043e-04
6.739830714650452137e-04
6.739812670275568962e-04
6.739795790053904057e-04
6.739777745679020882e-04
6.739760283380746841e-04
6.739742821082472801e-04
6.739724776707589626e-04
6.739707314409315586e-04
6.739690434187650681e-04
6.739672389812767506e-04
6.739654345437884331e-04
6.739636883139610291e-04
6.739620002917945385e-04
6.739602540619671345e-04
6.739584496244788170e-04
6.739567033946514130e-04
6.739548989571630955e-04
6.739532109349966049e-04
6.739514064975082874e-04
6.739496602676808834e-04
6.739479140378534794e-04
6.739461678080260754e-04
6.739443633705377579e-04
6.739426171407103539e-04
6.739408127032220364e-04
6.739390082657337189e-04
6.739373784512281418e-04
6.739355158060789108e-04
6.739338277839124203e-04
6.739320233464241028e-04
6.739302771165966988e-04
6.739285308867692947e-04
6.739268428646028042e-04
6.739250384271144867e-04
6.739232339896261692e-04
6.739214877597987652e-04
6.739197415299713612e-04
6.739179370924830437e-04
6.739162490703165531e-04
6.739145028404891491e-04
6.739127566106617451e-04
6.739110685884952545e-04
6.739091477356851101e-04
6.739075179211795330e-04
6.739057716913521290e-04
6.739039672538638115e-04
6.739021046087145805e-04
6.739004165865480900e-04
6.738986703567206860e-04
6.738969823345541954e-04
6.738951778970658779e-04
6.738934316672384739e-04
6.738916272297501564e-04
6.738898809999227524e-04
6.738881347700953484e-04
6.738864467479288578e-04
6.738847005181014538e-04
6.738828378729522228e-04
6.738811498507857323e-04
6.738794036209583282e-04
6.738775991834700108e-04
6.738758529536426067e-04
6.738741067238152027e-04
6.738723604939877987e-04
6.738706724718213081e-04
6.738688680343329906e-04
6.738670635968446732e-04
6.738653173670172691e-04
6.738636293448507786e-04
6.738617666997015476e-04
6.738600786775350571e-04
6.738582742400467396e-04
6.738565280102193356e-04
6.738547817803919315e-04
6.738530355505645275e-04
6.738513475283980370e-04
6.738496012985706329e-04
6.738477968610823154e-04
6.738460506312549114e-04
6.738442461937665939e-04
6.738426163792610168e-04
6.738408119417726994e-04
6.738390075042843819e-04
6.738372612744569778e-04
6.738353986293077469e-04
6.738337106071412563e-04
6.738319061696529388e-04
6.738302763551473618e-04
6.738284137099981308e-04
6.738267256878316402e-04
6.738249794580042362e-04
6.738231750205159187e-04
6.738214287906885147e-04
6.738197989761829376e-04
6.738179363310337067e-04
6.738161901012063026e-04
6.738145020790398121e-04
6.738126976415514946e-04
6.738109514117240906e-04
6.738092633895576000e-04
6.738074589520692825e-04
6.738057709299027920e-04
6.738039664924144745e-04
6.738021620549261570e-04
6.738004158250987530e-04
6.737987278029322624e-04
6.737969233654439449e-04
6.737952353432774544e-04
6.737934309057891369e-04
6.737916846759617329e-04
6.737899966537952423e-04
6.737881922163069248e-04
6.737863877788186073e-04
6.737846415489912033e-04
6.737830117344856262e-04
6.737812072969973087e-04
6.737794610671699047e-04
6.737777730450034142e-04
6.737759686075150967e-04
6.737741641700267792e-04
6.737723597325384617e-04
6.737706717103719711e-04
6.737689254805445671e-04
6.737671210430562496e-04
6.737654912285506725e-04
6.737636867910623550e-04
6.737619405612349510e-04
6.737601943314075470e-04
6.737583898939192295e-04
6.737566436640918255e-04
6.737549556419253349e-04
6.737532094120979309e-04
6.737514631822705269e-04
6.737497169524431229e-04
6.737480871379375458e-04
6.737461662851274014e-04
6.737444200552999973e-04
6.737426156178116798e-04
6.737409858033061028e-04
6.737391813658177853e-04
6.737375515513122082e-04
6.737356889061629772e-04
6.737339426763355732e-04
6.737321964465081692e-04
6.737304502166807652e-04
6.737287039868533611e-04
6.737270159646868706e-04
6.737252115271985531e-04
6.737234070897102356e-04
6.737217190675437450e-04
6.737200310453772545e-04
6.737182266078889370e-04
6.737165385857224464e-04
6.737147341482341290e-04
6.737129879184067249e-04
6.737112416885793209e-04
6.737095536664128304e-04
6.737077492289245129e-04
6.737060029990971088e-04
6.737042567692697048e-04
6.737025105394423008e-04
6.737007061019539833e-04
6.736989598721265793e-04
6.736972718499600887e-04
6.736955256201326847e-04
6.736937793903052807e-04
6.736919167451560497e-04
6.736902869306504726e-04
6.736884824931621552e-04
6.736868526786565781e-04
6.736850482411682606e-04
6.736831855960190296e-04
6.736814975738525391e-04
6.736797513440251350e-04
6.736779469065368176e-04
6.736762588843703270e-04
6.736745708622038364e-04
6.736727664247155190e-04
6.736710784025490284e-04
6.736693321727216244e-04
6.736675277352333069e-04
6.736657815054059029e-04
6.736640934832394123e-04
6.736624054610729218e-04
6.736605428159236908e-04
6.736587383784353733e-04
6.736571085639297962e-04
6.736553623341023922e-04
6.736536161042749882e-04
6.736518698744475842e-04
6.736501236446201801e-04
6.736483774147927761e-04
6.736466893926262856e-04
6.736448849551379681e-04
6.736431387253105640e-04
6.736413924954831600e-04
6.736395880579948425e-04
6.736378418281674385e-04
