6.761901895515620708e-04
6.761884433217346668e-04
6.761865806765854359e-04
6.761847762390971184e-04
6.761829135939478874e-04
6.761810509487986565e-04
6.761792465113103390e-04
6.761775002814829350e-04
6.761755794286727905e-04
6.761737749911844730e-04
6.761718541383743286e-04
6.761700497008860111e-04
6.761682452633976936e-04
6.761664408259093761e-04
6.761645781807601452e-04
6.761627737432718277e-04
6.761608528904616833e-04
6.761591066606342793e-04
6.761572440154850483e-04
6.761553813703358173e-04
6.761535769328474998e-04
6.761517142876982689e-04
6.761498516425490379e-04
6.761480472050607204e-04
6.761462427675724030e-04
6.761443801224231720e-04
6.761425756849348545e-04
6.761407712474465370e-04
6.761388503946363926e-04
6.761371623724699020e-04
6.761352415196597576e-04
6.761334370821714401e-04
6.761315744370222092e-04
6.761297699995338917e-04
6.761279655620455742e-04
6.761259865015745163e-04
6.761243566870689392e-04
6.761224358342587948e-04
6.761205149814486504e-04
6.761188269592821598e-04
6.761169061064720154e-04
6.761151016689836979e-04
6.761132390238344669e-04
6.761114345863461494e-04
6.761095719411969185e-04
6.761077092960476875e-04
6.761059048585593700e-04
6.761041004210710526e-04
6.761022377759218216e-04
6.761003751307725906e-04
6.760985124856233597e-04
6.760967080481350422e-04
6.760949036106467247e-04
6.760931573808193207e-04
6.760912365280091763e-04
6.760894320905208588e-04
6.760877440683543682e-04
6.760858232155442238e-04
6.760840187780559063e-04
6.760821561329066753e-04
6.760803516954183578e-04
6.760784890502691269e-04
6.760766264051198959e-04
6.760748219676315784e-04
6.760729593224823475e-04
6.760712130926549435e-04
6.760692922398447990e-04
6.760675460100173950e-04
6.760656833648681641e-04
6.760638789273798466e-04
6.760620744898915291e-04
6.760602118447422981e-04
6.760582327842712402e-04
6.760566029697656631e-04
6.760547403246164322e-04
6.760528776794672012e-04
6.760509568266570568e-04
6.760492105968296528e-04
6.760474061593413353e-04
6.760454853065311909e-04
6.760437390767037868e-04
6.760419346392154694e-04
6.760401884093880653e-04
6.760382675565779209e-04
6.760364631190896034e-04
6.760346586816012859e-04
6.760328542441129684e-04
6.760309915989637375e-04
6.760291289538145065e-04
6.760273245163261890e-04
6.760254036635160446e-04
6.760235992260277271e-04
6.760217947885394096e-04
6.760199321433901787e-04
6.760181277059018612e-04
6.760163814760744572e-04
6.760144024156033993e-04
6.760125979781150818e-04
6.760107935406267643e-04
6.760089308954775333e-04
6.760072428733110428e-04
6.760053802281618118e-04
6.760035175830125809e-04
6.760017131455242634e-04
6.759999087080359459e-04
6.759980460628867149e-04
6.759962416253983974e-04
6.759943789802491665e-04
6.759925745427608490e-04
6.759908283129334450e-04
6.759888492524623871e-04
6.759871030226349831e-04
6.759851821698248386e-04
6.759834359399974346e-04
6.759816897101700306e-04
6.759798270650207996e-04
6.759779644198715687e-04
6.759761599823832512e-04
6.759742973372340202e-04
6.759723764844238758e-04
6.759706302545964718e-04
6.759688258171081543e-04
6.759670213796198368e-04
6.759651005268096924e-04
6.759632960893213749e-04
6.759616080671548843e-04
6.759596872143447399e-04
6.759579409845173359e-04
6.759560201317071915e-04
6.759542739018797874e-04
6.759525276720523834e-04
6.759506068192422390e-04
6.759488023817539215e-04
6.759469397366046906e-04
6.759451352991163731e-04
6.759433308616280556e-04
6.759415846318006516e-04
6.759397219866514206e-04
6.759379175491631031e-04
6.759360549040138721e-04
6.759341340512037277e-04
6.759323878213763237e-04
6.759304669685661793e-04
6.759286625310778618e-04
6.759268580935895443e-04
6.759249954484403133e-04
6.759232492186129093e-04
6.759213865734636784e-04
6.759196403436362743e-04
6.759177776984870434e-04
6.759159732609987259e-04
6.759141106158494949e-04
6.759123061783611774e-04
6.759104435332119465e-04
6.759086390957236290e-04
6.759067764505743980e-04
6.759049720130860806e-04
6.759031675755977631e-04
6.759013631381094456e-04
6.758994422852993011e-04
6.758976378478109837e-04
6.758958916179835796e-04
6.758940871804952621e-04
6.758922245353460312e-04
6.758904200978577137e-04
6.758886156603693962e-04
6.758868112228810787e-04
6.758849485777318478e-04
6.758830859325826168e-04
6.758813397027552128e-04
6.758794770576059818e-04
6.758776726201176643e-04
6.758758681826293468e-04
6.758740637451410294e-04
6.758722010999917984e-04
6.758702802471816540e-04
6.758685340173542500e-04
6.758667877875268459e-04
6.758650415576994419e-04
6.758630624972283840e-04
6.758613744750618935e-04
6.758595118299126625e-04
6.758577073924243450e-04
6.758557865396142006e-04
6.758540403097867966e-04
6.758521776646375656e-04
6.758503150194883347e-04
6.758485105820000172e-04
6.758466479368507862e-04
6.758449017070233822e-04
6.758430390618741512e-04
6.758412346243858337e-04
6.758394883945584297e-04
6.758375675417482853e-04
6.758358213119208813e-04
6.758339004591107368e-04
6.758321542292833328e-04
6.758303497917950153e-04
6.758286035619676113e-04
6.758266827091574669e-04
6.758248782716691494e-04
6.758230156265199184e-04
6.758211529813706875e-04
6.758194067515432835e-04
6.758176023140549660e-04
6.758157978765666485e-04
6.758139352314174175e-04
6.758120725862681866e-04
6.758103263564407825e-04
6.758085801266133785e-04
6.758067174814641476e-04
6.758048548363149166e-04
6.758031086064875126e-04
6.758013041689991951e-04
6.757994415238499641e-04
6.757975788787007332e-04
6.757957744412124157e-04
6.757939700037240982e-04
6.757920491509139538e-04
6.757903029210865498e-04
6.757884402759373188e-04
6.757867522537708282e-04
6.757849478162825108e-04
6.757830269634723663e-04
6.757812225259840488e-04
6.757794180884957314e-04
6.757776718586683273e-04
6.757757510058581829e-04
6.757740629836916924e-04
6.757721421308815479e-04
6.757703959010541439e-04
6.757685914635658264e-04
6.757667288184165955e-04
6.757649825885891914e-04
6.757630617357790470e-04
6.757611990906298161e-04
6.757595110684633255e-04
6.757575902156531811e-04
6.757557857781648636e-04
6.757540395483374596e-04
6.757522351108491421e-04
6.757504306733608246e-04
6.757485680282115936e-04
6.757467053830623627e-04
6.757449591532349586e-04
6.757431547157466412e-04
6.757412920705974102e-04
6.757394294254481792e-04
6.757376831956207752e-04
6.757358787581324577e-04
6.757340743206441402e-04
6.757322116754949093e-04
6.757304072380065918e-04
6.757286028005182743e-04
6.757267983630299568e-04
6.757249357178807259e-04
6.757232476957142353e-04
6.757213850505650043e-04
6.757195224054157734e-04
6.757176597602665424e-04
6.757158553227782249e-04
6.757141090929508209e-04
6.757122464478015900e-04
6.757104420103132725e-04
6.757086375728249550e-04
6.757068913429975510e-04
6.757050286978483200e-04
6.757032242603600025e-04
6.757014780305325985e-04
6.756996153853833675e-04
6.756976945325732231e-04
6.756958900950849056e-04
6.756942020729184151e-04
6.756922812201082706e-04
6.756905931979417801e-04
6.756886723451316357e-04
6.756868096999824047e-04
6.756850634701550007e-04
6.756833754479885101e-04
6.756815128028392792e-04
6.756797083653509617e-04
6.756778457202017307e-04
6.756759830750524998e-04
6.756741786375641823e-04
6.756723159924149513e-04
6.756706279702484608e-04
6.756688235327601433e-04
6.756669608876109123e-04
6.756652146577835083e-04
6.756633520126342773e-04
6.756616639904677868e-04
6.756598013453185558e-04
6.756578804925084114e-04
6.756560760550200939e-04
6.756542716175317764e-04
6.756525253877043724e-04
6.756507209502160549e-04
6.756488583050668240e-04
6.756471120752394199e-04
6.756452494300901890e-04
6.756435032002627850e-04
6.756415823474526405e-04
6.756398361176252365e-04
6.756379734724760056e-04
6.756362272426486015e-04
6.756343645974993706e-04
6.756325601600110531e-04
6.756306393072009087e-04
6.756290677003562450e-04
6.756272050552070141e-04
6.756252842023968697e-04
6.756235379725694656e-04
6.756216753274202347e-04
6.756199290975928307e-04
6.756180082447826862e-04
6.756162620149552822e-04
6.756145157851278782e-04
6.756127113476395607e-04
6.756108487024903297e-04
6.756090442650020123e-04
6.756072398275136948e-04
6.756054935976862907e-04
6.756036891601979733e-04
6.756018847227096558e-04
6.755999638698995113e-04
6.755981594324111938e-04
6.755963549949228764e-04
6.755946669727563858e-04
6.755927461199462414e-04
6.755909416824579239e-04
6.755891372449696064e-04
6.755872745998203754e-04
6.755855283699929714e-04
6.755836657248437405e-04
6.755819777026772499e-04
6.755800568498671055e-04
6.755784270353615284e-04
6.755765061825513840e-04
6.755747599527239799e-04
6.755728973075747490e-04
6.755710928700864315e-04
6.755692884325981140e-04
6.755675422027707100e-04
6.755656795576214790e-04
6.755639333277940750e-04
6.755620706826448441e-04
6.755602080374956131e-04
6.755585200153291225e-04
6.755566573701798916e-04
6.755549693480134010e-04
6.755530484952032566e-04
6.755512440577149391e-04
6.755494396202266216e-04
6.755476351827383041e-04
6.755457725375890732e-04
6.755440263077616692e-04
6.755422218702733517e-04
6.755403592251241207e-04
6.755386129952967167e-04
6.755368667654693127e-04
6.755350623279809952e-04
6.755331996828317642e-04
6.755313952453434467e-04
6.755295908078551292e-04
6.755276699550449848e-04
6.755259237252175808e-04
6.755241192877292633e-04
6.755222566425800323e-04
6.755205686204135418e-04
6.755187641829252243e-04
6.755169015377759933e-04
6.755150971002876759e-04
6.755134090781211853e-04
6.755116046406328678e-04
6.755097419954836369e-04
6.755078211426734924e-04
6.755061331205070019e-04
6.755042122676968575e-04
6.755024660378694534e-04
6.755007198080420494e-04
6.754988571628928185e-04
6.754971691407263279e-04
6.754952482879161835e-04
6.754934438504278660e-04
6.754916394129395485e-04
6.754898349754512310e-04
6.754880887456238270e-04
6.754861678928136826e-04
6.754844798706471920e-04
6.754826754331588745e-04
6.754809292033314705e-04
6.754790083505213261e-04
6.754772621206939220e-04
6.754753994755446911e-04
6.754736532457172871e-04
6.754718488082289696e-04
6.754700443707406521e-04
6.754681817255914211e-04
6.754664937034249306e-04
6.754645728506147861e-04
6.754628848284482956e-04
6.754610221832990646e-04
6.754592177458107471e-04
6.754574133083224297e-04
6.754555506631731987e-04
6.754536880180239677e-04
6.754519417881965637e-04
6.754501955583691597e-04
6.754483911208808422e-04
6.754465866833925247e-04
6.754448404535651207e-04
6.754429196007549763e-04
6.754411151632666588e-04
6.754394271411001682e-04
6.754376227036118507e-04
6.754358764737844467e-04
6.754339556209743023e-04
6.754322675988078117e-04
6.754304049536585808e-04
6.754286005161702633e-04
6.754267378710210323e-04
6.754249916411936283e-04
6.754230707883834839e-04
6.754212663508951664e-04
6.754195201210677624e-04
6.754178320989012718e-04
6.754159694537520409e-04
6.754141650162637234e-04
6.754123023711144924e-04
6.754105561412870884e-04
6.754086934961378574e-04
6.754070054739713669e-04
6.754052010364830494e-04
6.754033383913338184e-04
6.754016503691673279e-04
6.753996131010353565e-04
6.753979250788688660e-04
6.753961788490414619e-04
6.753943744115531445e-04
6.753925699740648270e-04
6.753907655365765095e-04
6.753890775144100189e-04
6.753871566615998745e-04
6.753853522241115570e-04
6.753835477866232395e-04
6.753817433491349220e-04
6.753799389116466045e-04
6.753782508894801140e-04
6.753763882443308830e-04
6.753746420145034790e-04
6.753727793693542480e-04
6.753709749318659306e-04
6.753691122867166996e-04
6.753673660568892956e-04
6.753656198270618916e-04
6.753637571819126606e-04
6.753620109520852566e-04
6.753602065145969391e-04
6.753584020771086216e-04
6.753565976396203041e-04
6.753548514097929001e-04
6.753529887646436691e-04
6.753510679118335247e-04
6.753493798896670341e-04
6.753476336598396301e-04
6.753458292223513126e-04
6.753439665772020817e-04
6.753421621397137642e-04
6.753404159098863602e-04
6.753386696800589561e-04
6.753366906195878983e-04
6.753350025974214077e-04
6.753332563675940037e-04
6.753314519301056862e-04
6.753296474926173687e-04
6.753278430551290512e-04
6.753260386176407337e-04
6.753242341801524162e-04
6.753223715350031853e-04
6.753206253051757812e-04
6.753188208676874638e-04
6.753170746378600597e-04
6.753152119927108288e-04
6.753134075552225113e-04
6.753116613253951073e-04
6.753099150955677032e-04
6.753080524504184723e-04
6.753062480129301548e-04
6.753045017831027508e-04
6.753026973456144333e-04
6.753008929081261158e-04
6.752990884706377983e-04
6.752972840331494808e-04
6.752954213880002499e-04
6.752936751581728458e-04
6.752918125130236149e-04
6.752901826985180378e-04
6.752883200533688068e-04
6.752864574082195759e-04
6.752847111783921719e-04
