6.730256136506795883e-04
6.730238674208521843e-04
6.730220629833638668e-04
6.730203749611973763e-04
6.730185705237090588e-04
6.730167660862207413e-04
6.730150780640542507e-04
6.730132154189050198e-04
6.730115856043994427e-04
6.730097811669111252e-04
6.730079767294228077e-04
6.730061722919344902e-04
6.730043678544461727e-04
6.730026216246187687e-04
6.730009336024522781e-04
6.729991291649639606e-04
6.729972083121538162e-04
6.729955202899873257e-04
6.729937740601599216e-04
6.729919696226716042e-04
6.729902233928442001e-04
6.729884189553558826e-04
6.729866727255284786e-04
6.729848682880401611e-04
6.729831220582127571e-04
6.729813758283853531e-04
6.729796295985579491e-04
6.729779415763914585e-04
6.729761371389031410e-04
6.729742744937539101e-04
6.729725282639265060e-04
6.729707820340991020e-04
6.729690358042716980e-04
6.729672313667833805e-04
6.729655433446168900e-04
6.729636806994676590e-04
6.729620508849620819e-04
6.729600718244910240e-04
6.729583838023245335e-04
6.729566375724971294e-04
6.729548913426697254e-04
6.729530869051814079e-04
6.729513406753540039e-04
6.729495362378656864e-04
6.729477900080382824e-04
6.729460437782108784e-04
6.729442393407225609e-04
6.729426095262169838e-04
6.729408050887286663e-04
6.729390006512403488e-04
6.729371962137520313e-04
6.729353917762637138e-04
6.729337037540972233e-04
6.729320157319307327e-04
6.729302112944424152e-04
6.729284068569540977e-04
6.729266024194657803e-04
6.729247979819774628e-04
6.729231099598109722e-04
6.729214801453053951e-04
6.729196175001561642e-04
6.729178712703287601e-04
6.729160086251795292e-04
6.729143206030130386e-04
6.729125743731856346e-04
6.729107699356973171e-04
6.729089654982089996e-04
6.729072774760425091e-04
6.729054730385541916e-04
6.729036103934049606e-04
6.729018641635775566e-04
6.729001761414110661e-04
6.728983134962618351e-04
6.728966254740953445e-04
6.728948792442679405e-04
6.728930748067796230e-04
6.728913285769522190e-04
6.728895241394639015e-04
6.728877779096364975e-04
6.728860898874700069e-04
6.728842854499816895e-04
6.728824810124933720e-04
6.728807347826659679e-04
6.728790467604994774e-04
6.728772423230111599e-04
6.728755543008446693e-04
6.728736916556954384e-04
6.728719454258680344e-04
6.728701409883797169e-04
6.728683947585523129e-04
6.728667067363858223e-04
6.728649605065584183e-04
6.728632142767310143e-04
6.728612934239208698e-04
6.728596636094152927e-04
6.728578591719269753e-04
6.728561129420995712e-04
6.728543085046112537e-04
6.728525040671229362e-04
6.728508160449564457e-04
6.728490116074681282e-04
6.728471489623188972e-04
6.728454609401524067e-04
6.728436565026640892e-04
6.728419102728366852e-04
6.728402804583311081e-04
6.728384760208427906e-04
6.728366715833544731e-04
6.728349253535270691e-04
6.728331791236996651e-04
6.728314328938722610e-04
6.728296284563839436e-04
6.728278240188956261e-04
6.728260777890682220e-04
6.728242733515799046e-04
6.728225271217525005e-04
6.728207808919250965e-04
6.728190346620976925e-04
6.728171720169484615e-04
6.728155422024428844e-04
6.728137959726154804e-04
6.728121079504489899e-04
6.728101870976388454e-04
6.728084990754723549e-04
6.728067528456449509e-04
6.728049484081566334e-04
6.728032021783292294e-04
6.728013395331799984e-04
6.727997097186744213e-04
6.727979052811861038e-04
6.727961590513586998e-04
6.727944128215312958e-04
6.727926083840429783e-04
6.727909203618764877e-04
6.727891159243881702e-04
6.727874279022216797e-04
6.727856234647333622e-04
6.727838190272450447e-04
6.727820727974176407e-04
6.727804429829120636e-04
6.727785803377628326e-04
6.727768341079354286e-04
6.727749714627861977e-04
6.727733416482806206e-04
6.727714790031313896e-04
6.727697909809648991e-04
6.727679865434765816e-04
6.727661821059882641e-04
6.727644940838217735e-04
6.727627478539943695e-04
6.727609434165060520e-04
6.727590807713568211e-04
6.727574509568512440e-04
6.727557629346847534e-04
6.727539002895355225e-04
6.727520958520472050e-04
6.727502914145588875e-04
6.727486033923923969e-04
6.727469153702259064e-04
6.727450527250766754e-04
6.727433064952492714e-04
6.727416184730827808e-04
6.727398140355944633e-04
6.727380678057670593e-04
6.727363797836005688e-04
6.727346335537731647e-04
6.727327127009630203e-04
6.727310246787965298e-04
6.727292202413082123e-04
6.727275904268026352e-04
6.727257859893143177e-04
6.727240397594869137e-04
6.727223517373204231e-04
6.727205472998321056e-04
6.727187428623437881e-04
6.727168802171945572e-04
6.727151921950280666e-04
6.727134459652006626e-04
6.727117579430341721e-04
6.727100117132067680e-04
6.727082654833793640e-04
6.727065192535519600e-04
6.727047148160636425e-04
6.727029685862362385e-04
6.727011641487479210e-04
6.726993597112596035e-04
6.726976716890931129e-04
6.726959254592657089e-04
6.726940046064555645e-04
6.726923747919499874e-04
6.726907449774444103e-04
6.726889405399560928e-04
6.726870778948068619e-04
6.726854480803012848e-04
6.726836436428129673e-04
6.726818974129855633e-04
6.726801511831581593e-04
6.726784631609916687e-04
6.726765423081815243e-04
6.726748542860150337e-04
6.726731080561876297e-04
6.726713618263602257e-04
6.726696155965328217e-04
6.726678693667054176e-04
6.726660649292171001e-04
6.726643769070506096e-04
6.726625724695622921e-04
6.726608262397348881e-04
6.726590218022465706e-04
6.726572755724191666e-04
6.726554711349308491e-04
6.726537831127643585e-04
6.726519786752760410e-04
6.726502324454486370e-04
6.726485444232821465e-04
6.726467981934547424e-04
6.726449937559664249e-04
6.726433057337999344e-04
6.726415012963116169e-04
6.726397550664842129e-04
6.726380088366568089e-04
6.726363208144903183e-04
6.726345163770020008e-04
6.726327701471745968e-04
6.726310821250081062e-04
6.726292776875197887e-04
6.726274732500314713e-04
6.726256688125431538e-04
6.726239807903766632e-04
6.726221763528883457e-04
6.726206047460436821e-04
6.726187421008944511e-04
6.726169376634061337e-04
6.726151914335787296e-04
6.726134452037513256e-04
6.726117571815848351e-04
6.726100109517574310e-04
6.726082647219300270e-04
6.726064602844417095e-04
6.726047722622752190e-04
6.726029678247869015e-04
6.726011051796376705e-04
6.725993589498102665e-04
6.725976709276437759e-04
6.725958664901554585e-04
6.725942366756498814e-04
6.725924322381615639e-04
6.725907442159950733e-04
6.725889397785067558e-04
6.725871935486793518e-04
6.725855055265128613e-04
6.725837010890245438e-04
6.725818966515362263e-04
6.725801504217088223e-04
6.725783459842205048e-04
6.725765997543931007e-04
6.725749117322266102e-04
6.725731655023992062e-04
6.725713610649108887e-04
6.725696148350834846e-04
6.725679850205779076e-04
6.725662969984114170e-04
6.725644343532621861e-04
6.725626881234347820e-04
6.725610001012682915e-04
6.725592538714408875e-04
6.725573330186307430e-04
6.725557032041251659e-04
6.725539569742977619e-04
6.725521525368094444e-04
6.725504063069820404e-04
6.725486600771546364e-04
6.725469720549881458e-04
6.725451676174998283e-04
6.725433631800115108e-04
6.725416751578450203e-04
6.725398707203567028e-04
6.725381244905292988e-04
6.725363782607018948e-04
6.725347484461963177e-04
6.725328858010470867e-04
6.725311977788805962e-04
6.725294515490531921e-04
6.725276471115648746e-04
6.725259590893983841e-04
6.725241546519100666e-04
6.725224666297435760e-04
6.725206621922552586e-04
6.725190323777496815e-04
6.725172279402613640e-04
6.725154817104339600e-04
6.725136190652847290e-04
6.725119310431182384e-04
6.725103012286126614e-04
6.725085549987852573e-04
6.725067505612969398e-04
6.725049461238086224e-04
6.725031998939812183e-04
6.725015700794756413e-04
6.724997656419873238e-04
6.724980194121599197e-04
6.724962149746716022e-04
6.724943523295223713e-04
6.724927225150167942e-04
6.724909762851893902e-04
6.724893464706838131e-04
6.724874838255345821e-04
6.724857375957071781e-04
6.724839913658797741e-04
6.724823615513741970e-04
6.724805571138858795e-04
6.724787526763975620e-04
6.724770646542310715e-04
6.724753184244036674e-04
6.724735139869153500e-04
6.724717095494270325e-04
6.724700215272605419e-04
6.724682752974331379e-04
6.724665872752666473e-04
6.724648410454392433e-04
6.724630948156118393e-04
6.724614067934453487e-04
6.724596023559570312e-04
6.724578561261296272e-04
6.724561098963022232e-04
6.724543636664748192e-04
6.724526174366474152e-04
6.724507547914981842e-04
6.724491249769926071e-04
6.724473787471652031e-04
6.724456325173377991e-04
6.724438862875103951e-04
6.724420818500220776e-04
6.724403356201946735e-04
6.724385893903672695e-04
6.724368431605398655e-04
6.724351551383733749e-04
6.724334089085459709e-04
6.724316044710576534e-04
6.724299164488911629e-04
6.724281120114028454e-04
6.724264821968972683e-04
6.724246195517480373e-04
6.724228733219206333e-04
6.724212435074150562e-04
6.724195554852485657e-04
6.724176928400993347e-04
6.724159466102719307e-04
6.724142003804445267e-04
6.724125123582780361e-04
6.724107661284506321e-04
6.724089616909623146e-04
6.724072736687958241e-04
6.724055274389684200e-04
6.724037230014801025e-04
6.724019767716526985e-04
6.724001723341643810e-04
6.723985425196588039e-04
6.723967380821704865e-04
6.723949336446821690e-04
6.723933038301765919e-04
6.723916740156710148e-04
6.723898113705217838e-04
6.723880069330334663e-04
6.723863771185278893e-04
6.723846308887004852e-04
6.723830010741949081e-04
6.723810802213847637e-04
6.723793921992182732e-04
6.723777041770517826e-04
6.723759579472243786e-04
6.723741535097360611e-04
6.723724654875695705e-04
6.723706028424203396e-04
6.723688566125929356e-04
6.723671685904264450e-04
6.723655387759208679e-04
6.723637925460934639e-04
6.723619299009442329e-04
6.723602418787777424e-04
6.723585538566112518e-04
6.723568076267838478e-04
6.723550613969564438e-04
6.723533151671290398e-04
6.723515689373016357e-04
6.723498227074742317e-04
6.723481346853077412e-04
6.723462720401585102e-04
6.723445840179920197e-04
6.723428377881646156e-04
6.723410915583372116e-04
6.723393453285098076e-04
6.723375990986824036e-04
6.723359110765159130e-04
6.723342230543494225e-04
6.723323604092001915e-04
6.723306141793727875e-04
6.723289261572062969e-04
6.723271217197179794e-04
6.723254336975514889e-04
6.723236874677240849e-04
6.723218830302357674e-04
6.723201950080692768e-04
6.723183905705809593e-04
6.723167025484144688e-04
6.723150145262479782e-04
6.723132682964205742e-04
6.723115220665931702e-04
6.723099504597485065e-04
6.723080878145992756e-04
6.723063415847718716e-04
6.723045371472835541e-04
6.723027909174561501e-04
6.723011611029505730e-04
6.722994148731231689e-04
6.722976686432957649e-04
6.722959806211292744e-04
6.722941179759800434e-04
6.722925463691353798e-04
6.722906837239861488e-04
6.722889957018196583e-04
6.722872494719922543e-04
6.722854450345039368e-04
6.722837570123374462e-04
6.722819525748491287e-04
6.722803809680044651e-04
6.722786929458379745e-04
6.722768303006887436e-04
6.722750840708613396e-04
6.722732796333730221e-04
6.722715334035456181e-04
6.722698453813791275e-04
6.722680991515517235e-04
6.722662947140634060e-04
6.722646648995578289e-04
6.722628604620695114e-04
6.722611724399030209e-04
6.722594262100756168e-04
6.722577381879091263e-04
6.722559919580817223e-04
6.722543039359152317e-04
6.722525577060878277e-04
6.722507532685995102e-04
6.722490070387721062e-04
6.722472608089447021e-04
6.722456309944391251e-04
6.722439429722726345e-04
6.722421385347843170e-04
6.722403340972959995e-04
6.722386460751295090e-04
6.722368998453021049e-04
6.722352118231356144e-04
6.722334655933082104e-04
6.722317193634808064e-04
6.722299149259924889e-04
6.722281686961650848e-04
6.722263642586767673e-04
6.722247344441711903e-04
6.722229882143437862e-04
6.722212419845163822e-04
6.722194957546889782e-04
6.722178077325224876e-04
6.722160615026950836e-04
6.722143734805285931e-04
6.722126272507011890e-04
6.722108810208737850e-04
6.722091929987072945e-04
6.722074467688798904e-04
6.722057005390524864e-04
6.722038961015641689e-04
6.722022080793976784e-04
6.722004618495702744e-04
6.721987738274037838e-04
6.721970275975763798e-04
6.721952813677489758e-04
6.721935351379215717e-04
6.721918471157550812e-04
6.721900426782667637e-04
6.721882964484393597e-04
6.721867248415946960e-04
6.721849204041063786e-04
6.721831159666180611e-04
6.721814861521124840e-04
6.721797399222850800e-04
6.721779936924576759e-04
6.721763638779520988e-04
6.721746176481246948e-04
6.721728132106363773e-04
6.721710087731480598e-04
6.721692043356597424e-04
6.721675163134932518e-04
6.721658282913267612e-04
6.721640820614993572e-04
6.721623358316719532e-04
6.721606478095054626e-04
6.721589015796780586e-04
6.721570971421897411e-04
6.721554673276841640e-04
6.721536628901958466e-04
6.721519748680293560e-04
