9.771633194759488106e-04
9.771614568307995796e-04
9.771597106009721756e-04
9.771577315405011177e-04
9.771559853106737137e-04
9.771542390808463097e-04
9.771523764356970787e-04
9.771503973752260208e-04
9.771485347300767899e-04
9.771466720849275589e-04
9.771448094397783279e-04
9.771429467946290970e-04
9.771412005648016930e-04
9.771393379196524620e-04
9.771373588591814041e-04
9.771356126293540001e-04
9.771337499842047691e-04
9.771318873390555382e-04
9.771301411092281342e-04
9.771281620487570763e-04
9.771264158189296722e-04
9.771245531737804413e-04
9.771226905286312103e-04
9.771208278834819794e-04
9.771190816536545753e-04
9.771171025931835175e-04
9.771153563633561134e-04
9.771134937182068825e-04
9.771116310730576515e-04
9.771097684279084206e-04
9.771080221980810165e-04
9.771060431376099586e-04
9.771041804924607277e-04
9.771023178473114967e-04
9.771004552021622658e-04
9.770985925570130348e-04
9.770966134965419769e-04
9.770948672667145729e-04
9.770930046215653419e-04
9.770912583917379379e-04
9.770892793312668800e-04
9.770876495167613029e-04
9.770857868716120720e-04
9.770839242264628410e-04
9.770821779966354370e-04
9.770801989361643791e-04
9.770783362910151482e-04
9.770764736458659172e-04
9.770747274160385132e-04
9.770728647708892822e-04
9.770708857104182243e-04
9.770691394805908203e-04
9.770673932507634163e-04
9.770655306056141853e-04
9.770637843757867813e-04
9.770618053153157234e-04
9.770598262548446655e-04
9.770580800250172615e-04
9.770563337951898575e-04
9.770543547347187996e-04
9.770526085048913956e-04
9.770506294444203377e-04
9.770488832145929337e-04
9.770470205694437027e-04
9.770451579242944717e-04
9.770432952791452408e-04
9.770415490493178368e-04
9.770395699888467789e-04
9.770378237590193748e-04
9.770359611138701439e-04
9.770340984687209129e-04
9.770322358235716820e-04
9.770303731784224510e-04
9.770285105332732201e-04
9.770267643034458160e-04
9.770250180736184120e-04
9.770231554284691811e-04
9.770211763679981232e-04
9.770193137228488922e-04
9.770174510776996613e-04
9.770157048478722572e-04
9.770138422027230263e-04
9.770119795575737953e-04
9.770101169124245644e-04
9.770081378519535065e-04
9.770063916221261024e-04
9.770046453922986984e-04
9.770026663318276405e-04
9.770009201020002365e-04
9.769990574568510056e-04
9.769971948117017746e-04
9.769953321665525436e-04
9.769935859367251396e-04
9.769916068762540817e-04
9.769899770617485046e-04
9.769879980012774467e-04
9.769861353561282158e-04
9.769842727109789848e-04
9.769826428964734077e-04
9.769805474206805229e-04
9.769788011908531189e-04
9.769769385457038879e-04
9.769751923158764839e-04
9.769732132554054260e-04
9.769714670255780220e-04
9.769696043804287910e-04
9.769678581506013870e-04
9.769658790901303291e-04
9.769641328603029251e-04
9.769622702151536942e-04
9.769604075700044632e-04
9.769585449248552322e-04
9.769567986950278282e-04
9.769549360498785973e-04
9.769530734047293663e-04
9.769512107595801353e-04
9.769493481144309044e-04
9.769476018846035004e-04
9.769456228241324425e-04
9.769437601789832115e-04
9.769420139491558075e-04
9.769402677193284035e-04
9.769384050741791725e-04
9.769363095983862877e-04
9.769346797838807106e-04
9.769329335540533066e-04
9.769309544935822487e-04
9.769290918484330177e-04
9.769272292032837868e-04
9.769255993887782097e-04
9.769237367436289787e-04
9.769218740984797478e-04
9.769198950380086899e-04
9.769180323928594589e-04
9.769162861630320549e-04
9.769145399332046509e-04
9.769125608727335930e-04
9.769108146429061890e-04
9.769089519977569580e-04
9.769069729372859001e-04
9.769051102921366692e-04
9.769034804776310921e-04
9.769016178324818611e-04
9.768998716026544571e-04
9.768978925421833992e-04
9.768961463123559952e-04
9.768941672518849373e-04
9.768923046067357063e-04
9.768904419615864754e-04
9.768886957317590714e-04
9.768869495019316673e-04
9.768850868567824364e-04
9.768833406269550323e-04
9.768813615664839745e-04
9.768794989213347435e-04
9.768776362761855125e-04
9.768758900463581085e-04
9.768740274012088776e-04
9.768722811713814735e-04
9.768704185262322426e-04
9.768684394657611847e-04
9.768666932359337807e-04
9.768649470061063766e-04
9.768630843609571457e-04
9.768612217158079147e-04
9.768592426553368568e-04
9.768576128408312798e-04
9.768556337803602219e-04
9.768537711352109909e-04
9.768520249053835869e-04
9.768502786755561829e-04
9.768481831997632980e-04
9.768465533852577209e-04
9.768445743247866631e-04
9.768428280949592590e-04
9.768409654498100281e-04
9.768391028046607971e-04
9.768373565748333931e-04
9.768354939296841621e-04
9.768336312845349312e-04
9.768317686393857002e-04
9.768300224095582962e-04
9.768281597644090652e-04
9.768264135345816612e-04
9.768245508894324303e-04
9.768226882442831993e-04
9.768207091838121414e-04
9.768189629539847374e-04
9.768171003088355064e-04
9.768153540790081024e-04
9.768134914338588715e-04
9.768116287887096405e-04
9.768097661435604095e-04
9.768080199137330055e-04
9.768060408532619476e-04
9.768042946234345436e-04
9.768024319782853127e-04
9.768005693331360817e-04
9.767987066879868507e-04
9.767969604581594467e-04
9.767950978130102158e-04
9.767932351678609848e-04
9.767913725227117538e-04
9.767896262928843498e-04
9.767877636477351189e-04
9.767859010025858879e-04
9.767842711880803108e-04
9.767821757122874260e-04
9.767805458977818489e-04
9.767785668373107910e-04
9.767768206074833870e-04
9.767748415470123291e-04
9.767732117325067520e-04
9.767712326720356941e-04
9.767694864422082901e-04
9.767675073817372322e-04
9.767658775672316551e-04
9.767637820914387703e-04
9.767620358616113663e-04
9.767602896317839622e-04
9.767584269866347313e-04
9.767567971721291542e-04
9.767548181116580963e-04
9.767529554665088654e-04
9.767510928213596344e-04
9.767493465915322304e-04
9.767474839463829994e-04
9.767456213012337685e-04
9.767436422407627106e-04
9.767420124262571335e-04
9.767401497811079025e-04
9.767382871359586716e-04
9.767364244908094406e-04
9.767346782609820366e-04
9.767328156158328056e-04
9.767310693860054016e-04
9.767292067408561707e-04
9.767273440957069397e-04
9.767255978658795357e-04
9.767236188054084778e-04
9.767218725755810738e-04
9.767200099304318428e-04
9.767181472852826118e-04
9.767162846401333809e-04
9.767146548256278038e-04
9.767127921804785728e-04
9.767109295353293419e-04
9.767090668901801109e-04
9.767072042450308800e-04
9.767053415998816490e-04
9.767035953700542450e-04
9.767017327249050140e-04
9.766999864950776100e-04
9.766981238499283791e-04
9.766962612047791481e-04
9.766945149749517441e-04
9.766925359144806862e-04
9.766907896846532822e-04
9.766889270395040512e-04
9.766872972249984741e-04
9.766854345798492432e-04
9.766835719347000122e-04
9.766817092895507812e-04
9.766798466444015503e-04
9.766779839992523193e-04
9.766761213541030884e-04
9.766742587089538574e-04
9.766725124791264534e-04
9.766707662492990494e-04
9.766687871888279915e-04
9.766670409590005875e-04
9.766651783138513565e-04
9.766634320840239525e-04
9.766615694388747215e-04
9.766598232090473175e-04
9.766579605638980865e-04
9.766560979187488556e-04
9.766543516889214516e-04
9.766523726284503937e-04
9.766506263986229897e-04
9.766487637534737587e-04
9.766470175236463547e-04
9.766450384631752968e-04
9.766432922333478928e-04
9.766414295881986618e-04
9.766394505277276039e-04
9.766378207132220268e-04
9.766359580680727959e-04
9.766342118382453918e-04
9.766323491930961609e-04
9.766304865479469299e-04
9.766287403181195259e-04
9.766269940882921219e-04
9.766250150278210640e-04
9.766232687979936600e-04
9.766215225681662560e-04
9.766197763383388519e-04
9.766176808625459671e-04
9.766159346327185631e-04
9.766140719875693321e-04
9.766123257577419281e-04
9.766105795279145241e-04
9.766086004674434662e-04
9.766068542376160622e-04
9.766049915924668312e-04
9.766031289473176003e-04
9.766013827174901962e-04
9.765995200723409653e-04
9.765976574271917343e-04
9.765960276126861572e-04
9.765940485522150993e-04
9.765921859070658684e-04
9.765903232619166374e-04
9.765885770320892334e-04
9.765868308022618294e-04
9.765849681571125984e-04
9.765831055119633675e-04
9.765813592821359634e-04
9.765794966369867325e-04
9.765775175765156746e-04
9.765758877620100975e-04
9.765739087015390396e-04
9.765722788870334625e-04
9.765704162418842316e-04
9.765685535967350006e-04
9.765666909515857697e-04
9.765649447217583656e-04
9.765630820766091347e-04
9.765613358467817307e-04
9.765594732016324997e-04
9.765576105564832687e-04
9.765558061189949512e-04
9.765540016815066338e-04
9.765521972440183163e-04
9.765503928065299988e-04
9.765485883690416813e-04
9.765467839315533638e-04
9.765449794940650463e-04
9.765430586412549019e-04
9.765412542037665844e-04
9.765394497662782669e-04
9.765377035364508629e-04
9.765357826836407185e-04
9.765338618308305740e-04
9.765321738086640835e-04
9.765304275788366795e-04
9.765285649336874485e-04
9.765267604961991310e-04
9.765248396433889866e-04
9.765230352059006691e-04
9.765212889760732651e-04
9.765193681232631207e-04
9.765175054781138897e-04
9.765157592482864857e-04
9.765138383954763412e-04
9.765121503733098507e-04
9.765103459358215332e-04
9.765085997059941292e-04
9.765067370608448982e-04
9.765048744156956673e-04
9.765030699782073498e-04
9.765012073330581188e-04
9.764994611032307148e-04
9.764976566657423973e-04
9.764958522282540798e-04
9.764940477907657623e-04
9.764921269379556179e-04
9.764903807081282139e-04
9.764885762706398964e-04
9.764867718331515789e-04
9.764848509803414345e-04
9.764831629581749439e-04
9.764812421053647995e-04
9.764794376678764820e-04
9.764775168150663376e-04
9.764758870005607605e-04
9.764740243554115295e-04
9.764721035026013851e-04
9.764703572727739811e-04
9.764685528352856636e-04
9.764667483977973461e-04
9.764648275449872017e-04
9.764629648998379707e-04
9.764613350853323936e-04
9.764595306478440762e-04
9.764576680026948452e-04
9.764558635652065277e-04
9.764541755430400372e-04
9.764522546902298927e-04
9.764505666680634022e-04
9.764485293999314308e-04
9.764466085471212864e-04
9.764449787326157093e-04
9.764431160874664783e-04
9.764411952346563339e-04
9.764394490048289299e-04
9.764376445673406124e-04
9.764358401298522949e-04
9.764339192770421505e-04
9.764322312548756599e-04
9.764304268173873425e-04
9.764286223798990250e-04
9.764268179424107075e-04
9.764249552972614765e-04
9.764232672750949860e-04
9.764213464222848415e-04
9.764195419847965240e-04
9.764177375473082066e-04
9.764159331098198891e-04
9.764140122570097446e-04
9.764122078195214272e-04
9.764104615896940231e-04
9.764086571522057056e-04
9.764068527147173882e-04
9.764051646925508976e-04
9.764032438397407532e-04
9.764014394022524357e-04
9.763996349647641182e-04
9.763977141119539738e-04
9.763959096744656563e-04
9.763941052369773388e-04
9.763922425918281078e-04
9.763904381543397903e-04
9.763887501321732998e-04
9.763868292793631554e-04
9.763850248418748379e-04
9.763832204043865204e-04
9.763814159668982029e-04
9.763796697370707989e-04
9.763777488842606544e-04
9.763759444467723370e-04
9.763741400092840195e-04
9.763723355717957020e-04
9.763705311343073845e-04
9.763687266968190670e-04
9.763669804669916630e-04
9.763650014065206051e-04
9.763632551766932011e-04
9.763613925315439701e-04
9.763595298863947392e-04
9.763578418642282486e-04
9.763560374267399311e-04
9.763542329892516136e-04
9.763524285517632961e-04
9.763506823219358921e-04
9.763487032614648342e-04
9.763469570316374302e-04
9.763450361788272858e-04
9.763433481566607952e-04
9.763415437191724777e-04
9.763397392816841602e-04
9.763379930518567562e-04
9.763360139913856983e-04
9.763342095538973808e-04
9.763324633240699768e-04
9.763307753019034863e-04
9.763288544490933418e-04
9.763271082192659378e-04
9.763253037817776203e-04
9.763234411366283894e-04
9.763216949068009853e-04
9.763198904693126678e-04
9.763181442394852638e-04
9.763161651790142059e-04
9.763143607415258884e-04
9.763126145116984844e-04
9.763109264895319939e-04
9.763090056367218494e-04
9.763072011992335320e-04
9.763053967617452145e-04
9.763035923242568970e-04
9.763017878867685795e-04
9.763001580722630024e-04
9.762982372194528580e-04
9.762963163666427135e-04
9.762945119291543961e-04
9.762928239069879055e-04
9.762909030541777611e-04
9.762890986166894436e-04
9.762872941792011261e-04
9.762855479493737221e-04
9.762835688889026642e-04
9.762818226590752602e-04
9.762800182215869427e-04
9.762783301994204521e-04
9.762764093466103077e-04
9.762746631167829037e-04
9.762728004716336727e-04
9.762710542418062687e-04
9.762691333889961243e-04
9.762673289515078068e-04
9.762656991370022297e-04
9.762638364918529987e-04
9.762620902620255947e-04
9.762601694092154503e-04
9.762583067640662193e-04
9.762565605342388153e-04
9.762548725120723248e-04
9.762529516592621803e-04
9.762512054294347763e-04
