4.739960713777691126e-04
4.739942960441112518e-04
4.739925498142838478e-04
4.739907744806259871e-04
4.739889700431376696e-04
4.739871365018188953e-04
4.739854193758219481e-04
4.739836731459945440e-04
4.739818978123366833e-04
4.739801515825092793e-04
4.739784344565123320e-04
4.739766009151935577e-04
4.739747964777052402e-04
4.739730502478778362e-04
4.739712749142199755e-04
4.739695577882230282e-04
4.739677824545651674e-04
4.739659780170768499e-04
4.739641735795885324e-04
4.739623982459306717e-04
4.739606520161032677e-04
4.739588184747844934e-04
4.739570722449570894e-04
4.739552969112992287e-04
4.739536379929631948e-04
4.739518044516444206e-04
4.739499709103256464e-04
4.739482828881591558e-04
4.739464202430099249e-04
4.739447613246738911e-04
4.739429568871855736e-04
4.739411815535277128e-04
4.739394062198698521e-04
4.739376017823815346e-04
4.739358555525541306e-04
4.739340802188962698e-04
4.739323048852384090e-04
4.739304422400891781e-04
4.739288415294140577e-04
4.739270079880952835e-04
4.739252908620983362e-04
4.739234573207795620e-04
4.739216819871217012e-04
4.739198775496333838e-04
4.739181604236364365e-04
4.739163268823176622e-04
4.739145806524902582e-04
4.739128635264933109e-04
4.739110590890049934e-04
4.739093419630080462e-04
4.739075084216892719e-04
4.739057621918618679e-04
4.739039868582040071e-04
4.739022115245461464e-04
4.739004652947187424e-04
4.738986899610608816e-04
4.738968855235725641e-04
4.738951101899147034e-04
4.738933639600872993e-04
4.738915886264294386e-04
4.738898715004324913e-04
4.738881252706050873e-04
4.738862917292863131e-04
4.738844872917979956e-04
4.738827119581401348e-04
4.738809948321431875e-04
4.738792486023157835e-04
4.738773859571665525e-04
4.738757270388305187e-04
4.738739517051726580e-04
4.738721472676843405e-04
4.738703719340264797e-04
4.738685966003686190e-04
4.738668503705412149e-04
4.738651332445442677e-04
4.738633579108864069e-04
4.738615534733980894e-04
4.738597781397402287e-04
4.738580319099128246e-04
4.738562565762549639e-04
4.738543939311057329e-04
4.738527350127696991e-04
4.738509596791118383e-04
4.738492134492844343e-04
4.738474963232874870e-04
4.738456336781382561e-04
4.738439165521413088e-04
4.738421412184834480e-04
4.738403658848255873e-04
4.738385614473372698e-04
4.738368443213403225e-04
4.738350398838520050e-04
4.738332645501941442e-04
4.738315474241971970e-04
4.738297429867088795e-04
4.738279676530510187e-04
4.738262796308845282e-04
4.738244460895657539e-04
4.738226416520774364e-04
4.738208663184195757e-04
4.738191491924226284e-04
4.738174029625952244e-04
4.738155985251069069e-04
4.738138231914490461e-04
4.738120478577911854e-04
4.738103889394551516e-04
4.738086136057972908e-04
4.738067509606480598e-04
4.738050338346511126e-04
4.738032876048237085e-04
4.738015995826572180e-04
4.737997660413384438e-04
4.737979907076805830e-04
4.737962735816836357e-04
4.737944691441953182e-04
4.737926938105374575e-04
4.737908893730491400e-04
4.737891722470521927e-04
4.737873969133943319e-04
4.737855924759060144e-04
4.737838753499090672e-04
4.737821582239121199e-04
4.737803537864238024e-04
4.737786366604268551e-04
4.737767740152776241e-04
4.737750568892806768e-04
4.737732815556228161e-04
4.737715644296258688e-04
4.737697599921375513e-04
4.737679846584796906e-04
4.737662675324827433e-04
4.737645213026553392e-04
4.737627459689974785e-04
4.737609997391700745e-04
4.737591661978513002e-04
4.737574490718543530e-04
4.737555864267051220e-04
4.737538693007081747e-04
4.737521521747112274e-04
4.737504059448838234e-04
4.737486306112259626e-04
4.737468843813985586e-04
4.737450508400797844e-04
4.737433046102523804e-04
4.737415292765945196e-04
4.737398121505975723e-04
4.737380368169397116e-04
4.737362905871123075e-04
4.737345152534544468e-04
4.737327108159661293e-04
4.737309063784778118e-04
4.737292765639722347e-04
4.737274721264839172e-04
4.737256385851651430e-04
4.737239796668291092e-04
4.737221752293407917e-04
4.737203998956829309e-04
4.737185372505337000e-04
4.737168783321976662e-04
4.737151029985398054e-04
4.737133567687124014e-04
4.737115814350545406e-04
4.737098352052271366e-04
4.737081180792301893e-04
4.737063427455723286e-04
4.737045383080840111e-04
4.737027629744261503e-04
4.737010458484292030e-04
4.736992705147713423e-04
4.736975242849439383e-04
4.736957489512860775e-04
4.736940318252891302e-04
4.736922855954617262e-04
4.736904229503124952e-04
4.736886476166546345e-04
4.736871342174708843e-04
4.736852715723216534e-04
4.736834089271724224e-04
4.736816918011754751e-04
4.736800328828394413e-04
4.736781702376902103e-04
4.736763949040323496e-04
4.736746777780354023e-04
4.736729024443775415e-04
4.736710689030587673e-04
4.736693517770618200e-04
4.736676346510648727e-04
4.736659175250679255e-04
4.736640839837491512e-04
4.736623668577522039e-04
4.736606206279247999e-04
4.736587870866060257e-04
4.736570408567786217e-04
4.736552655231207609e-04
4.736536066047847271e-04
4.736518021672964096e-04
4.736500850412994623e-04
4.736482514999806881e-04
4.736465052701532841e-04
4.736447881441563368e-04
4.736429546028375626e-04
4.736412665806710720e-04
4.736394912470132113e-04
4.736377741210162640e-04
4.736359987873584032e-04
4.736342816613614559e-04
4.736323899123817682e-04
4.736307018902152777e-04
4.736288683488965034e-04
4.736271512228995562e-04
4.736253758892416954e-04
4.736237460747361183e-04
4.736219998449087143e-04
4.736201663035899401e-04
4.736184491775929928e-04
4.736166447401046753e-04
4.736149858217686415e-04
4.736131231766194105e-04
4.736114933621138334e-04
4.736096307169646025e-04
4.736078844871371984e-04
4.736061091534793377e-04
4.736043047159910202e-04
4.736026166938245296e-04
4.736008704639971256e-04
4.735991824418306351e-04
4.735973780043423176e-04
4.735955735668540001e-04
4.735938564408570528e-04
4.735920811071991920e-04
4.735903348773717880e-04
4.735885595437139273e-04
4.735867842100560665e-04
4.735850379802286625e-04
4.735833499580621719e-04
4.735815455205738544e-04
4.735798866022378206e-04
4.735780239570885897e-04
4.735763650387525558e-04
4.735745023936033249e-04
4.735727270599454641e-04
4.735710681416094303e-04
4.735693510156124830e-04
4.735675465781241655e-04
4.735658294521272182e-04
4.735641123261302710e-04
4.735622787848114967e-04
4.735605325549840927e-04
4.735587572213262320e-04
4.735569818876683712e-04
4.735553229693323374e-04
4.735534603241831064e-04
4.735517431981861591e-04
4.735499969683587551e-04
4.735482216347008944e-04
4.735465627163648605e-04
4.735448746941983700e-04
4.735429829452186823e-04
4.735412658192217350e-04
4.735394904855638742e-04
4.735377733595669270e-04
4.735360562335699797e-04
4.735341935884207487e-04
4.735324473585933447e-04
4.735307302325963974e-04
4.735290131065994501e-04
4.735272959806025028e-04
4.735254624392837286e-04
4.735237453132867813e-04
4.735219408757984638e-04
4.735202819574624300e-04
4.735185066238045692e-04
4.735167021863162518e-04
4.735149268526583910e-04
4.735132097266614437e-04
4.735115508083254099e-04
4.735097463708370924e-04
4.735079710371792316e-04
4.735062539111822844e-04
4.735045076813548803e-04
4.735026741400361061e-04
4.735009279102087021e-04
4.734992107842117548e-04
4.734974936582148075e-04
4.734957765322178602e-04
4.734939138870686293e-04
4.734922549687325954e-04
4.734904796350747347e-04
4.734887625090777874e-04
4.734870453830808401e-04
4.734852700494229794e-04
4.734835238195955753e-04
4.734817484859377146e-04
4.734799731522798538e-04
4.734781687147915363e-04
4.734764515887945890e-04
4.734747926704585552e-04
4.734729882329702377e-04
4.734711546916514635e-04
4.734694084618240595e-04
4.734677204396575689e-04
4.734660033136606216e-04
4.734642570838332176e-04
4.734624526463449001e-04
4.734607646241784096e-04
4.734590183943510056e-04
4.734572430606931448e-04
4.734554677270352840e-04
4.734537506010383368e-04
4.734520043712109327e-04
4.734502872452139854e-04
4.734485701192170382e-04
4.734467365778982639e-04
4.734449321404099464e-04
4.734432150144129992e-04
4.734415560960769653e-04
4.734397516585886478e-04
4.734380345325917006e-04
4.734362591989338398e-04
4.734344838652759790e-04
4.734328249469399452e-04
4.734310205094516277e-04
4.734293324872851372e-04
4.734274989459663630e-04
4.734257236123085022e-04
4.734240064863115549e-04
4.734222893603146076e-04
4.734205140266567469e-04
4.734187969006597996e-04
4.734170797746628523e-04
4.734152462333440781e-04
4.734134708996862173e-04
4.734118410851806402e-04
4.734099784400314093e-04
4.734082322102040052e-04
4.734065441880375147e-04
4.734048270620405674e-04
4.734030808322131634e-04
4.734012181870639324e-04
4.733995301648974419e-04
4.733977839350700378e-04
4.733960668090730906e-04
4.733942914754152298e-04
4.733925743494182825e-04
4.733908281195908785e-04
4.733890527859330177e-04
4.733873356599360704e-04
4.733855603262782097e-04
4.733838432002812624e-04
4.733821260742843151e-04
4.733803216367959976e-04
4.733786045107990503e-04
4.733768873848021030e-04
4.733751411549746990e-04
4.733734240289777517e-04
4.733715613838285208e-04
4.733698733616620302e-04
4.733681562356650829e-04
4.733664100058376789e-04
4.733646346721798182e-04
4.733629757538437843e-04
4.733611713163554668e-04
4.733594541903585196e-04
4.733577370643615723e-04
4.733559617307037115e-04
4.733542446047067642e-04
4.733523819595575333e-04
4.733507521450519562e-04
4.733489477075636387e-04
4.733472305815666914e-04
4.733454843517392874e-04
4.733437090180814266e-04
4.733419918920844793e-04
4.733402165584266186e-04
4.733384994324296713e-04
4.733367532026022673e-04
4.733349778689444065e-04
4.733332607429474592e-04
4.733314854092895985e-04
4.733298264909535646e-04
4.733280220534652472e-04
4.733263631351292133e-04
4.733245878014713526e-04
4.733228124678134918e-04
4.733210080303251743e-04
4.733193491119891405e-04
4.733175737783312798e-04
4.733159148599952459e-04
4.733140813186764717e-04
4.733123350888490677e-04
4.733105597551912069e-04
4.733089008368551731e-04
4.733070963993668556e-04
4.733053792733699083e-04
4.733036912512034178e-04
4.733019450213760138e-04
4.733001696877181530e-04
4.732985107693821192e-04
4.732966772280633450e-04
4.732949309982359409e-04
4.732932138722389936e-04
4.732915258500725031e-04
4.732897796202450991e-04
4.732879169750958681e-04
4.732862871605902910e-04
4.732845409307628870e-04
4.732827655971050262e-04
4.732809902634471655e-04
4.732792440336197615e-04
4.732775269076228142e-04
4.732758388854563236e-04
4.732740344479680061e-04
4.732723755296319723e-04
4.732705710921436548e-04
4.732688830699771643e-04
4.732671368401497602e-04
4.732653615064918995e-04
4.732636443804949522e-04
4.732619272544980049e-04
4.732601228170096874e-04
4.732583474833518267e-04
4.732567176688462496e-04
4.732549714390188456e-04
4.732531961053609848e-04
4.732514789793640375e-04
4.732497327495366335e-04
4.732479574158787727e-04
4.732462402898818254e-04
4.732445231638848782e-04
4.732428060378879309e-04
4.732409433927386999e-04
4.732393135782331228e-04
4.732375091407448053e-04
4.732357920147478580e-04
4.732340748887509108e-04
4.732322704512625933e-04
4.732306115329265594e-04
4.732289235107600689e-04
4.732271190732717514e-04
4.732253437396138906e-04
4.732236848212778568e-04
4.732219094876199961e-04
4.732201632577925920e-04
4.732184461317956448e-04
4.732166707981377840e-04
4.732150118798017502e-04
4.732132074423134327e-04
4.732115194201469421e-04
4.732097731903195381e-04
4.732080560643225908e-04
4.732062225230038166e-04
4.732045053970068693e-04
4.732027591671794653e-04
4.732011293526738882e-04
4.731993249151855707e-04
4.731976077891886234e-04
4.731958906631916761e-04
4.731941153295338154e-04
4.731923690997064114e-04
4.731907392852008343e-04
4.731889639515429735e-04
4.731872177217155695e-04
4.731853550765663385e-04
4.731837252620607615e-04
4.731819208245724440e-04
4.731802036985754967e-04
4.731784865725785494e-04
4.731768276542425156e-04
4.731751396320760250e-04
4.731732769869267941e-04
4.731715598609298468e-04
4.731698136311024427e-04
4.731681838165968657e-04
4.731663793791085482e-04
4.731646622531116009e-04
4.731629451271146536e-04
4.731611697934567928e-04
4.731593944597989321e-04
4.731576482299715281e-04
4.731559311039745808e-04
4.731541557703167200e-04
4.731524386443197727e-04
4.731507797259837389e-04
4.731490043923258781e-04
4.731472581624984741e-04
4.731455410365015268e-04
4.731438239105045795e-04
4.731419903691858053e-04
4.731403896585106850e-04
4.731385852210223675e-04
4.731368098873645067e-04
4.731351509690284729e-04
4.731334338430315256e-04
4.731316003017127514e-04
4.731299413833767176e-04
4.731282242573797703e-04
4.731264198198914528e-04
4.731247317977249622e-04
4.731229855678975582e-04
4.731212684419006109e-04
