1.894191023893654346e-03
1.893444801680743694e-03
1.892699627205729485e-03
1.891954452730715275e-03
1.891209627501666546e-03
1.890465151518583298e-03
1.889721141196787357e-03
1.888977480120956898e-03
1.888233935460448265e-03
1.887490856461226940e-03
1.886748359538614750e-03
1.886006211861968040e-03
1.885264180600643158e-03
1.884522964246571064e-03
1.883781864307820797e-03
1.883041579276323318e-03
1.882301527075469494e-03
1.881561707705259323e-03
1.880822586826980114e-03
1.880083698779344559e-03
1.879345509223639965e-03
1.878607785329222679e-03
1.877870410680770874e-03
1.877133734524250031e-03
1.876397524029016495e-03
1.875661662779748440e-03
1.874926383607089520e-03
1.874191802926361561e-03
1.873457571491599083e-03
1.872724154964089394e-03
1.871991204097867012e-03
1.871258718892931938e-03
1.870526699349284172e-03
1.869795378297567368e-03
1.869064755737781525e-03
1.868334366008639336e-03
1.867604791186749935e-03
1.866876031272113323e-03
1.866147969849407673e-03
1.865419792011380196e-03
1.864692894741892815e-03
1.863966346718370914e-03
1.863240846432745457e-03
1.862515462562441826e-03
1.861790893599390984e-03
1.861067023128271103e-03
1.860343734733760357e-03
1.859621261246502399e-03
1.858899486251175404e-03
1.858178176917135715e-03
1.857457566075026989e-03
1.856737653724849224e-03
1.856018439866602421e-03
1.855299808084964752e-03
1.854582224041223526e-03
1.853865105658769608e-03
1.853148802183568478e-03
1.852432964369654655e-03
1.851717941462993622e-03
1.851003849878907204e-03
1.850290340371429920e-03
1.849577296525239944e-03
1.848865300416946411e-03
1.848154119215905666e-03
1.847443636506795883e-03
1.846733503043651581e-03
1.846024300903081894e-03
1.845315913669764996e-03
1.844608108513057232e-03
1.843901118263602257e-03
1.843194942921400070e-03
1.842489582486450672e-03
1.841784687712788582e-03
1.841080840677022934e-03
1.840377575717866421e-03
1.839675358496606350e-03
1.838973374105989933e-03
1.838272437453269958e-03
1.837572315707802773e-03
1.836872892454266548e-03
1.836174051277339458e-03
1.835476257838308811e-03
1.834778813645243645e-03
1.834082417190074921e-03
1.833386952057480812e-03
1.832691952586174011e-03
1.831997651606798172e-03
1.831304165534675121e-03
1.830611610785126686e-03
1.829919870942831039e-03
1.829228829592466354e-03
1.828538370318710804e-03
1.827848609536886215e-03
1.827159663662314415e-03
1.826471765525639057e-03
1.825784333050251007e-03
1.825097599066793919e-03
1.824411796405911446e-03
1.823726692236959934e-03
1.823042286559939384e-03
1.822358695790171623e-03
1.821675919927656651e-03
1.820993609726428986e-03
1.820312347263097763e-03
1.819631550461053848e-03
1.818951801396906376e-03
1.818272634409368038e-03
1.817594165913760662e-03
1.816916046664118767e-03
1.816239207983016968e-03
1.815562834963202477e-03
1.814887626096606255e-03
1.814212650060653687e-03
1.813538605347275734e-03
1.812864909879863262e-03
1.812192378565669060e-03
1.811520429328083992e-03
1.810849178582429886e-03
1.810178509913384914e-03
1.809508539736270905e-03
1.808839268051087856e-03
1.808170927688479424e-03
1.807502703741192818e-03
1.806835760362446308e-03
1.806169166229665279e-03
1.805503503419458866e-03
1.804838422685861588e-03
1.804174273274838924e-03
1.803510240279138088e-03
1.802847255021333694e-03
1.802184619009494781e-03
1.801522681489586830e-03
1.800861791707575321e-03
1.800201251171529293e-03
1.799541292712092400e-03
1.798882149159908295e-03
1.798223471269011497e-03
1.797565608285367489e-03
1.796908210963010788e-03
1.796251279301941395e-03
1.795595162548124790e-03
1.794939860701560974e-03
1.794285024516284466e-03
1.793630653992295265e-03
1.792976749129593372e-03
1.792323892004787922e-03
1.791671034879982471e-03
1.791019109077751637e-03
1.790367881767451763e-03
1.789716770872473717e-03
1.789066940546035767e-03
1.788417110219597816e-03
1.787768211215734482e-03
1.787119428627192974e-03
1.786471344530582428e-03
1.785823958925902843e-03
1.785176806151866913e-03
1.784530235454440117e-03
1.783884479664266109e-03
1.783239189535379410e-03
1.782594132237136364e-03
1.781949773430824280e-03
1.781305880285799503e-03
1.780662336386740208e-03
1.780019607394933701e-03
1.779376994818449020e-03
1.778735197149217129e-03
1.778093515895307064e-03
1.777452416718006134e-03
1.776812132447957993e-03
1.776171848177909851e-03
1.775532145984470844e-03
1.774893025867640972e-03
1.774254022166132927e-03
1.773615600541234016e-03
1.772977877408266068e-03
1.772340154275298119e-03
1.771703013218939304e-03
1.771066337823867798e-03
1.770429778844118118e-03
1.769794034771621227e-03
1.769158407114446163e-03
1.768523245118558407e-03
1.767888432368636131e-03
1.767253852449357510e-03
1.766619738191366196e-03
1.765985856764018536e-03
1.765352440997958183e-03
1.764719374477863312e-03
1.764086540788412094e-03
1.763454289175570011e-03
1.762822153978049755e-03
1.762190018780529499e-03
1.761558582074940205e-03
1.760927378199994564e-03
1.760296407155692577e-03
1.759665901772677898e-03
1.759035512804985046e-03
1.758405123837292194e-03
1.757775316946208477e-03
1.757145510055124760e-03
1.756516285240650177e-03
1.755887060426175594e-03
1.755258184857666492e-03
1.754629542119801044e-03
1.754001015797257423e-03
1.753372605890035629e-03
1.752744661644101143e-03
1.752116717398166656e-03
1.751488889567553997e-03
1.750861410982906818e-03
1.750234048813581467e-03
1.749606686644256115e-03
1.748979790136218071e-03
1.748353010043501854e-03
1.747726113535463810e-03
1.747099449858069420e-03
1.746472902595996857e-03
1.745846355333924294e-03
1.745220157317817211e-03
1.744593959301710129e-03
1.743967761285603046e-03
1.743341679684817791e-03
1.742715598084032536e-03
1.742089982144534588e-03
1.741463900543749332e-03
1.740838284604251385e-03
1.740212435834109783e-03
1.739586587063968182e-03
1.738960971124470234e-03
1.738335588015615940e-03
1.737709855660796165e-03
1.737084239721298218e-03
1.736458390951156616e-03
1.735832775011658669e-03
1.735207042656838894e-03
1.734581426717340946e-03
1.733955577947199345e-03
1.733329612761735916e-03
1.732703763991594315e-03
1.732077798806130886e-03
1.731451833620667458e-03
1.730825635604560375e-03
1.730199670419096947e-03
1.729573006741702557e-03
1.728946692310273647e-03
1.728320261463522911e-03
1.727693714201450348e-03
1.727066817693412304e-03
1.726439804770052433e-03
1.725812675431370735e-03
1.725185778923332691e-03
1.724558300338685513e-03
1.723930705338716507e-03
1.723302877508103848e-03
1.722674933262169361e-03
1.722046872600913048e-03
1.721418346278369427e-03
1.720789936371147633e-03
1.720161293633282185e-03
1.719532068818807602e-03
1.718902727589011192e-03
1.718273153528571129e-03
1.717643346637487411e-03
1.717013306915760040e-03
1.716383034363389015e-03
1.715752645395696163e-03
1.715121674351394176e-03
1.714490354061126709e-03
1.713858800940215588e-03
1.713226898573338985e-03
1.712594996206462383e-03
1.711962278932332993e-03
1.711329445242881775e-03
1.710696262307465076e-03
1.710062962956726551e-03
1.709428965114057064e-03
1.708794734440743923e-03
1.708160038106143475e-03
1.707525108940899372e-03
1.706889481283724308e-03
1.706253853626549244e-03
1.705617527477443218e-03
1.704980619251728058e-03
1.704343594610691071e-03
1.703706220723688602e-03
1.703068381175398827e-03
1.702429726719856262e-03
1.701790839433670044e-03
1.701151602901518345e-03
1.700511900708079338e-03
1.699871616438031197e-03
1.699230982922017574e-03
1.698589534498751163e-03
1.697948086075484753e-03
1.697305706329643726e-03
1.696663093753159046e-03
1.696019782684743404e-03
1.695376005955040455e-03
1.694731763564050198e-03
1.694086822681128979e-03
1.693441532552242279e-03
1.692795776762068272e-03
1.692149322479963303e-03
1.691502402536571026e-03
1.690855249762535095e-03
1.690206932835280895e-03
1.689558383077383041e-03
1.688909134827554226e-03
1.688259537331759930e-03
1.687609241344034672e-03
1.686958363279700279e-03
1.686306903138756752e-03
1.685654860921204090e-03
1.685002469457685947e-03
1.684349263086915016e-03
1.683695591054856777e-03
1.683041220530867577e-03
1.682386384345591068e-03
1.681731082499027252e-03
1.681074732914566994e-03
1.680418150499463081e-03
1.679760986007750034e-03
1.679103239439427853e-03
1.678444677963852882e-03
1.677785650826990604e-03
1.677126158028841019e-03
1.676465850323438644e-03
1.675805076956748962e-03
1.675143605098128319e-03
1.674482016824185848e-03
1.673819497227668762e-03
1.673156395554542542e-03
1.672492944635450840e-03
1.671828795224428177e-03
1.671163947321474552e-03
1.670498633757233620e-03
1.669832854531705379e-03
1.669166609644889832e-03
1.668499549850821495e-03
1.667832024395465851e-03
1.667164033278822899e-03
1.666495692916214466e-03
1.665826770476996899e-03
1.665157149545848370e-03
1.664487062953412533e-03
1.663816627115011215e-03
1.663145492784678936e-03
1.662474242039024830e-03
1.661802059970796108e-03
1.661129761487245560e-03
1.660456880927085876e-03
1.659783767536282539e-03
1.659109839238226414e-03
1.658435794524848461e-03
1.657761516980826855e-03
1.657086540944874287e-03
1.656411215662956238e-03
1.655735541135072708e-03
1.655059400945901871e-03
1.654383260756731033e-03
1.653706538490951061e-03
1.653029583394527435e-03
1.652352279052138329e-03
1.651674625463783741e-03
1.650996739044785500e-03
1.650318736210465431e-03
1.649640500545501709e-03
1.648961799219250679e-03
1.648282981477677822e-03
1.647603930905461311e-03
1.646924996748566628e-03
1.646245596930384636e-03
1.645566197112202644e-03
1.644886448048055172e-03
1.644206815399229527e-03
1.643527066335082054e-03
1.642847200855612755e-03
1.642167335376143456e-03
1.641487353481352329e-03
1.640807488001883030e-03
1.640127389691770077e-03
1.639447407796978951e-03
1.638767425902187824e-03
1.638087676838040352e-03
1.637407927773892879e-03
1.636728062294423580e-03
1.636048313230276108e-03
1.635369146242737770e-03
1.634689862839877605e-03
1.634010695852339268e-03
1.633331645280122757e-03
1.632652711123228073e-03
1.631974359042942524e-03
1.631296123377978802e-03
1.630618120543658733e-03
1.629940583370625973e-03
1.629263162612915039e-03
1.628585858270525932e-03
1.627909252420067787e-03
1.627233112230896950e-03
1.626556972041726112e-03
1.625881530344486237e-03
1.625206321477890015e-03
1.624531694687902927e-03
1.623857533559203148e-03
1.623183838091790676e-03
1.622510491870343685e-03
1.621837844140827656e-03
1.621165662072598934e-03
1.620494062080979347e-03
1.619823044165968895e-03
1.619152841158211231e-03
1.618482987396419048e-03
1.617813715711236000e-03
1.617145142517983913e-03
1.616477384231984615e-03
1.615810440853238106e-03
1.615143730305135250e-03
1.614478067494928837e-03
1.613812986761331558e-03
1.613148837350308895e-03
1.612485502846539021e-03
1.611822750419378281e-03
1.611160812899470329e-03
1.610499806702136993e-03
1.609839615412056446e-03
1.609180471859872341e-03
1.608521677553653717e-03
1.607864047400653362e-03
1.607207348570227623e-03
1.606551581062376499e-03
1.605896744877099991e-03
1.605242723599076271e-03
1.604589517228305340e-03
1.603937475010752678e-03
1.603286596946418285e-03
1.602636533789336681e-03
1.601987401954829693e-03
1.601339317858219147e-03
1.600692397914826870e-03
1.600046292878687382e-03
1.599401235580444336e-03
1.598757342435419559e-03
1.598114497028291225e-03
1.597472699359059334e-03
1.596831949427723885e-03
1.596192363649606705e-03
1.595553825609385967e-03
1.594916568137705326e-03
1.594280009157955647e-03
1.593645079992711544e-03
1.593011198565363884e-03
1.592378248460590839e-03
1.591746346093714237e-03
1.591115840710699558e-03
1.590486383065581322e-03
1.589858205989003181e-03
1.589231076650321484e-03
1.588605344295501709e-03
1.587980776093900204e-03
1.587357139214873314e-03
1.586734899319708347e-03
1.586113823577761650e-03
1.585493795573711395e-03
1.584875164553523064e-03
1.584257814101874828e-03
1.583641511388123035e-03
1.583026605658233166e-03
1.582412631250917912e-03
1.581800053827464581e-03
1.581188989803195000e-03
1.580578624270856380e-03
1.579969655722379684e-03
1.579362084157764912e-03
1.578755793161690235e-03
1.578150782734155655e-03
1.577546936459839344e-03
1.576944021508097649e-03
1.576342619955539703e-03
1.575742615386843681e-03
1.575143658556044102e-03
1.574546098709106445e-03
1.573949586600065231e-03
1.573354587890207767e-03
1.572760520502924919e-03
1.572167733684182167e-03
1.571576460264623165e-03
1.570986118167638779e-03
1.570397173054516315e-03
1.569809508509933949e-03
1.569223008118569851e-03
1.568637904711067677e-03
1.568053965456783772e-03
1.567471073940396309e-03
1.566889579407870770e-03
1.566309365443885326e-03
1.565730199217796326e-03
1.565152197144925594e-03
1.564575708471238613e-03
