2.474564593285322189e-03
2.473535714671015739e-03
2.472506603226065636e-03
2.471477724611759186e-03
2.470449078828096390e-03
2.469420433044433594e-03
2.468392252922058105e-03
2.467363839969038963e-03
2.466335427016019821e-03
2.465307479724287987e-03
2.464279765263199806e-03
2.463251817971467972e-03
2.462223870679736137e-03
2.461196621879935265e-03
2.460168674588203430e-03
2.459141425788402557e-03
2.458113944157958031e-03
2.457086462527513504e-03
2.456059213727712631e-03
2.455032197758555412e-03
2.454004948958754539e-03
2.452978165820240974e-03
2.451950917020440102e-03
2.450924133881926537e-03
2.449897350743412971e-03
2.448870567604899406e-03
2.447843318805098534e-03
2.446816768497228622e-03
2.445789985358715057e-03
2.444762969389557838e-03
2.443736651912331581e-03
2.442710101604461670e-03
2.441683318465948105e-03
2.440656768158078194e-03
2.439629985019564629e-03
2.438603434711694717e-03
2.437576418742537498e-03
2.436549868434667587e-03
2.435523318126797676e-03
2.434496767818927765e-03
2.433470217511057854e-03
2.432443201541900635e-03
2.431416418403387070e-03
2.430389402434229851e-03
2.429362619295716286e-03
2.428336068987846375e-03
2.427308820188045502e-03
2.426281804218888283e-03
2.425254555419087410e-03
2.424227772280573845e-03
2.423200523480772972e-03
2.422173041850328445e-03
2.421146025881171227e-03
2.420118311420083046e-03
2.419091295450925827e-03
2.418063813820481300e-03
2.417036099359393120e-03
2.416008384898304939e-03
2.414980204775929451e-03
2.413952490314841270e-03
2.412924543023109436e-03
2.411896362900733948e-03
2.410868182778358459e-03
2.409840002655982971e-03
2.408811356872320175e-03
2.407782943919301033e-03
2.406754530966281891e-03
2.405725419521331787e-03
2.404696540907025337e-03
2.403667429462075233e-03
2.402638318017125130e-03
2.401608740910887718e-03
2.400579163804650307e-03
2.399549819529056549e-03
2.398520009592175484e-03
2.397489966824650764e-03
2.396460389718413353e-03
2.395429881289601326e-03
2.394399372860789299e-03
2.393369097262620926e-03
2.392338123172521591e-03
2.391307149082422256e-03
2.390276407822966576e-03
2.389244735240936279e-03
2.388213761150836945e-03
2.387181855738162994e-03
2.386149950325489044e-03
2.385118277743458748e-03
2.384086139500141144e-03
2.383054001256823540e-03
2.382021630182862282e-03
2.380988793447613716e-03
2.379955956712365150e-03
2.378922887146472931e-03
2.377889351919293404e-03
2.376856049522757530e-03
2.375822747126221657e-03
2.374788746237754822e-03
2.373754745349287987e-03
2.372720278799533844e-03
2.371685812249779701e-03
2.370651345700025558e-03
2.369616413488984108e-03
2.368581481277942657e-03
2.367546549066901207e-03
2.366510685533285141e-03
2.365475054830312729e-03
2.364438958466053009e-03
2.363403094932436943e-03
2.362366765737533569e-03
2.361330203711986542e-03
2.360293641686439514e-03
2.359256846830248833e-03
2.358219586312770844e-03
2.357182325795292854e-03
2.356144599616527557e-03
2.355107106268405914e-03
2.354069380089640617e-03
2.353031188249588013e-03
2.351992530748248100e-03
2.350954338908195496e-03
2.349915681406855583e-03
2.348876558244228363e-03
2.347837202250957489e-03
2.346798311918973923e-03
2.345758490264415741e-03
2.344718668609857559e-03
2.343678846955299377e-03
2.342639025300741196e-03
2.341598505154252052e-03
2.340557985007762909e-03
2.339517464861273766e-03
2.338476711884140968e-03
2.337435493245720863e-03
2.336394274607300758e-03
2.335352823138237000e-03
2.334311371669173241e-03
2.333269454538822174e-03
2.332227770239114761e-03
2.331185620278120041e-03
2.330143470317125320e-03
2.329100854694843292e-03
2.328058704733848572e-03
2.327015856280922890e-03
2.325972774997353554e-03
2.324930159375071526e-03
2.323886845260858536e-03
2.322843298316001892e-03
2.321799984201788902e-03
2.320756670087575912e-03
2.319713123142719269e-03
2.318669110536575317e-03
2.317625330761075020e-03
2.316581085324287415e-03
2.315537072718143463e-03
2.314493060111999512e-03
2.313448814675211906e-03
2.312404336407780647e-03
2.311359858140349388e-03
2.310315147042274475e-03
2.309270435944199562e-03
2.308225724846124649e-03
2.307180780917406082e-03
2.306135836988687515e-03
2.305090893059968948e-03
2.304045949131250381e-03
2.303001005202531815e-03
2.301956061273813248e-03
2.300910884514451027e-03
2.299865707755088806e-03
2.298820530995726585e-03
2.297775354236364365e-03
2.296729944646358490e-03
2.295685000717639923e-03
2.294639591127634048e-03
2.293594647198915482e-03
2.292549237608909607e-03
2.291504060849547386e-03
2.290458884090185165e-03
2.289413707330822945e-03
2.288368763402104378e-03
2.287323586642742157e-03
2.286278642714023590e-03
2.285233465954661369e-03
2.284188522025942802e-03
2.283143810927867889e-03
2.282098866999149323e-03
2.281054388731718063e-03
2.280009910464286804e-03
2.278965199366211891e-03
2.277920721098780632e-03
2.276876708492636681e-03
2.275832230225205421e-03
2.274788217619061470e-03
2.273744205012917519e-03
2.272700425237417221e-03
2.271656645461916924e-03
2.270613564178347588e-03
2.269569784402847290e-03
2.268526703119277954e-03
2.267483621835708618e-03
2.266440540552139282e-03
2.265398157760500908e-03
2.264355309307575226e-03
2.263313159346580505e-03
2.262271009385585785e-03
2.261229092255234718e-03
2.260187407955527306e-03
2.259145723655819893e-03
2.258104505017399788e-03
2.257063286378979683e-03
2.256022999063134193e-03
2.254982246086001396e-03
2.253941958770155907e-03
2.252902137115597725e-03
2.251862315461039543e-03
2.250822726637125015e-03
2.249783370643854141e-03
2.248744480311870575e-03
2.247705589979887009e-03
2.246667630970478058e-03
2.245629439130425453e-03
2.244591712951660156e-03
2.243554219603538513e-03
2.242517191916704178e-03
2.241480397060513496e-03
2.240444067865610123e-03
2.239407971501350403e-03
2.238372340798377991e-03
2.237336942926049232e-03
2.236302010715007782e-03
2.235267311334609985e-03
2.234232844784855843e-03
2.233199076727032661e-03
2.232165075838565826e-03
2.231132239103317261e-03
2.230099402368068695e-03
2.229067264124751091e-03
2.228035125881433487e-03
2.227003686130046844e-03
2.225972712039947510e-03
2.224941970780491829e-03
2.223911695182323456e-03
2.222881652414798737e-03
2.221852308139204979e-03
2.220823196694254875e-03
2.219795249402523041e-03
2.218767069280147552e-03
2.217739587649703026e-03
2.216712106019258499e-03
2.215685555711388588e-03
2.214659471064805984e-03
2.213633619248867035e-03
2.212608233094215393e-03
2.211583778262138367e-03
2.210559789091348648e-03
2.209535799920558929e-03
2.208512974902987480e-03
2.207490149885416031e-03
2.206468023359775543e-03
2.205446129664778709e-03
2.204424934461712837e-03
2.203404670581221581e-03
2.202384639531373978e-03
2.201364841312170029e-03
2.200345741584897041e-03
2.199327573180198669e-03
2.198309637606143951e-03
2.197292400524020195e-03
2.196275629103183746e-03
2.195259090512990952e-03
2.194243716076016426e-03
2.193228574469685555e-03
2.192214131355285645e-03
2.191200153902173042e-03
2.190187107771635056e-03
2.189174061641097069e-03
2.188161946833133698e-03
2.187150530517101288e-03
2.186139579862356186e-03
2.185129327699542046e-03
2.184119774028658867e-03
2.183110453188419342e-03
2.182102296501398087e-03
2.181094372645020485e-03
2.180087380111217499e-03
2.179080853238701820e-03
2.178074559196829796e-03
2.177069429308176041e-03
2.176064765080809593e-03
2.175060799345374107e-03
2.174057532101869583e-03
2.173054730519652367e-03
2.172052860260009766e-03
2.171051455661654472e-03
2.170050749555230141e-03
2.169050741940736771e-03
2.168051432818174362e-03
2.167052822187542915e-03
2.166054910048842430e-03
2.165057696402072906e-03
2.164061181247234344e-03
2.163065364584326744e-03
2.162070013582706451e-03
2.161075593903660774e-03
2.160082105547189713e-03
2.159088850021362305e-03
2.158096758648753166e-03
2.157105132937431335e-03
2.156114205718040466e-03
2.155124209821224213e-03
2.154134912416338921e-03
2.153146313503384590e-03
2.152158180251717567e-03
2.151171211153268814e-03
2.150184707716107368e-03
2.149199368432164192e-03
2.148214261978864670e-03
2.147230086848139763e-03
2.146246843039989471e-03
2.145264530554413795e-03
2.144282450899481773e-03
2.143301302567124367e-03
2.142321318387985229e-03
2.141342032700777054e-03
2.140363212674856186e-03
2.139386022463440895e-03
2.138408599421381950e-03
2.137432573363184929e-03
2.136457245796918869e-03
2.135482849553227425e-03
2.134508918970823288e-03
2.133536152541637421e-03
2.132563851773738861e-03
2.131592482328414917e-03
2.130622277036309242e-03
2.129652537405490875e-03
2.128683496266603470e-03
2.127715852111577988e-03
2.126749139279127121e-03
2.125782892107963562e-03
2.124817576259374619e-03
2.123853191733360291e-03
2.122889738529920578e-03
2.121926983818411827e-03
2.120964927598834038e-03
2.120004501193761826e-03
2.119044307619333267e-03
2.118085278198122978e-03
2.117127180099487305e-03
2.116170013323426247e-03
2.115213545039296150e-03
2.114258240908384323e-03
2.113303868100047112e-03
2.112350193783640862e-03
2.111397450789809227e-03
2.110445639118552208e-03
2.109494758769869804e-03
2.108544809743762016e-03
2.107596257701516151e-03
2.106647938489913940e-03
2.105701016262173653e-03
2.104755025357007980e-03
2.103810198605060577e-03
2.102866070345044136e-03
2.101922873407602310e-03
2.100980840623378754e-03
2.100039739161729813e-03
2.099099103361368179e-03
2.098160330206155777e-03
2.097221789881587029e-03
2.096284646540880203e-03
2.095348667353391647e-03
2.094413619488477707e-03
2.093479270115494728e-03
2.092546317726373672e-03
2.091614063829183578e-03
2.090682974085211754e-03
2.089752815663814545e-03
2.088823588564991951e-03
2.087895525619387627e-03
2.086968626827001572e-03
2.086042892187833786e-03
2.085117856040596962e-03
2.084194216877222061e-03
2.083271276205778122e-03
2.082349499687552452e-03
2.081428654491901398e-03
2.080509206280112267e-03
2.079590689390897751e-03
2.078672870993614197e-03
2.077756682410836220e-03
2.076841657981276512e-03
2.075926866382360458e-03
2.075014403089880943e-03
2.074101939797401428e-03
2.073191106319427490e-03
2.072281436994671822e-03
2.071372233331203461e-03
2.070464659482240677e-03
2.069558249786496162e-03
2.068652771413326263e-03
2.067748224362730980e-03
2.066845074295997620e-03
2.065942855551838875e-03
2.065042033791542053e-03
2.064142143353819847e-03
2.063243417069315910e-03
2.062345622107386589e-03
2.061449456959962845e-03
2.060554223135113716e-03
2.059659920632839203e-03
2.058766549453139305e-03
2.057874808087944984e-03
2.056983998045325279e-03
2.056094119325280190e-03
2.055205637589097023e-03
2.054318320006132126e-03
2.053432166576385498e-03
2.052546944469213486e-03
2.051663119345903397e-03
2.050780458375811577e-03
2.049898961558938026e-03
2.049018396064639091e-03
2.048138761892914772e-03
2.047260757535696030e-03
2.046384150162339211e-03
2.045508241280913353e-03
2.044633496552705765e-03
2.043759915977716446e-03
2.042887499555945396e-03
2.042016712948679924e-03
2.041146392002701759e-03
2.040277933701872826e-03
2.039410173892974854e-03
2.038543811067938805e-03
2.037678612396121025e-03
2.036814577877521515e-03
2.035951707512140274e-03
2.035089768469333649e-03
2.034229459241032600e-03
2.033369848504662514e-03
2.032511634752154350e-03
2.031654585152864456e-03
2.030798699706792831e-03
2.029943745583295822e-03
2.029090421274304390e-03
2.028238261118531227e-03
2.027387032285332680e-03
2.026537433266639709e-03
2.025688532739877701e-03
2.024840796366333961e-03
2.023994689807295799e-03
2.023149514570832253e-03
2.022305037826299667e-03
2.021462190896272659e-03
2.020620508119463921e-03
2.019779989495873451e-03
2.018940635025501251e-03
2.018102677538990974e-03
2.017265651375055313e-03
2.016429556533694267e-03
2.015594858676195145e-03
2.014761557802557945e-03
2.013929188251495361e-03
2.013098448514938354e-03
2.012268174439668655e-03
2.011439530178904533e-03
2.010611817240715027e-03
2.009785035625100136e-03
2.008959883823990822e-03
2.008135896176099777e-03
2.007313072681427002e-03
2.006491180509328842e-03
2.005670452490448952e-03
2.004851121455430984e-03
2.004032721742987633e-03
2.003215486183762550e-03
2.002399414777755737e-03
2.001584507524967194e-03
2.000770997256040573e-03
1.999958651140332222e-03
1.999147236347198486e-03
1.998336752876639366e-03
1.997527666389942169e-03
1.996719744056463242e-03
1.995912985876202583e-03
1.995107159018516541e-03
1.994302496314048767e-03
1.993499230593442917e-03
1.992696896195411682e-03
1.991895725950598717e-03
1.991095719859004021e-03
1.990296877920627594e-03
1.989499200135469437e-03
1.988702686503529549e-03
1.987906871363520622e-03
1.987112453207373619e-03
1.986319432035088539e-03
1.985527342185378075e-03
