4.773866094183176756e-04
4.773847467731684446e-04
4.773828550241887569e-04
4.773809923790395260e-04
4.773791297338902950e-04
4.773772670887410641e-04
4.773754626512527466e-04
4.773735417984426022e-04
4.773717373609542847e-04
4.773698747158050537e-04
4.773680120706558228e-04
4.773661203216761351e-04
4.773642576765269041e-04
4.773623950313776731e-04
4.773605905938893557e-04
4.773587279487401247e-04
4.773568653035908937e-04
4.773550026584416628e-04
4.773531400132924318e-04
4.773513355758041143e-04
4.773493856191635132e-04
4.773475520778447390e-04
4.773457185365259647e-04
4.773438558913767338e-04
4.773419350385665894e-04
4.773401306010782719e-04
4.773383261635899544e-04
4.773364635184407234e-04
4.773346008732914925e-04
4.773327382281422615e-04
4.773308173753321171e-04
4.773290711455047131e-04
4.773272085003554821e-04
4.773253458552062511e-04
4.773234250023961067e-04
4.773216205649077892e-04
4.773197579197585583e-04
4.773178952746093273e-04
4.773160908371210098e-04
4.773141990881413221e-04
4.773122782353311777e-04
4.773104737978428602e-04
4.773086111526936293e-04
4.773066902998834848e-04
4.773048276547342539e-04
4.773029941134154797e-04
4.773012187797576189e-04
4.772993561346083879e-04
4.772975808009505272e-04
4.772956890519708395e-04
4.772938264068216085e-04
4.772919637616723776e-04
4.772901011165231466e-04
4.772882384713739157e-04
4.772863467223942280e-04
4.772844840772449970e-04
4.772826796397566795e-04
4.772808169946074486e-04
4.772789834532886744e-04
4.772771499119699001e-04
4.772752872668206692e-04
4.772734537255018950e-04
4.772715910803526640e-04
4.772696993313729763e-04
4.772677784785628319e-04
4.772660322487354279e-04
4.772641696035861969e-04
4.772623069584369659e-04
4.772605025209486485e-04
4.772586398757994175e-04
4.772567772306501865e-04
4.772548563778400421e-04
4.772531101480126381e-04
4.772511601913720369e-04
4.772493848577141762e-04
4.772475222125649452e-04
4.772456595674157143e-04
4.772437969222664833e-04
4.772419924847781658e-04
4.772401298396289349e-04
4.772382380906492472e-04
4.772364045493304729e-04
4.772346001118421555e-04
4.772327083628624678e-04
4.772308457177132368e-04
4.772289248649030924e-04
4.772271204274147749e-04
4.772253159899264574e-04
4.772234533447772264e-04
4.772216198034584522e-04
4.772197280544787645e-04
4.772179236169904470e-04
4.772160027641803026e-04
4.772141983266919851e-04
4.772122774738818407e-04
4.772104730363935232e-04
4.772085230797529221e-04
4.772067477460950613e-04
4.772048851009458303e-04
4.772030224557965994e-04
4.772011889144778252e-04
4.771994135808199644e-04
4.771975509356707335e-04
4.771957464981824160e-04
4.771937965415418148e-04
4.771919630002230406e-04
4.771901585627347231e-04
4.771882668137550354e-04
4.771864041686058044e-04
4.771844833157956600e-04
4.771826788783073425e-04
4.771808162331581116e-04
4.771790408995002508e-04
4.771772364620119333e-04
4.771753738168627024e-04
4.771735111717134714e-04
4.771716485265642405e-04
4.771698440890759230e-04
4.771679523400962353e-04
4.771661187987774611e-04
4.771642270497977734e-04
4.771624226123094559e-04
4.771605017594993114e-04
4.771586391143500805e-04
4.771568346768617630e-04
4.771550302393734455e-04
4.771531675942242146e-04
4.771513340529054403e-04
4.771495296154171228e-04
4.771476378664374352e-04
4.771458043251186609e-04
4.771439416799694300e-04
4.771421081386506557e-04
4.771401872858405113e-04
4.771384119521826506e-04
4.771365784108638763e-04
4.771346575580537319e-04
4.771329404320567846e-04
4.771310195792466402e-04
4.771291860379278660e-04
4.771273233927786350e-04
4.771254025399684906e-04
4.771235981024801731e-04
4.771217354573309422e-04
4.771199601236730814e-04
4.771180974785238504e-04
4.771162057295441628e-04
4.771143430843949318e-04
4.771125386469066143e-04
4.771107342094182968e-04
4.771088715642690659e-04
4.771070089191198349e-04
4.771051462739706039e-04
4.771033418364822865e-04
4.771014791913330555e-04
4.770996456500142813e-04
4.770978412125259638e-04
4.770959494635462761e-04
4.770940286107361317e-04
4.770922532770782709e-04
4.770904197357594967e-04
4.770885570906102657e-04
4.770866944454610348e-04
4.770848609041422606e-04
4.770830564666539431e-04
4.770811647176742554e-04
4.770793311763554811e-04
4.770774976350367069e-04
4.770756349898874760e-04
4.770737723447382450e-04
4.770719388034194708e-04
4.770701052621006966e-04
4.770683299284428358e-04
4.770664090756326914e-04
4.770646046381443739e-04
4.770628002006560564e-04
4.770608793478459120e-04
4.770590167026966810e-04
4.770571249537169933e-04
4.770553496200591326e-04
4.770535451825708151e-04
4.770516534335911274e-04
4.770498198922723532e-04
4.770480154547840357e-04
4.770462110172957182e-04
4.770443774759769440e-04
4.770424857269972563e-04
4.770406812895089388e-04
4.770387604366987944e-04
4.770369559992104769e-04
4.770351515617221594e-04
4.770333180204033852e-04
4.770314262714236975e-04
4.770296218339353800e-04
4.770277591887861490e-04
4.770258965436369181e-04
4.770240921061486006e-04
4.770222294609993696e-04
4.770203668158501387e-04
4.770185332745313644e-04
4.770167288370430470e-04
4.770148661918938160e-04
4.770129744429141283e-04
4.770111991092562675e-04
4.770093946717679501e-04
4.770074738189578056e-04
4.770056111738085747e-04
4.770038649439811707e-04
4.770019440911710262e-04
4.770000814460217953e-04
4.769982479047030210e-04
4.769964725710451603e-04
4.769946099258959293e-04
4.769927472807466984e-04
4.769908846355974674e-04
4.769890801981091499e-04
4.769872175529599190e-04
4.769854422193020582e-04
4.769836086779832840e-04
4.769817460328340530e-04
4.769799124915152788e-04
4.769780207425355911e-04
4.769762454088777304e-04
4.769743827637284994e-04
4.769725783262401819e-04
4.769706865772604942e-04
4.769688239321112633e-04
4.769669903907924891e-04
4.769651859533041716e-04
4.769632942043244839e-04
4.769615188706666231e-04
4.769596562255173922e-04
4.769578517880290747e-04
4.769559891428798437e-04
4.769541847053915262e-04
4.769523511640727520e-04
4.769504594150930643e-04
4.769486549776047468e-04
4.769467923324555159e-04
4.769449587911367416e-04
4.769431543536484241e-04
4.769413499161601067e-04
4.769394290633499622e-04
4.769376246258616447e-04
4.769356746692210436e-04
4.769338702317327261e-04
4.769320366904139519e-04
4.769302322529256344e-04
4.769282822962850332e-04
4.769265651702880859e-04
4.769247607327997684e-04
4.769229271914809942e-04
4.769210354425013065e-04
4.769192310050129890e-04
4.769173683598637581e-04
4.769155639223754406e-04
4.769137885887175798e-04
4.769119259435683489e-04
4.769100632984191179e-04
4.769082006532698870e-04
4.769063962157815695e-04
4.769044753629714251e-04
4.769026709254831076e-04
4.769008664879947901e-04
4.768990038428455591e-04
4.768970829900354147e-04
4.768953367602080107e-04
4.768935323227196932e-04
4.768916114699095488e-04
4.768898070324212313e-04
4.768880025949329138e-04
4.768861399497836828e-04
4.768842773046344519e-04
4.768825019709765911e-04
4.768806393258273602e-04
4.768788348883390427e-04
4.768769722431898117e-04
4.768750804942101240e-04
4.768733633682131767e-04
4.768715298268944025e-04
4.768696671817451715e-04
4.768678045365959406e-04
4.768660000991076231e-04
4.768641956616193056e-04
4.768623912241309881e-04
4.768605576828122139e-04
4.768587241414934397e-04
4.768568614963442087e-04
4.768549406435340643e-04
4.768531362060457468e-04
4.768512735608965158e-04
4.768494691234081984e-04
4.768476355820894241e-04
4.768458311446011066e-04
4.768439684994518757e-04
4.768421058543026447e-04
4.768403014168143272e-04
4.768384387716650963e-04
4.768366343341767788e-04
4.768348590005189180e-04
4.768329963553696871e-04
4.768311919178813696e-04
4.768293874803930521e-04
4.768274666275829077e-04
4.768256621900945902e-04
4.768238577526062727e-04
4.768220533151179552e-04
4.768201324623078108e-04
4.768184153363108635e-04
4.768165526911616325e-04
4.768147482536733150e-04
4.768129438161849976e-04
4.768110229633748531e-04
4.768092185258865356e-04
4.768074140883982182e-04
4.768055514432489872e-04
4.768037761095911264e-04
4.768018843606114388e-04
4.768000508192926645e-04
4.767982463818043470e-04
4.767964419443160295e-04
4.767945210915058851e-04
4.767927166540175676e-04
4.767909122165292501e-04
4.767890495713800192e-04
4.767872451338917017e-04
4.767853242810815573e-04
4.767835198435932398e-04
4.767816571984440088e-04
4.767798818647861481e-04
4.767779901158064604e-04
4.767761565744876862e-04
4.767743521369993687e-04
4.767725476995110512e-04
4.767707723658531904e-04
4.767689097207039595e-04
4.767670761793851852e-04
4.767652426380664110e-04
4.767634382005780935e-04
4.767615173477679491e-04
4.767597711179405451e-04
4.767579666804522276e-04
4.767561040353029966e-04
4.767543287016451359e-04
4.767524369526654482e-04
4.767506034113466740e-04
4.767487989738583565e-04
4.767470236402004957e-04
4.767452192027121782e-04
4.767433565575629473e-04
4.767414939124137163e-04
4.767397476825863123e-04
4.767378268297761679e-04
4.767360223922878504e-04
4.767341015394777060e-04
4.767324426211416721e-04
4.767305508721619844e-04
4.767287755385041237e-04
4.767268546856939793e-04
4.767249920405447483e-04
4.767231876030564308e-04
4.767213831655681133e-04
4.767195787280797958e-04
4.767177160829305649e-04
4.767159116454422474e-04
4.767140781041234732e-04
4.767122736666351557e-04
4.767103528138250113e-04
4.767085483763366938e-04
4.767068021465092897e-04
4.767049686051905155e-04
4.767031641677021980e-04
4.767013015225529671e-04
4.766994388774037361e-04
4.766976344399154186e-04
4.766958591062575579e-04
4.766940255649387836e-04
4.766921629197895527e-04
4.766903875861316919e-04
4.766885249409824610e-04
4.766867205034941435e-04
4.766849160660058260e-04
4.766830534208565950e-04
4.766812198795378208e-04
4.766795027535408735e-04
4.766776110045611858e-04
4.766756901517510414e-04
4.766739439219236374e-04
4.766720812767744064e-04
4.766702768392860889e-04
4.766684432979673147e-04
4.766666388604789972e-04
4.766648344229906797e-04
4.766630299855023623e-04
4.766611673403531313e-04
4.766593046952039003e-04
4.766575293615460396e-04
4.766556376125663519e-04
4.766538622789084911e-04
4.766520578414201736e-04
4.766502243001013994e-04
4.766483325511217117e-04
4.766465572174638510e-04
4.766446945723146200e-04
4.766428901348263025e-04
4.766409401781857014e-04
4.766392230521887541e-04
4.766373604070395231e-04
4.766355559695512056e-04
4.766337515320628881e-04
4.766319761984050274e-04
4.766300553455948830e-04
4.766282509081065655e-04
4.766265046782791615e-04
4.766246420331299305e-04
4.766228084918111563e-04
4.766210040543228388e-04
4.766191123053431511e-04
4.766172787640243769e-04
4.766155325341969728e-04
4.766136698890477419e-04
4.766118945553898811e-04
4.766100319102406502e-04
4.766082856804132462e-04
4.766063648276031017e-04
4.766046185977756977e-04
4.766027559526264668e-04
4.766009224113076925e-04
4.765991761814802885e-04
4.765973135363310575e-04
4.765954508911818266e-04
4.765936755575239658e-04
4.765918711200356483e-04
4.765900666825473309e-04
4.765881458297371864e-04
4.765863995999097824e-04
4.765845369547605515e-04
4.765827034134417772e-04
4.765808698721230030e-04
4.765790945384651423e-04
4.765772318933159113e-04
4.765754274558275938e-04
4.765736230183392763e-04
4.765717894770205021e-04
4.765698977280408144e-04
4.765681223943829536e-04
4.765663761645555496e-04
4.765645135194063187e-04
4.765626799780875444e-04
4.765608755405992270e-04
4.765590711031109095e-04
4.765572957694530487e-04
4.765554040204733610e-04
4.765535704791545868e-04
4.765517660416662693e-04
4.765499033965170383e-04
4.765480407513678074e-04
4.765463236253708601e-04
4.765445773955434561e-04
4.765427147503942251e-04
4.765409103129059076e-04
4.765390767715871334e-04
4.765372141264379025e-04
4.765354678966104984e-04
4.765336634591221809e-04
4.765317426063120365e-04
4.765299381688237190e-04
4.765281337313354015e-04
4.765263001900166273e-04
4.765244375448673964e-04
4.765226913150399923e-04
4.765209159813821316e-04
4.765190533362329006e-04
4.765171906910836697e-04
4.765153862535953522e-04
4.765135818161070347e-04
4.765118064824491739e-04
4.765099438372999430e-04
4.765080811921507120e-04
4.765062767546623945e-04
4.765044723171740770e-04
4.765026678796857595e-04
4.765008343383669853e-04
4.764990299008786678e-04
4.764971672557294369e-04
4.764954210259020329e-04
4.764935583807528019e-04
4.764916957356035709e-04
4.764899786096066236e-04
4.764881159644573927e-04
4.764862533193081617e-04
4.764845361933112144e-04
4.764826153405010700e-04
4.764808691106736660e-04
4.764790937770158052e-04
4.764773475471884012e-04
4.764754266943782568e-04
4.764736222568899393e-04
4.764718178194016218e-04
4.764699842780828476e-04
