3.734482161235064268e-04
3.734464116860181093e-04
3.734446654561907053e-04
3.734428319148719311e-04
3.734409692697227001e-04
3.734391939360648394e-04
3.734373894985765219e-04
3.734355850610882044e-04
3.734338097274303436e-04
3.734320052899420261e-04
3.734302299562841654e-04
3.734284255187958479e-04
3.734266210813075304e-04
3.734248166438192129e-04
3.734230704139918089e-04
3.734212659765034914e-04
3.734194324351847172e-04
3.734177153091877699e-04
3.734157944563776255e-04
3.734140773303806782e-04
3.734122728928923607e-04
3.734104393515735865e-04
3.734086349140852690e-04
3.734068595804274082e-04
3.734051133506000042e-04
3.734032507054507732e-04
3.734015335794538260e-04
3.733997291419655085e-04
3.733978664968162775e-04
3.733960620593279600e-04
3.733942867256700993e-04
3.733925113920122385e-04
3.733907360583543777e-04
3.733888734132051468e-04
3.733870980795472860e-04
3.733853809535503387e-04
3.733835474122315645e-04
3.733817138709127903e-04
3.733799385372549295e-04
3.733780758921056986e-04
3.733763587661087513e-04
3.733745834324508905e-04
3.733727789949625731e-04
3.733709745574742556e-04
3.733691701199859381e-04
3.733673947863280773e-04
3.733655903488397598e-04
3.733637859113514423e-04
3.733619523700326681e-04
3.733601479325443506e-04
3.733584308065474033e-04
3.733565972652286291e-04
3.733547928277403116e-04
3.733530465979129076e-04
3.733512130565941334e-04
3.733494377229362726e-04
3.733476914931088686e-04
3.733458579517900944e-04
3.733440535143017769e-04
3.733422490768134594e-04
3.733404737431555986e-04
3.733386402018368244e-04
3.733369230758398771e-04
3.733350895345211029e-04
3.733333433046936989e-04
3.733314806595444679e-04
3.733297053258866072e-04
3.733279299922287464e-04
3.733260964509099722e-04
3.733243502210825682e-04
3.733225457835942507e-04
3.733207413461059332e-04
3.733189660124480724e-04
3.733171324711292982e-04
3.733153862413018942e-04
3.733135235961526632e-04
3.733117773663252592e-04
3.733100602403283119e-04
3.733082266990095377e-04
3.733064804691821337e-04
3.733046178240329027e-04
3.733028424903750420e-04
3.733010380528867245e-04
3.732992336153984070e-04
3.732974582817405462e-04
3.732957120519131422e-04
3.732938785105943680e-04
3.732920740731060505e-04
3.732902696356177330e-04
3.732885234057903290e-04
3.732867480721324682e-04
3.732850018423050642e-04
3.732831100933253765e-04
3.732813929673284292e-04
3.732795303221791983e-04
3.732777549885213375e-04
3.732759796548634768e-04
3.732741461135447025e-04
3.732724289875477552e-04
3.732705663423985243e-04
3.732688783202320337e-04
3.732670447789132595e-04
3.732652694452553988e-04
3.732635232154279947e-04
3.732616605702787638e-04
3.732598561327904463e-04
3.732581099029630423e-04
3.732562763616442680e-04
3.732545592356473207e-04
3.732527839019894600e-04
3.732510085683315992e-04
3.732491459231823683e-04
3.732473705895245075e-04
3.732455370482057333e-04
3.732437617145478725e-04
3.732420154847204685e-04
3.732402983587235212e-04
3.732384357135742903e-04
3.732366312760859728e-04
3.732348559424281120e-04
3.732331097126007080e-04
3.732313052751123905e-04
3.732295590452849865e-04
3.732277255039662123e-04
3.732258919626474380e-04
3.732241748366504908e-04
3.732223412953317165e-04
3.732205950655043125e-04
3.732187615241855383e-04
3.732170443981885910e-04
3.732152399607002735e-04
3.732134646270424128e-04
3.732115728780627251e-04
3.732098848558962345e-04
3.732080513145774603e-04
3.732063050847500563e-04
3.732045297510921955e-04
3.732026962097734213e-04
3.732009790837764740e-04
3.731992328539490700e-04
3.731973993126302958e-04
3.731955948751419783e-04
3.731937322299927473e-04
3.731919860001653433e-04
3.731902106665074825e-04
3.731884062290191650e-04
3.731866308953613043e-04
3.731848264578729868e-04
3.731830511242151260e-04
3.731813048943877220e-04
3.731794713530689478e-04
3.731776960194110870e-04
3.731759788934141397e-04
3.731742035597562790e-04
3.731723409146070480e-04
3.731706237886101007e-04
3.731687902472913265e-04
3.731669858098030090e-04
3.731652395799756050e-04
3.731635224539786577e-04
3.731616598088294268e-04
3.731598844751715660e-04
3.731581091415137053e-04
3.731563920155167580e-04
3.731545293703675270e-04
3.731527249328792095e-04
3.731509787030518055e-04
3.731492033693939447e-04
3.731474571395665407e-04
3.731456818059086800e-04
3.731437900569289923e-04
3.731420438271015882e-04
3.731402684934437275e-04
3.731385222636163235e-04
3.731366596184670925e-04
3.731349133886396885e-04
3.731331671588122845e-04
3.731313336174935102e-04
3.731295873876661062e-04
3.731277829501777887e-04
3.731260076165199280e-04
3.731242322828620672e-04
3.731223987415432930e-04
3.731206816155463457e-04
3.731188771780580282e-04
3.731171018444001675e-04
3.731153556145727634e-04
3.731135511770844460e-04
3.731117176357656717e-04
3.731099423021078110e-04
3.731081669684499502e-04
3.731064207386225462e-04
3.731046745087951422e-04
3.731028118636459112e-04
3.731010656338185072e-04
3.730992903001606464e-04
3.730974858626723289e-04
3.730957396328449249e-04
3.730939060915261507e-04
3.730921598616987467e-04
3.730904136318713427e-04
3.730885800905525684e-04
3.730868338607251644e-04
3.730850294232368469e-04
3.730832540895789862e-04
3.730814787559211254e-04
3.730797907337546349e-04
3.730779280886054039e-04
3.730760945472866297e-04
3.730743774212896824e-04
3.730725147761404514e-04
3.730707685463130474e-04
3.730690514203161001e-04
3.730671887751668692e-04
3.730655007530003786e-04
3.730637254193425179e-04
3.730618918780237436e-04
3.730601165443658829e-04
3.730583412107080221e-04
3.730565949808806181e-04
3.730548196472227573e-04
3.730530152097344398e-04
3.730512398760765791e-04
3.730494354385882616e-04
3.730476892087608576e-04
3.730458847712725401e-04
3.730440803337842226e-04
3.730423923116177320e-04
3.730406169779598713e-04
3.730387543328106403e-04
3.730370081029832363e-04
3.730352327693253756e-04
3.730334865394979715e-04
3.730316821020096540e-04
3.730298485606908798e-04
3.730281896423548460e-04
3.730263852048665285e-04
3.730245516635477543e-04
3.730228054337203503e-04
3.730210592038929462e-04
3.730192838702350855e-04
3.730174794327467680e-04
3.730157040990889072e-04
3.730139869730919600e-04
3.730121534317731857e-04
3.730103198904544115e-04
3.730086027644574642e-04
3.730068274307996035e-04
3.730050229933112860e-04
3.730033058673143387e-04
3.730014723259955645e-04
3.729997551999986172e-04
3.729978634510189295e-04
3.729961754288524389e-04
3.729943709913641214e-04
3.729925956577062607e-04
3.729908494278788567e-04
3.729891031980514526e-04
3.729872987605631351e-04
3.729854943230748177e-04
3.729837480932474136e-04
3.729819436557590961e-04
3.729801974259316921e-04
3.729783638846129179e-04
3.729766467586159706e-04
3.729748132172971964e-04
3.729730669874697924e-04
3.729713498614728451e-04
3.729694872163236141e-04
3.729677409864962101e-04
3.729659656528383493e-04
3.729642485268414021e-04
3.729624149855226278e-04
3.729606396518647671e-04
3.729588643182069063e-04
3.729571471922099590e-04
3.729552845470607281e-04
3.729535092134028673e-04
3.729517920874059200e-04
3.729500167537480593e-04
3.729482414200901985e-04
3.729464660864323378e-04
3.729446907527744770e-04
3.729428863152861595e-04
3.729411982931196690e-04
3.729393938556313515e-04
3.729376185219734907e-04
3.729358140844851732e-04
3.729341260623186827e-04
3.729322343133389950e-04
3.729305171873420477e-04
3.729288000613451004e-04
3.729269665200263262e-04
3.729252202901989222e-04
3.729234449565410614e-04
3.729216987267136574e-04
3.729198360815644264e-04
3.729181189555674791e-04
3.729163436219096184e-04
3.729146264959126711e-04
3.729127929545938969e-04
3.729109885171055794e-04
3.729093004949390888e-04
3.729074378497898579e-04
3.729057207237929106e-04
3.729039162863045931e-04
3.729022282641381025e-04
3.729003947228193283e-04
3.728986193891614676e-04
3.728968440555036068e-04
3.728950687218457460e-04
3.728932933881878853e-04
3.728916053660213947e-04
3.728898300323635340e-04
3.728879673872143030e-04
3.728861920535564423e-04
3.728844749275594950e-04
3.728826704900711775e-04
3.728809242602437735e-04
3.728791780304163694e-04
3.728773735929280519e-04
3.728755691554397345e-04
3.728738229256123304e-04
3.728720475919544697e-04
3.728703013621270657e-04
3.728685260284692049e-04
3.728668089024722576e-04
3.728650335688143969e-04
3.728632000274956226e-04
3.728614537976682186e-04
3.728597366716712713e-04
3.728579322341829538e-04
3.728561569005250931e-04
3.728543524630367756e-04
3.728526935447007418e-04
3.728508308995515108e-04
3.728490555658936501e-04
3.728472802322357893e-04
3.728455922100692987e-04
3.728437586687505245e-04
3.728419833350926638e-04
3.728402662090957165e-04
3.728385199792683125e-04
3.728367155417799950e-04
3.728349111042916775e-04
3.728332521859556437e-04
3.728313895408064127e-04
3.728296142071485519e-04
3.728278970811516047e-04
3.728260635398328304e-04
3.728243173100054264e-04
3.728225419763475657e-04
3.728207957465201616e-04
3.728190786205232143e-04
3.728172741830348969e-04
3.728155279532074928e-04
3.728137526195496321e-04
3.728119772858917713e-04
3.728101146407425404e-04
3.728084266185760498e-04
3.728066803887486458e-04
3.728049341589212418e-04
3.728031006176024675e-04
3.728012961801141500e-04
3.727996081579476595e-04
3.727978328242897987e-04
3.727959992829710245e-04
3.727942821569740772e-04
3.727925650309771299e-04
3.727908479049801826e-04
3.727889852598309517e-04
3.727872099261730909e-04
3.727854928001761436e-04
3.727837465703487396e-04
3.727818839251995087e-04
3.727801376953721046e-04
3.727783914655447006e-04
3.727765870280563831e-04
3.727748990058898926e-04
3.727731818798929453e-04
3.727713483385741711e-04
3.727695439010858536e-04
3.727677976712584496e-04
3.727660514414310455e-04
3.727642470039427280e-04
3.727625298779457808e-04
3.727607836481183767e-04
3.727590083144605160e-04
3.727572329808026552e-04
3.727554285433143377e-04
3.727536823134869337e-04
3.727519360836595297e-04
3.727501607500016689e-04
3.727483854163438082e-04
3.727466682903468609e-04
3.727448056451976299e-04
3.727430594153702259e-04
3.727413131855428219e-04
3.727395669557154179e-04
3.727378789335489273e-04
3.727360744960606098e-04
3.727342991624027491e-04
3.727325529325753450e-04
3.727307193912565708e-04
3.727289440575987101e-04
3.727272851392626762e-04
3.727254515979439020e-04
3.727237344719469547e-04
3.727219300344586372e-04
3.727201838046312332e-04
3.727184666786342859e-04
3.727166913449764252e-04
3.727148869074881077e-04
3.727131988853216171e-04
3.727113653440028429e-04
3.727095900103449821e-04
3.727078437805175781e-04
3.727061266545206308e-04
3.727042931132018566e-04
3.727025759872049093e-04
3.727008297573775053e-04
3.726990835275501013e-04
3.726972790900617838e-04
3.726955037564039230e-04
3.726938157342374325e-04
3.726920112967491150e-04
3.726902359630912542e-04
3.726884606294333935e-04
3.726867435034364462e-04
3.726849099621176720e-04
3.726831346284598112e-04
3.726814175024628639e-04
3.726797003764659166e-04
3.726779250428080559e-04
3.726761206053197384e-04
3.726744034793227911e-04
3.726726572494953871e-04
3.726708528120070696e-04
3.726691356860101223e-04
3.726673312485218048e-04
3.726655850186944008e-04
3.726638096850365400e-04
3.726620634552091360e-04
3.726602881215512753e-04
3.726586000993847847e-04
3.726567665580660105e-04
3.726550203282386065e-04
3.726532449945807457e-04
3.726514987647533417e-04
3.726497525349259377e-04
3.726480354089289904e-04
3.726462891791015863e-04
3.726444556377828121e-04
3.726426512002944946e-04
3.726409340742975473e-04
3.726392169483006001e-04
3.726374416146427393e-04
3.726357244886457920e-04
3.726339491549879313e-04
3.726322320289909840e-04
3.726303984876722097e-04
3.726286231540143490e-04
3.726269060280174017e-04
3.726251306943595409e-04
3.726233553607016802e-04
3.726216673385351896e-04
3.726198046933859587e-04
3.726181166712194681e-04
3.726163995452225208e-04
3.726145660039037466e-04
3.726128197740763426e-04
3.726110153365880251e-04
3.726093273144215345e-04
3.726075519807636738e-04
3.726057475432753563e-04
3.726040595211088657e-04
3.726023132912814617e-04
3.726005670614540577e-04
3.725987335201352835e-04
3.725969581864774227e-04
3.725952410604804754e-04
3.725935239344835281e-04
3.725917194969952106e-04
3.725900023709982634e-04
3.725882852450013161e-04
3.725864517036825418e-04
3.725847054738551378e-04
3.725829883478581905e-04
3.725812130142003298e-04
3.725794667843729258e-04
3.725776914507150650e-04
3.725759743247181177e-04
3.725742280948907137e-04
3.725724236574023962e-04
3.725706483237445354e-04
3.725689311977475882e-04
3.725671558640897274e-04
3.725654969457536936e-04
3.725636343006044626e-04
3.725618880707770586e-04
