6.804192089475691319e-04
6.804172298870980740e-04
6.804153672419488430e-04
6.804133299738168716e-04
6.804114091210067272e-04
6.804094882681965828e-04
6.804075092077255249e-04
6.804055883549153805e-04
6.804036092944443226e-04
6.804016302339732647e-04
6.803998257964849472e-04
6.803978467360138893e-04
6.803958676755428314e-04
6.803940050303936005e-04
6.803919677622616291e-04
6.803900469094514847e-04
6.803881842643022537e-04
6.803861469961702824e-04
6.803842261433601379e-04
6.803822470828890800e-04
6.803803262300789356e-04
6.803784635849297047e-04
6.803763681091368198e-04
6.803745054639875889e-04
6.803726428188383579e-04
6.803706055507063866e-04
6.803686264902353287e-04
6.803667638450860977e-04
6.803647847846150398e-04
6.803628639318048954e-04
6.803608848713338375e-04
6.803590222261846066e-04
6.803571013733744621e-04
6.803551223129034042e-04
6.803532014600932598e-04
6.803512806072831154e-04
6.803493597544729710e-04
6.803474389016628265e-04
6.803454598411917686e-04
6.803435971960425377e-04
6.803416181355714798e-04
6.803396390751004219e-04
6.803376600146293640e-04
6.803357391618192196e-04
6.803338183090090752e-04
6.803318392485380173e-04
6.803299183957278728e-04
6.803280557505786419e-04
6.803260766901075840e-04
6.803241558372974396e-04
6.803222931921482086e-04
6.803203141316771507e-04
6.803183350712060928e-04
6.803164724260568619e-04
6.803144351579248905e-04
6.803125725127756596e-04
6.803106516599655151e-04
6.803087308071553707e-04
6.803068099543452263e-04
6.803048308938741684e-04
6.803028518334031105e-04
6.803008727729320526e-04
6.802990101277828217e-04
6.802970310673117638e-04
6.802951102145016193e-04
6.802931893616914749e-04
6.802912685088813305e-04
6.802893476560711861e-04
6.802873685956001282e-04
6.802855059504508972e-04
6.802834686823189259e-04
6.802816642448306084e-04
6.802796851843595505e-04
6.802777061238884926e-04
6.802758434787392616e-04
6.802738644182682037e-04
6.802720017731189728e-04
6.802700809203088284e-04
6.802680436521768570e-04
6.802661227993667126e-04
6.802642019465565681e-04
6.802622810937464237e-04
6.802603020332753658e-04
6.802583229728043079e-04
6.802563439123332500e-04
6.802545394748449326e-04
6.802526186220347881e-04
6.802505813539028168e-04
6.802487187087535858e-04
6.802467396482825279e-04
6.802449352107942104e-04
6.802428979426622391e-04
6.802410352975130081e-04
6.802391144447028637e-04
6.802371353842318058e-04
6.802352145314216614e-04
6.802331772632896900e-04
6.802313146181404591e-04
6.802293937653303146e-04
6.802274729125201702e-04
6.802255520597100258e-04
6.802235729992389679e-04
6.802217685617506504e-04
6.802197312936186790e-04
6.802177522331476212e-04
6.802157731726765633e-04
6.802138523198664188e-04
6.802120478823781013e-04
6.802100688219070435e-04
6.802080897614359856e-04
6.802062271162867546e-04
6.802042480558156967e-04
6.802022689953446388e-04
6.802004063501954079e-04
6.801984854973852634e-04
6.801965064369142056e-04
6.801945855841040611e-04
6.801926065236330032e-04
6.801906856708228588e-04
6.801888230256736279e-04
6.801869021728634834e-04
6.801849231123924255e-04
6.801830022595822811e-04
6.801811978220939636e-04
6.801792769692838192e-04
6.801772397011518478e-04
6.801753188483417034e-04
6.801733979955315590e-04
6.801714771427214146e-04
6.801695562899112701e-04
6.801676354371011257e-04
6.801656563766300678e-04
6.801637355238199234e-04
6.801617564633488655e-04
6.801598356105387211e-04
6.801579729653894901e-04
6.801560521125793457e-04
6.801540148444473743e-04
6.801521521992981434e-04
6.801502313464879990e-04
6.801483104936778545e-04
6.801463314332067966e-04
6.801444105803966522e-04
6.801424897275865078e-04
6.801405688747763634e-04
6.801386480219662189e-04
6.801366107538342476e-04
6.801347481086850166e-04
6.801328272558748722e-04
6.801309064030647278e-04
6.801289855502545834e-04
6.801270646974444389e-04
6.801250856369733810e-04
6.801232229918241501e-04
6.801213021390140057e-04
6.801193230785429478e-04
6.801174022257328033e-04
6.801154813729226589e-04
6.801135605201125145e-04
6.801116396673023701e-04
6.801097188144922256e-04
6.801077397540211678e-04
6.801058189012110233e-04
6.801039562560617924e-04
6.801019771955907345e-04
6.801000563427805901e-04
6.800980772823095322e-04
6.800962146371603012e-04
6.800941773690283298e-04
6.800923147238790989e-04
6.800904520787298679e-04
6.800885894335806370e-04
6.800865521654486656e-04
6.800846313126385212e-04
6.800827104598283768e-04
6.800807313993573189e-04
6.800788687542080879e-04
6.800768896937370300e-04
6.800750270485877991e-04
6.800731061957776546e-04
6.800711853429675102e-04
6.800692644901573658e-04
6.800673436373472214e-04
6.800654227845370770e-04
6.800634437240660191e-04
6.800614646635949612e-04
6.800596020184457302e-04
6.800577393732964993e-04
6.800557603128254414e-04
6.800537812523543835e-04
6.800518021918833256e-04
6.800499977543950081e-04
6.800480186939239502e-04
6.800460978411138058e-04
6.800442351959645748e-04
6.800423143431544304e-04
6.800403352826833725e-04
6.800384726375341415e-04
6.800365517847239971e-04
6.800346309319138527e-04
6.800327100791037083e-04
6.800307310186326504e-04
6.800289265811443329e-04
6.800269475206732750e-04
6.800250266678631306e-04
6.800231058150529861e-04
6.800210685469210148e-04
6.800192059017717838e-04
6.800172850489616394e-04
6.800154806114733219e-04
6.800134433433413506e-04
6.800115806981921196e-04
6.800096598453819752e-04
6.800077389925718307e-04
6.800057599321007729e-04
6.800038972869515419e-04
6.800019182264804840e-04
6.800000555813312531e-04
6.799981347285211086e-04
6.799961556680500507e-04
6.799941766075789928e-04
6.799923139624297619e-04
6.799903931096196175e-04
6.799885304644703865e-04
6.799865514039993286e-04
6.799846887588500977e-04
6.799826514907181263e-04
6.799807888455688953e-04
6.799789262004196644e-04
6.799770053476095200e-04
6.799750262871384621e-04
6.799731054343283176e-04
6.799712427891790867e-04
6.799692055210471153e-04
6.799674010835587978e-04
6.799654220230877399e-04
6.799635593779385090e-04
6.799615803174674511e-04
6.799596594646573067e-04
6.799577386118471622e-04
6.799558177590370178e-04
6.799539551138877869e-04
6.799520342610776424e-04
6.799501134082674980e-04
6.799480761401355267e-04
6.799462134949862957e-04
6.799443508498370647e-04
6.799424299970269203e-04
6.799404509365558624e-04
6.799385300837457180e-04
6.799366674385964870e-04
6.799347465857863426e-04
6.799327675253152847e-04
6.799309048801660538e-04
6.799289840273559093e-04
6.799269467592239380e-04
6.799250841140747070e-04
6.799231632612645626e-04
6.799212424084544182e-04
6.799193797633051872e-04
6.799174589104950428e-04
6.799155380576848984e-04
6.799137336201965809e-04
6.799117545597255230e-04
6.799097172915935516e-04
6.799077964387834072e-04
6.799059337936341763e-04
6.799040129408240318e-04
6.799021502956748009e-04
6.799002294428646564e-04
6.798983085900545120e-04
6.798964459449052811e-04
6.798944668844342232e-04
6.798925460316240788e-04
6.798906251788139343e-04
6.798887043260037899e-04
6.798867834731936455e-04
6.798847462050616741e-04
6.798829417675733566e-04
6.798809627071022987e-04
6.798791000619530678e-04
6.798771792091429234e-04
6.798752583563327789e-04
6.798733957111835480e-04
6.798714748583734035e-04
6.798695540055632591e-04
6.798676331527531147e-04
6.798657705076038837e-04
6.798638496547937393e-04
6.798619870096445084e-04
6.798599497415125370e-04
6.798580870963633060e-04
6.798560498282313347e-04
6.798542453907430172e-04
6.798522663302719593e-04
6.798503454774618149e-04
6.798484246246516705e-04
6.798465619795024395e-04
6.798445829190313816e-04
6.798427784815430641e-04
6.798407994210720062e-04
6.798389949835836887e-04
6.798369577154517174e-04
6.798350368626415730e-04
6.798331160098314285e-04
6.798311951570212841e-04
6.798293325118720531e-04
6.798274116590619087e-04
6.798254325985908508e-04
6.798235699534416199e-04
6.798217073082923889e-04
6.798198446631431580e-04
6.798178073950111866e-04
6.798158865422010422e-04
6.798139656893908978e-04
6.798121612519025803e-04
6.798101239837706089e-04
6.798082031309604645e-04
6.798063986934721470e-04
6.798044196330010891e-04
6.798024405725300312e-04
6.798005779273808002e-04
6.797987152822315693e-04
6.797967944294214249e-04
6.797948153689503670e-04
6.797929527238011360e-04
6.797910900786519051e-04
6.797891110181808472e-04
6.797871901653707027e-04
6.797853275202214718e-04
6.797834648750722408e-04
6.797814858146011829e-04
6.797795067541301250e-04
6.797776441089808941e-04
6.797757814638316631e-04
6.797738024033606052e-04
6.797719979658722878e-04
6.797700189054012299e-04
6.797681562602519989e-04
6.797661771997809410e-04
6.797642563469707966e-04
6.797623354941606522e-04
6.797604728490114212e-04
6.797585519962012768e-04
6.797566311433911324e-04
6.797547102905809879e-04
6.797527894377708435e-04
6.797509267926216125e-04
6.797491223551332951e-04
6.797471432946622372e-04
6.797452224418520927e-04
6.797432433813810349e-04
6.797413807362318039e-04
6.797394598834216595e-04
6.797375390306115150e-04
6.797356763854622841e-04
6.797338137403130531e-04
6.797318928875029087e-04
6.797299138270318508e-04
6.797279929742217064e-04
6.797261303290724754e-04
6.797242094762623310e-04
6.797222886234521866e-04
6.797203095629811287e-04
6.797184469178318977e-04
6.797166424803435802e-04
6.797146052122116089e-04
6.797127425670623779e-04
6.797108799219131470e-04
6.797089590691030025e-04
6.797070382162928581e-04
6.797051173634827137e-04
6.797032547183334827e-04
6.797013338655233383e-04
6.796994130127131939e-04
6.796974921599030495e-04
6.796956295147538185e-04
6.796936504542827606e-04
6.796917296014726162e-04
6.796898087486624718e-04
6.796880043111741543e-04
6.796860834583640099e-04
6.796841043978929520e-04
6.796822417527437210e-04
6.796803208999335766e-04
6.796783418394625187e-04
6.796764791943132877e-04
6.796745583415031433e-04
6.796726956963539124e-04
6.796707748435437679e-04
6.796687957830727100e-04
6.796668749302625656e-04
6.796650122851133347e-04
6.796632078476250172e-04
6.796611705794930458e-04
6.796593661420047283e-04
6.796573870815336704e-04
6.796555244363844395e-04
6.796536617912352085e-04
6.796516827307641506e-04
6.796497618779540062e-04
6.796478992328047752e-04
6.796460365876555443e-04
6.796441739425063133e-04
6.796421366743743420e-04
6.796402740292251110e-04
6.796384695917367935e-04
6.796364323236048222e-04
6.796345696784555912e-04
6.796326488256454468e-04
6.796307861804962158e-04
6.796288653276860714e-04
6.796270608901977539e-04
6.796250236220657825e-04
6.796231609769165516e-04
6.796212401241064072e-04
6.796193192712962627e-04
6.796173984184861183e-04
6.796154775656759739e-04
6.796136149205267429e-04
6.796117522753775120e-04
6.796098314225673676e-04
6.796079105697572231e-04
6.796060479246079922e-04
6.796041270717978477e-04
6.796022062189877033e-04
6.796002853661775589e-04
6.795983063057065010e-04
6.795964436605572701e-04
6.795945228077471256e-04
6.795926601625978947e-04
6.795907975174486637e-04
6.795888766646385193e-04
6.795869558118283749e-04
6.795851513743400574e-04
6.795831723138689995e-04
6.795812514610588551e-04
6.795793306082487106e-04
6.795775261707603931e-04
6.795756053179502487e-04
6.795737426728010178e-04
6.795718218199908733e-04
6.795698427595198154e-04
6.795679801143705845e-04
6.795660010538995266e-04
6.795641966164112091e-04
6.795622757636010647e-04
6.795603549107909203e-04
6.795584922656416893e-04
6.795565714128315449e-04
6.795545341446995735e-04
6.795527297072112560e-04
6.795508670620620251e-04
6.795490044169127941e-04
6.795470835641026497e-04
6.795451627112925053e-04
6.795433000661432743e-04
6.795413792133331299e-04
6.795395165681838989e-04
6.795375375077128410e-04
6.795356748625636101e-04
6.795338122174143791e-04
6.795318331569433212e-04
6.795299705117940903e-04
6.795280496589839458e-04
6.795261870138347149e-04
6.795242661610245705e-04
6.795223453082144260e-04
6.795204244554042816e-04
6.795186200179159641e-04
6.795166409574449062e-04
6.795147201046347618e-04
6.795128574594855309e-04
6.795109366066753864e-04
6.795090739615261555e-04
6.795070949010550976e-04
6.795052322559058666e-04
6.795033696107566357e-04
6.795015069656074047e-04
6.794995279051363468e-04
6.794976652599871159e-04
6.794957444071769714e-04
6.794938817620277405e-04
6.794920191168785095e-04
6.794900982640683651e-04
6.794881192035973072e-04
6.794862565584480762e-04
6.794843939132988453e-04
6.794824730604887009e-04
6.794806104153394699e-04
6.794787477701902390e-04
6.794767687097191811e-04
6.794749060645699501e-04
6.794730434194207191e-04
6.794711225666105747e-04
6.794692017138004303e-04
6.794673390686511993e-04
6.794654182158410549e-04
6.794635555706918240e-04
6.794616347178816795e-04
