3.738555533345788717e-04
3.738537197932600975e-04
3.738520026672631502e-04
3.738502855412662029e-04
3.738484519999474287e-04
3.738467348739504814e-04
3.738449886441230774e-04
3.738432133104652166e-04
3.738414670806378126e-04
3.738396044354885817e-04
3.738378873094916344e-04
3.738361410796642303e-04
3.738343366421759129e-04
3.738325613085180521e-04
3.738307859748601913e-04
3.738290688488632441e-04
3.738272644113749266e-04
3.738255181815475225e-04
3.738237719517201185e-04
3.738219675142318010e-04
3.738201921805739403e-04
3.738184168469160795e-04
3.738166415132582188e-04
3.738149243872612715e-04
3.738131199497729540e-04
3.738113446161150932e-04
3.738095692824572325e-04
3.738078230526298285e-04
3.738061350304633379e-04
3.738043305929750204e-04
3.738025261554867029e-04
3.738007799256592989e-04
3.737989463843405247e-04
3.737972583621740341e-04
3.737954830285161734e-04
3.737936785910278559e-04
3.737919032573699951e-04
3.737901279237121344e-04
3.737884399015456438e-04
3.737866645678877831e-04
3.737848310265690088e-04
3.737831430044025183e-04
3.737813385669142008e-04
3.737795923370867968e-04
3.737778461072593927e-04
3.737760416697710752e-04
3.737742954399436712e-04
3.737725201062858105e-04
3.737707447726279497e-04
3.737690276466310024e-04
3.737672232091426849e-04
3.737654478754848242e-04
3.737637307494878769e-04
3.737619554158300161e-04
3.737601509783416986e-04
3.737583756446838379e-04
3.737565712071955204e-04
3.737548831850290298e-04
3.737531078513711691e-04
3.737513325177133083e-04
3.737495280802249908e-04
3.737477818503975868e-04
3.737460938282310963e-04
3.737442602869123220e-04
3.737425431609153748e-04
3.737408260349184275e-04
3.737390215974301100e-04
3.737372462637722492e-04
3.737354418262839317e-04
3.737336664926260710e-04
3.737319784704595804e-04
3.737301449291408062e-04
3.737284278031438589e-04
3.737266815733164549e-04
3.737248771358281374e-04
3.737231018021702766e-04
3.737213846761733294e-04
3.737196093425154686e-04
3.737178922165185213e-04
3.737161168828606606e-04
3.737142833415418863e-04
3.737125953193753958e-04
3.737108781933784485e-04
3.737089864443987608e-04
3.737072984222322702e-04
3.737055521924048662e-04
3.737037186510860920e-04
3.737020015250891447e-04
3.737002261914312840e-04
3.736984217539429665e-04
3.736967337317764759e-04
3.736949875019490719e-04
3.736931539606302977e-04
3.736914368346333504e-04
3.736897197086364031e-04
3.736878861673176289e-04
3.736861690413206816e-04
3.736843937076628208e-04
3.736826183740049601e-04
3.736809303518384695e-04
3.736791259143501520e-04
3.736772632692009211e-04
3.736756043508648872e-04
3.736738581210374832e-04
3.736721409950405359e-04
3.736703365575522184e-04
3.736685612238943577e-04
3.736667858902364969e-04
3.736650687642395496e-04
3.736632934305816889e-04
3.736615763045847416e-04
3.736596845556050539e-04
3.736579965334385633e-04
3.736562794074416161e-04
3.736544749699532986e-04
3.736527578439563513e-04
3.736510116141289473e-04
3.736491780728101730e-04
3.736474609468132257e-04
3.736457147169858217e-04
3.736439102794975042e-04
3.736421931535005569e-04
3.736404469236731529e-04
3.736386424861848354e-04
3.736368671525269747e-04
3.736350918188691139e-04
3.736334037967026234e-04
3.736316575668752193e-04
3.736298822332173586e-04
3.736281360033899546e-04
3.736262733582407236e-04
3.736246144399046898e-04
3.736228391062468290e-04
3.736210637725889683e-04
3.736193466465920210e-04
3.736176004167646170e-04
3.736158250831067562e-04
3.736140788532793522e-04
3.736123617272824049e-04
3.736105863936245441e-04
3.736087819561362267e-04
3.736069775186479092e-04
3.736052603926509619e-04
3.736035141628235579e-04
3.736017388291656971e-04
3.736000217031687498e-04
3.735981881618499756e-04
3.735964710358530283e-04
3.735947248060256243e-04
3.735930076800286770e-04
3.735912032425403595e-04
3.735894861165434122e-04
3.735877689905464649e-04
3.735859354492276907e-04
3.735841601155698299e-04
3.735824720934033394e-04
3.735807258635759354e-04
3.735789214260876179e-04
3.735772043000906706e-04
3.735754580702632666e-04
3.735736536327749491e-04
3.735719074029475451e-04
3.735701902769505978e-04
3.735683858394622803e-04
3.735666396096348763e-04
3.735649224836379290e-04
3.735631762538105249e-04
3.735613718163222075e-04
3.735596546903252602e-04
3.735579375643283129e-04
3.735560749191790819e-04
3.735543868970125914e-04
3.735526697710156441e-04
3.735508653335273266e-04
3.735490317922085524e-04
3.735473728738725185e-04
3.735455975402146578e-04
3.735437931027263403e-04
3.735420759767293930e-04
3.735403297469019890e-04
3.735385544132441282e-04
3.735368372872471809e-04
3.735350037459284067e-04
3.735333739314228296e-04
3.735315694939345121e-04
3.735298523679375648e-04
3.735280770342797041e-04
3.735263308044523001e-04
3.735245845746248960e-04
3.735228674486279488e-04
3.735210921149700880e-04
3.735193167813122272e-04
3.735174832399934530e-04
3.735157661139965057e-04
3.735140780918300152e-04
3.735122736543416977e-04
3.735104983206838369e-04
3.735087520908564329e-04
3.735070349648594856e-04
3.735052887350320816e-04
3.735035716090351343e-04
3.735017671715468168e-04
3.735000209417194128e-04
3.734982747118920088e-04
3.734965284820646048e-04
3.734947531484067440e-04
3.734929778147488832e-04
3.734912606887519360e-04
3.734895144589245319e-04
3.734877682290971279e-04
3.734860219992697239e-04
3.734842175617814064e-04
3.734825295396149158e-04
3.734808415174484253e-04
3.734790079761296511e-04
3.734772326424717903e-04
3.734755155164748430e-04
3.734737692866474390e-04
3.734719939529895782e-04
3.734702477231621742e-04
3.734685305971652269e-04
3.734667843673378229e-04
3.734649799298495054e-04
3.734632628038525581e-04
3.734615456778556108e-04
3.734597412403672934e-04
3.734579950105398893e-04
3.734562778845429420e-04
3.734544734470546246e-04
3.734527563210576773e-04
3.734509809873998165e-04
3.734492638614028692e-04
3.734475176315754652e-04
3.734457422979176044e-04
3.734440542757511139e-04
3.734423080459237099e-04
3.734405618160963058e-04
3.734388155862689018e-04
3.734370402526110411e-04
3.734352940227836370e-04
3.734335477929562330e-04
3.734318597707897425e-04
3.734300262294709682e-04
3.734282217919826508e-04
3.734265628736466169e-04
3.734247584361582994e-04
3.734230413101613522e-04
3.734212950803339481e-04
3.734195779543370008e-04
3.734177735168486834e-04
3.734160563908517361e-04
3.734143392648547888e-04
3.734125639311969280e-04
3.734107594937086105e-04
3.734090423677116632e-04
3.734073543455451727e-04
3.734055208042263985e-04
3.734038036782294512e-04
3.734020574484020472e-04
3.734003403224050999e-04
3.733985649887472391e-04
3.733967896550893784e-04
3.733950434252619743e-04
3.733933262992650270e-04
3.733915218617767096e-04
3.733898047357797623e-04
3.733881458174437284e-04
3.733863122761249542e-04
3.733845951501280069e-04
3.733828489203006029e-04
3.733811026904731989e-04
3.733793564606457949e-04
3.733776393346488476e-04
3.733758348971605301e-04
3.733741177711635828e-04
3.733724006451666355e-04
3.733706544153392315e-04
3.733688499778509140e-04
3.733671910595148802e-04
3.733653284143656492e-04
3.733636985998600721e-04
3.733619814738631248e-04
3.733601479325443506e-04
3.733584308065474033e-04
3.733567136805504560e-04
3.733548801392316818e-04
3.733531921170651913e-04
3.733513876795768738e-04
3.733496705535799265e-04
3.733480116352438927e-04
3.733461489900946617e-04
3.733444318640977144e-04
3.733426856342703104e-04
3.733409685082733631e-04
3.733391640707850456e-04
3.733374469447880983e-04
3.733357589226216078e-04
3.733340126927942038e-04
3.733322082553058863e-04
3.733304620254784822e-04
3.733287740033119917e-04
3.733269986696541309e-04
3.733252815436571836e-04
3.733235062099993229e-04
3.733217599801719189e-04
3.733200428541749716e-04
3.733182966243475676e-04
3.733165503945201635e-04
3.733147750608623028e-04
3.733130579348653555e-04
3.733112826012074947e-04
3.733096236828714609e-04
3.733079065568745136e-04
3.733061021193861961e-04
3.733043558895587921e-04
3.733025805559009314e-04
3.733008343260735273e-04
3.732990589924156666e-04
3.732973418664187193e-04
3.732956247404217720e-04
3.732938785105943680e-04
3.732921904884278774e-04
3.732904442586004734e-04
3.732886398211121559e-04
3.732868935912847519e-04
3.732852055691182613e-04
3.732834884431213140e-04
3.732816840056329966e-04
3.732799086719751358e-04
3.732782206498086452e-04
3.732764162123203278e-04
3.732746990863233805e-04
3.732730110641568899e-04
3.732712648343294859e-04
3.732695477083325386e-04
3.732677432708442211e-04
3.732659970410168171e-04
3.732643090188503265e-04
3.732625336851924658e-04
3.732607874553650618e-04
3.732590703293681145e-04
3.732573240995407104e-04
3.732555487658828497e-04
3.732538607437163591e-04
3.732520563062280416e-04
3.732503682840615511e-04
3.732486220542341471e-04
3.732468758244067430e-04
3.732451295945793390e-04
3.732433833647519350e-04
3.732416662387549877e-04
3.732399491127580404e-04
3.732382028829306364e-04
3.732364566531032324e-04
3.732347104232758284e-04
3.732329932972788811e-04
3.732312470674514771e-04
3.732294426299631596e-04
3.732277546077966690e-04
3.732260083779692650e-04
3.732242621481418610e-04
3.732225159183144569e-04
3.732207405846565962e-04
3.732190234586596489e-04
3.732173354364931583e-04
3.732155892066657543e-04
3.732139011844992638e-04
3.732120967470109463e-04
3.732103214133530855e-04
3.732086042873561382e-04
3.732068871613591909e-04
3.732051409315317869e-04
3.732033655978739262e-04
3.732016484718769789e-04
3.731999313458800316e-04
3.731981560122221708e-04
3.731964970938861370e-04
3.731946344487369061e-04
3.731929464265704155e-04
3.731912584044039249e-04
3.731895121745765209e-04
3.731877659447491169e-04
3.731859324034303427e-04
3.731842734850943089e-04
3.731825563590973616e-04
3.731807810254395008e-04
3.731790638994425535e-04
3.731773758772760630e-04
3.731756005436182022e-04
3.731739125214517117e-04
3.731721371877938509e-04
3.731703909579664469e-04
3.731686447281390429e-04
3.731668984983116388e-04
3.731651813723146915e-04
3.731634351424872875e-04
3.731616889126598835e-04
3.731599426828324795e-04
3.731582255568355322e-04
3.731565084308385849e-04
3.731547622010111809e-04
3.731530159711837769e-04
3.731512406375259161e-04
3.731495235115289688e-04
3.731478354893624783e-04
3.731460601557046175e-04
3.731443139258772135e-04
3.731425385922193527e-04
3.731408214662224054e-04
3.731391334440559149e-04
3.731373581103980541e-04
3.731356409844011068e-04
3.731339238584041595e-04
3.731321485247462988e-04
3.731304022949188948e-04
3.731287142727524042e-04
3.731269680429250002e-04
3.731252509169280529e-04
3.731234755832701921e-04
3.731217293534427881e-04
3.731200122274458408e-04
3.731182659976184368e-04
3.731165779754519463e-04
3.731148608494549990e-04
3.731131146196275949e-04
3.731113392859697342e-04
3.731095930561423302e-04
3.731078759301453829e-04
3.731061588041484356e-04
3.731044416781514883e-04
3.731026372406631708e-04
3.731009492184966803e-04
3.730992320924997330e-04
3.730974858626723289e-04
3.730957396328449249e-04
3.730940225068479776e-04
3.730923053808510303e-04
3.730905591510236263e-04
3.730887547135353088e-04
3.730870375875383615e-04
3.730853204615414143e-04
3.730836033355444670e-04
3.730818862095475197e-04
3.730800817720592022e-04
3.730784519575536251e-04
3.730767348315566778e-04
3.730750177055597305e-04
3.730732714757323265e-04
3.730714670382440090e-04
3.730697499122470617e-04
3.730679745785892010e-04
3.730663156602531672e-04
3.730645985342562199e-04
3.730628523044288158e-04
3.730610769707709551e-04
3.730593598447740078e-04
3.730576136149466038e-04
3.730558964889496565e-04
3.730541211552917957e-04
3.730524040292948484e-04
3.730507160071283579e-04
3.730489406734704971e-04
3.730472817551344633e-04
3.730455064214766026e-04
3.730437892954796553e-04
3.730421303771436214e-04
3.730403259396553040e-04
3.730385506059974432e-04
3.730368625838309526e-04
3.730352036654949188e-04
3.730334283318370581e-04
3.730316529981791973e-04
3.730299358721822500e-04
3.730281314346939325e-04
3.730265016201883554e-04
3.730247262865304947e-04
3.730229800567030907e-04
3.730213211383670568e-04
3.730195167008787394e-04
3.730177995748817921e-04
3.730160824488848448e-04
3.730143362190574408e-04
3.730126481968909502e-04
3.730109310708940029e-04
3.730091848410665989e-04
3.730073804035782814e-04
3.730056923814117908e-04
3.730039461515843868e-04
3.730021999217569828e-04
3.730005701072514057e-04
3.729988238774240017e-04
3.729970776475965977e-04
3.729953896254301071e-04
3.729935560841113329e-04
3.729918680619448423e-04
3.729901218321174383e-04
3.729884338099509478e-04
3.729866584762930870e-04
3.729849413502961397e-04
3.729832533281296492e-04
