5.716510931961238384e-04
5.716494051739573479e-04
5.716475425288081169e-04
5.716458545066416264e-04
5.716442246921360493e-04
5.716424784623086452e-04
5.716408486478030682e-04
5.716389860026538372e-04
5.716372979804873466e-04
5.716355517506599426e-04
5.716339801438152790e-04
5.716321757063269615e-04
5.716303130611777306e-04
5.716287414543330669e-04
5.716269952245056629e-04
5.716253072023391724e-04
5.716235027648508549e-04
5.716218147426843643e-04
5.716200103051960468e-04
5.716184386983513832e-04
5.716166342608630657e-04
5.716149462386965752e-04
5.716132582165300846e-04
5.716115119867026806e-04
5.716097075492143631e-04
5.716079613193869591e-04
5.716062732972204685e-04
5.716045270673930645e-04
5.716028972528874874e-04
5.716010928153991699e-04
5.715994047932326794e-04
5.715977749787271023e-04
5.715959705412387848e-04
5.715942243114113808e-04
5.715925944969058037e-04
5.715907900594174862e-04
5.715891602449119091e-04
5.715873558074235916e-04
5.715856677852571011e-04
5.715838633477687836e-04
5.715822335332632065e-04
5.715804873034358025e-04
5.715787992812693119e-04
5.715770530514419079e-04
5.715753650292754173e-04
5.715736187994480133e-04
5.715718725696206093e-04
5.715701845474541187e-04
5.715683801099658012e-04
5.715667502954602242e-04
5.715650622732937336e-04
5.715633160434663296e-04
5.715615698136389256e-04
5.715598235838115215e-04
5.715581355616450310e-04
5.715563311241567135e-04
5.715546431019902229e-04
5.715529550798237324e-04
5.715512670576572418e-04
5.715495208278298378e-04
5.715477163903415203e-04
5.715460865758359432e-04
5.715443403460085392e-04
5.715426523238420486e-04
5.715410225093364716e-04
5.715392180718481541e-04
5.715374718420207500e-04
5.715357838198542595e-04
5.715340375900268555e-04
5.715323495678603649e-04
5.715306033380329609e-04
5.715289735235273838e-04
5.715271690860390663e-04
5.715254810638725758e-04
5.715237348340451717e-04
5.715221050195395947e-04
5.715203005820512772e-04
5.715186125598847866e-04
5.715169245377182961e-04
5.715151783078908920e-04
5.715134902857244015e-04
5.715117440558969975e-04
5.715099396184086800e-04
5.715083098039031029e-04
5.715065635740756989e-04
5.715048173442482948e-04
5.715031875297427177e-04
5.715014412999153137e-04
5.714996368624269962e-04
5.714980070479214191e-04
5.714963190257549286e-04
5.714945145882666111e-04
5.714928265661001205e-04
5.714910803362727165e-04
5.714893923141062260e-04
5.714877042919397354e-04
5.714859580621123314e-04
5.714842118322849274e-04
5.714825820177793503e-04
5.714807775802910328e-04
5.714790313504636288e-04
5.714774015359580517e-04
5.714757717214524746e-04
5.714739672839641571e-04
5.714722210541367531e-04
5.714704748243093491e-04
5.714687868021428585e-04
5.714670987799763680e-04
5.714654107578098774e-04
5.714636645279824734e-04
5.714618600904941559e-04
5.714602302759885788e-04
5.714584258385002613e-04
5.714567960239946842e-04
5.714551080018281937e-04
5.714533617720007896e-04
5.714516737498342991e-04
5.714498693123459816e-04
5.714482394978404045e-04
5.714463768526911736e-04
5.714447470381855965e-04
5.714430590160191059e-04
5.714413709938526154e-04
5.714395665563642979e-04
5.714378785341978073e-04
5.714361323043704033e-04
5.714346189051866531e-04
5.714327562600374222e-04
5.714310100302100182e-04
5.714293802157044411e-04
5.714276921935379505e-04
5.714258877560496330e-04
5.714241997338831425e-04
5.714225117117166519e-04
5.714208236895501614e-04
5.714190774597227573e-04
5.714172730222344398e-04
5.714156432077288628e-04
5.714139551855623722e-04
5.714122089557349682e-04
5.714105791412293911e-04
5.714087747037410736e-04
5.714070866815745831e-04
5.714053986594080925e-04
5.714036524295806885e-04
5.714019644074141979e-04
5.714002181775867939e-04
5.713985883630812168e-04
5.713968421332538128e-04
5.713950959034264088e-04
5.713934078812599182e-04
5.713916034437716007e-04
5.713899736292660236e-04
5.713883438147604465e-04
5.713864811696112156e-04
5.713849095627665520e-04
5.713831051252782345e-04
5.713814753107726574e-04
5.713797290809452534e-04
5.713779246434569359e-04
5.713763530366122723e-04
5.713744903914630413e-04
5.713728605769574642e-04
5.713711143471300602e-04
5.713694845326244831e-04
5.713677965104579926e-04
5.713660502806305885e-04
5.713643622584640980e-04
5.713626160286366940e-04
5.713608697988092899e-04
5.713591817766427994e-04
5.713574937544763088e-04
5.713557475246489048e-04
5.713540012948215008e-04
5.713523132726550102e-04
5.713506252504885197e-04
5.713488790206611156e-04
5.713472492061555386e-04
5.713454447686672211e-04
5.713438149541616440e-04
5.713420687243342400e-04
5.713402642868459225e-04
5.713386344723403454e-04
5.713368300348520279e-04
5.713352002203464508e-04
5.713335121981799603e-04
5.713317659683525562e-04
5.713300779461860657e-04
5.713283317163586617e-04
5.713267601095139980e-04
5.713250138796865940e-04
5.713233258575201035e-04
5.713214632123708725e-04
5.713198916055262089e-04
5.713180871680378914e-04
5.713164573535323143e-04
5.713146529160439968e-04
5.713129648938775063e-04
5.713112186640501022e-04
5.713095888495445251e-04
5.713079008273780346e-04
5.713061545975506306e-04
5.713045247830450535e-04
5.713027203455567360e-04
5.713009741157293320e-04
5.712993443012237549e-04
5.712976562790572643e-04
5.712959100492298603e-04
5.712941638194024563e-04
5.712924757972359657e-04
5.712908459827303886e-04
5.712890415452420712e-04
5.712874117307364941e-04
5.712856072932481766e-04
5.712839192710816860e-04
5.712822894565761089e-04
5.712804850190877914e-04
5.712787387892603874e-04
5.712771671824157238e-04
5.712754209525883198e-04
5.712737329304218292e-04
5.712719867005944252e-04
5.712702986784279346e-04
5.712684360332787037e-04
5.712668062187731266e-04
5.712651181966066360e-04
5.712634301744401455e-04
5.712618003599345684e-04
5.712599959224462509e-04
5.712583661079406738e-04
5.712566198781132698e-04
5.712549900636076927e-04
5.712532438337802887e-04
5.712515558116137981e-04
5.712498677894473076e-04
5.712480633519589901e-04
5.712463753297924995e-04
5.712446873076260090e-04
5.712429992854595184e-04
5.712413694709539413e-04
5.712396814487874508e-04
5.712378770112991333e-04
5.712362471967935562e-04
5.712345009669661522e-04
5.712328129447996616e-04
5.712311249226331711e-04
5.712293786928057671e-04
5.712276324629783630e-04
5.712260026484727859e-04
5.712242564186453819e-04
5.712225101888179779e-04
5.712207639589905739e-04
5.712190759368240833e-04
5.712174461223185062e-04
5.712156416848301888e-04
5.712140118703246117e-04
5.712123820558190346e-04
5.712105776183307171e-04
5.712089478038251400e-04
5.712072597816586494e-04
5.712055135518312454e-04
5.712038255296647549e-04
5.712021375074982643e-04
5.712003912776708603e-04
5.711987032555043697e-04
5.711969570256769657e-04
5.711953272111713886e-04
5.711935809813439846e-04
5.711918347515165806e-04
5.711902631446719170e-04
5.711885169148445129e-04
5.711868288926780224e-04
5.711850826628506184e-04
5.711834528483450413e-04
5.711817066185176373e-04
5.711799603886902332e-04
5.711782723665237427e-04
5.711765261366963387e-04
5.711748381145298481e-04
5.711730918847024441e-04
5.711714038625359535e-04
5.711697740480303764e-04
5.711680860258638859e-04
5.711663980036973953e-04
5.711647099815309048e-04
5.711629055440425873e-04
5.711611593142151833e-04
5.711595294997096062e-04
5.711577832698822021e-04
5.711560952477157116e-04
5.711544654332101345e-04
5.711527192033827305e-04
5.711509729735553265e-04
5.711494013667106628e-04
5.711477133445441723e-04
5.711458506993949413e-04
5.711442208848893642e-04
5.711424746550619602e-04
5.711408448405563831e-04
5.711391568183898926e-04
5.711373523809015751e-04
5.711357225663959980e-04
5.711340345442295074e-04
5.711322883144021034e-04
5.711306584998965263e-04
5.711289122700691223e-04
5.711272242479026318e-04
5.711255362257361412e-04
5.711238482035696507e-04
5.711221601814031601e-04
5.711204139515757561e-04
5.711186677217483521e-04
5.711170379072427750e-04
5.711152916774153709e-04
5.711136618629097939e-04
5.711119738407433033e-04
5.711102276109158993e-04
5.711085977964103222e-04
5.711067933589220047e-04
5.711051053367555141e-04
5.711033591069281101e-04
5.711017292924225330e-04
5.711000412702560425e-04
5.710983532480895519e-04
5.710966652259230614e-04
5.710949772037565708e-04
5.710931727662682533e-04
5.710915429517626762e-04
5.710899131372570992e-04
5.710881086997687817e-04
5.710864788852632046e-04
5.710847908630967140e-04
5.710831610485911369e-04
5.710814730264246464e-04
5.710796103812754154e-04
5.710779805667698383e-04
5.710762343369424343e-04
5.710746045224368572e-04
5.710728000849485397e-04
5.710711702704429626e-04
5.710694822482764721e-04
5.710677360184490681e-04
5.710661062039434910e-04
5.710643017664551735e-04
5.710626719519495964e-04
5.710611585527658463e-04
5.710592376999557018e-04
5.710576660931110382e-04
5.710558616556227207e-04
5.710542318411171436e-04
5.710525438189506531e-04
5.710507393814623356e-04
5.710490513592958450e-04
5.710474797524511814e-04
5.710457917302846909e-04
5.710440455004572868e-04
5.710422992706298828e-04
5.710406112484633923e-04
5.710389814339578152e-04
5.710372934117913246e-04
5.710355471819639206e-04
5.710338591597974300e-04
5.710322293452918530e-04
5.710305413231253624e-04
5.710287950932979584e-04
5.710271070711314678e-04
5.710254772566258907e-04
5.710237892344594002e-04
5.710219265893101692e-04
5.710202967748045921e-04
5.710186087526381016e-04
5.710168625228106976e-04
5.710152327083051205e-04
5.710135446861386299e-04
5.710117984563112259e-04
5.710102268494665623e-04
5.710084806196391582e-04
5.710067343898117542e-04
5.710051045753061771e-04
5.710034165531396866e-04
5.710016703233122826e-04
5.710000405088067055e-04
5.709982942789793015e-04
5.709966062568128109e-04
5.709949182346463203e-04
5.709932884201407433e-04
5.709915421903133392e-04
5.709898541681468487e-04
5.709881079383194447e-04
5.709864199161529541e-04
5.709847901016473770e-04
5.709831020794808865e-04
5.709814140573143959e-04
5.709796096198260784e-04
5.709779798053205013e-04
5.709762917831540108e-04
5.709744873456656933e-04
5.709729157388210297e-04
5.709712277166545391e-04
5.709694814868271351e-04
5.709677934646606445e-04
5.709661636501550674e-04
5.709644174203276634e-04
5.709627293981611729e-04
5.709610995836555958e-04
5.709592951461672783e-04
5.709576653316617012e-04
5.709559773094952106e-04
5.709542310796678066e-04
5.709526594728231430e-04
5.709509132429957390e-04
5.709491670131683350e-04
5.709474789910018444e-04
5.709457909688353539e-04
5.709441029466688633e-04
5.709424149245023727e-04
5.709409015253186226e-04
5.709390970878303051e-04
5.709373508580029011e-04
5.709356628358364105e-04
5.709339748136699200e-04
5.709324032068252563e-04
5.709305987693369389e-04
5.709289689548313618e-04
5.709272227250039577e-04
5.709254182875156403e-04
5.709237884730100632e-04
5.709221004508435726e-04
5.709204706363379955e-04
5.709187826141715050e-04
5.709171527996659279e-04
5.709153483621776104e-04
5.709137185476720333e-04
5.709120887331664562e-04
5.709103425033390522e-04
5.709086544811725616e-04
5.709069664590060711e-04
5.709052784368395805e-04
5.709035904146730900e-04
5.709018441848456860e-04
5.709002725780010223e-04
5.708985263481736183e-04
5.708967219106853008e-04
5.708951503038406372e-04
5.708934040740132332e-04
5.708916578441858292e-04
5.708900862373411655e-04
5.708884564228355885e-04
5.708865937776863575e-04
5.708849639631807804e-04
5.708833923563361168e-04
5.708815297111868858e-04
5.708798998966813087e-04
5.708782118745148182e-04
5.708765238523483276e-04
5.708748940378427505e-04
5.708731478080153465e-04
5.708715179935097694e-04
5.708698299713432789e-04
5.708681419491767883e-04
5.708664539270102978e-04
5.708647659048438072e-04
5.708630778826773167e-04
5.708613316528499126e-04
5.708597018383443356e-04
5.708580138161778450e-04
5.708563257940113544e-04
5.708546377718448639e-04
5.708529497496783733e-04
5.708511453121900558e-04
5.708496319130063057e-04
5.708477692678570747e-04
5.708461976610124111e-04
5.708445096388459206e-04
5.708428798243403435e-04
5.708410171791911125e-04
5.708393873646855354e-04
5.708376993425190449e-04
5.708360113203525543e-04
5.708343232981860638e-04
5.708327516913414001e-04
5.708308890461921692e-04
5.708293174393475056e-04
5.708276294171810150e-04
5.708258831873536110e-04
5.708243697881698608e-04
5.708226235583424568e-04
5.708209355361759663e-04
5.708192475140094757e-04
5.708175594918429852e-04
5.708158714696764946e-04
5.708141834475100040e-04
5.708124954253435135e-04
5.708107491955161095e-04
5.708091193810105324e-04
5.708074313588440418e-04
5.708057433366775513e-04
5.708040553145110607e-04
5.708024255000054836e-04
5.708006792701780796e-04
