6.724992417730391026e-04
6.724974373355507851e-04
6.724956328980624676e-04
6.724938284605741501e-04
6.724921986460685730e-04
6.724904524162411690e-04
6.724887061864137650e-04
6.724870763719081879e-04
6.724852137267589569e-04
6.724834674969315529e-04
6.724817794747650623e-04
6.724801496602594852e-04
6.724784034304320812e-04
6.724765989929437637e-04
6.724747945554554462e-04
6.724731647409498692e-04
6.724714185111224651e-04
6.724696722812950611e-04
6.724679842591285706e-04
6.724660634063184261e-04
6.724644335918128490e-04
6.724626291543245316e-04
6.724609411321580410e-04
6.724592531099915504e-04
6.724575650878250599e-04
6.724558770656585693e-04
6.724541308358311653e-04
6.724522099830210209e-04
6.724505219608545303e-04
6.724488339386880398e-04
6.724470877088606358e-04
6.724453414790332317e-04
6.724435952492058277e-04
6.724417908117175102e-04
6.724402192048728466e-04
6.724383565597236156e-04
6.724366103298962116e-04
6.724348641000688076e-04
6.724331178702414036e-04
6.724313134327530861e-04
6.724297418259084225e-04
6.724279955960810184e-04
6.724261911585927010e-04
6.724245613440871239e-04
6.724228151142597198e-04
6.724210688844323158e-04
6.724193808622658253e-04
6.724176928400993347e-04
6.724159466102719307e-04
6.724140839651226997e-04
6.724123377352952957e-04
6.724105332978069782e-04
6.724088452756404877e-04
6.724070408381521702e-04
6.724054110236465931e-04
6.724036647938191891e-04
6.724018603563308716e-04
6.724002305418252945e-04
6.723984843119978905e-04
6.723967380821704865e-04
6.723949918523430824e-04
6.723932456225156784e-04
6.723915576003491879e-04
6.723897531628608704e-04
6.723880651406943798e-04
6.723863771185278893e-04
6.723846890963613987e-04
6.723828264512121677e-04
6.723811966367065907e-04
6.723792757838964462e-04
6.723777041770517826e-04
6.723758997395634651e-04
6.723741535097360611e-04
6.723724072799086571e-04
6.723707774654030800e-04
6.723689730279147625e-04
6.723672850057482719e-04
6.723654223605990410e-04
6.723637343384325504e-04
6.723620463162660599e-04
6.723603582940995693e-04
6.723585538566112518e-04
6.723568076267838478e-04
6.723550613969564438e-04
6.723534315824508667e-04
6.723516271449625492e-04
6.723498227074742317e-04
6.723482511006295681e-04
6.723464466631412506e-04
6.723447004333138466e-04
6.723430124111473560e-04
6.723413243889808655e-04
6.723395781591534615e-04
6.723378901369869709e-04
6.723360856994986534e-04
6.723342812620103359e-04
6.723325932398438454e-04
6.723307888023555279e-04
6.723291589878499508e-04
6.723274127580225468e-04
6.723256665281951427e-04
6.723239202983677387e-04
6.723222904838621616e-04
6.723204860463738441e-04
6.723187980242073536e-04
6.723171100020408630e-04
6.723153637722134590e-04
6.723136175423860550e-04
6.723118713125586510e-04
6.723101250827312469e-04
6.723084370605647564e-04
6.723066326230764389e-04
6.723049446009099483e-04
6.723031983710825443e-04
6.723015103489160538e-04
6.722997059114277363e-04
6.722980178892612457e-04
6.722962716594338417e-04
6.722945254296064377e-04
6.722928374074399471e-04
6.722910911776125431e-04
6.722893449477851391e-04
6.722875987179577351e-04
6.722857942804694176e-04
6.722841062583029270e-04
6.722824182361364365e-04
6.722806137986481190e-04
6.722791003994643688e-04
6.722772377543151379e-04
6.722756661474704742e-04
6.722738035023212433e-04
6.722721736878156662e-04
6.722703692503273487e-04
6.722686230204999447e-04
6.722669349983334541e-04
6.722651887685060501e-04
6.722634425386786461e-04
6.722616963088512421e-04
6.722600082866847515e-04
6.722582038491964340e-04
6.722564576193690300e-04
6.722548278048634529e-04
6.722530815750360489e-04
6.722513353452086449e-04
6.722495891153812408e-04
6.722479010932147503e-04
6.722461548633873463e-04
6.722444668412208557e-04
6.722427206113934517e-04
6.722410325892269611e-04
6.722392863593995571e-04
6.722375983372330666e-04
6.722358521074056625e-04
6.722340476699173450e-04
6.722323014400899410e-04
6.722306134179234505e-04
6.722289836034178734e-04
6.722271209582686424e-04
6.722254911437630653e-04
6.722236867062747478e-04
6.722220568917691708e-04
6.722202524542808533e-04
6.722185062244534492e-04
6.722168182022869587e-04
6.722150137647986412e-04
6.722132093273103237e-04
6.722115213051438332e-04
6.722098914906382561e-04
6.722082034684717655e-04
6.722064572386443615e-04
6.722047110088169575e-04
6.722030811943113804e-04
6.722012767568230629e-04
6.721994723193347454e-04
6.721977842971682549e-04
6.721962126903235912e-04
6.721944082528352737e-04
6.721926038153469563e-04
6.721909740008413792e-04
6.721892859786748886e-04
6.721875397488474846e-04
6.721857353113591671e-04
6.721841054968535900e-04
6.721823010593652725e-04
6.721805548295378685e-04
6.721789250150322914e-04
6.721772369928658009e-04
6.721754325553774834e-04
6.721736281178891659e-04
6.721719983033835888e-04
6.721703102812170982e-04
6.721685640513896942e-04
6.721667596139013767e-04
6.721650715917348862e-04
6.721633253619074821e-04
6.721615791320800781e-04
6.721598911099135876e-04
6.721581448800861835e-04
6.721564568579196930e-04
6.721547106280922890e-04
6.721530226059257984e-04
6.721513345837593079e-04
6.721496465615928173e-04
6.721478421241044998e-04
6.721461541019380093e-04
6.721444660797715187e-04
6.721427198499441147e-04
6.721410318277776241e-04
6.721392855979502201e-04
6.721375393681228161e-04
6.721357349306344986e-04
6.721340469084680080e-04
6.721324170939624310e-04
6.721306126564741135e-04
6.721289828419685364e-04
6.721272366121411324e-04
6.721255485899746418e-04
6.721238023601472378e-04
6.721219979226589203e-04
6.721203099004924297e-04
6.721186218783259392e-04
6.721168756484985352e-04
6.721152458339929581e-04
6.721134413965046406e-04
6.721118115819990635e-04
6.721098907291889191e-04
6.721082609146833420e-04
6.721065728925168514e-04
6.721047684550285339e-04
6.721031386405229568e-04
6.721013924106955528e-04
6.720997043885290623e-04
6.720978999510407448e-04
6.720961537212133408e-04
6.720944656990468502e-04
6.720926612615585327e-04
6.720909150317311287e-04
6.720892270095646381e-04
6.720875971950590611e-04
6.720857927575707436e-04
6.720842211507260799e-04
6.720824749208986759e-04
6.720807286910712719e-04
6.720790988765656948e-04
6.720772944390773773e-04
6.720755482092499733e-04
6.720738601870834827e-04
6.720721139572560787e-04
6.720704259350895882e-04
6.720687379129230976e-04
6.720669916830956936e-04
6.720653036609292030e-04
6.720635574311017990e-04
6.720618112012743950e-04
6.720600649714469910e-04
6.720584351569414139e-04
6.720566889271140099e-04
6.720548844896256924e-04
6.720531964674592018e-04
6.720514502376317978e-04
6.720498204231262207e-04
6.720480159856379032e-04
6.720464443787932396e-04
6.720446399413049221e-04
6.720429519191384315e-04
6.720412638969719410e-04
6.720394594594836235e-04
6.720377714373171329e-04
6.720359669998288155e-04
6.720343371853232384e-04
6.720326491631567478e-04
6.720308447256684303e-04
6.720291567035019398e-04
6.720274686813354492e-04
6.720257806591689587e-04
6.720241508446633816e-04
6.720223464071750641e-04
6.720206001773476601e-04
6.720189121551811695e-04
6.720172241330146790e-04
6.720154196955263615e-04
6.720136734656989574e-04
6.720120436511933804e-04
6.720102974213659763e-04
6.720086093991994858e-04
6.720069213770329952e-04
6.720052333548665047e-04
6.720034871250391006e-04
6.720016826875507832e-04
6.719999946653842926e-04
6.719982484355568886e-04
6.719965604133903980e-04
6.719948141835629940e-04
6.719931843690574169e-04
6.719914963468909264e-04
6.719897501170635223e-04
6.719879456795752048e-04
6.719862576574087143e-04
6.719845114275813103e-04
6.719828816130757332e-04
6.719811935909092426e-04
6.719794473610818386e-04
6.719777011312544346e-04
6.719760131090879440e-04
6.719742668792605400e-04
6.719726370647549629e-04
6.719710072502493858e-04
6.719691446051001549e-04
6.719674565829336643e-04
6.719656521454453468e-04
6.719640805386006832e-04
6.719623343087732792e-04
6.719604716636240482e-04
6.719589000567793846e-04
6.719572120346128941e-04
6.719554658047854900e-04
6.719537195749580860e-04
6.719520315527915955e-04
6.719503435306251049e-04
6.719485973007977009e-04
6.719467928633093834e-04
6.719451048411428928e-04
6.719433586113154888e-04
6.719417287968099117e-04
6.719399243593215942e-04
6.719382945448160172e-04
6.719366065226495266e-04
6.719349185004830360e-04
6.719331140629947186e-04
6.719314842484891415e-04
6.719297380186617374e-04
6.719280499964952469e-04
6.719263037666678429e-04
6.719246157445013523e-04
6.719228113070130348e-04
6.719211814925074577e-04
6.719194352626800537e-04
6.719177472405135632e-04
6.719160010106861591e-04
6.719142547808587551e-04
6.719125667586922646e-04
6.719108205288648605e-04
6.719091907143592834e-04
6.719073862768709660e-04
6.719058728776872158e-04
6.719040684401988983e-04
6.719023804180324078e-04
6.719006923958659172e-04
6.718989461660385132e-04
6.718971999362111092e-04
6.718954537063837051e-04
6.718937656842172146e-04
6.718919612467288971e-04
6.718904478475451469e-04
6.718886434100568295e-04
6.718868971802294254e-04
6.718853255733847618e-04
6.718835211358964443e-04
6.718818331137299538e-04
6.718800868839025497e-04
6.718783406540751457e-04
6.718766526319086552e-04
6.718750228174030781e-04
6.718732765875756741e-04
6.718716467730700970e-04
6.718698423355817795e-04
6.718680961057543755e-04
6.718663498759269714e-04
6.718647782690823078e-04
6.718629738315939903e-04
6.718612276017665863e-04
6.718595395796000957e-04
6.718579097650945187e-04
6.718562217429280281e-04
6.718544755131006241e-04
6.718526710756123066e-04
6.718510412611067295e-04
6.718494114466011524e-04
6.718476070091128349e-04
6.718459189869463444e-04
6.718442891724407673e-04
6.718426593579351902e-04
6.718407967127859592e-04
6.718391668982803822e-04
6.718373042531311512e-04
6.718356744386255741e-04
6.718339282087981701e-04
6.718322401866316795e-04
6.718306103721261024e-04
6.718288641422986984e-04
6.718271761201322079e-04
6.718254880979657173e-04
6.718238000757992268e-04
6.718221120536327362e-04
6.718202494084835052e-04
6.718186195939779282e-04
6.718169897794723511e-04
6.718151853419840336e-04
6.718136137351393700e-04
6.718118675053119659e-04
6.718100630678236485e-04
6.718084332533180714e-04
6.718067452311515808e-04
6.718049407936632633e-04
6.718032527714967728e-04
6.718015065416693687e-04
6.717998767271637917e-04
6.717981304973363876e-04
6.717964424751698971e-04
6.717947544530034065e-04
6.717930664308369160e-04
6.717913202010095119e-04
6.717896321788430214e-04
6.717878859490156174e-04
6.717861979268491268e-04
6.717845681123435497e-04
6.717828218825161457e-04
6.717811338603496552e-04
6.717793294228613377e-04
6.717776996083557606e-04
6.717758951708674431e-04
6.717742071487009525e-04
6.717725191265344620e-04
6.717708311043679714e-04
6.717692012898623943e-04
6.717674550600349903e-04
6.717658252455294132e-04
6.717640208080410957e-04
6.717623909935355186e-04
6.717605865560472012e-04
6.717589567415416241e-04
6.717573269270360470e-04
6.717555806972086430e-04
6.717537762597203255e-04
6.717520882375538349e-04
6.717504002153873444e-04
6.717486539855599403e-04
6.717470241710543633e-04
6.717452779412269592e-04
6.717435317113995552e-04
6.717419018968939781e-04
6.717401556670665741e-04
6.717385258525609970e-04
6.717368378303945065e-04
6.717350333929061890e-04
6.717332871630787849e-04
6.717317155562341213e-04
6.717299693264067173e-04
6.717282230965793133e-04
6.717265350744128227e-04
6.717247888445854187e-04
6.717231590300798416e-04
6.717214710079133511e-04
6.717197247780859470e-04
6.717180949635803699e-04
6.717163487337529659e-04
6.717146607115864754e-04
6.717129726894199848e-04
6.717112264595925808e-04
6.717094802297651768e-04
6.717077922075986862e-04
6.717061041854321957e-04
6.717044161632657051e-04
6.717027863487601280e-04
6.717009819112718105e-04
6.716993520967662334e-04
6.716976640745997429e-04
6.716959178447723389e-04
6.716941716149449348e-04
6.716924835927784443e-04
6.716908537782728672e-04
6.716891657561063766e-04
6.716874777339398861e-04
6.716857315041124821e-04
6.716839270666241646e-04
6.716822390444576740e-04
6.716805510222911835e-04
6.716788630001246929e-04
6.716772331856191158e-04
6.716756033711135387e-04
6.716739153489470482e-04
6.716720527037978172e-04
6.716703646816313267e-04
6.716687930747866631e-04
6.716669886372983456e-04
6.716653006151318550e-04
6.716636708006262779e-04
6.716619245707988739e-04
6.716602365486323833e-04
6.716584903188049793e-04
6.716567440889775753e-04
6.716550560668110847e-04
6.716533680446445942e-04
6.716517382301390171e-04
6.716500502079725266e-04
6.716482457704842091e-04
6.716466159559786320e-04
6.716449279338121414e-04
6.716432399116456509e-04
6.716414354741573334e-04
