7.764189504086971283e-04
7.764170877635478973e-04
7.764152251183986664e-04
7.764134206809103489e-04
7.764115580357611179e-04
7.764097535982728004e-04
7.764078909531235695e-04
7.764060283079743385e-04
7.764042820781469345e-04
7.764023612253367901e-04
7.764005567878484726e-04
7.763986359350383282e-04
7.763967732898890972e-04
7.763950270600616932e-04
7.763932226225733757e-04
7.763912435621023178e-04
7.763895555399358273e-04
7.763876928947865963e-04
7.763857720419764519e-04
7.763839676044881344e-04
7.763820467516779900e-04
7.763801841065287590e-04
7.763783214613795280e-04
7.763765170238912106e-04
7.763747707940638065e-04
7.763728499412536621e-04
7.763711037114262581e-04
7.763690664432942867e-04
7.763673202134668827e-04
7.763654575683176517e-04
7.763635949231684208e-04
7.763617322780191898e-04
7.763600442558526993e-04
7.763580651953816414e-04
7.763561443425714970e-04
7.763543981127440929e-04
7.763525354675948620e-04
7.763506728224456310e-04
7.763488683849573135e-04
7.763470639474689960e-04
7.763452013023197651e-04
7.763433968648314476e-04
7.763415342196822166e-04
7.763396133668720722e-04
7.763378089293837547e-04
7.763359462842345238e-04
7.763341418467462063e-04
7.763322209939360619e-04
7.763303001411259174e-04
7.763284957036375999e-04
7.763267494738101959e-04
7.763248868286609650e-04
7.763230241835117340e-04
7.763211033307015896e-04
7.763194735161960125e-04
7.763174944557249546e-04
7.763156318105757236e-04
7.763137691654264927e-04
7.763120811432600021e-04
7.763101602904498577e-04
7.763083558529615402e-04
7.763065514154732227e-04
7.763046305626630783e-04
7.763027679175138474e-04
7.763009052723646164e-04
7.762991590425372124e-04
7.762972963973879814e-04
7.762955501675605774e-04
7.762935711070895195e-04
7.762917666696012020e-04
7.762899622321128845e-04
7.762880413793027401e-04
7.762862369418144226e-04
7.762844325043261051e-04
7.762825698591768742e-04
7.762805907987058163e-04
7.762787863612174988e-04
7.762769819237291813e-04
7.762751192785799503e-04
7.762733730487525463e-04
7.762715104036033154e-04
7.762696477584540844e-04
7.762678433209657669e-04
7.762659806758165359e-04
7.762641180306673050e-04
7.762621971778571606e-04
7.762604509480297565e-04
7.762586465105414391e-04
7.762567838653922081e-04
7.762549212202429771e-04
7.762531749904155731e-04
7.762511959299445152e-04
7.762493914924561977e-04
7.762475870549678802e-04
7.762457826174795628e-04
7.762438617646694183e-04
7.762421737425029278e-04
7.762403110973536968e-04
7.762384484522044659e-04
7.762366440147161484e-04
7.762347231619060040e-04
7.762328605167567730e-04
7.762310560792684555e-04
7.762293098494410515e-04
7.762273889966309071e-04
7.762255845591425896e-04
7.762237219139933586e-04
7.762219174765050411e-04
7.762200548313558102e-04
7.762182503938674927e-04
7.762163877487182617e-04
7.762145251035690308e-04
7.762127206660807133e-04
7.762108580209314823e-04
7.762089371681213379e-04
7.762071909382939339e-04
7.762053282931447029e-04
7.762034656479954720e-04
7.762017194181680679e-04
7.761999149806797504e-04
7.761979941278696060e-04
7.761961314827203751e-04
7.761942106299102306e-04
7.761924644000828266e-04
7.761906599625945091e-04
7.761888555251061916e-04
7.761869346722960472e-04
7.761851884424686432e-04
7.761833257973194122e-04
7.761815213598310947e-04
7.761795422993600368e-04
7.761777378618717194e-04
7.761759334243834019e-04
7.761741871945559978e-04
7.761722663417458534e-04
7.761705201119184494e-04
7.761685992591083050e-04
7.761667948216199875e-04
7.761649321764707565e-04
7.761631859466433525e-04
7.761612650938332081e-04
7.761594606563448906e-04
7.761576562188565731e-04
7.761557353660464287e-04
7.761539891362190247e-04
7.761521264910697937e-04
7.761502056382596493e-04
7.761484594084322453e-04
7.761465385556221008e-04
7.761446759104728699e-04
7.761429878883063793e-04
7.761410670354962349e-04
7.761392625980079174e-04
7.761375163681805134e-04
7.761356537230312824e-04
7.761336746625602245e-04
7.761319866403937340e-04
7.761301239952445030e-04
7.761282613500952721e-04
7.761264569126069546e-04
7.761246524751186371e-04
7.761227898299694061e-04
7.761209271848201752e-04
7.761190645396709442e-04
7.761172601021826267e-04
7.761153974570333958e-04
7.761135930195450783e-04
7.761117303743958473e-04
7.761099841445684433e-04
7.761080632917582989e-04
7.761061424389481544e-04
7.761044544167816639e-04
7.761025917716324329e-04
7.761006709188222885e-04
7.760989828966557980e-04
7.760971202515065670e-04
7.760951993986964226e-04
7.760933949612081051e-04
7.760915905237197876e-04
7.760897860862314701e-04
7.760879234410822392e-04
7.760861190035939217e-04
7.760843145661056042e-04
7.760823937132954597e-04
7.760805892758071423e-04
7.760788430459797382e-04
7.760769221931695938e-04
7.760751759633421898e-04
7.760731969028711319e-04
7.760715088807046413e-04
7.760695298202335835e-04
7.760679000057280064e-04
7.760659791529178619e-04
7.760640583001077175e-04
7.760623120702803135e-04
7.760605076327919960e-04
7.760586449876427650e-04
7.760568405501544476e-04
7.760549779050052166e-04
7.760532316751778126e-04
7.760513108223676682e-04
7.760495063848793507e-04
7.760477601550519466e-04
7.760457810945808887e-04
7.760440348647534847e-04
7.760421722196042538e-04
7.760404259897768497e-04
7.760386215522885323e-04
7.760367589071393013e-04
7.760349544696509838e-04
7.760330336168408394e-04
7.760312873870134354e-04
7.760294247418642044e-04
7.760275620967149734e-04
7.760257576592266560e-04
7.760238950140774250e-04
7.760221487842500210e-04
7.760202861391007900e-04
7.760184817016124725e-04
7.760166190564632416e-04
7.760148146189749241e-04
7.760128937661647797e-04
7.760112057439982891e-04
7.760092848911881447e-04
7.760074222460389137e-04
7.760056760162115097e-04
7.760038133710622787e-04
7.760019507259130478e-04
7.760001462884247303e-04
7.759982836432754993e-04
7.759964209981262684e-04
7.759947911836206913e-04
7.759928703308105469e-04
7.759910076856613159e-04
7.759893196634948254e-04
7.759873406030237675e-04
7.759854197502136230e-04
7.759837317280471325e-04
7.759818690828979015e-04
7.759800646454095840e-04
7.759782602079212666e-04
7.759763975627720356e-04
7.759745349176228046e-04
7.759729051031172276e-04
7.759709260426461697e-04
7.759690051898360252e-04
7.759673753753304482e-04
7.759653963148593903e-04
7.759637082926928997e-04
7.759617874398827553e-04
7.759599830023944378e-04
7.759581785649061203e-04
7.759563159197568893e-04
7.759545114822685719e-04
7.759527070447802544e-04
7.759508443996310234e-04
7.759489817544817924e-04
7.759471773169934750e-04
7.759454892948269844e-04
7.759435684420168400e-04
7.759416475892066956e-04
7.759398431517183781e-04
7.759380387142300606e-04
7.759362342767417431e-04
7.759344880469143391e-04
7.759326254017651081e-04
7.759307627566158772e-04
7.759289001114666462e-04
7.759270956739783287e-04
7.759252330288290977e-04
7.759235450066626072e-04
7.759217405691742897e-04
7.759198779240250587e-04
7.759180734865367413e-04
7.759162690490484238e-04
7.759144064038991928e-04
7.759125437587499619e-04
7.759107393212616444e-04
7.759088766761124134e-04
7.759070722386240959e-04
7.759052678011357784e-04
7.759033469483256340e-04
7.759016007184982300e-04
7.758997962810099125e-04
7.758979918435215950e-04
7.758961874060332775e-04
7.758943829685449600e-04
7.758925203233957291e-04
7.758906576782464981e-04
7.758889114484190941e-04
7.758871070109307766e-04
7.758852443657815456e-04
7.758833817206323147e-04
7.758815772831439972e-04
7.758798310533165932e-04
7.758779684081673622e-04
7.758760475553572178e-04
7.758743595331907272e-04
7.758725550957024097e-04
7.758706924505531788e-04
7.758688880130648613e-04
7.758669671602547169e-04
7.758651627227663994e-04
7.758633582852780819e-04
7.758615538477897644e-04
7.758598076179623604e-04
7.758579449728131294e-04
7.758560241200029850e-04
7.758542196825146675e-04
7.758524734526872635e-04
7.758506108075380325e-04
7.758487481623888016e-04
7.758469437249004841e-04
7.758450810797512531e-04
7.758434512652456760e-04
7.758415304124355316e-04
7.758396677672863007e-04
7.758379215374588966e-04
7.758360588923096657e-04
7.758341962471604347e-04
7.758323918096721172e-04
7.758305291645228863e-04
7.758287829346954823e-04
7.758268620818853378e-04
7.758251158520579338e-04
7.758233114145696163e-04
7.758215651847422123e-04
7.758197025395929813e-04
7.758178981021046638e-04
7.758160354569554329e-04
7.758142310194671154e-04
7.758125429973006248e-04
7.758106803521513939e-04
7.758088759146630764e-04
7.758070132695138454e-04
7.758052088320255280e-04
7.758032297715544701e-04
7.758014253340661526e-04
7.757996791042387486e-04
7.757979328744113445e-04
7.757960702292621136e-04
7.757941493764519691e-04
7.757924031466245651e-04
7.757906569167971611e-04
7.757887942716479301e-04
7.757869898341596127e-04
7.757851853966712952e-04
7.757833227515220642e-04
7.757814601063728333e-04
7.757795974612236023e-04
7.757778512313961983e-04
7.757760467939078808e-04
7.757742423564195633e-04
7.757723797112703323e-04
7.757706916891038418e-04
7.757688290439546108e-04
7.757670246064662933e-04
7.757651619613170624e-04
7.757634157314896584e-04
7.757616112940013409e-04
7.757596904411911964e-04
7.757577695883810520e-04
7.757560815662145615e-04
7.757543353363871574e-04
7.757524726912379265e-04
7.757505518384277821e-04
7.757488056086003780e-04
7.757470593787729740e-04
7.757453131489455700e-04
7.757433922961354256e-04
7.757415878586471081e-04
7.757397834211587906e-04
7.757379789836704731e-04
7.757361163385212421e-04
7.757342536933720112e-04
7.757323910482227802e-04
7.757307030260562897e-04
7.757287821732461452e-04
7.757270359434187412e-04
7.757252315059304237e-04
7.757234852761030197e-04
7.757216226309537888e-04
7.757198181934654713e-04
7.757180137559771538e-04
7.757162093184888363e-04
7.757143466733396053e-04
7.757126004435122013e-04
7.757107377983629704e-04
7.757089333608746529e-04
7.757071289233863354e-04
7.757053244858980179e-04
7.757034618407487869e-04
7.757015991955995560e-04
7.756999111734330654e-04
7.756979903206229210e-04
7.756962440907955170e-04
7.756944396533071995e-04
7.756926352158188820e-04
7.756907725706696510e-04
7.756889099255204201e-04
7.756871636956930161e-04
7.756854174658656120e-04
7.756836130283772945e-04
7.756817503832280636e-04
7.756798295304179192e-04
7.756780833005905151e-04
7.756762788631021976e-04
7.756745326332747936e-04
7.756726699881255627e-04
7.756708073429763317e-04
7.756690611131489277e-04
7.756671984679996967e-04
7.756654522381722927e-04
7.756635895930230618e-04
7.756617269478738308e-04
7.756600389257073402e-04
7.756581762805581093e-04
7.756563718430697918e-04
7.756545091979205608e-04
7.756527047604322433e-04
7.756509003229439259e-04
7.756490958854556084e-04
7.756472914479672909e-04
7.756454288028180599e-04
7.756436243653297424e-04
7.756418781355023384e-04
7.756400736980140209e-04
7.756382110528647900e-04
7.756364066153764725e-04
7.756346021778881550e-04
7.756328559480607510e-04
7.756310515105724335e-04
7.756292470730841160e-04
7.756274426355957985e-04
7.756255217827856541e-04
7.756237755529582500e-04
7.756220875307917595e-04
7.756201666779816151e-04
7.756183622404932976e-04
7.756165578030049801e-04
7.756147533655166626e-04
7.756129489280283451e-04
7.756110862828791142e-04
7.756092818453907967e-04
7.756074774079024792e-04
7.756056729704141617e-04
7.756039267405867577e-04
7.756021223030984402e-04
7.756002596579492092e-04
7.755984552204608917e-04
7.755965925753116608e-04
7.755948463454842567e-04
7.755930419079959393e-04
7.755912956781685352e-04
7.755894330330193043e-04
7.755876285955309868e-04
7.755857659503817558e-04
7.755840197205543518e-04
7.755822152830660343e-04
7.755804108455777168e-04
7.755785482004284859e-04
7.755768019706010818e-04
7.755749975331127644e-04
7.755731348879635334e-04
7.755712722428143024e-04
7.755695260129868984e-04
7.755676633678376675e-04
7.755659171380102634e-04
7.755640544928610325e-04
7.755623082630336285e-04
7.755604456178843975e-04
7.755586411803960800e-04
7.755569531582295895e-04
7.755550323054194450e-04
7.755532278679311275e-04
7.755514816381037235e-04
7.755496772006154060e-04
7.755479309707880020e-04
7.755460683256387711e-04
7.755443220958113670e-04
7.755424012430012226e-04
7.755407132208347321e-04
7.755388505756855011e-04
7.755371043458580971e-04
7.755351834930479527e-04
7.755333790555596352e-04
7.755315746180713177e-04
7.755297701805830002e-04
7.755279075354337692e-04
7.755261613056063652e-04
7.755244150757789612e-04
7.755225524306297302e-04
7.755208062008023262e-04
7.755190017633140087e-04
7.755171973258256912e-04
7.755153928883373737e-04
7.755135302431881428e-04
7.755116675980389118e-04
7.755099213682115078e-04
7.755082333460450172e-04
