3.756248333957046270e-04
3.756229707505553961e-04
3.756211372092366219e-04
3.756193036679178476e-04
3.756174992304295301e-04
3.756156074814498425e-04
3.756138321477919817e-04
3.756119695026427507e-04
3.756101941689848900e-04
3.756082733161747456e-04
3.756064979825168848e-04
3.756046353373676538e-04
3.756028017960488796e-04
3.756009682547301054e-04
3.755991347134113312e-04
3.755973302759230137e-04
3.755954676307737827e-04
3.755936340894550085e-04
3.755918296519666910e-04
3.755900252144783735e-04
3.755881334654986858e-04
3.755862708203494549e-04
3.755844954866915941e-04
3.755826328415423632e-04
3.755807993002235889e-04
3.755789366550743580e-04
3.755771613214164972e-04
3.755753277800977230e-04
3.755734942387789488e-04
3.755716315936297178e-04
3.755697980523109436e-04
3.755680227186530828e-04
3.755661600735038519e-04
3.755643556360155344e-04
3.755625220946967602e-04
3.755606594495475292e-04
3.755588550120592117e-04
3.755569923669099808e-04
3.755551588255912066e-04
3.755532961804419756e-04
3.755515208467841148e-04
3.755496873054653406e-04
3.755478246603161097e-04
3.755459911189973354e-04
3.755442157853394747e-04
3.755423531401902437e-04
3.755405195988714695e-04
3.755386860575526953e-04
3.755368816200643778e-04
3.755350480787456036e-04
3.755332727450877428e-04
3.755313809961080551e-04
3.755295183509588242e-04
3.755277139134705067e-04
3.755258803721517324e-04
3.755240177270025015e-04
3.755222423933446407e-04
3.755203797481954098e-04
3.755185753107070923e-04
3.755167126655578613e-04
3.755148791242390871e-04
3.755131328944116831e-04
3.755112411454319954e-04
3.755094367079436779e-04
3.755075740627944469e-04
3.755057696253061295e-04
3.755039360839873552e-04
3.755020734388381243e-04
3.755002981051802635e-04
3.754984645638614893e-04
3.754966601263731718e-04
3.754947974812239408e-04
3.754929930437356234e-04
3.754911303985863924e-04
3.754892968572676182e-04
3.754874924197793007e-04
3.754856588784605265e-04
3.754838835448026657e-04
3.754820208996534348e-04
3.754801873583346605e-04
3.754783538170158863e-04
3.754765493795275688e-04
3.754747449420392513e-04
3.754728822968900204e-04
3.754709614440798759e-04
3.754691861104220152e-04
3.754674107767641544e-04
3.754656354431062937e-04
3.754637727979570627e-04
3.754619392566382885e-04
3.754601348191499710e-04
3.754583012778311968e-04
3.754564386326819658e-04
3.754546341951936483e-04
3.754527715500444174e-04
3.754509671125560999e-04
3.754491626750677824e-04
3.754473000299185514e-04
3.754454955924302340e-04
3.754436911549419165e-04
3.754418285097926855e-04
3.754399658646434546e-04
3.754382487386465073e-04
3.754364151973277330e-04
3.754345525521785021e-04
3.754327190108597279e-04
3.754308563657104969e-04
3.754290519282221794e-04
3.754272183869034052e-04
3.754254430532455444e-04
3.754236677195876837e-04
3.754217759706079960e-04
3.754199424292892218e-04
3.754180797841399908e-04
3.754163626581430435e-04
3.754145000129938126e-04
3.754126082640141249e-04
3.754108329303562641e-04
3.754089993890374899e-04
3.754072240553796291e-04
3.754053614102303982e-04
3.754035569727420807e-04
3.754017234314233065e-04
3.753998898901045322e-04
3.753980272449553013e-04
3.753962228074669838e-04
3.753944183699786663e-04
3.753925266209989786e-04
3.753907803911715746e-04
3.753889759536832571e-04
3.753871424123644829e-04
3.753853379748761654e-04
3.753834462258964777e-04
3.753816417884081602e-04
3.753798373509198427e-04
3.753779747057706118e-04
3.753761993721127510e-04
3.753743367269635201e-04
3.753725322894752026e-04
3.753706696443259716e-04
3.753688943106681108e-04
3.753670607693493366e-04
3.753651981242001057e-04
3.753634227905422449e-04
3.753616183530539274e-04
3.753597848117351532e-04
3.753579512704163790e-04
3.753561759367585182e-04
3.753543423954397440e-04
3.753525088541209698e-04
3.753506753128021955e-04
3.753488417714834213e-04
3.753470082301646471e-04
3.753452037926763296e-04
3.753434284590184689e-04
3.753415949176996946e-04
3.753398195840418339e-04
3.753378987312316895e-04
3.753361233975738287e-04
3.753343189600855112e-04
3.753325145225971937e-04
3.753306518774479628e-04
3.753287892322987318e-04
3.753270430024713278e-04
3.753252094611525536e-04
3.753234050236642361e-04
3.753215423785150051e-04
3.753197088371962309e-04
3.753179043997079134e-04
3.753160417545586824e-04
3.753142664209008217e-04
3.753124037757515907e-04
3.753105993382632732e-04
3.753088531084358692e-04
3.753070486709475517e-04
3.753052151296287775e-04
3.753033815883100033e-04
3.753015480469912291e-04
3.752996562980115414e-04
3.752979100681841373e-04
3.752961347345262766e-04
3.752942429855465889e-04
3.752924385480582714e-04
3.752905759029090405e-04
3.752888296730816364e-04
3.752869961317628622e-04
3.752852207981050014e-04
3.752833872567862272e-04
3.752815246116369963e-04
3.752797492779791355e-04
3.752779157366603613e-04
3.752760821953415871e-04
3.752742195501923561e-04
3.752724733203649521e-04
3.752706397790461779e-04
3.752688644453883171e-04
3.752670309040695429e-04
3.752651682589203119e-04
3.752633347176015377e-04
3.752615884877741337e-04
3.752597258426249027e-04
3.752579505089670420e-04
3.752560587599873543e-04
3.752542834263294935e-04
3.752524789888411760e-04
3.752506454475224018e-04
3.752488119062036276e-04
3.752470365725457668e-04
3.752452612388879061e-04
3.752434568013995886e-04
3.752416232600808144e-04
3.752397897187620401e-04
3.752379561774432659e-04
3.752361226361244917e-04
3.752343473024666309e-04
3.752325137611478567e-04
3.752307093236595392e-04
3.752288466785103083e-04
3.752270131371915340e-04
3.752252086997032166e-04
3.752234333660453558e-04
3.752215707208961248e-04
3.752197953872382641e-04
3.752179909497499466e-04
3.752161283046007156e-04
3.752143238671123981e-04
3.752125194296240807e-04
3.752107731997966766e-04
3.752089396584779024e-04
3.752070479094982147e-04
3.752053307835012674e-04
3.752034972421824932e-04
3.752016345970332623e-04
3.751998301595449448e-04
3.751980257220566273e-04
3.751961921807378531e-04
3.751943586394190788e-04
3.751925833057612181e-04
3.751907206606119871e-04
3.751889744307845831e-04
3.751871117856353521e-04
3.751853073481470346e-04
3.751835029106587172e-04
3.751817275770008564e-04
3.751799231395125389e-04
3.751780313905328512e-04
3.751762269530445337e-04
3.751744516193866730e-04
3.751725889742374420e-04
3.751708136405795813e-04
3.751690092030912638e-04
3.751671756617724895e-04
3.751654003281146288e-04
3.751635667867958546e-04
3.751618205569684505e-04
3.751599579118192196e-04
3.751581243705004454e-04
3.751563199330121279e-04
3.751545445993542671e-04
3.751527110580354929e-04
3.751509066205471754e-04
3.751490730792284012e-04
3.751472686417400837e-04
3.751454351004213095e-04
3.751436597667634487e-04
3.751418844331055880e-04
3.751400217879563570e-04
3.751381591428071260e-04
3.751364129129797220e-04
3.751345793716609478e-04
3.751328040380030870e-04
3.751309704966843128e-04
3.751291369553655386e-04
3.751273907255381346e-04
3.751255280803889036e-04
3.751236945390701294e-04
3.751219192054122686e-04
3.751201147679239511e-04
3.751182812266051769e-04
3.751164767891168594e-04
3.751146723516285419e-04
3.751128679141402245e-04
3.751110925804823637e-04
3.751092881429940462e-04
3.751074837055057287e-04
3.751056501641869545e-04
3.751038457266986370e-04
3.751019830815494061e-04
3.751002659555524588e-04
3.750984033104032278e-04
3.750965697690844536e-04
3.750947362277656794e-04
3.750929899979382753e-04
3.750911855604499578e-04
3.750893811229616404e-04
3.750875475816428661e-04
3.750857722479850054e-04
3.750839969143271446e-04
3.750821633730083704e-04
3.750803298316895962e-04
3.750785253942012787e-04
3.750767209567129612e-04
3.750748292077332735e-04
3.750730829779058695e-04
3.750712785404175520e-04
3.750694449990987778e-04
3.750676114577800035e-04
3.750658652279525995e-04
3.750640025828033686e-04
3.750621981453150511e-04
3.750604228116571903e-04
3.750585892703384161e-04
3.750568139366805553e-04
3.750550386030226946e-04
3.750532050617039204e-04
3.750514006242156029e-04
3.750495670828968287e-04
3.750477917492389679e-04
3.750459582079201937e-04
3.750441828742623329e-04
3.750423493329435587e-04
3.750405157916247845e-04
3.750387113541364670e-04
3.750369651243090630e-04
3.750351315829902887e-04
3.750333562493324280e-04
3.750315518118441105e-04
3.750297182705253363e-04
3.750278847292065620e-04
3.750261676032096148e-04
3.750243049580603838e-04
3.750225005205720663e-04
3.750207251869142056e-04
3.750189207494258881e-04
3.750170581042766571e-04
3.750152827706187963e-04
3.750135074369609356e-04
3.750116447918117046e-04
3.750098403543233871e-04
3.750080941244959831e-04
3.750062896870076656e-04
3.750044852495193481e-04
3.750026808120310307e-04
3.750009054783731699e-04
3.749990719370543957e-04
3.749972674995660782e-04
3.749954048544168472e-04
3.749936004169285297e-04
3.749917668756097555e-04
3.749900206457823515e-04
3.749882162082940340e-04
3.749864117708057165e-04
3.749846655409783125e-04
3.749828028958290815e-04
3.749810566660016775e-04
3.749792231246829033e-04
3.749773604795336723e-04
3.749755851458758116e-04
3.749738098122179508e-04
3.749720053747296333e-04
3.749702009372413158e-04
3.749683673959225416e-04
3.749666211660951376e-04
3.749648167286068201e-04
3.749629831872880459e-04
3.749612078536301851e-04
3.749594034161418676e-04
3.749575698748230934e-04
3.749557654373347759e-04
3.749540192075073719e-04
3.749521856661885977e-04
3.749503812287002802e-04
3.749485767912119627e-04
3.749468014575541019e-04
3.749449679162353277e-04
3.749432216864079237e-04
3.749413590412586927e-04
3.749395254999399185e-04
3.749377210624516010e-04
3.749359457287937403e-04
3.749341994989663363e-04
3.749323077499866486e-04
3.749305615201592445e-04
3.749287279788404703e-04
3.749269235413521528e-04
3.749251482076942921e-04
3.749232855625450611e-04
3.749215393327176571e-04
3.749197348952293396e-04
3.749179013539105654e-04
3.749161260202527046e-04
3.749143506865948439e-04
3.749125171452760696e-04
3.749107418116182089e-04
3.749089373741298914e-04
3.749071620404720306e-04
3.749053576029837132e-04
3.749034949578344822e-04
3.749017778318375349e-04
3.748999442905187607e-04
3.748981398530304432e-04
3.748963645193725824e-04
3.748945600818842649e-04
3.748928138520568609e-04
3.748909221030771732e-04
3.748891758732497692e-04
3.748873423319309950e-04
3.748854796867817640e-04
3.748837043531239033e-04
3.748819581232964993e-04
3.748801827896386385e-04
3.748783492483198643e-04
3.748765157070010900e-04
3.748747694771736860e-04
3.748730232473462820e-04
3.748712188098579645e-04
3.748693270608782768e-04
3.748675517272204161e-04
3.748658054973930120e-04
3.748639428522437811e-04
3.748621384147554636e-04
3.748603921849280596e-04
3.748585586436092854e-04
3.748567833099514246e-04
3.748549788724631071e-04
3.748532326426357031e-04
3.748513991013169289e-04
3.748495946638286114e-04
3.748478484340012074e-04
3.748459857888519764e-04
3.748442104551941156e-04
3.748423769138753414e-04
3.748406015802174807e-04
3.748388262465596199e-04
3.748370509129017591e-04
3.748351882677525282e-04
3.748334420379251242e-04
3.748316667042672634e-04
3.748298622667789459e-04
3.748280578292906284e-04
3.748262533918023109e-04
3.748244780581444502e-04
3.748226736206561327e-04
3.748208691831678152e-04
3.748191229533404112e-04
3.748172894120216370e-04
3.748154558707028627e-04
3.748137096408754587e-04
3.748118469957262278e-04
3.748100716620683670e-04
3.748082963284105062e-04
3.748064918909221888e-04
3.748046874534338713e-04
3.748029121197760105e-04
3.748011367861181498e-04
3.747993614524602890e-04
3.747975279111415148e-04
3.747957234736531973e-04
3.747939481399953365e-04
3.747921728063374758e-04
3.747903101611882448e-04
3.747885348275303841e-04
3.747867303900420666e-04
3.747849841602146626e-04
3.747832379303872585e-04
3.747813752852380276e-04
3.747795708477497101e-04
3.747777664102613926e-04
3.747760201804339886e-04
3.747741866391152143e-04
3.747724404092878103e-04
3.747706359717994928e-04
3.747688315343111753e-04
3.747669979929924011e-04
3.747652517631649971e-04
3.747634473256766796e-04
3.747616428881883621e-04
3.747598966583609581e-04
3.747580631170421839e-04
3.747562586795538664e-04
3.747544833458960056e-04
3.747527080122381449e-04
3.747509326785802841e-04
3.747491282410919666e-04
3.747472655959427357e-04
3.747455484699457884e-04
3.747436858247965574e-04
3.747419395949691534e-04
3.747401642613112926e-04
3.747383889276534319e-04
3.747365844901651144e-04
3.747347509488463402e-04
3.747329465113580227e-04
3.747312002815306187e-04
3.747294249478727579e-04
3.747275914065539837e-04
3.747258451767265797e-04
3.747240407392382622e-04
3.747222654055804014e-04
3.747204900719225407e-04
